cost,rmse,penalty,KAPPA,RHO,V0,VBAR,XI,LAMBDA,MU_Y,SIGMA_Y
0.055945,0.048311,0.007634,2.053301,-0.032581,0.194215,1.060648,0.494731,1.000000,0.000000,0.100000
0.055945,0.048311,0.007634,2.053301,-0.032581,0.194215,1.060648,0.494731,1.000000,0.000000,0.100000
0.055945,0.048311,0.007634,2.053301,-0.032581,0.194215,1.060648,0.494731,1.000000,0.000000,0.100000
0.055945,0.048311,0.007634,2.053301,-0.032581,0.194215,1.060648,0.494731,1.000000,0.000000,0.100000
0.055945,0.048311,0.007634,2.053301,-0.032581,0.194215,1.060648,0.494731,1.000000,0.000000,0.100000
0.055945,0.048311,0.007634,2.053301,-0.032581,0.194215,1.060648,0.494731,1.000000,0.000000,0.100000
0.055945,0.048311,0.007634,2.053301,-0.032581,0.194215,1.060648,0.494731,1.000000,0.000000,0.100000
0.055945,0.048311,0.007634,2.053301,-0.032581,0.194215,1.060648,0.494731,1.000000,0.000000,0.100000
0.055945,0.048311,0.007634,2.053301,-0.032581,0.194215,1.060648,0.494731,1.000000,0.000000,0.100000
0.250735,0.240022,0.010713,2.083467,-0.017129,0.648401,1.152510,0.489559,1.003343,0.013577,0.183652
0.070654,0.062378,0.008276,2.061353,-0.028456,0.315451,1.085169,0.493350,1.000892,0.003624,0.122329
0.043951,0.036075,0.007876,2.056530,-0.030927,0.242826,1.070480,0.494177,1.000358,0.001453,0.108953
0.043951,0.036075,0.007876,2.056530,-0.030927,0.242826,1.070480,0.494177,1.000358,0.001453,0.108953
0.043951,0.036075,0.007876,2.056530,-0.030927,0.242826,1.070480,0.494177,1.000358,0.001453,0.108953
0.043951,0.036075,0.007876,2.056530,-0.030927,0.242826,1.070480,0.494177,1.000358,0.001453,0.108953
0.043951,0.036075,0.007876,2.056530,-0.030927,0.242826,1.070480,0.494177,1.000358,0.001453,0.108953
0.043951,0.036075,0.007876,2.056530,-0.030927,0.242826,1.070480,0.494177,1.000358,0.001453,0.108953
0.043951,0.036075,0.007876,2.056530,-0.030927,0.242826,1.070480,0.494177,1.000358,0.001453,0.108953
0.043951,0.036075,0.007876,2.056530,-0.030927,0.242826,1.070480,0.494177,1.000358,0.001453,0.108953
0.043951,0.036075,0.007876,2.056530,-0.030927,0.242826,1.070480,0.494177,1.000358,0.001453,0.108953
0.043761,0.036045,0.007716,2.057931,-0.026472,0.238572,1.070956,0.493210,0.998835,0.004504,0.101449
0.043761,0.036045,0.007716,2.057931,-0.026472,0.238572,1.070956,0.493210,0.998835,0.004504,0.101449
0.043761,0.036045,0.007716,2.057931,-0.026472,0.238572,1.070956,0.493210,0.998835,0.004504,0.101449
0.043761,0.036045,0.007716,2.057931,-0.026472,0.238572,1.070956,0.493210,0.998835,0.004504,0.101449
0.043761,0.036045,0.007716,2.057931,-0.026472,0.238572,1.070956,0.493210,0.998835,0.004504,0.101449
0.043761,0.036045,0.007716,2.057931,-0.026472,0.238572,1.070956,0.493210,0.998835,0.004504,0.101449
0.043761,0.036045,0.007716,2.057931,-0.026472,0.238572,1.070956,0.493210,0.998835,0.004504,0.101449
0.043761,0.036045,0.007716,2.057931,-0.026472,0.238572,1.070956,0.493210,0.998835,0.004504,0.101449
0.043761,0.036045,0.007716,2.057931,-0.026472,0.238572,1.070956,0.493210,0.998835,0.004504,0.101449
0.043669,0.036088,0.007581,2.060221,-0.020359,0.239049,1.072950,0.491888,0.996923,0.009079,0.094216
0.043669,0.036088,0.007581,2.060221,-0.020359,0.239049,1.072950,0.491888,0.996923,0.009079,0.094216
0.043669,0.036088,0.007581,2.060221,-0.020359,0.239049,1.072950,0.491888,0.996923,0.009079,0.094216
0.043669,0.036088,0.007581,2.060221,-0.020359,0.239049,1.072950,0.491888,0.996923,0.009079,0.094216
0.043669,0.036088,0.007581,2.060221,-0.020359,0.239049,1.072950,0.491888,0.996923,0.009079,0.094216
0.043669,0.036088,0.007581,2.060221,-0.020359,0.239049,1.072950,0.491888,0.996923,0.009079,0.094216
0.043669,0.036088,0.007581,2.060221,-0.020359,0.239049,1.072950,0.491888,0.996923,0.009079,0.094216
0.043669,0.036088,0.007581,2.060221,-0.020359,0.239049,1.072950,0.491888,0.996923,0.009079,0.094216
0.043669,0.036088,0.007581,2.060221,-0.020359,0.239049,1.072950,0.491888,0.996923,0.009079,0.094216
0.043222,0.036192,0.007030,2.071052,0.010219,0.243709,1.078437,0.485369,0.986336,0.033403,0.054527
0.043222,0.036192,0.007030,2.071052,0.010219,0.243709,1.078437,0.485369,0.986336,0.033403,0.054527
0.043222,0.036192,0.007030,2.071052,0.010219,0.243709,1.078437,0.485369,0.986336,0.033403,0.054527
0.043222,0.036192,0.007030,2.071052,0.010219,0.243709,1.078437,0.485369,0.986336,0.033403,0.054527
0.043222,0.036192,0.007030,2.071052,0.010219,0.243709,1.078437,0.485369,0.986336,0.033403,0.054527
0.043222,0.036192,0.007030,2.071052,0.010219,0.243709,1.078437,0.485369,0.986336,0.033403,0.054527
0.043222,0.036192,0.007030,2.071052,0.010219,0.243709,1.078437,0.485369,0.986336,0.033403,0.054527
0.043222,0.036192,0.007030,2.071052,0.010219,0.243709,1.078437,0.485369,0.986336,0.033403,0.054527
0.043222,0.036192,0.007030,2.071052,0.010219,0.243709,1.078437,0.485369,0.986336,0.033403,0.054527
0.043343,0.036522,0.006820,2.085910,0.054970,0.248739,1.079310,0.475818,0.969518,0.067877,0.000010
0.043076,0.036211,0.006865,2.077081,0.028377,0.245750,1.078791,0.481494,0.979512,0.047391,0.032406
0.043076,0.036211,0.006865,2.077081,0.028377,0.245750,1.078791,0.481494,0.979512,0.047391,0.032406
0.043076,0.036211,0.006865,2.077081,0.028377,0.245750,1.078791,0.481494,0.979512,0.047391,0.032406
0.043076,0.036211,0.006865,2.077081,0.028377,0.245750,1.078791,0.481494,0.979512,0.047391,0.032406
0.043076,0.036211,0.006865,2.077081,0.028377,0.245750,1.078791,0.481494,0.979512,0.047391,0.032406
0.043076,0.036211,0.006865,2.077081,0.028377,0.245750,1.078791,0.481494,0.979512,0.047391,0.032406
0.043076,0.036211,0.006865,2.077081,0.028377,0.245750,1.078791,0.481494,0.979512,0.047391,0.032406
0.043076,0.036211,0.006865,2.077081,0.028377,0.245750,1.078791,0.481494,0.979512,0.047391,0.032406
0.043076,0.036211,0.006865,2.077081,0.028377,0.245750,1.078791,0.481494,0.979512,0.047391,0.032406
0.042938,0.036137,0.006801,2.082752,0.047701,0.245533,1.073765,0.477232,0.971555,0.058306,0.014689
0.042938,0.036137,0.006801,2.082752,0.047701,0.245533,1.073765,0.477232,0.971555,0.058306,0.014689
0.042938,0.036137,0.006801,2.082752,0.047701,0.245533,1.073765,0.477232,0.971555,0.058306,0.014689
0.042938,0.036137,0.006801,2.082752,0.047701,0.245533,1.073765,0.477232,0.971555,0.058306,0.014689
0.042938,0.036137,0.006801,2.082752,0.047701,0.245533,1.073765,0.477232,0.971555,0.058306,0.014689
0.042938,0.036137,0.006801,2.082752,0.047701,0.245533,1.073765,0.477232,0.971555,0.058306,0.014689
0.042938,0.036137,0.006801,2.082752,0.047701,0.245533,1.073765,0.477232,0.971555,0.058306,0.014689
0.042938,0.036137,0.006801,2.082752,0.047701,0.245533,1.073765,0.477232,0.971555,0.058306,0.014689
0.042938,0.036137,0.006801,2.082752,0.047701,0.245533,1.073765,0.477232,0.971555,0.058306,0.014689
0.042740,0.035943,0.006797,2.090104,0.074574,0.242589,1.060299,0.471135,0.959021,0.069062,0.000010
0.042740,0.035943,0.006797,2.090104,0.074574,0.242589,1.060299,0.471135,0.959021,0.069062,0.000010
0.042740,0.035943,0.006797,2.090104,0.074574,0.242589,1.060299,0.471135,0.959021,0.069062,0.000010
0.042740,0.035943,0.006797,2.090104,0.074574,0.242589,1.060299,0.471135,0.959021,0.069062,0.000010
0.042740,0.035943,0.006797,2.090104,0.074574,0.242589,1.060299,0.471135,0.959021,0.069062,0.000010
0.042740,0.035943,0.006797,2.090104,0.074574,0.242589,1.060299,0.471135,0.959021,0.069062,0.000010
0.042740,0.035943,0.006797,2.090104,0.074574,0.242589,1.060299,0.471135,0.959021,0.069062,0.000010
0.042740,0.035943,0.006797,2.090104,0.074574,0.242589,1.060299,0.471135,0.959021,0.069062,0.000010
0.042740,0.035943,0.006797,2.090104,0.074574,0.242589,1.060299,0.471135,0.959021,0.069062,0.000010
0.042688,0.035876,0.006811,2.093258,0.083824,0.241479,1.055355,0.469175,0.953471,0.076085,0.000010
0.042688,0.035876,0.006811,2.093258,0.083824,0.241479,1.055355,0.469175,0.953471,0.076085,0.000010
0.042688,0.035876,0.006811,2.093258,0.083825,0.241479,1.055355,0.469175,0.953471,0.076085,0.000010
0.042688,0.035876,0.006811,2.093258,0.083824,0.241479,1.055355,0.469175,0.953471,0.076085,0.000010
0.042688,0.035876,0.006811,2.093258,0.083824,0.241479,1.055355,0.469175,0.953471,0.076085,0.000010
0.042688,0.035876,0.006811,2.093258,0.083824,0.241479,1.055355,0.469175,0.953471,0.076085,0.000010
0.042688,0.035876,0.006811,2.093258,0.083824,0.241479,1.055355,0.469175,0.953471,0.076085,0.000010
0.042688,0.035876,0.006811,2.093258,0.083824,0.241479,1.055355,0.469175,0.953471,0.076085,0.000010
0.042688,0.035876,0.006811,2.093258,0.083824,0.241479,1.055355,0.469175,0.953471,0.076085,0.000010
0.042065,0.035040,0.007025,2.116024,0.147144,0.233863,1.025887,0.455991,0.915297,0.133287,0.000010
0.042065,0.035040,0.007025,2.116024,0.147144,0.233863,1.025887,0.455991,0.915297,0.133287,0.000010
0.042065,0.035040,0.007025,2.116024,0.147144,0.233863,1.025887,0.455991,0.915297,0.133287,0.000010
0.042065,0.035040,0.007025,2.116024,0.147144,0.233863,1.025887,0.455991,0.915297,0.133287,0.000010
0.042065,0.035040,0.007025,2.116024,0.147144,0.233863,1.025887,0.455991,0.915297,0.133287,0.000010
0.042065,0.035040,0.007025,2.116024,0.147144,0.233863,1.025887,0.455991,0.915297,0.133287,0.000010
0.042065,0.035040,0.007025,2.116024,0.147144,0.233863,1.025887,0.455991,0.915297,0.133287,0.000010
0.042065,0.035040,0.007025,2.116024,0.147144,0.233863,1.025887,0.455991,0.915297,0.133287,0.000010
0.042065,0.035040,0.007025,2.116024,0.147144,0.233863,1.025887,0.455991,0.915297,0.133287,0.000010
0.196521,0.174813,0.021709,2.389930,0.906816,0.128949,0.672591,0.295765,0.459447,0.837030,0.000010
0.041382,0.033894,0.007488,2.143415,0.223111,0.223372,0.990557,0.439969,0.869712,0.203662,0.000010
0.041382,0.033894,0.007488,2.143415,0.223111,0.223372,0.990557,0.439969,0.869712,0.203662,0.000010
0.041382,0.033894,0.007488,2.143415,0.223111,0.223372,0.990557,0.439969,0.869712,0.203662,0.000010
0.041382,0.033894,0.007488,2.143415,0.223111,0.223372,0.990557,0.439969,0.869712,0.203662,0.000010
0.041382,0.033894,0.007488,2.143415,0.223111,0.223372,0.990557,0.439969,0.869712,0.203662,0.000010
0.041382,0.033894,0.007488,2.143415,0.223111,0.223372,0.990557,0.439969,0.869712,0.203662,0.000010
0.041382,0.033894,0.007488,2.143415,0.223111,0.223372,0.990557,0.439969,0.869712,0.203662,0.000010
0.041382,0.033894,0.007488,2.143415,0.223111,0.223372,0.990557,0.439969,0.869712,0.203662,0.000010
0.041382,0.033894,0.007488,2.143415,0.223111,0.223372,0.990557,0.439969,0.869712,0.203662,0.000010
0.040958,0.032753,0.008205,2.170961,0.286314,0.205063,0.951588,0.425135,0.818529,0.269302,0.038596
0.040958,0.032753,0.008205,2.170961,0.286314,0.205063,0.951588,0.425135,0.818529,0.269302,0.038596
0.040958,0.032753,0.008205,2.170961,0.286314,0.205063,0.951588,0.425135,0.818529,0.269302,0.038596
0.040958,0.032753,0.008205,2.170961,0.286314,0.205063,0.951588,0.425135,0.818529,0.269302,0.038596
0.040958,0.032753,0.008205,2.170961,0.286314,0.205063,0.951588,0.425135,0.818529,0.269302,0.038596
0.040958,0.032753,0.008205,2.170961,0.286314,0.205063,0.951588,0.425135,0.818529,0.269302,0.038596
0.040958,0.032753,0.008205,2.170961,0.286314,0.205063,0.951588,0.425135,0.818529,0.269302,0.038596
0.040958,0.032753,0.008205,2.170961,0.286314,0.205063,0.951588,0.425135,0.818529,0.269302,0.038596
0.040958,0.032753,0.008205,2.170961,0.286314,0.205063,0.951588,0.425135,0.818529,0.269302,0.038596
0.038474,0.029772,0.008702,2.195424,0.339020,0.188621,0.911904,0.408894,0.764796,0.288882,0.052815
0.038474,0.029772,0.008702,2.195424,0.339020,0.188621,0.911904,0.408894,0.764796,0.288882,0.052815
0.038474,0.029772,0.008702,2.195424,0.339020,0.188621,0.911904,0.408894,0.764796,0.288882,0.052815
0.038474,0.029772,0.008702,2.195424,0.339020,0.188621,0.911904,0.408894,0.764796,0.288882,0.052815
0.038474,0.029772,0.008702,2.195424,0.339020,0.188621,0.911904,0.408894,0.764796,0.288882,0.052815
0.038474,0.029772,0.008702,2.195424,0.339020,0.188621,0.911904,0.408894,0.764796,0.288882,0.052815
0.038474,0.029772,0.008702,2.195424,0.339020,0.188621,0.911904,0.408894,0.764796,0.288882,0.052815
0.038474,0.029772,0.008702,2.195424,0.339020,0.188621,0.911904,0.408894,0.764796,0.288882,0.052815
0.038474,0.029772,0.008702,2.195424,0.339020,0.188621,0.911904,0.408894,0.764796,0.288882,0.052815
0.037542,0.027751,0.009791,2.235675,0.446085,0.173698,0.819610,0.376900,0.676825,0.359745,0.045466
0.037542,0.027751,0.009791,2.235675,0.446085,0.173698,0.819610,0.376900,0.676825,0.359745,0.045466
0.037542,0.027751,0.009791,2.235675,0.446085,0.173698,0.819610,0.376900,0.676825,0.359745,0.045466
0.037542,0.027751,0.009791,2.235675,0.446085,0.173698,0.819610,0.376900,0.676825,0.359745,0.045466
0.037542,0.027751,0.009791,2.235675,0.446085,0.173698,0.819610,0.376900,0.676825,0.359745,0.045466
0.037542,0.027751,0.009791,2.235675,0.446085,0.173698,0.819610,0.376900,0.676825,0.359745,0.045466
0.037542,0.027751,0.009791,2.235675,0.446085,0.173698,0.819610,0.376900,0.676825,0.359745,0.045466
0.037542,0.027751,0.009791,2.235675,0.446085,0.173698,0.819610,0.376900,0.676825,0.359745,0.045466
0.037542,0.027751,0.009791,2.235675,0.446085,0.173698,0.819610,0.376900,0.676825,0.359745,0.045466
0.037107,0.027542,0.009565,2.228126,0.428189,0.181247,0.799538,0.375392,0.683184,0.363835,0.040479
0.037107,0.027542,0.009565,2.228126,0.428189,0.181247,0.799538,0.375392,0.683184,0.363835,0.040479
0.037107,0.027542,0.009565,2.228126,0.428189,0.181247,0.799538,0.375392,0.683184,0.363835,0.040479
0.037107,0.027542,0.009565,2.228126,0.428189,0.181247,0.799538,0.375392,0.683184,0.363835,0.040479
0.037107,0.027542,0.009565,2.228126,0.428189,0.181247,0.799538,0.375392,0.683184,0.363835,0.040479
0.037107,0.027542,0.009565,2.228126,0.428189,0.181247,0.799538,0.375392,0.683184,0.363835,0.040479
0.037107,0.027542,0.009565,2.228126,0.428189,0.181247,0.799538,0.375392,0.683184,0.363835,0.040479
0.037107,0.027542,0.009565,2.228126,0.428189,0.181247,0.799538,0.375392,0.683184,0.363835,0.040479
0.037107,0.027542,0.009565,2.228126,0.428189,0.181247,0.799538,0.375392,0.683184,0.363835,0.040480
0.036897,0.027273,0.009624,2.226893,0.411144,0.178547,0.791667,0.372808,0.678017,0.373359,0.056870
0.036897,0.027273,0.009624,2.226893,0.411144,0.178547,0.791667,0.372808,0.678017,0.373359,0.056870
0.036897,0.027273,0.009624,2.226893,0.411144,0.178547,0.791667,0.372808,0.678017,0.373359,0.056870
0.036897,0.027273,0.009624,2.226893,0.411144,0.178547,0.791667,0.372808,0.678017,0.373359,0.056870
0.036897,0.027273,0.009624,2.226893,0.411144,0.178547,0.791667,0.372808,0.678017,0.373359,0.056870
0.036897,0.027273,0.009624,2.226893,0.411144,0.178547,0.791667,0.372808,0.678017,0.373359,0.056870
0.036897,0.027273,0.009624,2.226893,0.411144,0.178547,0.791667,0.372808,0.678017,0.373359,0.056870
0.036897,0.027273,0.009624,2.226893,0.411144,0.178547,0.791667,0.372808,0.678017,0.373359,0.056870
0.036897,0.027273,0.009624,2.226893,0.411144,0.178547,0.791667,0.372808,0.678017,0.373359,0.056870
0.036412,0.026803,0.009609,2.214383,0.327654,0.174985,0.776505,0.366270,0.670201,0.384106,0.096918
0.036412,0.026803,0.009609,2.214383,0.327654,0.174985,0.776505,0.366270,0.670201,0.384106,0.096918
0.036412,0.026803,0.009609,2.214383,0.327654,0.174985,0.776505,0.366270,0.670201,0.384106,0.096918
0.036412,0.026803,0.009609,2.214383,0.327654,0.174985,0.776505,0.366270,0.670201,0.384106,0.096918
0.036412,0.026803,0.009609,2.214383,0.327654,0.174985,0.776505,0.366270,0.670201,0.384106,0.096918
0.036412,0.026803,0.009609,2.214383,0.327654,0.174985,0.776505,0.366270,0.670201,0.384106,0.096918
0.036412,0.026803,0.009609,2.214383,0.327654,0.174985,0.776505,0.366270,0.670201,0.384106,0.096918
0.036412,0.026803,0.009609,2.214383,0.327654,0.174985,0.776505,0.366270,0.670201,0.384106,0.096918
0.036412,0.026803,0.009609,2.214383,0.327654,0.174985,0.776505,0.366270,0.670201,0.384106,0.096918
0.035713,0.026480,0.009233,2.203313,0.241545,0.172582,0.760642,0.352967,0.653845,0.395449,0.103464
0.035713,0.026480,0.009233,2.203313,0.241545,0.172582,0.760642,0.352967,0.653845,0.395449,0.103464
0.035713,0.026480,0.009233,2.203313,0.241545,0.172582,0.760642,0.352967,0.653845,0.395449,0.103464
0.035713,0.026480,0.009233,2.203313,0.241545,0.172582,0.760642,0.352967,0.653845,0.395449,0.103464
0.035713,0.026480,0.009233,2.203313,0.241545,0.172582,0.760642,0.352967,0.653845,0.395449,0.103464
0.035713,0.026480,0.009233,2.203313,0.241545,0.172582,0.760642,0.352967,0.653845,0.395449,0.103464
0.035713,0.026480,0.009233,2.203313,0.241545,0.172582,0.760642,0.352967,0.653845,0.395449,0.103464
0.035713,0.026480,0.009233,2.203313,0.241545,0.172582,0.760642,0.352967,0.653845,0.395449,0.103464
0.035713,0.026480,0.009233,2.203313,0.241545,0.172582,0.760642,0.352967,0.653845,0.395449,0.103465
0.035020,0.026292,0.008728,2.169690,0.050965,0.171519,0.765769,0.336847,0.653441,0.399871,0.111342
0.035020,0.026292,0.008728,2.169690,0.050965,0.171519,0.765769,0.336847,0.653441,0.399871,0.111342
0.035020,0.026292,0.008728,2.169690,0.050965,0.171519,0.765769,0.336847,0.653441,0.399871,0.111342
0.035020,0.026292,0.008728,2.169690,0.050965,0.171519,0.765769,0.336847,0.653441,0.399871,0.111342
0.035020,0.026292,0.008728,2.169690,0.050965,0.171519,0.765769,0.336847,0.653441,0.399871,0.111342
0.035020,0.026292,0.008728,2.169690,0.050965,0.171519,0.765769,0.336847,0.653441,0.399871,0.111342
0.035020,0.026292,0.008728,2.169690,0.050965,0.171519,0.765769,0.336847,0.653441,0.399871,0.111342
0.035020,0.026292,0.008728,2.169690,0.050965,0.171519,0.765769,0.336847,0.653441,0.399871,0.111342
0.035020,0.026292,0.008728,2.169690,0.050965,0.171519,0.765769,0.336847,0.653441,0.399871,0.111342
0.034678,0.026341,0.008337,2.160046,-0.018480,0.168332,0.763382,0.320061,0.640640,0.416338,0.090035
0.034678,0.026341,0.008337,2.160046,-0.018480,0.168332,0.763382,0.320061,0.640640,0.416338,0.090035
0.034678,0.026341,0.008337,2.160046,-0.018480,0.168332,0.763382,0.320061,0.640640,0.416338,0.090035
0.034678,0.026341,0.008337,2.160046,-0.018480,0.168332,0.763382,0.320061,0.640640,0.416338,0.090035
0.034678,0.026341,0.008337,2.160046,-0.018480,0.168332,0.763382,0.320061,0.640640,0.416338,0.090035
0.034678,0.026341,0.008337,2.160046,-0.018480,0.168332,0.763382,0.320061,0.640640,0.416338,0.090035
0.034678,0.026341,0.008337,2.160046,-0.018480,0.168332,0.763382,0.320061,0.640640,0.416338,0.090035
0.034678,0.026341,0.008337,2.160046,-0.018480,0.168332,0.763382,0.320061,0.640640,0.416338,0.090035
0.034678,0.026341,0.008337,2.160046,-0.018480,0.168332,0.763382,0.320061,0.640640,0.416338,0.090035
0.034581,0.026719,0.007862,2.147146,-0.105294,0.163207,0.767746,0.284574,0.617694,0.452099,0.013466
0.034581,0.026719,0.007862,2.147146,-0.105294,0.163207,0.767746,0.284574,0.617694,0.452099,0.013466
0.034581,0.026719,0.007862,2.147146,-0.105294,0.163207,0.767746,0.284574,0.617694,0.452099,0.013466
0.034581,0.026719,0.007862,2.147146,-0.105294,0.163207,0.767746,0.284574,0.617694,0.452099,0.013466
0.034581,0.026719,0.007862,2.147146,-0.105294,0.163207,0.767746,0.284574,0.617694,0.452099,0.013466
0.034581,0.026719,0.007862,2.147146,-0.105294,0.163207,0.767746,0.284574,0.617694,0.452099,0.013466
0.034581,0.026719,0.007862,2.147146,-0.105294,0.163207,0.767746,0.284574,0.617694,0.452099,0.013466
0.034581,0.026719,0.007862,2.147146,-0.105294,0.163207,0.767746,0.284574,0.617694,0.452099,0.013466
0.034581,0.026719,0.007862,2.147146,-0.105294,0.163207,0.767746,0.284574,0.617694,0.452099,0.013466
0.034337,0.026478,0.007858,2.153414,-0.045547,0.167127,0.773704,0.307383,0.631016,0.426351,0.051321
0.034337,0.026478,0.007858,2.153414,-0.045547,0.167127,0.773704,0.307383,0.631016,0.426351,0.051321
0.034337,0.026478,0.007858,2.153414,-0.045547,0.167127,0.773704,0.307383,0.631016,0.426351,0.051321
0.034337,0.026478,0.007858,2.153414,-0.045547,0.167127,0.773704,0.307383,0.631016,0.426351,0.051321
0.034337,0.026478,0.007858,2.153414,-0.045547,0.167127,0.773704,0.307383,0.631016,0.426351,0.051321
0.034337,0.026478,0.007858,2.153414,-0.045547,0.167127,0.773704,0.307383,0.631016,0.426351,0.051321
0.034337,0.026478,0.007858,2.153414,-0.045547,0.167127,0.773704,0.307383,0.631016,0.426351,0.051321
0.034337,0.026478,0.007858,2.153414,-0.045547,0.167127,0.773704,0.307383,0.631016,0.426351,0.051321
0.034337,0.026478,0.007858,2.153414,-0.045547,0.167127,0.773704,0.307383,0.631016,0.426351,0.051321
0.034220,0.026488,0.007732,2.152931,-0.043312,0.166536,0.775277,0.301338,0.622479,0.432845,0.031203
0.034220,0.026488,0.007732,2.152931,-0.043312,0.166536,0.775277,0.301338,0.622479,0.432845,0.031203
0.034220,0.026488,0.007732,2.152931,-0.043312,0.166536,0.775277,0.301338,0.622479,0.432845,0.031203
0.034220,0.026488,0.007732,2.152931,-0.043312,0.166536,0.775277,0.301338,0.622479,0.432845,0.031203
0.034220,0.026488,0.007732,2.152931,-0.043312,0.166536,0.775278,0.301338,0.622479,0.432845,0.031203
0.034220,0.026488,0.007732,2.152931,-0.043312,0.166536,0.775277,0.301338,0.622479,0.432845,0.031203
0.034220,0.026488,0.007732,2.152931,-0.043312,0.166536,0.775277,0.301338,0.622479,0.432845,0.031203
0.034220,0.026488,0.007732,2.152931,-0.043312,0.166536,0.775277,0.301338,0.622479,0.432845,0.031203
0.034220,0.026488,0.007732,2.152931,-0.043312,0.166536,0.775277,0.301338,0.622479,0.432845,0.031203
0.034153,0.026466,0.007687,2.149821,-0.042045,0.166169,0.775893,0.291179,0.604338,0.443565,0.000010
0.034153,0.026466,0.007687,2.149821,-0.042045,0.166169,0.775893,0.291179,0.604338,0.443565,0.000010
0.034153,0.026466,0.007687,2.149821,-0.042045,0.166169,0.775893,0.291179,0.604338,0.443565,0.000010
0.034153,0.026466,0.007687,2.149821,-0.042045,0.166169,0.775893,0.291179,0.604338,0.443565,0.000010
0.034153,0.026466,0.007687,2.149821,-0.042045,0.166169,0.775893,0.291179,0.604338,0.443565,0.000010
0.034153,0.026466,0.007687,2.149821,-0.042045,0.166169,0.775893,0.291179,0.604338,0.443565,0.000010
0.034153,0.026466,0.007687,2.149821,-0.042045,0.166169,0.775893,0.291179,0.604338,0.443565,0.000010
0.034153,0.026466,0.007687,2.149821,-0.042045,0.166169,0.775893,0.291179,0.604338,0.443565,0.000010
0.034153,0.026466,0.007687,2.149821,-0.042045,0.166169,0.775893,0.291179,0.604338,0.443565,0.000010
0.034102,0.026416,0.007686,2.148030,-0.042641,0.166244,0.772118,0.289649,0.597006,0.446019,0.001496
0.034102,0.026416,0.007686,2.148030,-0.042641,0.166244,0.772118,0.289649,0.597006,0.446019,0.001496
0.034102,0.026416,0.007686,2.148030,-0.042641,0.166244,0.772118,0.289649,0.597006,0.446019,0.001496
0.034102,0.026416,0.007686,2.148030,-0.042641,0.166244,0.772118,0.289649,0.597006,0.446019,0.001496
0.034102,0.026416,0.007686,2.148030,-0.042641,0.166244,0.772118,0.289649,0.597006,0.446019,0.001496
0.034102,0.026416,0.007686,2.148030,-0.042641,0.166244,0.772118,0.289649,0.597006,0.446019,0.001496
0.034102,0.026416,0.007686,2.148030,-0.042641,0.166244,0.772118,0.289649,0.597006,0.446019,0.001496
0.034102,0.026416,0.007686,2.148030,-0.042641,0.166244,0.772118,0.289649,0.597006,0.446019,0.001496
0.034102,0.026416,0.007686,2.148030,-0.042641,0.166244,0.772118,0.289649,0.597006,0.446019,0.001496
0.034037,0.026370,0.007667,2.137719,-0.053509,0.167644,0.767791,0.284534,0.577728,0.451275,0.000010
0.034037,0.026370,0.007667,2.137719,-0.053509,0.167644,0.767791,0.284534,0.577728,0.451275,0.000010
0.034037,0.026370,0.007667,2.137719,-0.053509,0.167644,0.767791,0.284534,0.577728,0.451275,0.000010
0.034037,0.026370,0.007667,2.137719,-0.053509,0.167644,0.767791,0.284534,0.577728,0.451275,0.000010
0.034037,0.026370,0.007667,2.137719,-0.053509,0.167644,0.767792,0.284534,0.577728,0.451275,0.000010
0.034037,0.026370,0.007667,2.137719,-0.053509,0.167644,0.767791,0.284534,0.577728,0.451275,0.000010
0.034037,0.026370,0.007667,2.137719,-0.053509,0.167644,0.767791,0.284534,0.577728,0.451275,0.000010
0.034037,0.026370,0.007667,2.137719,-0.053509,0.167644,0.767791,0.284534,0.577728,0.451275,0.000010
0.034037,0.026370,0.007667,2.137719,-0.053509,0.167644,0.767791,0.284534,0.577728,0.451275,0.000010
0.034011,0.026364,0.007647,2.131687,-0.057393,0.168418,0.770394,0.283128,0.572102,0.451744,0.000010
0.034011,0.026364,0.007647,2.131687,-0.057393,0.168418,0.770394,0.283128,0.572102,0.451744,0.000010
0.034011,0.026364,0.007647,2.131687,-0.057393,0.168418,0.770394,0.283128,0.572102,0.451744,0.000010
0.034011,0.026364,0.007647,2.131687,-0.057393,0.168418,0.770394,0.283128,0.572102,0.451744,0.000010
0.034011,0.026364,0.007647,2.131687,-0.057393,0.168418,0.770394,0.283128,0.572102,0.451744,0.000010
0.034011,0.026364,0.007647,2.131687,-0.057393,0.168418,0.770394,0.283128,0.572102,0.451744,0.000010
0.034011,0.026364,0.007647,2.131687,-0.057393,0.168418,0.770394,0.283128,0.572102,0.451744,0.000010
0.034011,0.026364,0.007647,2.131687,-0.057393,0.168418,0.770394,0.283128,0.572102,0.451744,0.000010
0.034011,0.026364,0.007647,2.131687,-0.057393,0.168418,0.770394,0.283128,0.572102,0.451744,0.000010
0.033875,0.026302,0.007573,2.099162,-0.063381,0.171168,0.780675,0.271807,0.531722,0.461599,0.000010
0.033875,0.026302,0.007573,2.099162,-0.063381,0.171168,0.780675,0.271807,0.531722,0.461599,0.000010
0.033875,0.026302,0.007573,2.099162,-0.063381,0.171168,0.780675,0.271807,0.531722,0.461599,0.000010
0.033875,0.026302,0.007573,2.099162,-0.063381,0.171168,0.780675,0.271807,0.531722,0.461599,0.000010
0.033875,0.026302,0.007573,2.099162,-0.063381,0.171168,0.780675,0.271807,0.531722,0.461599,0.000010
0.033875,0.026302,0.007573,2.099162,-0.063381,0.171168,0.780675,0.271807,0.531722,0.461599,0.000010
0.033875,0.026302,0.007573,2.099162,-0.063381,0.171168,0.780675,0.271807,0.531722,0.461599,0.000010
0.033875,0.026302,0.007573,2.099162,-0.063381,0.171168,0.780675,0.271807,0.531722,0.461599,0.000010
0.033875,0.026302,0.007573,2.099162,-0.063381,0.171168,0.780675,0.271807,0.531722,0.461599,0.000010
0.033735,0.026305,0.007430,2.048300,-0.061236,0.176664,0.803875,0.257971,0.483128,0.471110,0.000010
0.033735,0.026305,0.007430,2.048300,-0.061236,0.176664,0.803875,0.257971,0.483128,0.471110,0.000010
0.033735,0.026305,0.007430,2.048300,-0.061236,0.176664,0.803875,0.257971,0.483128,0.471110,0.000010
0.033735,0.026305,0.007430,2.048300,-0.061236,0.176664,0.803875,0.257971,0.483128,0.471110,0.000010
0.033735,0.026305,0.007430,2.048300,-0.061236,0.176664,0.803875,0.257971,0.483128,0.471110,0.000010
0.033735,0.026305,0.007430,2.048300,-0.061236,0.176664,0.803875,0.257971,0.483128,0.471110,0.000010
0.033735,0.026305,0.007430,2.048300,-0.061236,0.176664,0.803875,0.257971,0.483128,0.471110,0.000010
0.033735,0.026305,0.007430,2.048300,-0.061236,0.176664,0.803875,0.257971,0.483128,0.471110,0.000010
0.033735,0.026305,0.007430,2.048300,-0.061236,0.176664,0.803875,0.257971,0.483128,0.471110,0.000010
0.033651,0.026221,0.007430,2.035273,-0.050441,0.176958,0.805207,0.251151,0.466763,0.479740,0.000010
0.033651,0.026221,0.007430,2.035273,-0.050441,0.176958,0.805207,0.251151,0.466763,0.479740,0.000010
0.033651,0.026221,0.007430,2.035273,-0.050441,0.176958,0.805207,0.251151,0.466763,0.479740,0.000010
0.033651,0.026221,0.007430,2.035273,-0.050441,0.176958,0.805207,0.251151,0.466763,0.479740,0.000010
0.033651,0.026221,0.007430,2.035273,-0.050441,0.176958,0.805207,0.251151,0.466763,0.479740,0.000010
0.033651,0.026221,0.007430,2.035273,-0.050441,0.176958,0.805207,0.251151,0.466763,0.479740,0.000010
0.033651,0.026221,0.007430,2.035273,-0.050441,0.176958,0.805207,0.251151,0.466763,0.479740,0.000010
0.033651,0.026221,0.007430,2.035273,-0.050441,0.176958,0.805207,0.251151,0.466763,0.479740,0.000010
0.033651,0.026221,0.007430,2.035273,-0.050441,0.176958,0.805207,0.251151,0.466763,0.479740,0.000010
0.033468,0.025939,0.007529,1.998875,-0.035220,0.176751,0.794448,0.226692,0.420165,0.512951,0.000818
0.033468,0.025939,0.007529,1.998875,-0.035220,0.176751,0.794448,0.226692,0.420165,0.512951,0.000818
0.033468,0.025939,0.007529,1.998875,-0.035220,0.176751,0.794448,0.226692,0.420165,0.512951,0.000818
0.033468,0.025939,0.007529,1.998875,-0.035220,0.176751,0.794448,0.226692,0.420165,0.512951,0.000818
0.033468,0.025939,0.007529,1.998875,-0.035220,0.176751,0.794448,0.226692,0.420165,0.512951,0.000818
0.033468,0.025939,0.007529,1.998875,-0.035220,0.176751,0.794448,0.226692,0.420165,0.512951,0.000818
0.033468,0.025939,0.007529,1.998875,-0.035220,0.176751,0.794448,0.226692,0.420165,0.512951,0.000818
0.033468,0.025939,0.007529,1.998875,-0.035220,0.176751,0.794448,0.226692,0.420165,0.512951,0.000818
0.033468,0.025939,0.007529,1.998875,-0.035220,0.176751,0.794448,0.226692,0.420165,0.512951,0.000818
0.033896,0.026281,0.007615,1.960355,-0.027130,0.177585,0.790600,0.208643,0.413995,0.536061,0.014028
0.033426,0.025881,0.007545,1.990062,-0.033369,0.176942,0.793568,0.222563,0.418754,0.518238,0.003841
0.033426,0.025881,0.007545,1.990062,-0.033369,0.176942,0.793568,0.222563,0.418754,0.518238,0.003841
0.033426,0.025881,0.007545,1.990062,-0.033369,0.176942,0.793568,0.222563,0.418754,0.518238,0.003841
0.033426,0.025881,0.007545,1.990062,-0.033369,0.176942,0.793568,0.222563,0.418754,0.518238,0.003841
0.033426,0.025881,0.007545,1.990062,-0.033369,0.176942,0.793568,0.222563,0.418754,0.518238,0.003841
0.033426,0.025881,0.007545,1.990062,-0.033369,0.176942,0.793568,0.222563,0.418754,0.518238,0.003841
0.033426,0.025881,0.007545,1.990062,-0.033369,0.176942,0.793568,0.222563,0.418754,0.518238,0.003841
0.033426,0.025881,0.007545,1.990062,-0.033369,0.176942,0.793568,0.222563,0.418754,0.518238,0.003841
0.033426,0.025881,0.007545,1.990062,-0.033369,0.176942,0.793568,0.222563,0.418754,0.518238,0.003841
0.097907,0.086829,0.011078,1.536124,-0.270160,0.182590,0.761563,0.000010,0.354058,0.778408,0.109125
0.034339,0.026676,0.007663,1.944669,-0.057048,0.177507,0.790367,0.200307,0.412284,0.544255,0.014369
0.033444,0.025884,0.007560,1.983040,-0.037032,0.177030,0.793073,0.219120,0.417753,0.522262,0.005469
0.033428,0.025877,0.007550,1.987343,-0.034788,0.176976,0.793376,0.221229,0.418366,0.519797,0.004471
0.033426,0.025878,0.007547,1.988804,-0.034026,0.176958,0.793479,0.221946,0.418574,0.518959,0.004132
0.033425,0.025880,0.007546,1.989439,-0.033694,0.176950,0.793524,0.222257,0.418665,0.518595,0.003985
0.033425,0.025880,0.007545,1.989744,-0.033535,0.176946,0.793545,0.222407,0.418708,0.518420,0.003914
0.033425,0.025881,0.007545,1.989897,-0.033455,0.176944,0.793556,0.222482,0.418730,0.518332,0.003879
0.033426,0.025881,0.007545,1.989976,-0.033414,0.176943,0.793562,0.222520,0.418741,0.518287,0.003860
0.033426,0.025881,0.007545,1.990017,-0.033393,0.176943,0.793564,0.222541,0.418747,0.518264,0.003851
0.033426,0.025881,0.007545,1.990039,-0.033382,0.176942,0.793566,0.222551,0.418750,0.518252,0.003846
