underlying_price,underlying_index,timestamp,state,settlement_price,open_interest,min_price,max_price,mark_price,mark_iv,last_price,interest_rate,instrument_name,index_price,bid_iv,best_bid_price,best_bid_amount,best_ask_price,best_ask_amount,ask_iv,vega,theta,rho,gamma,delta
199.13,ETH-27SEP19,1563361140078,open,0.39,1374.0,0.355,0.467,0.410653,112.37,0.42,0.0,ETH-27SEP19-260-P,199.52,89.53,0.373,110.0,0.0,0.0,0.0,0.33844,-0.26454,-0.40117,0.00386,-0.61241
199.51,SYN.ETH-26JUL19,1563361140077,open,0.27,0.0,0.216,0.295,0.255468,134.84,None,0.0,ETH-26JUL19-150-C,199.52,0.0,0.0,0.0,0.0,0.0,0.0,0.04266,-0.32403,0.03263,0.00327,0.92806
199.13,ETH-27SEP19,1563361140078,open,0.14,1653.0,0.089,0.168,0.128725,112.13,0.127,0.0,ETH-27SEP19-240-C,199.52,107.72,0.121,337.0,0.135,120.0,115.7,0.34972,-0.27279,0.12587,0.00399,0.44971
200.92,ETH-27DEC19,1563361140079,open,0.7,82.0,0.661,0.799,0.729969,107.88,0.64,0.0,ETH-27DEC19-320-P,199.52,83.74,0.671,110.0,1.58,1.0,500.0,0.51406,-0.17023,-1.20352,0.00265,-0.61239
200.92,ETH-27DEC19,1563361140079,open,0.07,1057.0,0.03,0.115,0.072884,106.63,0.068,0.0,ETH-27DEC19-120-P,199.52,102.65,0.067,312.0,0.079,312.0,110.72,0.29892,-0.09785,-0.19098,0.00156,-0.14013
199.13,ETH-27SEP19,1563361140079,open,0.08,3015.0,0.033,0.112,0.072098,114.1,0.063,0.0,ETH-27SEP19-300-C,199.52,112.71,0.07,1.0,0.076,160.0,116.66,0.302,-0.23971,0.08506,0.00339,0.28903
199.09,ETH-27SEP19,1563361140080,open,0.61,0.0,0.565,0.644,0.604814,123.11,None,0.0,ETH-27SEP19-80-C,199.52,0.0,0.003,10.0,0.0,0.0,0.0,0.05347,-0.0458,0.14471,0.00056,0.97393
200.92,ETH-27DEC19,1563361140081,open,0.37,0.0,0.324,0.403,0.363237,106.35,None,0.0,ETH-27DEC19-160-C,199.52,0.0,0.001,1000.0,1.6,1.0,500.0,0.42614,-0.13912,0.34713,0.00222,0.75041
200.92,ETH-27DEC19,1563361140081,open,0.18,209.0,0.132,0.211,0.171096,107.09,0.178,0.0,ETH-27DEC19-280-C,199.52,103.27,0.161,350.0,0.18,230.0,110.44,0.53243,-0.17503,0.25695,0.00276,0.45768
199.55,SYN.ETH-19JUL19,1563361140077,open,0.0,1033.0,0.001,0.04,7e-06,134.98,0.001,0.0,ETH-19JUL19-280-C,199.52,0.0,0.0,0.0,0.001,183.0,218.33,0.00015,-0.00133,0.0,5e-05,0.00028
200.92,ETH-27DEC19,1563361140082,open,1.97,0.0,1.908,2.149,2.028546,114.02,0.953,0.0,ETH-27DEC19-600-P,199.52,0.0,0.0,0.0,0.0,0.0,0.0,0.30674,-0.10736,-2.58479,0.00149,-0.85442
199.55,SYN.ETH-19JUL19,1563361140077,open,0.17,0.0,0.11,0.189,0.149852,134.39,None,0.0,ETH-19JUL19-170-C,199.52,0.0,0.0,0.0,0.0,0.0,0.0,0.01319,-0.4725,0.00827,0.0048,0.95652
199.55,SYN.ETH-19JUL19,1563361140077,open,0.0,573.0,0.001,0.04,0.0,134.99,0.001,0.0,ETH-19JUL19-320-C,199.52,0.0,0.0,0.0,0.001,300.0,288.43,0.0,0.0,0.0,0.0,0.0
9359.93,SYN.BTC-26JUL19,1563361140076,open,0.0,57.0,0.0005,0.041,0.00104797,141.01,0.0005,0.0,BTC-26JUL19-15500-C,9357.15,128.86,0.0005,14.4,0.0015,4.3,147.94,0.53627,-4.25988,0.03057,2e-05,0.01448
199.55,SYN.ETH-19JUL19,1563361140078,open,0.0,2.0,0.001,0.04,0.0,134.99,0.002,0.0,ETH-19JUL19-420-C,199.52,0.0,0.0,0.0,0.001,300.0,422.73,0.0,0.0,0.0,0.0,0.0
199.09,ETH-27SEP19,1563361140083,open,0.52,0.0,0.473,0.552,0.512805,116.24,None,0.0,ETH-27SEP19-100-C,199.52,0.0,0.003,10.0,0.0,0.0,0.0,0.09912,-0.08015,0.16921,0.00109,0.94441
199.09,ETH-27SEP19,1563361140083,open,0.0,1735.0,0.001,0.046,0.006583,122.89,0.006,0.0,ETH-27SEP19-80-P,199.52,116.52,0.005,300.0,0.008,500.0,127.91,0.05321,-0.04549,-0.01274,0.00055,-0.02592
199.51,SYN.ETH-26JUL19,1563361140079,open,0.32,0.0,0.262,0.341,0.301583,134.74,None,0.0,ETH-26JUL19-140-C,199.52,0.0,0.0,0.0,0.0,0.0,0.0,0.02497,-0.18951,0.0321,0.00191,0.96334
199.51,SYN.ETH-26JUL19,1563361140082,open,0.76,1047.0,0.733,0.876,0.804762,139.82,0.2,0.0,ETH-26JUL19-360-P,199.52,0.0,0.0,0.0,0.0,0.0,0.0,0.00425,-0.03344,-0.08733,0.00031,-0.99531
199.55,SYN.ETH-19JUL19,1563361140079,open,0.0,142.0,0.001,0.04,0.0,134.99,0.001,0.0,ETH-19JUL19-400-C,199.52,0.0,0.0,0.0,0.001,300.0,399.3,0.0,0.0,0.0,0.0,0.0
199.51,SYN.ETH-26JUL19,1563361140082,open,0.15,50.0,0.098,0.177,0.13788,134.94,0.138,0.0,ETH-26JUL19-180-C,199.52,131.33,0.136,50.0,0.147,50.0,152.21,0.10403,-0.79083,0.02842,0.00797,0.72379
9357.74,SYN.BTC-19JUL19,1563361140086,open,0.46,16.4,0.4365,0.5555,0.49609615,161.76,0.495,0.0,BTC-19JUL19-14000-P,9357.15,0.0,0.4895,6.0,0.526,6.0,500.0,0.00783,-0.33746,-0.7193,0.0,-0.99968
9379.89,BTC-27SEP19,1563361140108,open,0.59,227.5,0.539,0.6185,0.57855202,109.63,0.7065,0.0,BTC-27SEP19-4000-C,9357.15,84.35,0.5745,11.0,0.5795,11.0,113.34,2.26903,-1.73038,7.35939,1e-05,0.97699
9359.93,SYN.BTC-26JUL19,1563361140122,open,0.0,57.0,0.0005,0.041,0.00104797,141.01,0.0005,0.0,BTC-26JUL19-15500-C,9357.15,128.86,0.0005,2.9,0.0015,4.3,147.94,0.53627,-4.25988,0.03057,2e-05,0.01448
9371.07,SYN.BTC-30AUG19,1563361140123,open,0.04,52.8,0.0005,0.071,0.03117489,117.41,0.036,0.0,BTC-30AUG19-15000-C,9357.15,114.29,0.0285,19.3,0.033,5.0,119.45,8.2381,-11.02249,1.56957,7e-05,0.17053
9371.07,SYN.BTC-30AUG19,1563361140125,open,0.18,5.1,0.149,0.244,0.1963666,113.03,0.1915,0.0,BTC-30AUG19-10000-P,9357.15,111.38,0.194,14.4,0.2035,3.0,118.25,12.95588,-16.68811,-7.70784,0.00011,-0.48796
9371.07,SYN.BTC-30AUG19,1563361140125,open,0.04,52.8,0.0005,0.071,0.03117489,117.41,0.036,0.0,BTC-30AUG19-15000-C,9357.15,114.29,0.0285,19.3,0.033,15.0,119.45,8.2381,-11.02249,1.56957,7e-05,0.17053
9379.89,BTC-27SEP19,1563361140127,open,0.59,227.5,0.539,0.6185,0.57855202,109.63,0.7065,0.0,BTC-27SEP19-4000-C,9357.15,76.89,0.574,11.0,0.5795,11.0,113.34,2.26903,-1.73038,7.35939,1e-05,0.97699
9357.7,SYN.BTC-19JUL19,1563361140137,open,0.04,547.1,0.0065,0.09,0.04818991,139.09,0.053,0.0,BTC-19JUL19-9500-P,9357.15,145.68,0.05,1.7,0.054,5.6,159.71,2.66242,-98.71496,-0.28302,0.00043,-0.54043
9359.93,SYN.BTC-26JUL19,1563361140144,open,0.11,516.2,0.077,0.166,0.12162365,129.12,0.131,0.0,BTC-26JUL19-10000-P,9357.15,129.87,0.122,18.0,0.13,25.7,143.01,5.67367,-41.26966,-1.61978,0.00021,-0.59012
9359.93,SYN.BTC-26JUL19,1563361140148,open,0.11,516.2,0.077,0.166,0.12162365,129.12,0.131,0.0,BTC-26JUL19-10000-P,9357.15,129.87,0.122,18.0,0.13,25.5,143.01,5.67367,-41.26966,-1.61978,0.00021,-0.59012
9359.93,SYN.BTC-26JUL19,1563361140149,open,0.11,516.2,0.077,0.166,0.12162365,129.12,0.131,0.0,BTC-26JUL19-10000-P,9357.15,129.87,0.122,18.0,0.1295,0.1,142.19,5.67367,-41.26966,-1.61978,0.00021,-0.59012
9439.15,BTC-27DEC19,1563361140148,open,0.39,54.4,0.335,0.4145,0.37464061,98.08,0.3805,0.0,BTC-27DEC19-7000-C,9357.15,94.41,0.3675,11.0,0.377,11.0,99.26,18.50097,-5.57064,17.21727,5e-05,0.78344
9359.93,SYN.BTC-26JUL19,1563361140159,open,0.11,516.2,0.077,0.166,0.12162365,129.12,0.131,0.0,BTC-26JUL19-10000-P,9357.15,129.87,0.122,18.0,0.13,25.5,143.01,5.67367,-41.26966,-1.61978,0.00021,-0.59012
9439.15,BTC-27DEC19,1563361140160,open,0.36,93.7,0.307,0.3865,0.34656009,98.06,0.346,0.0,BTC-27DEC19-7500-C,9357.15,94.49,0.339,11.0,0.349,11.0,99.21,19.98172,-6.01511,17.04794,5e-05,0.7513
9379.89,BTC-27SEP19,1563361140181,open,0.53,78.2,0.496,0.62,0.55816302,108.35,0.54,0.0,BTC-27SEP19-14000-P,9357.15,105.62,0.554,6.0,0.5725,6.0,117.86,13.93157,-10.50026,-23.66636,7e-05,-0.72327
9359.93,SYN.BTC-26JUL19,1563361140203,open,0.01,194.6,0.0005,0.049,0.00909169,133.91,0.01,0.0,BTC-26JUL19-12500-C,9357.15,129.76,0.008,40.0,0.011,41.5,140.53,2.56335,-19.33652,0.20711,9e-05,0.1001
9359.96,SYN.BTC-26JUL19,1563361140245,open,0.32,0.0,0.2695,0.349,0.30907695,139.72,0.3665,0.0,BTC-26JUL19-6500-C,9357.15,0.0,0.005,0.1,0.0,0.0,0.0,1.18889,-9.35742,1.48762,4e-05,0.96267
9359.93,SYN.BTC-26JUL19,1563361140257,open,0.0,57.0,0.0005,0.041,0.00104797,141.01,0.0005,0.0,BTC-26JUL19-15500-C,9357.15,128.86,0.0005,14.4,0.0015,4.3,147.94,0.53627,-4.25988,0.03057,2e-05,0.01448
9371.07,SYN.BTC-30AUG19,1563361140261,open,0.04,52.8,0.0005,0.071,0.03117489,117.41,0.036,0.0,BTC-30AUG19-15000-C,9357.15,114.29,0.0285,19.3,0.032,5.0,118.33,8.2381,-11.02249,1.56957,7e-05,0.17053
9439.15,BTC-27DEC19,1563361140264,open,0.39,54.4,0.335,0.4145,0.37464061,98.08,0.3805,0.0,BTC-27DEC19-7000-C,9357.15,94.41,0.3675,11.0,0.3755,11.0,98.5,18.50097,-5.57064,17.21727,5e-05,0.78344
9439.15,BTC-27DEC19,1563361140277,open,0.36,93.7,0.307,0.3865,0.34656009,98.06,0.346,0.0,BTC-27DEC19-7500-C,9357.15,94.49,0.339,11.0,0.3475,11.0,98.5,19.98172,-6.0151,17.04796,5e-05,0.7513
9379.89,BTC-27SEP19,1563361140286,open,0.4,714.8,0.3535,0.433,0.39345377,105.22,0.434,0.0,BTC-27SEP19-6000-C,9357.15,98.1,0.3875,11.0,0.3965,11.0,108.6,8.17599,-5.98432,9.04231,4e-05,0.88306
9357.74,SYN.BTC-19JUL19,1563361140293,open,0.46,16.4,0.4365,0.5555,0.49609615,161.76,0.495,0.0,BTC-19JUL19-14000-P,9357.15,0.0,0.489,6.0,0.526,6.0,500.0,0.00783,-0.33746,-0.7193,0.0,-0.99968
9439.2,BTC-27DEC19,1563361140304,open,0.16,237.6,0.1215,0.2145,0.16816087,98.06,0.1565,0.0,BTC-27DEC19-8000-P,9357.15,95.77,0.163,14.9,0.1725,6.0,99.99,21.25987,-6.39991,-18.91637,5e-05,-0.28093
9439.2,BTC-27DEC19,1563361140309,open,0.16,237.6,0.1215,0.2145,0.16816087,98.06,0.1565,0.0,BTC-27DEC19-8000-P,9357.15,95.77,0.163,4.9,0.1725,6.0,99.99,21.25987,-6.39991,-18.91637,5e-05,-0.28093
200.94,ETH-27DEC19,1563361140323,open,0.14,129.0,0.098,0.177,0.137429,107.92,0.144,0.0,ETH-27DEC19-320-C,199.52,104.21,0.128,356.0,0.146,246.0,111.25,0.51418,-0.17034,0.22452,0.00264,0.38782
9439.2,BTC-27DEC19,1563361140310,open,0.16,237.6,0.1215,0.2145,0.16816087,98.06,0.1565,0.0,BTC-27DEC19-8000-P,9357.15,95.77,0.163,14.9,0.1725,6.0,99.99,21.25987,-6.39991,-18.91637,5e-05,-0.28093
9379.78,BTC-27SEP19,1563361140327,open,0.66,0.0,0.616,0.6955,0.65567849,116.26,None,0.0,BTC-27SEP19-3250-C,9357.15,0.0,0.005,10.0,0.8975,5.0,500.0,1.14603,-0.92689,6.16811,1e-05,0.98962
9359.93,SYN.BTC-26JUL19,1563361140383,open,0.0,57.0,0.0005,0.041,0.00104797,141.01,0.0005,0.0,BTC-26JUL19-15500-C,9357.15,128.86,0.0005,2.9,0.0015,4.3,147.94,0.53627,-4.25988,0.03057,2e-05,0.01448
9357.7,SYN.BTC-19JUL19,1563361140386,open,0.04,547.1,0.0065,0.09,0.04818991,139.09,0.053,0.0,BTC-19JUL19-9500-P,9357.15,145.68,0.05,1.7,0.054,5.5,159.71,2.66242,-98.71496,-0.28302,0.00043,-0.54043
9357.7,SYN.BTC-19JUL19,1563361140395,open,0.2,224.5,0.181,0.279,0.22991648,140.89,0.245,0.0,BTC-19JUL19-11500-P,9357.15,0.0,0.226,6.0,0.24,6.0,242.27,0.36903,-13.85931,-0.58019,6e-05,-0.97674
9379.89,BTC-27SEP19,1563361140419,open,0.05,184.1,0.0035,0.083,0.04332973,109.95,0.045,0.0,BTC-27SEP19-16000-C,9357.15,108.02,0.041,33.7,0.046,11.0,112.07,11.56488,-8.8452,2.84723,6e-05,0.1975
9357.74,SYN.BTC-19JUL19,1563361140429,open,0.02,266.8,0.0005,0.065,0.02408489,143.93,0.027,0.0,BTC-19JUL19-9000-P,9357.15,143.6,0.024,2.3,0.0265,1.0,153.15,2.4405,-93.63328,-0.17211,0.00038,-0.33382
9359.93,SYN.BTC-26JUL19,1563361140454,open,0.0,511.1,0.0005,0.0405,0.00072498,141.8,0.0005,0.0,BTC-26JUL19-16000-C,9357.15,0.0,0.0,0.0,0.001,3.8,147.5,0.40012,-3.19611,0.02185,1e-05,0.01033
199.51,SYN.ETH-26JUL19,1563361140466,open,0.1,150.0,0.071,0.159,0.114864,135.05,0.121,0.0,ETH-26JUL19-210-P,199.52,136.84,0.116,147.0,0.127,272.0,154.64,0.12294,-0.93531,-0.0325,0.0094,-0.55493
9379.78,BTC-27SEP19,1563361140468,open,0.84,42.8,0.8005,0.88,0.84024224,145.16,0.815,0.0,BTC-27SEP19-1500-C,9357.04,0.0,0.01,1.0,0.0,0.0,0.0,0.10995,-0.11102,2.93664,0.0,0.99923
9439.15,BTC-27DEC19,1563361140468,open,0.03,76.4,0.0005,0.0695,0.02837985,98.29,0.0285,0.0,BTC-27DEC19-4500-P,9357.04,96.22,0.0265,16.0,0.03,6.0,100.02,8.7081,-2.6274,-4.25407,2e-05,-0.07262
9439.15,BTC-27DEC19,1563361140468,open,0.7,0.0,0.6495,0.729,0.68920975,102.04,None,0.0,BTC-27DEC19-3000-C,9357.04,0.0,0.0055,0.1,0.976,0.5,500.0,3.25381,-1.0192,12.18248,1e-05,0.97844
9439.15,BTC-27DEC19,1563361140468,open,0.56,6.7,0.512,0.5915,0.55164201,98.29,0.55,0.0,BTC-27DEC19-4500-C,9357.04,0.0,0.0115,0.1,0.97,1.0,500.0,8.7081,-2.6274,15.8265,2e-05,0.92738
9359.96,SYN.BTC-26JUL19,1563361140468,open,0.62,0.0,0.591,0.723,0.65704408,141.1,None,0.0,BTC-26JUL19-15500-P,9357.04,0.0,0.0,0.0,0.0,0.0,0.0,0.53815,-4.27762,-3.73844,2e-05,-0.98546
9379.78,BTC-27SEP19,1563361140469,open,0.0,421.0,0.0005,0.045,0.00499625,109.61,0.0045,0.0,BTC-27SEP19-4000-P,9357.04,105.22,0.004,19.7,0.006,24.0,113.55,2.26805,-1.72936,-0.5171,1e-05,-0.023
9379.78,BTC-27SEP19,1563361140468,open,0.0,122.0,0.0005,0.0435,0.0038355,111.61,0.0015,0.0,BTC-27SEP19-3750-P,9357.04,107.03,0.003,19.7,0.005,24.0,117.1,1.83566,-1.42522,-0.40185,1e-05,-0.01792
9439.04,BTC-27DEC19,1563361140469,open,4.41,1.0,4.298,4.739,4.51855486,118.24,4.454,0.0,BTC-27DEC19-52000-P,9357.04,0.0,0.001,1.0,0.0,0.0,0.0,5.29428,-1.9217,-230.81119,1e-05,-0.96126
9439.04,BTC-27DEC19,1563361140469,open,3.17,0.0,3.0845,3.4245,3.25463708,114.44,None,0.0,BTC-27DEC19-40000-P,9357.04,0.0,0.0005,3.0,0.0,0.0,0.0,8.08417,-2.83999,-176.42917,2e-05,-0.93406
9439.04,BTC-27DEC19,1563361140469,open,0.48,60.5,0.4335,0.513,0.4730656,98.06,0.567,0.0,BTC-27DEC19-5500-C,9357.04,95.82,0.47,1.0,0.966,5.0,500.0,12.9547,-3.89989,16.94415,3e-05,0.87535
9439.04,BTC-27DEC19,1563361140469,open,0.6,27.6,0.5555,0.635,0.5950989,98.89,0.6525,0.0,BTC-27DEC19-4000-C,9357.04,0.0,0.0155,10.0,0.642,0.2,150.05,6.66386,-2.02307,14.88293,2e-05,0.94844
9379.78,BTC-27SEP19,1563361140470,open,0.01,318.1,0.0005,0.0485,0.00855973,107.23,0.007,0.0,BTC-27SEP19-4500-P,9357.04,104.2,0.0075,21.0,0.01,29.0,111.05,3.39673,-2.53364,-0.84916,2e-05,-0.03741
9357.74,SYN.BTC-19JUL19,1563361140468,open,0.51,0.0,0.488,0.6115,0.54952689,173.41,None,0.0,BTC-19JUL19-14500-P,9357.04,0.0,0.001,1.0,0.0,0.0,0.0,0.00671,-0.31009,-0.74501,0.0,-0.99973
9379.78,BTC-27SEP19,1563361140471,open,0.51,13.5,0.465,0.5445,0.50469219,106.57,0.382,0.0,BTC-27SEP19-4750-C,9357.04,0.0,0.005,10.0,0.6575,5.0,299.16,4.08188,-3.02614,8.28152,2e-05,0.95305
9357.74,SYN.BTC-19JUL19,1563361140468,open,0.72,0.0,0.693,0.8335,0.76325434,221.12,None,0.0,BTC-19JUL19-16500-P,9357.04,0.0,0.0,0.0,0.0,0.0,0.0,0.00588,-0.34668,-0.84781,0.0,-0.99977
9357.74,SYN.BTC-19JUL19,1563361140468,open,0.0,239.0,0.0005,0.04,9.59e-05,145.0,0.0005,0.0,BTC-19JUL19-12500-C,9357.04,0.0,0.0,0.0,0.001,1.3,191.53,0.06384,-0.89743,0.00146,1e-05,0.00313
9439.04,BTC-27DEC19,1563361140472,open,0.42,63.0,0.3655,0.445,0.40500554,98.06,0.4965,0.0,BTC-27DEC19-6500-C,9357.04,61.73,0.345,1.0,0.963,2.0,500.0,16.82263,-5.06426,17.27521,4e-05,0.81515
9439.04,BTC-27DEC19,1563361140472,open,0.03,58.2,0.0005,0.0665,0.02667755,110.73,0.03,0.0,BTC-27DEC19-32000-C,9357.04,109.27,0.025,6.0,0.0295,21.0,113.07,11.07765,-3.7655,3.09454,3e-05,0.10015
9357.74,SYN.BTC-19JUL19,1563361140468,open,0.57,0.0,0.539,0.667,0.60295857,185.7,None,0.0,BTC-19JUL19-15000-P,9357.04,0.0,0.001,1.0,0.0,0.0,0.0,0.00632,-0.31309,-0.77072,0.0,-0.99975
9357.74,SYN.BTC-19JUL19,1563361140468,open,0.0,275.5,0.0005,0.04,8e-08,145.0,0.0005,0.0,BTC-19JUL19-15000-C,9357.04,0.0,0.0,0.0,0.0035,10.0,347.19,0.00011,-0.0007,0.0,0.0,0.0
9359.96,SYN.BTC-26JUL19,1563361140468,open,0.0,625.7,0.0005,0.04,0.00038552,144.77,0.0005,0.0,BTC-26JUL19-17000-C,9357.04,0.0,0.0,0.0,0.001,5.5,161.4,0.23694,-1.9324,0.01208,1e-05,0.00569
9357.74,SYN.BTC-19JUL19,1563361140468,open,0.31,62.5,0.2825,0.389,0.33589464,145.97,0.3,0.0,BTC-19JUL19-12500-P,9357.04,0.0,0.3305,6.0,0.361,6.0,391.14,0.06721,-2.61501,-0.64081,1e-05,-0.99668
9359.96,SYN.BTC-26JUL19,1563361140468,open,0.98,0.0,0.949,1.111,1.03000715,146.24,None,0.0,BTC-26JUL19-19000-P,9357.04,0.0,0.0,0.0,0.0,0.0,0.0,0.06651,-0.54791,-4.61725,0.0,-0.99861
9357.74,SYN.BTC-19JUL19,1563361140468,open,0.67,0.0,0.6415,0.778,0.70982239,209.67,None,0.0,BTC-19JUL19-16000-P,9357.04,0.0,0.0,0.0,0.0,0.0,0.0,0.00599,-0.33481,-0.82211,0.0,-0.99976
9371.06,SYN.BTC-30AUG19,1563361140471,open,0.9,0.0,0.8585,1.0125,0.9354485,120.82,None,0.0,BTC-30AUG19-18000-P,9357.04,0.0,0.0,0.0,0.0,0.0,0.0,5.21922,-7.18602,-20.80311,4e-05,-0.9113
9357.74,SYN.BTC-19JUL19,1563361140468,open,0.0,198.9,0.0005,0.04,6.58e-06,145.0,0.001,0.0,BTC-19JUL19-13500-C,9357.04,0.0,0.0,0.0,0.0035,10.0,284.36,0.00641,-0.06156,0.00012,0.0,0.00026
9371.06,SYN.BTC-30AUG19,1563361140468,open,0.31,0.0,0.259,0.3385,0.29870832,114.51,None,0.0,BTC-30AUG19-7000-C,9357.04,0.0,0.0,0.0,0.0,0.0,0.0,8.38562,-10.94309,5.92466,7e-05,0.82466
9359.96,SYN.BTC-26JUL19,1563361140470,open,0.01,280.7,0.0005,0.0445,0.00453052,137.11,0.006,0.0,BTC-26JUL19-13500-C,9357.04,133.91,0.004,10.1,0.0055,3.3,142.47,1.60343,-12.38509,0.1129,5e-05,0.05413
9359.96,SYN.BTC-26JUL19,1563361140470,open,0.52,10.8,0.4895,0.613,0.55121016,137.93,0.166,0.0,BTC-26JUL19-14500-P,9357.04,0.0,0.0,0.0,0.0,0.0,0.0,0.90865,-7.06031,-3.46928,3e-05,-0.97304
9359.96,SYN.BTC-26JUL19,1563361140471,open,0.67,5.0,0.642,0.7785,0.71014031,141.94,0.2255,0.0,BTC-26JUL19-16000-P,9357.04,0.0,0.0,0.0,0.0,0.0,0.0,0.40246,-3.21793,-3.86872,1e-05,-0.9896
9359.96,SYN.BTC-26JUL19,1563361140470,open,0.0,126.8,0.0005,0.0405,0.00054242,145.0,0.001,0.0,BTC-26JUL19-5500-P,9357.04,0.0,0.0,0.0,0.002,40.0,174.68,0.2794,-2.2823,-0.01685,1e-05,-0.00686
9359.96,SYN.BTC-26JUL19,1563361140470,open,0.88,0.0,0.8465,1.0,0.92326583,145.6,None,0.0,BTC-26JUL19-18000-P,9357.04,0.0,0.0,0.0,0.0,0.0,0.0,0.12677,-1.0398,-4.37102,0.0,-0.99717
9371.06,SYN.BTC-30AUG19,1563361140468,open,0.6,0.0,0.567,0.697,0.63184643,117.39,None,0.0,BTC-30AUG19-15000-P,9357.04,0.0,0.0,0.0,0.0,0.0,0.0,8.23631,-11.01827,-16.46199,7e-05,-0.82953
9359.96,SYN.BTC-26JUL19,1563361140470,open,0.0,560.8,0.0005,0.04,0.00017358,145.0,0.0005,0.0,BTC-26JUL19-18000-C,9357.04,0.0,0.0,0.0,0.0005,3.5,161.04,0.12249,-1.00056,0.00581,0.0,0.00273
9357.74,SYN.BTC-19JUL19,1563361140470,open,0.62,0.0,0.5905,0.7225,0.65639046,197.86,None,0.0,BTC-19JUL19-15500-P,9357.04,0.0,0.001,1.0,0.0,0.0,0.0,0.00613,-0.32319,-0.79641,0.0,-0.99976
9359.96,SYN.BTC-26JUL19,1563361140470,open,0.19,35.6,0.13,0.2095,0.16983685,132.47,0.1785,0.0,BTC-26JUL19-8000-C,9357.04,0.0,0.0005,5.0,0.0,0.0,0.0,4.01135,-29.93377,1.448,0.00014,0.80602
9371.06,SYN.BTC-30AUG19,1563361140470,open,0.8,0.0,0.7595,0.906,0.83272871,119.64,None,0.0,BTC-30AUG19-17000-P,9357.04,0.0,0.0,0.0,0.0,0.0,0.0,6.09493,-8.30969,-19.41011,5e-05,-0.89036
9371.06,SYN.BTC-30AUG19,1563361140469,open,0.39,0.0,0.342,0.4215,0.38164908,116.84,None,0.0,BTC-30AUG19-6000-C,9357.04,0.0,0.0,0.0,0.0,0.0,0.0,5.54473,-7.38276,5.88126,4e-05,0.90375
9359.96,SYN.BTC-26JUL19,1563361140468,open,0.23,17.0,0.173,0.2525,0.21282527,134.89,0.246,0.0,BTC-26JUL19-7500-C,9357.04,0.0,0.005,0.1,0.0,0.0,0.0,2.97684,-22.62025,1.5109,0.0001,0.87665
199.09,ETH-27SEP19,1563361140474,open,2.74,0.0,2.669,2.973,2.820907,129.09,None,0.0,ETH-27SEP19-760-P,199.52,0.0,0.0,0.0,0.0,0.0,0.0,0.04292,-0.03854,-1.4901,0.00043,-0.97992
9357.74,SYN.BTC-19JUL19,1563361140468,open,0.0,415.6,0.0005,0.04,3.5e-07,145.0,0.0005,0.0,BTC-19JUL19-14500-C,9357.04,0.0,0.0,0.0,0.0025,10.0,309.46,0.00046,-0.00329,1e-05,0.0,2e-05
9359.96,SYN.BTC-26JUL19,1563361140473,open,0.78,0.0,0.744,0.889,0.81663932,145.07,None,0.0,BTC-26JUL19-17000-P,9357.04,0.0,0.0,0.0,0.0,0.0,0.0,0.24033,-1.96407,-4.12161,1e-05,-0.99421
9371.06,SYN.BTC-30AUG19,1563361140472,open,0.7,0.0,0.6625,0.8005,0.73127748,118.38,None,0.0,BTC-30AUG19-16000-P,9357.04,0.0,0.0,0.0,0.0,0.0,0.0,7.09266,-9.56865,-17.9695,6e-05,-0.86393
9359.96,SYN.BTC-26JUL19,1563361140471,open,0.27,315.8,0.243,0.3465,0.29474181,131.54,0.284,0.0,BTC-26JUL19-12000-P,9357.04,117.83,0.2905,7.5,0.3205,7.5,192.11,3.14917,-23.33572,-2.64244,0.00011,-0.86623
9359.96,SYN.BTC-26JUL19,1563361140470,open,0.57,10.0,0.54,0.668,0.60415663,141.06,0.17,0.0,BTC-26JUL19-15000-P,9357.04,0.0,0.0,0.0,0.0,0.0,0.0,0.73588,-5.84778,-3.60341,2e-05,-0.97902
199.55,SYN.ETH-19JUL19,1563361140475,open,0.06,166.0,0.029,0.114,0.071172,135.15,0.076,0.0,ETH-19JUL19-210-P,199.52,161.19,0.078,69.0,0.084,262.0,183.51,0.0509,-1.83357,-0.00774,0.0184,-0.68385
9439.04,BTC-27DEC19,1563361140535,open,0.05,172.4,0.009,0.0885,0.0489356,106.93,0.0485,0.0,BTC-27DEC19-24000-C,9357.04,105.78,0.047,4.9,0.052,21.0,108.71,16.02888,-5.26136,5.15047,4e-05,0.17122
9439.04,BTC-27DEC19,1563361140564,open,0.04,90.6,0.0005,0.075,0.03529056,108.8,0.0355,0.0,BTC-27DEC19-28000-C,9357.04,107.51,0.0335,6.0,0.038,21.0,110.7,13.24377,-4.42335,3.93307,3e-05,0.12867
199.09,ETH-27SEP19,1563361140577,open,0.02,2417.0,0.001,0.062,0.022841,119.61,0.017,0.0,ETH-27SEP19-440-C,199.52,116.07,0.02,601.0,0.025,200.0,122.13,0.16569,-0.13787,0.03401,0.00177,0.1096
9371.06,SYN.BTC-30AUG19,1563361140608,open,0.18,0.4,0.132,0.2115,0.17167941,112.13,0.1895,0.0,BTC-30AUG19-9000-C,9357.04,107.46,0.1655,14.4,0.1745,4.3,114.27,12.39769,-15.84239,5.01941,0.0001,0.61727
9359.96,SYN.BTC-26JUL19,1563361140624,open,0.0,57.0,0.0005,0.041,0.00104797,140.98,0.0005,0.0,BTC-26JUL19-15500-C,9357.04,128.86,0.0005,14.4,0.0015,4.3,147.94,0.53576,-4.25496,0.03054,2e-05,0.01447
9439.04,BTC-27DEC19,1563361140633,open,0.45,122.9,0.398,0.4775,0.43777886,98.06,0.439,0.0,BTC-27DEC19-6000-C,9357.04,94.07,0.4315,11.0,0.441,11.0,100.09,14.96412,-4.50479,17.19217,4e-05,0.84595
199.55,SYN.ETH-19JUL19,1563361140651,open,0.27,789.0,0.251,0.355,0.303046,141.95,0.297,0.0,ETH-19JUL19-260-P,199.52,0.0,0.281,10.0,0.329,10.0,374.36,0.00221,-0.08372,-0.01331,0.00076,-0.99461
199.55,SYN.ETH-19JUL19,1563361140661,open,0.27,789.0,0.251,0.355,0.303046,141.95,0.297,0.0,ETH-19JUL19-260-P,199.52,0.0,0.284,10.0,0.329,10.0,374.36,0.00221,-0.08372,-0.01331,0.00076,-0.99461
9359.96,SYN.BTC-26JUL19,1563361140676,open,0.0,57.0,0.0005,0.041,0.00104797,140.98,0.0005,0.0,BTC-26JUL19-15500-C,9357.04,128.86,0.0005,2.9,0.0015,4.3,147.94,0.53576,-4.25496,0.03054,2e-05,0.01447
9357.74,SYN.BTC-19JUL19,1563361140678,open,0.0,127.8,0.0005,0.04,2e-08,145.0,0.0005,0.0,BTC-19JUL19-15500-C,9357.04,0.0,0.0,0.0,0.0025,10.0,346.98,3e-05,-0.00014,0.0,0.0,0.0
9439.04,BTC-27DEC19,1563361140678,open,0.39,54.4,0.335,0.4145,0.37464061,98.06,0.3805,0.0,BTC-27DEC19-7000-C,9357.04,94.16,0.367,11.0,0.3755,11.0,98.5,18.50063,-5.56938,17.21906,5e-05,0.78345
9439.04,BTC-27DEC19,1563361140690,open,0.45,122.9,0.398,0.4775,0.43777886,98.06,0.439,0.0,BTC-27DEC19-6000-C,9357.04,94.07,0.4315,11.0,0.4395,11.0,99.15,14.96412,-4.50479,17.19217,4e-05,0.84595
9379.67,BTC-27SEP19,1563361140722,open,0.09,208.8,0.0415,0.121,0.08135433,107.66,0.083,0.0,BTC-27SEP19-13000-C,9357.04,105.56,0.078,43.4,0.0855,24.1,110.23,15.04398,-11.26654,4.56279,8e-05,0.32839
9357.74,SYN.BTC-19JUL19,1563361140784,open,0.04,43.3,0.0005,0.0725,0.03298287,139.31,0.032,0.0,BTC-19JUL19-9500-C,9357.04,135.86,0.032,2.3,0.036,10.0,149.91,2.66253,-98.87529,0.20521,0.00042,0.45972
9379.78,BTC-27SEP19,1563361140863,open,0.07,163.5,0.026,0.1055,0.06560821,108.45,0.069,0.0,BTC-27SEP19-14000-C,9357.04,106.34,0.0625,43.9,0.069,11.0,110.72,13.93967,-10.51643,3.90575,7e-05,0.27707
9359.96,SYN.BTC-26JUL19,1563361140899,open,0.0,57.0,0.0005,0.041,0.00104797,140.98,0.0005,0.0,BTC-26JUL19-15500-C,9357.04,128.86,0.0005,14.4,0.0015,4.3,147.94,0.53576,-4.25496,0.03054,2e-05,0.01447
199.55,SYN.ETH-19JUL19,1563361140901,open,0.08,0.0,0.027,0.106,0.066324,134.87,None,0.0,ETH-19JUL19-190-C,199.52,137.75,0.067,150.0,0.079,150.0,184.96,0.04891,-1.75834,0.00661,0.01772,0.71072
200.92,ETH-27DEC19,1563361140904,open,0.39,693.0,0.355,0.467,0.41104,106.36,0.423,0.0,ETH-27DEC19-240-P,199.52,101.87,0.399,30.0,0.423,30.0,110.93,0.5325,-0.17387,-0.77917,0.00278,-0.45815
9357.74,SYN.BTC-19JUL19,1563361140902,open,0.04,547.1,0.0065,0.09,0.04818991,139.33,0.053,0.0,BTC-19JUL19-9500-P,9357.04,145.69,0.05,1.7,0.0545,6.0,161.48,2.66254,-98.88842,-0.28298,0.00042,-0.54027
199.55,SYN.ETH-19JUL19,1563361140910,open,0.06,166.0,0.029,0.114,0.071172,135.15,0.076,0.0,ETH-19JUL19-210-P,199.52,161.19,0.078,69.0,0.083,150.0,179.82,0.0509,-1.83357,-0.00774,0.0184,-0.68385
200.92,ETH-27DEC19,1563361140917,open,0.54,441.0,0.503,0.627,0.564657,107.01,0.561,0.0,ETH-27DEC19-280-P,199.52,101.91,0.551,30.0,0.577,30.0,111.73,0.5324,-0.1749,-0.99254,0.00276,-0.54254
9379.78,BTC-27SEP19,1563361140914,open,0.45,224.0,0.396,0.4755,0.43582894,105.35,0.5225,0.0,BTC-27SEP19-5500-C,9357.04,96.37,0.43,11.0,0.438,11.0,108.46,6.44712,-4.72499,8.86023,4e-05,0.91552
9357.74,SYN.BTC-19JUL19,1563361140939,open,0.31,62.5,0.2825,0.389,0.33589464,145.97,0.3,0.0,BTC-19JUL19-12500-P,9357.04,0.0,0.33,6.0,0.361,6.0,391.14,0.06721,-2.61501,-0.64081,1e-05,-0.99668
199.47,SYN.ETH-26JUL19,1563361140939,open,0.1,150.0,0.071,0.159,0.114864,134.79,0.121,0.0,ETH-26JUL19-210-P,199.52,136.63,0.116,147.0,0.126,150.0,152.82,0.12288,-0.93308,-0.03252,0.00942,-0.55556
9379.78,BTC-27SEP19,1563361140933,open,0.21,218.1,0.177,0.2745,0.2258603,105.41,0.2285,0.0,BTC-27SEP19-10000-P,9357.04,104.36,0.224,14.4,0.232,4.7,108.9,16.52736,-12.11969,-12.69335,9e-05,-0.46136
199.51,SYN.ETH-26JUL19,1563361140946,open,0.09,151.0,0.043,0.122,0.0827,134.96,0.079,0.0,ETH-26JUL19-200-C,199.52,133.87,0.082,146.0,0.092,163.0,150.02,0.12357,-0.93952,0.02205,0.00946,0.53724
9359.96,SYN.BTC-26JUL19,1563361140967,open,0.02,342.6,0.0005,0.058,0.01810883,130.0,0.02,0.0,BTC-26JUL19-11500-C,9357.04,128.51,0.0175,24.0,0.021,11.5,136.88,3.83353,-28.07461,0.36909,0.00014,0.18027
9379.78,BTC-27SEP19,1563361140975,open,0.45,224.0,0.396,0.4755,0.43582894,105.35,0.5225,0.0,BTC-27SEP19-5500-C,9357.04,97.99,0.431,11.0,0.438,11.0,108.46,6.44712,-4.72499,8.86023,4e-05,0.91552
9439.04,BTC-27DEC19,1563361140988,open,0.25,452.1,0.1975,0.277,0.23739036,98.74,0.238,0.0,BTC-27DEC19-10000-C,9357.04,96.85,0.2325,3.6,0.242,11.0,100.52,24.42724,-7.4042,15.09267,6e-05,0.59571
200.92,ETH-27DEC19,1563361140994,open,0.54,441.0,0.503,0.627,0.564657,107.01,0.561,0.0,ETH-27DEC19-280-P,199.52,101.53,0.55,150.0,0.577,30.0,111.73,0.5324,-0.1749,-0.99254,0.00276,-0.54254
9357.74,SYN.BTC-19JUL19,1563361140997,open,0.25,83.2,0.2315,0.334,0.2826937,145.34,0.2865,0.0,BTC-19JUL19-12000-P,9357.04,0.0,0.2765,6.0,0.3065,6.0,350.96,0.17527,-6.79074,-0.61213,3e-05,-0.99022
199.09,ETH-27SEP19,1563361141011,open,0.09,5948.0,0.053,0.139,0.095863,112.41,0.084,0.0,ETH-27SEP19-160-P,199.52,108.24,0.09,215.0,0.101,160.0,116.12,0.27825,-0.21759,-0.13395,0.00317,-0.24585
9357.74,SYN.BTC-19JUL19,1563361141009,open,0.31,62.5,0.2825,0.389,0.33589464,145.97,0.3,0.0,BTC-19JUL19-12500-P,9357.04,0.0,0.3315,6.0,0.361,6.0,391.14,0.06721,-2.61501,-0.64081,1e-05,-0.99668
199.29,SYN.ETH-30AUG19,1563361141020,open,0.22,107.0,0.171,0.25,0.21039,120.44,0.184,0.0,ETH-30AUG19-180-C,199.52,108.92,0.196,120.0,0.22,120.0,128.15,0.24882,-0.34151,0.11121,0.00433,0.67458
9439.15,BTC-27DEC19,1563361141026,open,0.6,17.7,0.557,0.686,0.62136555,101.1,0.6235,0.0,BTC-27DEC19-14000-P,9357.04,98.24,0.614,6.0,0.6295,3.6,104.23,24.40502,-7.57398,-51.3259,6e-05,-0.59718
199.29,SYN.ETH-30AUG19,1563361141027,open,0.28,0.0,0.251,0.354,0.30215,120.69,None,0.0,ETH-30AUG19-240-P,199.52,112.32,0.291,120.0,0.318,120.0,132.36,0.26815,-0.3688,-0.21443,0.00465,-0.59288
199.29,SYN.ETH-30AUG19,1563361141034,open,0.28,0.0,0.251,0.354,0.30215,120.69,None,0.0,ETH-30AUG19-240-P,199.52,111.57,0.29,120.0,0.318,120.0,132.36,0.26815,-0.3688,-0.21443,0.00465,-0.59288
200.92,ETH-27DEC19,1563361141052,open,0.39,693.0,0.355,0.467,0.41104,106.36,0.423,0.0,ETH-27DEC19-240-P,199.52,101.5,0.398,30.0,0.423,30.0,110.93,0.5325,-0.17387,-0.77917,0.00278,-0.45815
199.13,ETH-27SEP19,1563361141060,open,0.25,1828.0,0.213,0.313,0.263235,112.18,0.254,0.0,ETH-27SEP19-220-P,199.52,108.61,0.257,200.0,0.269,120.0,115.4,0.35211,-0.27478,-0.2917,0.00402,-0.48059
199.29,SYN.ETH-30AUG19,1563361141074,open,0.22,220.0,0.182,0.28,0.231014,120.68,0.242,0.0,ETH-30AUG19-220-P,199.52,114.86,0.223,273.0,0.245,120.0,130.77,0.27555,-0.37897,-0.17772,0.00478,-0.51079
199.13,ETH-27SEP19,1563361141088,open,0.2,1291.0,0.155,0.234,0.19429,111.86,0.194,0.0,ETH-27SEP19-200-C,199.52,107.64,0.187,120.0,0.201,120.0,115.78,0.34257,-0.26657,0.15698,0.00392,0.59461
200.92,ETH-27DEC19,1563361141095,open,0.29,194.0,0.24,0.319,0.279151,106.34,0.275,0.0,ETH-27DEC19-200-C,199.52,102.26,0.269,30.0,0.29,30.0,110.68,0.50155,-0.16373,0.32455,0.00262,0.64119
9359.96,SYN.BTC-26JUL19,1563361141109,open,0.14,265.8,0.1135,0.2055,0.15947971,129.26,0.141,0.0,BTC-26JUL19-10500-P,9357.04,131.08,0.1605,18.0,0.1685,18.0,145.17,5.2154,-37.97636,-1.91212,0.00019,-0.68062
199.13,ETH-27SEP19,1563361141108,open,0.2,1291.0,0.155,0.234,0.19429,111.86,0.194,0.0,ETH-27SEP19-200-C,199.52,107.64,0.187,120.0,0.202,120.0,116.36,0.34257,-0.26657,0.15698,0.00392,0.59461
199.13,ETH-27SEP19,1563361141121,open,0.32,2398.0,0.281,0.387,0.333984,112.16,0.345,0.0,ETH-27SEP19-240-P,199.52,105.87,0.323,120.0,0.341,120.0,116.13,0.34973,-0.27288,-0.34673,0.00399,-0.55021
9379.78,BTC-27SEP19,1563361141125,open,0.28,127.7,0.249,0.3525,0.30052143,106.51,0.2865,0.0,BTC-27SEP19-11000-P,9357.04,104.8,0.2975,14.4,0.309,14.4,111.33,16.52121,-12.24154,-15.52731,9e-05,-0.54014
200.92,ETH-27DEC19,1563361141130,open,0.06,513.0,0.017,0.096,0.056276,112.42,0.059,0.0,ETH-27DEC19-520-C,199.52,108.82,0.05,595.0,0.061,40.0,115.01,0.36011,-0.12428,0.11677,0.00178,0.18654
9439.04,BTC-27DEC19,1563361141134,open,0.25,452.1,0.1975,0.277,0.23738623,98.74,0.238,0.0,BTC-27DEC19-10000-C,9357.04,96.66,0.232,3.6,0.242,11.0,100.52,24.42724,-7.4042,15.09267,6e-05,0.59571
9439.04,BTC-27DEC19,1563361141136,open,0.29,181.6,0.235,0.3145,0.27465543,98.06,0.287,0.0,BTC-27DEC19-9000-C,9357.04,95.97,0.2695,3.6,0.2775,11.0,99.22,23.21848,-6.98958,16.04155,6e-05,0.65551
9379.78,BTC-27SEP19,1563361141140,open,0.13,406.8,0.088,0.1675,0.12778603,106.52,0.13,0.0,BTC-27SEP19-11000-C,9357.04,104.08,0.1235,12.0,0.132,23.0,108.91,16.52128,-12.24249,6.13392,9e-05,0.45988
199.09,ETH-27SEP19,1563361141145,open,0.13,4995.0,0.097,0.188,0.142648,111.95,0.139,0.0,ETH-27SEP19-180-P,199.52,107.84,0.136,167.0,0.148,160.0,115.35,0.31833,-0.24792,-0.18366,0.00364,-0.32589
9359.96,SYN.BTC-26JUL19,1563361141147,open,0.08,103.8,0.034,0.1135,0.07361154,129.25,0.087,0.0,BTC-26JUL19-9500-C,9357.04,124.25,0.0705,18.0,0.0755,0.3,132.29,5.82076,-42.3813,0.99509,0.00021,0.51081
200.92,ETH-27DEC19,1563361141153,open,0.26,1838.0,0.224,0.325,0.274572,106.28,0.273,0.0,ETH-27DEC19-200-P,199.52,101.7,0.263,40.0,0.286,40.0,110.91,0.50159,-0.16365,-0.56786,0.00262,-0.35888
199.55,SYN.ETH-19JUL19,1563361141178,open,0.08,0.0,0.027,0.106,0.066324,134.87,None,0.0,ETH-19JUL19-190-C,199.52,141.79,0.068,150.0,0.079,150.0,184.96,0.04891,-1.75834,0.00661,0.01772,0.71072
9359.96,SYN.BTC-26JUL19,1563361141158,open,0.08,392.1,0.0455,0.132,0.08857268,129.26,0.0975,0.0,BTC-26JUL19-9500-P,9357.04,129.94,0.089,18.0,0.096,7.5,141.2,5.82076,-42.3835,-1.31502,0.00021,-0.48919
9357.74,SYN.BTC-19JUL19,1563361141182,open,0.07,372.8,0.041,0.1275,0.08427747,139.34,0.093,0.0,BTC-19JUL19-10000-P,9357.04,140.26,0.0845,6.0,0.0915,12.0,168.68,2.21556,-82.29154,-0.39186,0.00035,-0.7306
9439.04,BTC-27DEC19,1563361141183,open,0.28,189.9,0.245,0.3485,0.296816,98.73,0.279,0.0,BTC-27DEC19-10000-P,9357.04,96.49,0.291,4.9,0.3035,10.9,101.32,24.4274,-7.40378,-29.53056,6e-05,-0.4043
9359.96,SYN.BTC-26JUL19,1563361141188,open,0.0,57.0,0.0005,0.041,0.00104802,140.98,0.0005,0.0,BTC-26JUL19-15500-C,9357.04,128.86,0.0005,2.9,0.0015,4.3,147.94,0.53576,-4.25496,0.03054,2e-05,0.01447
9439.15,BTC-27DEC19,1563361141193,open,0.6,17.7,0.557,0.686,0.62136557,101.1,0.6235,0.0,BTC-27DEC19-14000-P,9357.04,98.24,0.614,6.0,0.63,3.6,104.42,24.40502,-7.57398,-51.3259,6e-05,-0.59718
200.92,ETH-27DEC19,1563361141198,open,0.26,1838.0,0.224,0.325,0.274572,106.28,0.273,0.0,ETH-27DEC19-200-P,199.52,101.7,0.263,40.0,0.285,40.0,110.51,0.50159,-0.16365,-0.56786,0.00262,-0.35888
9359.96,SYN.BTC-26JUL19,1563361141193,open,0.02,342.6,0.0005,0.058,0.01810982,130.0,0.02,0.0,BTC-26JUL19-11500-C,9357.04,128.51,0.0175,24.0,0.02,11.5,134.54,3.83353,-28.07461,0.36909,0.00014,0.18027
9357.74,SYN.BTC-19JUL19,1563361141224,open,0.04,547.1,0.0065,0.09,0.04818739,139.33,0.053,0.0,BTC-19JUL19-9500-P,9357.04,145.69,0.05,1.7,0.055,24.0,163.23,2.66254,-98.88842,-0.28298,0.00042,-0.54027
9359.96,SYN.BTC-26JUL19,1563361141219,open,0.11,516.2,0.077,0.166,0.1216211,129.26,0.131,0.0,BTC-26JUL19-10000-P,9357.04,129.88,0.122,18.0,0.13,7.5,143.01,5.6743,-41.31744,-1.61955,0.00021,-0.58993
199.51,SYN.ETH-26JUL19,1563361141218,open,0.02,100.0,0.001,0.057,0.017034,134.98,0.017,0.0,ETH-26JUL19-250-C,199.52,137.45,0.018,128.0,0.023,283.0,149.47,0.07779,-0.59151,0.00727,0.00595,0.16686
9357.74,SYN.BTC-19JUL19,1563361141226,open,0.25,83.2,0.2315,0.3335,0.28268722,145.34,0.2865,0.0,BTC-19JUL19-12000-P,9357.04,0.0,0.279,6.0,0.3065,6.0,350.96,0.17527,-6.79074,-0.61213,3e-05,-0.99022
9439.04,BTC-27DEC19,1563361141234,open,0.25,452.1,0.1975,0.277,0.23738623,98.74,0.238,0.0,BTC-27DEC19-10000-C,9357.04,96.66,0.232,3.6,0.2405,11.0,99.94,24.42724,-7.4042,15.09267,6e-05,0.59571
199.09,ETH-27SEP19,1563361141247,open,0.02,2417.0,0.001,0.062,0.022841,119.61,0.017,0.0,ETH-27SEP19-440-C,199.52,116.07,0.02,601.0,0.026,200.0,123.27,0.16569,-0.13787,0.03401,0.00177,0.1096
9439.15,BTC-27DEC19,1563361141246,open,0.6,17.7,0.557,0.686,0.62136557,101.1,0.6235,0.0,BTC-27DEC19-14000-P,9357.04,98.82,0.6155,6.0,0.63,3.6,104.42,24.40502,-7.57398,-51.3259,6e-05,-0.59718
199.09,ETH-27SEP19,1563361141254,open,0.01,4168.0,0.001,0.048,0.008845,126.61,0.008,0.0,ETH-27SEP19-600-C,199.52,119.17,0.006,440.0,0.012,200.0,133.27,0.08558,-0.07538,0.01466,0.00087,0.04623
9439.01,BTC-27DEC19,1563361141263,open,0.01,463.2,0.0005,0.0495,0.00958388,118.35,0.008,0.0,BTC-27DEC19-52000-C,9357.04,115.38,0.008,46.1,0.011,21.0,120.76,5.31721,-1.93188,1.2369,1e-05,0.03895
199.55,SYN.ETH-19JUL19,1563361141264,open,0.37,617.0,0.348,0.459,0.403174,163.36,0.407,0.0,ETH-19JUL19-280-P,199.52,0.0,0.381,10.0,0.438,10.0,480.87,0.00103,-0.04482,-0.01437,0.00031,-0.9977
9359.96,SYN.BTC-26JUL19,1563361141266,open,0.0,57.0,0.0005,0.041,0.00104802,140.98,0.0005,0.0,BTC-26JUL19-15500-C,9357.04,128.86,0.0005,14.4,0.0015,4.3,147.94,0.53576,-4.25496,0.03054,2e-05,0.01447
9357.74,SYN.BTC-19JUL19,1563361141277,open,0.25,83.2,0.2315,0.3335,0.28268722,145.34,0.2865,0.0,BTC-19JUL19-12000-P,9357.04,0.0,0.2785,6.0,0.3065,6.0,350.96,0.17527,-6.79074,-0.61213,3e-05,-0.99022
199.55,SYN.ETH-19JUL19,1563361141285,open,0.37,617.0,0.348,0.459,0.403174,163.36,0.407,0.0,ETH-19JUL19-280-P,199.52,0.0,0.384,10.0,0.438,10.0,480.87,0.00103,-0.04482,-0.01437,0.00031,-0.9977
199.47,SYN.ETH-26JUL19,1563361141297,open,0.12,0.0,0.068,0.147,0.107837,135.17,None,0.0,ETH-26JUL19-190-C,199.52,132.05,0.106,150.0,0.117,150.0,150.72,0.11728,-0.89303,0.0254,0.00897,0.63159
200.95,ETH-27DEC19,1563361141322,open,0.1,488.0,0.053,0.132,0.09248,109.64,0.091,0.0,ETH-27DEC19-400-C,199.52,105.84,0.084,381.0,0.099,271.0,112.5,0.45427,-0.1529,0.17092,0.0023,0.28309
199.47,SYN.ETH-26JUL19,1563361141322,open,1.94,0.0,1.888,2.127,2.007433,0.0,None,0.0,ETH-26JUL19-600-P,199.52,0.0,0.0,0.0,0.0,0.0,0.0,0.0,0.0,-0.1459,0.0,-1.0
9439.04,BTC-27DEC19,1563361141368,open,0.01,340.0,0.0005,0.047,0.00703537,102.03,0.0065,0.0,BTC-27DEC19-3000-P,9357.04,100.45,0.0065,10.0,0.008,12.0,104.74,3.25376,-1.01917,-1.20454,1e-05,-0.02156
9379.5,BTC-27SEP19,1563361141368,open,0.01,190.2,0.0005,0.0455,0.00569923,117.47,0.006,0.0,BTC-27SEP19-28000-C,9357.04,113.52,0.0045,39.0,0.007,3.0,121.18,3.06934,-2.50808,0.50548,2e-05,0.03307
199.09,ETH-27SEP19,1563361141381,open,2.35,0.0,2.285,2.557,2.421068,128.02,None,0.0,ETH-27SEP19-680-P,199.52,0.0,0.0,0.0,0.0,0.0,0.0,0.0604,-0.05379,-1.32939,0.0006,-0.96982
9359.83,SYN.BTC-26JUL19,1563361141434,open,0.01,194.6,0.0005,0.049,0.00909218,133.88,0.01,0.0,BTC-26JUL19-12500-C,9357.04,129.76,0.008,40.0,0.011,11.5,140.54,2.56202,-19.32204,0.20697,9e-05,0.10003
9359.96,SYN.BTC-26JUL19,1563361141461,open,0.0,57.0,0.0005,0.041,0.00104802,140.98,0.0005,0.0,BTC-26JUL19-15500-C,9357.04,128.86,0.0005,2.9,0.0015,4.3,147.94,0.53576,-4.25496,0.03054,2e-05,0.01447
9439.01,BTC-27DEC19,1563361141468,open,3.58,0.0,3.4885,3.862,3.67513322,115.65,None,0.0,BTC-27DEC19-44000-P,9355.9,0.0,0.0,0.0,0.0,0.0,0.0,6.92431,-2.45833,-194.63815,2e-05,-0.94589
9379.5,BTC-27SEP19,1563361141470,open,0.03,310.3,0.0005,0.0695,0.02981418,111.88,0.0305,0.0,BTC-27SEP19-18000-C,9355.9,110.05,0.028,5.0,0.0315,11.0,113.54,9.42009,-7.33135,2.09968,5e-05,0.14349
9379.5,BTC-27SEP19,1563361141470,open,0.01,297.6,0.0005,0.0515,0.01109551,106.56,0.005,0.0,BTC-27SEP19-4750-P,9355.9,103.97,0.01,21.0,0.013,24.0,110.77,4.08097,-3.02502,-1.07183,2e-05,-0.04694
9437.87,BTC-27DEC19,1563361141470,open,0.14,217.3,0.0985,0.178,0.13817808,101.11,0.141,0.0,BTC-27DEC19-14000-C,9355.9,99.49,0.134,14.6,0.1425,10.2,102.78,24.4012,-7.57374,11.1442,6e-05,0.40279
9437.87,BTC-27DEC19,1563361141471,open,2.76,1.3,2.682,2.988,2.83489891,112.17,2.792,0.0,BTC-27DEC19-36000-P,9355.9,0.0,0.0005,1.0,0.0,0.0,0.0,9.28142,-3.19603,-158.18111,2e-05,-0.92103
9437.87,BTC-27DEC19,1563361141472,open,3.17,0.0,3.0845,3.4245,3.25468597,113.88,None,0.0,BTC-27DEC19-40000-P,9355.9,0.0,0.0005,3.0,0.0,0.0,0.0,7.94738,-2.77842,-176.46933,2e-05,-0.93549
9379.5,BTC-27SEP19,1563361141472,open,0.0,490.7,0.0005,0.0405,0.0005485,139.26,0.0005,0.0,BTC-27SEP19-2000-P,9355.9,0.0,0.0,0.0,0.001,5.9,149.82,0.32064,-0.31063,-0.05593,0.0,-0.00248
9379.5,BTC-27SEP19,1563361141472,open,0.0,609.1,0.0005,0.0415,0.00187325,121.8,0.002,0.0,BTC-27SEP19-3000-P,9355.9,111.67,0.001,19.9,0.003,15.0,131.02,0.97948,-0.82991,-0.1948,0.0,-0.00867
9378.36,BTC-27SEP19,1563361141474,open,1.11,0.0,1.067,1.239,1.15295947,112.87,None,0.0,BTC-27SEP19-20000-P,9355.9,0.0,0.005,10.0,1.754,0.2,499.43,7.49215,-5.8829,-37.84797,4e-05,-0.89644
9437.87,BTC-27DEC19,1563361141475,open,3.99,0.0,3.893,4.3,4.09654797,115.96,None,0.0,BTC-27DEC19-48000-P,9355.9,0.0,0.0,0.0,0.0,0.0,0.0,5.80567,-2.06671,-212.81298,1e-05,-0.95658
9370.85,SYN.BTC-30AUG19,1563361141473,open,0.03,26.9,0.0005,0.0635,0.02389434,118.39,0.0235,0.0,BTC-30AUG19-16000-C,9355.9,114.45,0.021,34.0,0.026,15.0,121.12,7.09251,-9.56879,1.26365,6e-05,0.13607
9357.63,SYN.BTC-19JUL19,1563361141468,open,0.0,146.9,0.0005,0.04,2.602e-05,145.0,0.0005,0.0,BTC-19JUL19-13000-C,9355.9,0.0,0.0,0.0,0.001,2.0,212.94,0.0212,-0.24346,0.00044,0.0,0.00093
9357.63,SYN.BTC-19JUL19,1563361141473,open,0.17,0.0,0.108,0.1875,0.14785526,145.11,None,0.0,BTC-19JUL19-8000-C,9355.9,0.0,0.0,0.0,0.0,0.0,0.0,0.79404,-30.71571,0.38116,0.00012,0.94048
9357.63,SYN.BTC-19JUL19,1563361141474,open,0.01,198.9,0.0005,0.0425,0.00281885,144.08,0.003,0.0,BTC-19JUL19-11000-C,9355.9,140.46,0.0025,2.8,0.004,11.2,155.91,0.85079,-26.37779,0.02991,0.00013,0.06502
9378.36,BTC-27SEP19,1563361141477,open,0.01,92.2,0.0005,0.048,0.00801631,117.35,0.007,0.0,BTC-27SEP19-26000-C,9355.9,114.83,0.007,1.7,0.009,11.0,119.62,3.92939,-3.20781,0.67899,2e-05,0.04478
9439.04,BTC-27DEC19,1563361141466,open,0.21,426.5,0.1665,0.246,0.20641984,99.53,0.206,0.0,BTC-27DEC19-11000-C,9357.04,97.67,0.2015,11.0,0.211,11.0,101.25,25.02364,-7.64534,14.08026,6e-05,0.54071
9437.87,BTC-27DEC19,1563361141489,open,1.74,0.0,1.6845,1.9075,1.79586497,107.67,None,0.0,BTC-27DEC19-26000-P,9355.9,0.0,0.005,10.0,2.6025,0.2,500.0,14.50469,-4.79441,-111.55565,3e-05,-0.85297
9378.36,BTC-27SEP19,1563361141492,open,1.11,0.0,1.067,1.239,1.15295947,112.87,None,0.0,BTC-27SEP19-20000-P,9355.9,0.0,0.005,10.0,1.755,0.2,500.0,7.49215,-5.8829,-37.84797,4e-05,-0.89644
9359.83,SYN.BTC-26JUL19,1563361141502,open,0.47,11.0,0.439,0.5585,0.49873976,136.96,0.1845,0.0,BTC-26JUL19-14000-P,9355.9,0.0,0.494,7.5,0.5285,7.5,240.43,1.19763,-9.24006,-3.32545,4e-05,-0.96233
9437.87,BTC-27DEC19,1563361141506,open,0.28,189.9,0.245,0.3485,0.296816,98.7,0.279,0.0,BTC-27DEC19-10000-P,9355.9,96.65,0.2915,6.0,0.3035,10.9,101.29,24.42621,-7.40125,-29.53247,6e-05,-0.40442
199.51,SYN.ETH-19JUL19,1563361141526,open,0.37,617.0,0.348,0.459,0.403174,0.0,0.407,0.0,ETH-19JUL19-280-P,199.52,0.0,0.383,10.0,0.438,10.0,479.68,0.0,0.0,-0.01439,0.0,-1.0
9359.83,SYN.BTC-26JUL19,1563361141536,open,0.0,262.6,0.0005,0.0435,0.00352682,139.73,0.0025,0.0,BTC-26JUL19-6500-P,9355.9,130.87,0.0025,40.0,0.005,37.5,150.24,1.18942,-9.36277,-0.09303,4e-05,-0.03735
9379.5,BTC-27SEP19,1563361141538,open,0.0,609.1,0.0005,0.0415,0.00187325,121.8,0.002,0.0,BTC-27SEP19-3000-P,9355.9,111.67,0.001,20.0,0.003,15.0,131.02,0.97948,-0.82991,-0.1948,0.0,-0.00867
9370.85,SYN.BTC-30AUG19,1563361141543,open,0.12,40.2,0.087,0.177,0.13208267,112.12,0.133,0.0,BTC-30AUG19-9000-P,9355.9,110.55,0.13,19.3,0.1385,3.0,116.98,12.39766,-15.84111,-5.7994,0.0001,-0.38276
9379.5,BTC-27SEP19,1563361141546,open,0.45,224.0,0.396,0.4755,0.4358234,105.37,0.5225,0.0,BTC-27SEP19-5500-C,9355.9,98.02,0.431,11.0,0.4385,11.0,109.18,6.44847,-4.72655,8.85957,4e-05,0.91549
9437.87,BTC-27DEC19,1563361141572,open,0.21,426.5,0.1665,0.246,0.20641984,99.54,0.206,0.0,BTC-27DEC19-11000-C,9355.9,97.68,0.2015,11.0,0.21,11.0,100.89,25.02081,-7.64556,14.0769,6e-05,0.54067
9359.83,SYN.BTC-26JUL19,1563361141575,open,0.47,11.0,0.439,0.5585,0.49873976,136.96,0.1845,0.0,BTC-26JUL19-14000-P,9355.9,0.0,0.4955,7.5,0.5285,7.5,240.43,1.19763,-9.24006,-3.32545,4e-05,-0.96233
199.47,SYN.ETH-26JUL19,1563361141612,open,0.1,150.0,0.071,0.159,0.114994,134.79,0.121,0.0,ETH-26JUL19-210-P,199.52,136.63,0.116,147.0,0.126,272.0,152.82,0.12288,-0.93308,-0.03252,0.00942,-0.55556
9379.5,BTC-27SEP19,1563361141614,open,0.0,49.2,0.0005,0.042,0.0021646,116.23,0.0025,0.0,BTC-27SEP19-3250-P,9355.9,110.13,0.0015,19.8,0.003,25.0,122.38,1.14472,-0.92556,-0.23145,1e-05,-0.01037
200.92,ETH-27DEC19,1563361141645,open,0.39,693.0,0.355,0.467,0.41104,106.36,0.423,0.0,ETH-27DEC19-240-P,199.52,101.87,0.399,30.0,0.423,30.0,110.93,0.5325,-0.17387,-0.77917,0.00278,-0.45815
9359.83,SYN.BTC-26JUL19,1563361141748,open,0.0,57.0,0.0005,0.041,0.00104802,140.98,0.0005,0.0,BTC-26JUL19-15500-C,9355.9,128.86,0.0005,14.4,0.0015,4.3,147.95,0.53576,-4.25506,0.03054,2e-05,0.01447
9379.5,BTC-27SEP19,1563361141765,open,0.45,224.0,0.396,0.4755,0.4358234,105.37,0.5225,0.0,BTC-27SEP19-5500-C,9355.9,98.02,0.431,11.0,0.4375,11.0,107.77,6.44847,-4.72655,8.85957,4e-05,0.91549
9359.83,SYN.BTC-26JUL19,1563361141781,open,0.27,315.8,0.243,0.3465,0.29473714,131.48,0.284,0.0,BTC-26JUL19-12000-P,9355.9,115.97,0.29,7.5,0.3205,7.5,192.08,3.14674,-23.30674,-2.64273,0.00011,-0.86638
199.13,ETH-27SEP19,1563361141787,open,0.0,389.0,0.001,0.042,0.002513,133.67,0.002,0.0,ETH-27SEP19-60-P,199.52,129.08,0.002,248.0,0.004,500.0,144.29,0.02396,-0.02227,-0.00498,0.00023,-0.0102
9378.36,BTC-27SEP19,1563361141784,open,0.33,748.2,0.278,0.3575,0.3175724,105.03,0.3315,0.0,BTC-27SEP19-7000-C,9355.9,98.77,0.31,11.0,0.3535,11.0,133.44,11.46447,-8.37639,9.00676,6e-05,0.80527
199.26,SYN.ETH-30AUG19,1563361141788,open,0.04,219.0,0.001,0.078,0.03858,126.04,0.036,0.0,ETH-30AUG19-320-C,199.52,121.08,0.034,265.0,0.042,288.0,129.55,0.18949,-0.27217,0.03707,0.00315,0.19336
9359.83,SYN.BTC-26JUL19,1563361141799,open,0.0,57.0,0.0005,0.041,0.00104802,140.98,0.0005,0.0,BTC-26JUL19-15500-C,9355.9,128.86,0.0005,2.9,0.0015,4.3,147.95,0.53576,-4.25506,0.03054,2e-05,0.01447
9437.87,BTC-27DEC19,1563361141801,open,0.14,161.0,0.0955,0.1865,0.14112759,98.04,0.132,0.0,BTC-27DEC19-7500-P,9355.9,95.62,0.136,14.9,0.144,6.0,99.39,19.98174,-6.0137,-16.4203,5e-05,-0.24876
9379.5,BTC-27SEP19,1563361141802,open,0.21,379.0,0.1615,0.241,0.20117619,104.86,0.2015,0.0,BTC-27SEP19-9000-C,9355.9,102.37,0.197,14.4,0.2035,11.0,106.24,15.76889,-11.50237,7.84751,9e-05,0.62605
9359.83,SYN.BTC-26JUL19,1563361141812,open,0.27,315.8,0.243,0.3465,0.29473714,131.48,0.284,0.0,BTC-26JUL19-12000-P,9355.9,126.15,0.293,7.5,0.3205,7.5,192.08,3.14674,-23.30674,-2.64273,0.00011,-0.86638
9378.36,BTC-27SEP19,1563361141823,open,0.33,748.2,0.278,0.3575,0.3175724,105.03,0.3315,0.0,BTC-27SEP19-7000-C,9355.9,99.6,0.311,11.0,0.3535,11.0,133.44,11.46447,-8.37639,9.00676,6e-05,0.80527
199.09,ETH-27SEP19,1563361141890,open,0.11,1655.0,0.065,0.144,0.104922,112.37,0.112,0.0,ETH-27SEP19-260-C,199.52,108.87,0.099,233.0,0.111,160.0,115.93,0.33833,-0.26447,0.11076,0.00386,0.38745
199.09,ETH-27SEP19,1563361141892,open,1.0,79.0,0.959,1.121,1.040017,118.09,0.351,0.0,ETH-27SEP19-400-P,199.52,0.0,0.01,1.0,0.0,0.0,0.0,0.19897,-0.16345,-0.74394,0.00216,-0.85755
199.09,ETH-27SEP19,1563361141892,open,0.17,1106.0,0.119,0.198,0.158429,112.18,0.158,0.0,ETH-27SEP19-220-C,199.52,107.41,0.15,321.0,0.165,120.0,115.9,0.35204,-0.27472,0.14146,0.00402,0.51925
199.26,SYN.ETH-30AUG19,1563361141910,open,0.04,219.0,0.001,0.078,0.03858,126.04,0.036,0.0,ETH-30AUG19-320-C,199.52,121.08,0.034,266.0,0.042,288.0,129.55,0.18949,-0.27217,0.03707,0.00315,0.19336
199.26,SYN.ETH-30AUG19,1563361141919,open,0.16,220.0,0.121,0.213,0.166897,119.95,0.147,0.0,ETH-30AUG19-200-P,199.52,114.87,0.16,396.0,0.178,137.0,128.15,0.2702,-0.36934,-0.14085,0.00472,-0.42113
199.55,SYN.ETH-19JUL19,1563361141928,open,0.01,101.0,0.001,0.043,0.003275,134.96,0.011,0.0,ETH-19JUL19-230-C,199.52,141.6,0.004,250.0,0.008,409.0,170.85,0.02084,-0.65273,0.00076,0.00754,0.07787
199.51,SYN.ETH-19JUL19,1563361141934,open,0.0,592.0,0.001,0.047,0.006774,134.82,0.012,0.0,ETH-19JUL19-180-P,199.52,165.51,0.012,99.0,0.016,482.0,186.12,0.03071,-1.1037,-0.00143,0.01114,-0.13285
199.51,SYN.ETH-26JUL19,1563361141948,open,0.01,0.0,0.001,0.047,0.00736,135.02,None,0.0,ETH-26JUL19-150-P,199.52,146.46,0.01,421.0,0.014,250.0,161.59,0.04276,-0.32523,-0.00386,0.00327,-0.07216
199.09,ETH-27SEP19,1563361141964,open,0.64,496.0,0.601,0.734,0.667441,114.9,0.67,0.0,ETH-27SEP19-320-P,199.52,0.0,0.041,30.0,1.39,1.0,500.0,0.28051,-0.22422,-0.55586,0.00313,-0.7504
199.47,SYN.ETH-26JUL19,1563361141966,open,0.01,2051.0,0.001,0.054,0.014266,134.92,0.013,0.0,ETH-26JUL19-160-P,199.52,143.19,0.017,406.0,0.022,250.0,157.27,0.06382,-0.48508,-0.00673,0.00489,-0.12443
199.09,ETH-27SEP19,1563361141976,open,0.44,47.0,0.389,0.468,0.42856,113.11,0.689,0.0,ETH-27SEP19-120-C,199.52,0.0,0.0,0.0,0.0,0.0,0.0,0.15943,-0.12545,0.1833,0.00181,0.89609
199.09,ETH-27SEP19,1563361141978,open,0.25,779.0,0.199,0.278,0.238621,112.05,0.227,0.0,ETH-27SEP19-180-C,199.52,107.29,0.231,120.0,0.246,120.0,116.67,0.31832,-0.24813,0.17074,0.00364,0.67413
199.47,SYN.ETH-26JUL19,1563361141990,open,0.0,1038.0,0.001,0.042,0.002574,135.05,0.005,0.0,ETH-26JUL19-300-C,199.52,117.31,0.001,441.0,0.006,675.0,157.45,0.02314,-0.17606,0.0015,0.00177,0.03343
199.47,SYN.ETH-26JUL19,1563361141991,open,0.0,1038.0,0.001,0.042,0.002574,135.05,0.005,0.0,ETH-26JUL19-300-C,199.52,117.31,0.001,441.0,0.006,676.0,157.45,0.02314,-0.17606,0.0015,0.00177,0.03343
9437.87,BTC-27DEC19,1563361141999,open,0.04,90.6,0.0005,0.075,0.0352896,108.81,0.0355,0.0,BTC-27DEC19-28000-C,9355.9,107.51,0.0335,6.0,0.038,11.0,110.7,13.24151,-4.4229,3.93226,3e-05,0.12866
9359.83,SYN.BTC-26JUL19,1563361142000,open,0.05,132.3,0.0005,0.0775,0.03768055,129.26,0.038,0.0,BTC-26JUL19-10500-C,9355.9,126.23,0.036,29.0,0.041,11.5,135.18,5.21518,-37.97516,0.64111,0.00019,0.31936
9437.87,BTC-27DEC19,1563361142001,open,0.14,217.3,0.0985,0.178,0.13817808,101.11,0.141,0.0,BTC-27DEC19-14000-C,9355.9,99.49,0.134,14.6,0.1425,0.2,102.78,24.4012,-7.57374,11.1442,6e-05,0.40279
199.47,SYN.ETH-26JUL19,1563361141999,open,0.09,151.0,0.043,0.122,0.0827,135.14,0.079,0.0,ETH-26JUL19-200-C,199.52,135.63,0.083,121.0,0.092,163.0,150.17,0.12356,-0.94065,0.02203,0.00945,0.53693
9379.5,BTC-27SEP19,1563361142003,open,0.06,441.1,0.0135,0.093,0.05320831,109.23,0.055,0.0,BTC-27SEP19-15000-C,9355.9,107.23,0.0505,33.3,0.0565,30.3,111.63,12.75561,-9.69278,3.33631,7e-05,0.23384
199.26,SYN.ETH-30AUG19,1563361142005,open,0.05,189.0,0.009,0.088,0.048492,125.02,0.046,0.0,ETH-30AUG19-300-C,199.52,120.69,0.044,248.0,0.053,276.0,129.17,0.21155,-0.30139,0.04431,0.00355,0.23351
199.47,SYN.ETH-26JUL19,1563361142020,open,0.0,3965.0,0.001,0.04,0.000211,135.04,0.003,0.0,ETH-26JUL19-360-C,199.52,0.0,0.0,0.0,0.002,242.0,175.37,0.00325,-0.02475,0.00016,0.00025,0.00348
9359.83,SYN.BTC-26JUL19,1563361142027,open,0.0,57.0,0.0005,0.041,0.00104802,140.98,0.0005,0.0,BTC-26JUL19-15500-C,9355.9,128.86,0.0005,14.4,0.0015,4.3,147.95,0.53576,-4.25506,0.03054,2e-05,0.01447
199.51,SYN.ETH-19JUL19,1563361142022,open,0.03,891.0,0.001,0.081,0.039884,134.63,0.047,0.0,ETH-19JUL19-200-P,199.52,156.39,0.046,88.0,0.051,154.0,173.89,0.05704,-2.04713,-0.00544,0.02071,-0.49091
199.29,SYN.ETH-30AUG19,1563361142030,open,0.22,220.0,0.182,0.28,0.231014,120.68,0.242,0.0,ETH-30AUG19-220-P,199.52,114.86,0.223,277.0,0.245,120.0,130.77,0.27555,-0.37897,-0.17772,0.00478,-0.51079
9437.87,BTC-27DEC19,1563361142032,open,0.52,68.4,0.471,0.5505,0.51088856,98.1,0.511,0.0,BTC-27DEC19-5000-C,9355.9,93.72,0.506,11.0,0.5135,11.0,100.31,10.84516,-3.26616,16.49901,3e-05,0.9027
199.51,SYN.ETH-26JUL19,1563361142037,open,0.02,100.0,0.001,0.057,0.017034,134.98,0.017,0.0,ETH-26JUL19-250-C,199.52,137.45,0.018,131.0,0.023,283.0,149.47,0.07779,-0.59151,0.00727,0.00595,0.16686
199.47,SYN.ETH-26JUL19,1563361142051,open,0.0,1920.0,0.001,0.04,8.9e-05,135.04,0.001,0.0,ETH-26JUL19-380-C,199.52,0.0,0.0,0.0,0.001,152.0,172.2,0.00157,-0.01197,7e-05,0.00012,0.00156
9437.87,BTC-27DEC19,1563361142053,open,0.22,301.2,0.1795,0.277,0.22821293,98.03,0.2165,0.0,BTC-27DEC19-9000-P,9355.9,95.94,0.223,4.9,0.234,6.0,100.42,23.21811,-6.98727,-24.12056,6e-05,-0.34459
9379.5,BTC-27SEP19,1563361142055,open,0.26,901.1,0.214,0.2935,0.25381195,104.98,0.25,0.0,BTC-27SEP19-8000-C,9355.9,99.76,0.246,11.0,0.2555,11.0,106.09,14.07943,-10.28191,8.55779,8e-05,0.71716
9437.87,BTC-27DEC19,1563361142062,open,0.51,58.3,0.4735,0.596,0.53488646,100.61,0.537,0.0,BTC-27DEC19-13000-P,9355.9,97.67,0.527,6.0,0.5425,3.6,103.55,24.90497,-7.6923,-45.92959,6e-05,-0.55582
199.55,SYN.ETH-19JUL19,1563361142059,open,0.01,463.0,0.001,0.048,0.008328,134.96,0.011,0.0,ETH-19JUL19-220-C,199.52,143.98,0.01,200.0,0.014,354.0,163.73,0.03599,-1.29479,0.00164,0.01303,0.16849
199.55,SYN.ETH-19JUL19,1563361142065,open,0.01,0.0,0.001,0.059,0.018474,135.06,None,0.0,ETH-19JUL19-190-P,199.52,161.08,0.025,99.0,0.03,429.0,180.53,0.04893,-1.76152,-0.00316,0.0177,-0.2895
199.09,ETH-27SEP19,1563361142076,open,2.54,0.0,2.476,2.765,2.620561,127.37,None,0.0,ETH-27SEP19-720-P,199.53,0.0,0.0,0.0,0.0,0.0,0.0,0.04849,-0.04297,-1.41034,0.00049,-0.9768
199.09,ETH-27SEP19,1563361142076,open,0.02,1792.0,0.001,0.054,0.01418,124.03,0.016,0.0,ETH-27SEP19-520-C,199.53,122.02,0.013,500.0,0.016,200.0,126.96,0.1198,-0.10337,0.02224,0.00124,0.0709
200.95,ETH-27DEC19,1563361142076,open,0.04,150.0,0.001,0.075,0.035313,117.43,0.036,0.0,ETH-27DEC19-680-C,199.53,117.2,0.035,1.0,0.037,50.0,118.66,0.27271,-0.09831,0.07833,0.00129,0.12267
200.96,ETH-27DEC19,1563361142076,open,0.22,381.0,0.177,0.256,0.216535,106.39,0.231,0.0,ETH-27DEC19-240-C,199.53,102.42,0.206,364.0,0.227,214.0,110.34,0.53258,-0.17393,0.29188,0.00278,0.54202
199.1,ETH-27SEP19,1563361142077,open,0.47,981.0,0.433,0.551,0.491908,112.52,0.48,0.0,ETH-27SEP19-280-P,199.53,84.68,0.45,110.0,0.0,0.0,0.0,0.3209,-0.25119,-0.45459,0.00365,-0.66757
199.51,SYN.ETH-19JUL19,1563361142076,open,0.0,90.0,0.001,0.04,0.0,135.04,0.002,0.0,ETH-19JUL19-360-C,199.53,0.0,0.0,0.0,0.001,300.0,347.87,0.0,0.0,0.0,0.0,0.0
199.26,SYN.ETH-30AUG19,1563361142076,open,0.8,0.0,0.76,0.905,0.832688,129.45,None,0.0,ETH-30AUG19-360-P,199.53,0.0,0.0,0.0,0.0,0.0,0.0,0.15158,-0.22362,-0.40613,0.00245,-0.8629
199.1,ETH-27SEP19,1563361142078,open,1.57,12.0,1.522,1.731,1.626053,124.23,1.193,0.0,ETH-27SEP19-520-P,199.53,0.0,0.0,0.0,0.0,0.0,0.0,0.12038,-0.10403,-1.00162,0.00124,-0.92866
199.1,ETH-27SEP19,1563361142078,open,0.81,233.0,0.777,0.924,0.850129,116.0,0.763,0.0,ETH-27SEP19-360-P,199.53,0.0,0.0,0.0,0.99,1.0,206.51,0.23651,-0.19084,-0.65251,0.00261,-0.81416
199.1,ETH-27SEP19,1563361142079,open,1.76,24.0,1.711,1.936,1.823412,124.61,1.356,0.0,ETH-27SEP19-560-P,199.53,0.0,0.0,0.0,0.0,0.0,0.0,0.09901,-0.08583,-1.0852,0.00102,-0.94449
200.96,ETH-27DEC19,1563361142080,open,0.08,555.0,0.038,0.117,0.077536,110.6,0.081,0.0,ETH-27DEC19-440-C,199.53,106.95,0.07,390.0,0.084,320.0,113.64,0.42172,-0.14318,0.14989,0.00212,0.24468
199.29,SYN.ETH-30AUG19,1563361142072,open,0.11,473.0,0.058,0.137,0.097883,120.65,0.1,0.0,ETH-30AUG19-240-C,199.52,114.03,0.089,492.0,0.104,223.0,125.19,0.26813,-0.36865,0.07406,0.00466,0.40702
199.47,SYN.ETH-26JUL19,1563361142076,open,0.0,2384.0,0.001,0.04,0.0,135.03,0.001,0.0,ETH-26JUL19-500-C,199.53,0.0,0.0,0.0,0.001,571.0,232.02,1e-05,-9e-05,0.0,0.0,1e-05
199.51,SYN.ETH-19JUL19,1563361142076,open,0.0,315.0,0.001,0.04,0.0,135.04,0.001,0.0,ETH-19JUL19-380-C,199.53,0.0,0.0,0.0,0.001,300.0,374.48,0.0,0.0,0.0,0.0,0.0
199.51,SYN.ETH-19JUL19,1563361142077,open,0.12,10.0,0.065,0.144,0.104558,135.0,0.116,0.0,ETH-19JUL19-180-C,199.53,144.03,0.106,50.0,0.115,50.0,192.1,0.03076,-1.10685,0.00782,0.01114,0.86686
9437.75,BTC-27DEC19,1563361142092,open,0.51,58.3,0.4735,0.596,0.53488646,100.66,0.537,0.0,BTC-27DEC19-13000-P,9355.9,98.43,0.529,6.0,0.5425,3.6,103.54,24.90589,-7.6961,-45.92884,6e-05,-0.55568
199.51,SYN.ETH-19JUL19,1563361142094,open,0.0,152.0,0.001,0.041,0.001816,134.86,0.008,0.0,ETH-19JUL19-170-P,199.53,178.86,0.006,85.0,0.009,550.0,201.58,0.01336,-0.36222,-0.00047,0.00484,-0.0442
199.09,ETH-27SEP19,1563361142105,open,0.01,4110.0,0.001,0.055,0.01501,116.08,0.016,0.0,ETH-27SEP19-100-P,199.53,109.71,0.012,566.0,0.013,10.0,111.9,0.09888,-0.07984,-0.02761,0.00109,-0.05543
199.1,ETH-27SEP19,1563361142129,open,1.38,0.0,1.331,1.525,1.427946,120.85,None,0.0,ETH-27SEP19-480-P,199.53,0.0,0.0,0.0,0.0,0.0,0.0,0.13737,-0.11548,-0.91863,0.00146,-0.9151
199.1,ETH-27SEP19,1563361142129,open,0.72,345.0,0.688,0.827,0.757453,115.17,0.76,0.0,ETH-27SEP19-340-P,199.53,0.0,0.697,110.0,1.19,1.0,374.67,0.25767,-0.20643,-0.60502,0.00287,-0.7857
199.47,SYN.ETH-26JUL19,1563361142115,open,0.01,810.0,0.001,0.045,0.005637,135.06,0.006,0.0,ETH-26JUL19-280-C,199.53,131.78,0.005,671.0,0.01,550.0,153.62,0.03999,-0.30422,0.00294,0.00306,0.06616
199.26,SYN.ETH-30AUG19,1563361142131,open,0.08,110.0,0.037,0.116,0.076374,121.69,0.075,0.0,ETH-30AUG19-260-C,199.53,116.61,0.07,499.0,0.083,243.0,126.88,0.25237,-0.34996,0.06251,0.00435,0.33734
199.51,SYN.ETH-19JUL19,1563361142146,open,0.0,459.0,0.001,0.04,0.0,135.05,0.001,0.0,ETH-19JUL19-340-C,199.53,0.0,0.0,0.0,0.001,300.0,319.33,0.0,0.0,0.0,0.0,0.0
199.26,SYN.ETH-30AUG19,1563361142148,open,0.03,50.0,0.001,0.071,0.031329,127.54,0.027,0.0,ETH-30AUG19-340-C,199.53,122.29,0.027,274.0,0.036,297.0,132.88,0.16928,-0.24603,0.03124,0.00278,0.16174
199.1,ETH-27SEP19,1563361142168,open,0.03,4141.0,0.001,0.07,0.030898,118.11,0.026,0.0,ETH-27SEP19-400-C,199.53,115.15,0.028,593.0,0.033,200.0,120.18,0.19904,-0.16354,0.04376,0.00216,0.14252
199.26,SYN.ETH-30AUG19,1563361142185,open,0.06,552.0,0.028,0.113,0.070789,120.89,0.075,0.0,ETH-30AUG19-160-P,199.53,115.38,0.065,479.0,0.078,392.0,127.66,0.21066,-0.29021,-0.07246,0.00365,-0.23175
199.47,SYN.ETH-26JUL19,1563361142203,open,0.1,150.0,0.071,0.159,0.114994,135.0,0.121,0.0,ETH-26JUL19-210-P,199.53,138.25,0.117,120.0,0.126,272.0,152.82,0.12289,-0.93461,-0.03251,0.00941,-0.55535
199.47,SYN.ETH-26JUL19,1563361142212,open,0.0,0.0,0.001,0.043,0.003351,134.94,None,0.0,ETH-26JUL19-140-P,199.53,146.62,0.005,433.0,0.009,250.0,168.49,0.02511,-0.19088,-0.00195,0.00192,-0.03692
199.47,SYN.ETH-26JUL19,1563361142228,open,0.03,1358.0,0.001,0.081,0.040139,134.88,0.036,0.0,ETH-26JUL19-180-P,199.53,138.44,0.042,348.0,0.049,200.0,151.66,0.10406,-0.79067,-0.01536,0.00797,-0.27646
199.47,SYN.ETH-26JUL19,1563361142241,open,0.03,979.0,0.001,0.064,0.024028,135.08,0.031,0.0,ETH-26JUL19-240-C,199.53,137.1,0.025,151.0,0.03,265.0,147.53,0.09205,-0.70047,0.00949,0.00704,0.2198
199.47,SYN.ETH-26JUL19,1563361142256,open,0.04,0.0,0.001,0.073,0.033496,135.09,None,0.0,ETH-26JUL19-230-C,199.53,135.95,0.034,145.0,0.041,243.0,148.91,0.10544,-0.80239,0.01215,0.00807,0.28407
9359.83,SYN.BTC-26JUL19,1563361142299,open,0.0,57.0,0.0005,0.041,0.00104782,140.98,0.0005,0.0,BTC-26JUL19-15500-C,9355.9,128.86,0.0005,2.9,0.0015,4.3,147.95,0.53576,-4.25506,0.03054,2e-05,0.01447
9437.87,BTC-27DEC19,1563361142305,open,0.29,181.6,0.235,0.3145,0.27460793,98.08,0.287,0.0,BTC-27DEC19-9000-C,9355.9,95.99,0.2695,3.6,0.278,11.0,99.44,23.21695,-6.99035,16.03752,6e-05,0.65546
9439.01,BTC-27DEC19,1563361142325,open,0.25,452.1,0.1975,0.277,0.23738528,98.74,0.238,0.0,BTC-27DEC19-10000-C,9355.9,96.85,0.2325,3.6,0.2405,11.0,99.94,24.42723,-7.4041,15.09264,6e-05,0.59571
9437.87,BTC-27DEC19,1563361142328,open,0.29,181.6,0.235,0.3145,0.27460793,98.08,0.287,0.0,BTC-27DEC19-9000-C,9355.9,96.19,0.27,3.6,0.278,11.0,99.44,23.21695,-6.99035,16.03752,6e-05,0.65546
9359.83,SYN.BTC-26JUL19,1563361142329,open,0.0,57.0,0.0005,0.041,0.00104782,140.98,0.0005,0.0,BTC-26JUL19-15500-C,9355.9,128.86,0.0005,14.4,0.0015,4.3,147.95,0.53576,-4.25506,0.03054,2e-05,0.01447
9378.36,BTC-27SEP19,1563361142335,open,0.13,406.8,0.088,0.1675,0.12777649,106.54,0.13,0.0,BTC-27SEP19-11000-C,9355.9,104.11,0.1235,26.4,0.132,23.0,108.94,16.51844,-12.2428,6.13171,9e-05,0.4598
9379.5,BTC-27SEP19,1563361142342,open,0.49,793.2,0.4415,0.521,0.48108066,106.03,0.5945,0.0,BTC-27SEP19-5000-C,9355.9,93.88,0.4755,11.0,0.4835,11.0,110.54,4.82412,-3.55816,8.51407,3e-05,0.94206
9359.83,SYN.BTC-26JUL19,1563361142352,open,0.22,273.8,0.197,0.2965,0.24676195,129.97,0.222,0.0,BTC-26JUL19-11500-P,9355.9,124.35,0.2445,7.5,0.258,7.5,155.24,3.83223,-28.05774,-2.42755,0.00014,-0.81983
9359.83,SYN.BTC-26JUL19,1563361142377,open,0.11,516.2,0.077,0.166,0.12163132,129.24,0.131,0.0,BTC-26JUL19-10000-P,9355.9,129.86,0.122,18.0,0.13,25.5,142.99,5.67405,-41.30905,-1.61964,0.00021,-0.58999
9378.24,BTC-27SEP19,1563361142445,open,2.14,0.0,2.0745,2.3305,2.20252649,115.72,None,0.0,BTC-27SEP19-30000-P,9355.9,0.0,0.0,0.0,0.0,0.0,0.0,2.21276,-1.78128,-58.73041,1e-05,-0.97766
9437.75,BTC-27DEC19,1563361142467,open,0.02,246.9,0.0005,0.0565,0.0169668,114.5,0.0165,0.0,BTC-27DEC19-40000-C,9354.97,112.13,0.015,6.0,0.0195,21.0,117.34,8.09653,-2.84595,2.06838,2e-05,0.06608
9437.75,BTC-27DEC19,1563361142467,open,0.0,88.9,0.0005,0.042,0.00233619,112.53,0.003,0.0,BTC-27DEC19-2000-P,9354.97,105.49,0.0015,10.0,0.0035,16.0,120.05,1.28189,-0.44283,-0.40774,0.0,-0.00735
9437.75,BTC-27DEC19,1563361142467,open,2.35,0.3,2.2805,2.5535,2.41686283,110.35,2.435,0.0,BTC-27DEC19-32000-P,9354.97,0.0,0.0,0.0,0.0,0.0,0.0,10.97518,-3.71789,-139.73443,3e-05,-0.9011
9437.75,BTC-27DEC19,1563361142467,open,4.41,1.0,4.298,4.739,4.51863609,117.02,4.454,0.0,BTC-27DEC19-52000-P,9354.97,0.0,0.001,1.0,0.0,0.0,0.0,5.04753,-1.81325,-230.87546,1e-05,-0.96345
9437.75,BTC-27DEC19,1563361142467,open,3.58,0.0,3.4885,3.862,3.67520184,114.89,None,0.0,BTC-27DEC19-44000-P,9354.97,0.0,0.0,0.0,0.0,0.0,0.0,6.7487,-2.3803,-194.68735,1e-05,-0.94761
9378.24,BTC-27SEP19,1563361142467,open,0.0,437.8,0.0005,0.044,0.00406175,117.47,0.004,0.0,BTC-27SEP19-30000-C,9354.97,112.87,0.003,69.0,0.005,1.0,120.91,2.38499,-1.94902,0.376,1e-05,0.02442
9437.75,BTC-27DEC19,1563361142468,open,0.74,0.0,0.6995,0.779,0.73911763,105.67,None,0.0,BTC-27DEC19-2500-C,9354.97,0.0,0.0155,3.0,0.978,0.5,500.0,2.07018,-0.67156,10.45151,0.0,0.98729
9378.24,BTC-27SEP19,1563361142468,open,0.01,288.9,0.0005,0.0505,0.01062353,115.76,0.009,0.0,BTC-27SEP19-24000-C,9354.97,112.45,0.009,39.0,0.0125,35.0,119.24,4.82289,-3.88379,0.87367,2e-05,0.05793
9437.75,BTC-27DEC19,1563361142469,open,0.02,181.3,0.0005,0.0535,0.01369112,115.75,0.0125,0.0,BTC-27DEC19-44000-C,9354.97,113.35,0.012,6.0,0.016,21.0,118.74,6.943,-2.46697,1.71041,2e-05,0.0543
9378.24,BTC-27SEP19,1563361142469,open,0.74,55.9,0.6945,0.774,0.73423163,125.25,0.689,0.0,BTC-27SEP19-2500-C,9354.97,0.0,0.005,10.0,0.9125,5.0,500.0,0.48709,-0.4244,4.83523,0.0,0.99605
9378.24,BTC-27SEP19,1563361142469,open,1.52,0.2,1.467,1.672,1.56939532,115.09,1.6,0.0,BTC-27SEP19-24000-P,9354.97,0.0,0.0,0.0,0.0,0.0,0.0,4.73072,-3.78735,-46.40663,2e-05,-0.94347
9378.24,BTC-27SEP19,1563361142470,open,0.0,383.8,0.0005,0.0405,0.00077035,124.55,0.0005,0.0,BTC-27SEP19-2500-P,9354.97,0.0,0.0,0.0,0.0015,0.1,135.91,0.472,-0.40894,-0.08459,0.0,-0.00381
9378.24,BTC-27SEP19,1563361142470,open,2.35,0.0,2.2785,2.5515,2.41505214,117.36,None,0.0,BTC-27SEP19-32000-P,9354.97,0.0,0.0,0.0,0.0,0.0,0.0,1.84481,-1.50613,-62.73488,1e-05,-0.98197
9436.82,BTC-27DEC19,1563361142469,open,3.17,0.0,3.085,3.425,3.2552053,113.95,None,0.0,BTC-27DEC19-40000-P,9354.97,0.0,0.0005,3.0,0.0,0.0,0.0,7.95996,-2.78436,-176.46565,2e-05,-0.93535
9436.82,BTC-27DEC19,1563361142470,open,1.15,1.6,1.103,1.278,1.1904883,104.92,1.0905,0.0,BTC-27DEC19-20000-P,9354.97,0.0,0.005,5.0,1.466,1.0,213.73,19.38846,-6.24453,-82.331,5e-05,-0.76464
9436.82,BTC-27DEC19,1563361142470,open,3.99,0.0,3.8935,4.301,4.09717421,116.07,None,0.0,BTC-27DEC19-48000-P,9354.97,0.0,0.0,0.0,0.0,0.0,0.0,5.82575,-2.07571,-212.80758,1e-05,-0.95639
9436.82,BTC-27DEC19,1563361142470,open,0.08,539.9,0.0315,0.111,0.07136608,105.03,0.071,0.0,BTC-27DEC19-20000-C,9354.97,103.38,0.068,4.9,0.0745,21.0,106.54,19.41017,-6.25836,6.92615,5e-05,0.23584
9436.82,BTC-27DEC19,1563361142470,open,1.35,3.9,1.294,1.485,1.38946058,105.71,0.752,0.0,BTC-27DEC19-22000-P,9354.97,0.0,0.0065,2.0,2.189,0.3,499.43,17.58952,-5.70793,-92.24566,4e-05,-0.80111
9378.24,BTC-27SEP19,1563361142470,open,1.93,0.0,1.8715,2.1105,1.99093218,116.22,None,0.0,BTC-27SEP19-28000-P,9354.97,0.0,0.0,0.0,0.0,0.0,0.0,2.92739,-2.36672,-54.65863,1e-05,-0.96877
9356.49,SYN.BTC-19JUL19,1563361142467,open,0.41,35.3,0.385,0.5,0.44267948,0.0,0.2545,0.0,BTC-19JUL19-13500-P,9354.97,0.0,0.05,0.1,0.0,0.0,0.0,0.0,0.0,-0.69375,0.0,-1.0
9378.24,BTC-27SEP19,1563361142473,open,0.79,28.2,0.7475,0.827,0.78729204,139.34,0.755,0.0,BTC-27SEP19-2000-C,9354.97,0.0,0.01,1.0,0.924,5.0,500.0,0.32194,-0.31207,3.8822,0.0,0.99751
9436.82,BTC-27DEC19,1563361142473,open,1.94,0.1,1.882,2.122,2.00204926,108.57,2.02,0.0,BTC-27DEC19-28000-P,9354.97,0.0,0.001,1.0,2.5,0.1,315.95,13.17703,-4.39179,-121.03663,3e-05,-0.87222
9369.61,SYN.BTC-30AUG19,1563361142467,open,0.02,0.0,0.0005,0.0625,0.02192056,116.81,None,0.0,BTC-30AUG19-6000-P,9354.97,111.75,0.019,37.9,0.0255,13.9,122.69,5.54516,-7.38165,-1.33134,4e-05,-0.09628
9436.82,BTC-27DEC19,1563361142473,open,2.15,0.2,2.081,2.3375,2.20916087,109.47,2.2245,0.0,BTC-27DEC19-30000-P,9354.97,0.0,0.0,0.0,0.0,0.0,0.0,12.00645,-4.03469,-130.42317,3e-05,-0.88801
9436.82,BTC-27DEC19,1563361142474,open,1.54,0.0,1.4885,1.6955,1.59186599,106.77,None,0.0,BTC-27DEC19-24000-P,9354.97,0.0,0.0065,1.0,2.3955,0.2,499.61,15.98229,-5.23824,-101.96458,4e-05,-0.8295
9356.49,SYN.BTC-19JUL19,1563361142469,open,0.02,115.8,0.0005,0.0555,0.01564122,139.45,0.015,0.0,BTC-19JUL19-10000-C,9354.97,138.86,0.0155,2.0,0.017,5.1,145.15,2.21424,-82.31164,0.12189,0.00035,0.26915
9358.67,SYN.BTC-26JUL19,1563361142471,open,0.0,313.8,0.0005,0.04,3.349e-05,145.02,0.001,0.0,BTC-26JUL19-20000-C,9354.97,0.0,0.0,0.0,0.0005,5.9,183.1,0.03009,-0.24581,0.00126,0.0,0.00059
9358.67,SYN.BTC-26JUL19,1563361142467,open,0.27,4.8,0.2195,0.299,0.25921719,136.1,0.455,0.0,BTC-26JUL19-7000-C,9354.97,0.0,0.006,3.0,0.0,0.0,0.0,1.96356,-15.0547,1.5261,7e-05,0.92981
9369.61,SYN.BTC-30AUG19,1563361142467,open,0.05,10.3,0.001,0.0805,0.04095131,116.4,0.0485,0.0,BTC-30AUG19-14000-C,9354.97,113.44,0.038,19.3,0.043,15.0,118.41,9.46078,-12.54906,1.94667,8e-05,0.21379
9358.67,SYN.BTC-26JUL19,1563361142471,open,0.0,162.8,0.0005,0.04,7.643e-05,145.02,0.001,0.0,BTC-26JUL19-19000-C,9354.97,0.0,0.0,0.0,0.0005,4.6,172.43,0.06122,-0.50018,0.00272,0.0,0.00127
9369.61,SYN.BTC-30AUG19,1563361142470,open,0.51,0.0,0.474,0.596,0.53494531,116.2,None,0.0,BTC-30AUG19-14000-P,9354.97,0.0,0.0,0.0,0.0,0.0,0.0,9.44558,-12.50774,-14.88676,8e-05,-0.7868
9358.67,SYN.BTC-26JUL19,1563361142471,open,0.37,1.0,0.3205,0.4,0.36029715,141.17,0.354,0.0,BTC-26JUL19-6000-C,9354.97,0.0,0.0005,0.1,0.0,0.0,0.0,0.60307,-4.79584,1.41801,2e-05,0.98339
9358.67,SYN.BTC-26JUL19,1563361142481,open,0.0,57.0,0.0005,0.041,0.00104782,141.01,0.0005,0.0,BTC-26JUL19-15500-C,9354.97,128.89,0.0005,2.9,0.0015,4.3,147.98,0.53554,-4.25413,0.03052,2e-05,0.01446
9436.82,BTC-27DEC19,1563361142491,open,1.74,0.0,1.6845,1.908,1.79619342,107.7,None,0.0,BTC-27DEC19-26000-P,9354.97,0.0,0.005,10.0,2.603,0.2,500.0,14.50621,-4.79588,-111.55508,3e-05,-0.85292
9378.24,BTC-27SEP19,1563361142482,open,0.49,793.2,0.4415,0.521,0.48108066,106.12,0.5945,0.0,BTC-27SEP19-5000-C,9354.97,96.44,0.4765,11.0,0.4835,11.0,110.65,4.83301,-3.56787,8.51048,3e-05,0.94191
9436.82,BTC-27DEC19,1563361142503,open,1.35,3.9,1.294,1.485,1.38946058,105.71,0.752,0.0,BTC-27DEC19-22000-P,9354.97,0.0,0.0065,2.0,2.19,0.3,500.0,17.58952,-5.70793,-92.24566,4e-05,-0.80111
9436.82,BTC-27DEC19,1563361142510,open,0.96,12.4,0.915,1.074,0.99442179,103.59,0.559,0.0,BTC-27DEC19-18000-P,9354.97,0.0,0.005,5.0,1.7785,0.2,500.0,21.16634,-6.73093,-72.25656,5e-05,-0.72146
9378.24,BTC-27SEP19,1563361142513,open,0.72,34.4,0.6795,0.819,0.74917128,109.76,0.3735,0.0,BTC-27SEP19-16000-P,9354.97,0.0,0.005,10.0,1.363,0.2,500.0,11.53722,-8.80928,-28.66909,6e-05,-0.80323
9378.24,BTC-27SEP19,1563361142594,open,0.06,441.1,0.0135,0.093,0.053203,109.25,0.055,0.0,BTC-27SEP19-15000-C,9354.97,107.24,0.0505,33.3,0.0565,11.0,111.65,12.75276,-9.69185,3.33527,7e-05,0.2338
9358.67,SYN.BTC-26JUL19,1563361142882,open,0.0,57.0,0.0005,0.041,0.00104782,141.01,0.0005,0.0,BTC-26JUL19-15500-C,9354.97,128.89,0.0005,14.4,0.0015,4.3,147.98,0.53554,-4.25413,0.03052,2e-05,0.01446
199.47,SYN.ETH-26JUL19,1563361142882,open,0.07,3238.0,0.042,0.128,0.085285,134.83,0.092,0.0,ETH-26JUL19-200-P,199.53,137.77,0.087,122.0,0.096,294.0,152.31,0.12356,-0.93849,-0.0266,0.00947,-0.46318
199.51,SYN.ETH-19JUL19,1563361142885,open,0.0,262.0,0.001,0.041,0.001144,135.12,0.003,0.0,ETH-19JUL19-240-C,199.53,132.04,0.001,461.0,0.003,106.0,161.78,0.01013,-0.22946,0.00031,0.00367,0.0315
199.1,ETH-27SEP19,1563361142887,open,0.05,1732.0,0.002,0.081,0.041909,115.92,0.043,0.0,ETH-27SEP19-360-C,199.53,113.44,0.039,590.0,0.045,161.0,118.49,0.23631,-0.19056,0.05634,0.00261,0.1856
9436.82,BTC-27DEC19,1563361142913,open,0.69,5.6,0.6435,0.78,0.71188807,101.8,0.7075,0.0,BTC-27DEC19-15000-P,9354.97,0.0,0.005,10.0,1.471,0.2,500.0,23.72452,-7.41408,-56.6601,6e-05,-0.63363
9436.82,BTC-27DEC19,1563361142885,open,0.02,186.2,0.0005,0.0605,0.02094424,112.65,0.031,0.0,BTC-27DEC19-36000-C,9354.97,110.64,0.019,6.0,0.0225,11.0,114.18,9.39878,-3.2502,2.49973,2e-05,0.08031
199.51,SYN.ETH-19JUL19,1563361142924,open,0.03,502.0,0.001,0.058,0.018737,135.23,0.033,0.0,ETH-19JUL19-210-C,199.53,151.48,0.023,85.0,0.027,214.0,166.59,0.05084,-1.83284,0.00304,0.01838,0.31555
199.51,SYN.ETH-19JUL19,1563361142932,open,0.05,154.0,0.001,0.077,0.037422,135.33,0.046,0.0,ETH-19JUL19-200-C,199.53,147.52,0.041,102.0,0.049,149.0,175.51,0.05704,-2.05773,0.00484,0.02061,0.50924
9437.75,BTC-27DEC19,1563361142929,open,0.45,122.9,0.398,0.4775,0.43777265,98.1,0.439,0.0,BTC-27DEC19-6000-C,9354.97,93.79,0.431,11.0,0.4395,11.0,99.18,14.96703,-4.5071,17.18684,4e-05,0.84587
199.51,SYN.ETH-19JUL19,1563361142938,open,0.0,403.0,0.001,0.04,0.000336,135.0,0.006,0.0,ETH-19JUL19-160-P,199.53,194.27,0.003,83.0,0.006,656.0,228.3,0.00379,-0.06698,-0.00011,0.00137,-0.00994
199.51,SYN.ETH-19JUL19,1563361142946,open,0.0,403.0,0.001,0.04,0.000336,135.0,0.006,0.0,ETH-19JUL19-160-P,199.53,194.27,0.003,83.0,0.006,659.0,228.3,0.00379,-0.06698,-0.00011,0.00137,-0.00994
9377.31,BTC-27SEP19,1563361142954,open,1.31,0.2,1.2655,1.454,1.35968128,112.83,1.391,0.0,BTC-27SEP19-22000-P,9354.97,0.0,0.005,10.0,1.8,0.1,398.08,5.77815,-4.53515,-42.22287,3e-05,-0.92687
9437.75,BTC-27DEC19,1563361142944,open,0.33,205.5,0.281,0.3605,0.32057505,98.06,0.32,0.0,BTC-27DEC19-8000-C,9354.97,94.48,0.3125,11.0,0.3225,11.0,98.92,21.25949,-6.39988,16.77897,5e-05,0.71899
9378.24,BTC-27SEP19,1563361142957,open,0.45,35.9,0.409,0.526,0.46748413,107.64,0.391,0.0,BTC-27SEP19-13000-P,9354.97,105.46,0.464,6.0,0.481,6.0,115.95,15.03883,-11.26137,-21.03925,8e-05,-0.67177
199.51,SYN.ETH-19JUL19,1563361142953,open,0.06,166.0,0.029,0.114,0.071322,134.41,0.076,0.0,ETH-19JUL19-210-P,199.53,160.64,0.078,77.0,0.083,150.0,179.3,0.05076,-1.81858,-0.00776,0.01846,-0.68571
199.26,SYN.ETH-30AUG19,1563361142960,open,0.11,941.0,0.07,0.158,0.113665,120.4,0.113,0.0,ETH-30AUG19-180-P,199.53,114.32,0.106,431.0,0.123,180.0,127.93,0.24882,-0.3414,-0.10519,0.00433,-0.32556
9378.24,BTC-27SEP19,1563361142959,open,0.26,901.1,0.214,0.2935,0.25381195,105.01,0.25,0.0,BTC-27SEP19-8000-C,9354.97,99.46,0.2455,11.0,0.2555,11.0,106.13,14.08014,-10.2856,8.55488,8e-05,0.71705
199.47,SYN.ETH-26JUL19,1563361142967,open,0.05,711.0,0.007,0.086,0.046009,135.1,0.054,0.0,ETH-26JUL19-220-C,199.53,133.27,0.045,344.0,0.054,218.0,148.58,0.11632,-0.88527,0.0152,0.0089,0.35953
9437.75,BTC-27DEC19,1563361142971,open,0.19,196.8,0.14,0.2195,0.17978699,100.07,0.1905,0.0,BTC-27DEC19-12000-C,9354.97,98.28,0.175,11.0,0.1845,21.0,101.84,25.1434,-7.72428,13.06488,6e-05,0.49001
9358.67,SYN.BTC-26JUL19,1563361142982,open,0.18,381.0,0.1535,0.249,0.20137056,129.01,0.215,0.0,BTC-26JUL19-11000-P,9354.97,123.01,0.1985,7.5,0.2125,7.5,150.87,4.5485,-33.05626,-2.18525,0.00017,-0.75886
9377.31,BTC-27SEP19,1563361143050,open,1.73,0.0,1.669,1.891,1.78001798,115.77,None,0.0,BTC-27SEP19-26000-P,9354.97,0.0,0.0,0.0,0.0,0.0,0.0,3.72951,-3.00368,-50.55991,2e-05,-0.95802
199.27,SYN.ETH-30AUG19,1563361142975,open,0.04,150.0,0.001,0.082,0.04051,123.19,0.041,0.0,ETH-30AUG19-140-P,199.53,118.78,0.037,237.0,0.044,475.0,127.48,0.16048,-0.2253,-0.04543,0.00273,-0.14916
9356.49,SYN.BTC-19JUL19,1563361143141,open,0.04,547.1,0.0065,0.09,0.04826753,139.07,0.053,0.0,BTC-19JUL19-9500-P,9354.97,145.41,0.05,1.7,0.055,18.0,162.95,2.66171,-98.67304,-0.28328,0.00043,-0.54096
9356.49,SYN.BTC-19JUL19,1563361143143,open,0.07,372.8,0.0415,0.1275,0.08438791,138.9,0.093,0.0,BTC-19JUL19-10000-P,9354.97,139.8,0.0845,6.0,0.0915,6.0,168.27,2.21036,-81.84157,-0.39238,0.00035,-0.73179
9358.67,SYN.BTC-26JUL19,1563361143151,open,0.0,57.0,0.0005,0.041,0.00104614,141.01,0.0005,0.0,BTC-26JUL19-15500-C,9354.97,128.89,0.0005,2.9,0.0015,4.3,147.98,0.53554,-4.25413,0.03052,2e-05,0.01446
9369.61,SYN.BTC-30AUG19,1563361143153,open,0.25,14.6,0.219,0.3205,0.26971165,113.03,0.2625,0.0,BTC-30AUG19-11000-P,9354.97,111.84,0.268,14.4,0.2805,3.0,121.05,12.66788,-16.31644,-9.6198,0.00011,-0.58451
199.47,SYN.ETH-26JUL19,1563361143135,open,0.02,2.0,0.001,0.066,0.025004,135.0,0.032,0.0,ETH-26JUL19-170-P,199.53,139.62,0.027,403.0,0.033,200.0,153.07,0.08539,-0.64941,-0.0106,0.00654,-0.19364
9436.92,BTC-27DEC19,1563361143155,open,0.45,122.9,0.398,0.4775,0.43768216,98.12,0.439,0.0,BTC-27DEC19-6000-C,9354.97,94.45,0.432,11.0,0.4395,11.0,99.2,14.96903,-4.50874,17.18315,4e-05,0.84582
9436.82,BTC-27DEC19,1563361143197,open,0.51,58.3,0.474,0.596,0.53500789,100.62,0.537,0.0,BTC-27DEC19-13000-P,9354.97,98.39,0.529,6.0,0.542,3.6,103.31,24.90177,-7.69172,-45.93222,6e-05,-0.55587
9356.49,SYN.BTC-19JUL19,1563361143222,open,0.02,266.8,0.0005,0.065,0.02413148,143.75,0.027,0.0,BTC-19JUL19-9000-P,9354.97,143.42,0.024,2.3,0.027,1.0,154.86,2.44113,-93.54382,-0.17225,0.00038,-0.33415
9358.67,SYN.BTC-26JUL19,1563361143211,open,0.14,265.8,0.1135,0.2055,0.15959626,129.07,0.141,0.0,BTC-26JUL19-10500-P,9354.97,129.98,0.16,18.0,0.1685,18.0,144.97,5.21055,-37.88463,-1.91325,0.00019,-0.68122
199.47,SYN.ETH-26JUL19,1563361143193,open,0.05,10.0,0.018,0.102,0.060275,134.86,0.05,0.0,ETH-26JUL19-190-P,199.53,137.93,0.062,127.0,0.07,200.0,151.51,0.11726,-0.89087,-0.02078,0.00899,-0.3683
200.97,ETH-27DEC19,1563361143231,open,1.78,0.0,1.722,1.948,1.835334,113.38,0.845,0.0,ETH-27DEC19-560-P,199.53,0.0,0.0,0.0,0.0,0.0,0.0,0.33315,-0.11595,-2.39482,0.00163,-0.83508
199.27,SYN.ETH-30AUG19,1563361143232,open,0.03,494.0,0.001,0.065,0.025981,129.45,0.027,0.0,ETH-30AUG19-360-C,199.53,122.59,0.021,572.0,0.03,300.0,134.56,0.1516,-0.22363,0.02662,0.00245,0.1371
199.51,SYN.ETH-19JUL19,1563361143253,open,0.0,1033.0,0.001,0.04,7e-06,135.0,0.001,0.0,ETH-19JUL19-280-C,199.53,0.0,0.0,0.0,0.001,184.0,218.44,0.00015,-0.00132,0.0,5e-05,0.00028
9378.24,BTC-27SEP19,1563361143246,open,0.28,127.7,0.249,0.3525,0.30066021,106.51,0.2865,0.0,BTC-27SEP19-11000-P,9354.97,104.72,0.2975,14.4,0.3085,14.4,110.97,16.51792,-12.23908,-15.52985,9e-05,-0.54028
199.27,SYN.ETH-30AUG19,1563361143258,open,0.07,260.0,0.021,0.1,0.060845,123.53,0.056,0.0,ETH-30AUG19-280-C,199.53,119.36,0.056,245.0,0.066,261.0,127.91,0.23295,-0.32794,0.05273,0.00395,0.28095
9437.75,BTC-27DEC19,1563361143187,open,0.33,205.5,0.281,0.3605,0.32056985,98.06,0.32,0.0,BTC-27DEC19-8000-C,9354.97,94.92,0.3135,11.0,0.3225,11.0,98.92,21.25949,-6.39988,16.77897,5e-05,0.71899
9357.73,SYN.BTC-26JUL19,1563361143271,open,0.0,375.4,0.0005,0.04,1.461e-05,145.02,0.0005,0.0,BTC-26JUL19-21000-C,9354.97,0.0,0.0,0.0,0.0005,6.0,193.16,0.01457,-0.11899,0.00058,0.0,0.00027
199.48,SYN.ETH-26JUL19,1563361143274,open,0.07,216.0,0.023,0.102,0.062207,134.97,0.066,0.0,ETH-26JUL19-210-C,199.53,134.66,0.062,146.0,0.071,190.0,149.24,0.1229,-0.93446,0.01856,0.00941,0.44472
9378.24,BTC-27SEP19,1563361143272,open,0.26,901.1,0.214,0.2935,0.2537499,105.01,0.25,0.0,BTC-27SEP19-8000-C,9354.97,100.13,0.2465,11.0,0.2555,11.0,106.13,14.08014,-10.2856,8.55488,8e-05,0.71705
199.47,SYN.ETH-26JUL19,1563361143281,open,0.13,2700.0,0.103,0.194,0.148948,134.74,0.155,0.0,ETH-26JUL19-220-P,199.53,128.19,0.145,386.0,0.163,100.0,158.74,0.11625,-0.88236,-0.03831,0.00892,-0.64105
9437.75,BTC-27DEC19,1563361143284,open,0.16,164.1,0.1175,0.197,0.15745345,100.67,0.1555,0.0,BTC-27DEC19-13000-C,9354.97,98.98,0.153,11.0,0.162,10.0,102.39,24.90608,-7.69667,12.08183,6e-05,0.44434
199.48,SYN.ETH-26JUL19,1563361143295,open,1.35,0.0,1.311,1.502,1.406415,182.31,None,0.0,ETH-26JUL19-480-P,199.53,0.0,0.0,0.0,0.0,0.0,0.0,0.00162,-0.0166,-0.11665,9e-05,-0.99839
9378.24,BTC-27SEP19,1563361143297,open,0.53,78.2,0.4965,0.6205,0.55838856,108.33,0.54,0.0,BTC-27SEP19-14000-P,9354.97,105.12,0.5535,6.0,0.5725,6.0,117.71,13.92496,-10.49394,-23.66909,7e-05,-0.72344
199.47,SYN.ETH-26JUL19,1563361143294,open,0.02,545.0,0.001,0.051,0.011888,135.07,0.012,0.0,ETH-26JUL19-260-C,199.53,135.35,0.012,381.0,0.017,297.0,149.78,0.06383,-0.48571,0.00546,0.00488,0.12445
9358.67,SYN.BTC-26JUL19,1563361143298,open,0.0,57.0,0.0005,0.041,0.00104614,141.01,0.0005,0.0,BTC-26JUL19-15500-C,9354.97,128.89,0.0005,14.4,0.0015,4.3,147.98,0.53554,-4.25413,0.03052,2e-05,0.01446
9378.24,BTC-27SEP19,1563361143306,open,0.45,224.0,0.396,0.4755,0.43574479,105.44,0.5225,0.0,BTC-27SEP19-5500-C,9354.97,98.12,0.431,11.0,0.438,11.0,108.56,6.45572,-4.73514,8.85602,4e-05,0.91535
9358.67,SYN.BTC-26JUL19,1563361143321,open,0.27,315.8,0.2435,0.3465,0.2948976,131.1,0.284,0.0,BTC-26JUL19-12000-P,9354.97,124.08,0.2925,7.5,0.3205,7.5,191.81,3.1309,-23.1222,-2.64461,0.00011,-0.86733
9356.49,SYN.BTC-19JUL19,1563361143323,open,0.31,62.5,0.283,0.3895,0.33606714,0.0,0.3,0.0,BTC-19JUL19-12500-P,9354.97,0.0,0.331,6.0,0.361,6.0,390.32,0.0,0.0,-0.64236,0.0,-1.0
9356.49,SYN.BTC-19JUL19,1563361143332,open,0.0,0.6,0.0005,0.0405,0.0005568,144.93,0.0025,0.0,BTC-19JUL19-7500-P,9354.97,158.64,0.001,23.8,0.0025,0.5,187.4,0.24821,-5.19228,-0.00729,4e-05,-0.0146
9378.24,BTC-27SEP19,1563361143325,open,0.4,714.8,0.3535,0.433,0.39336792,105.23,0.434,0.0,BTC-27SEP19-6000-C,9354.97,98.21,0.3875,11.0,0.397,11.0,109.25,8.17884,-5.98694,9.04056,4e-05,0.88297
9358.67,SYN.BTC-26JUL19,1563361143336,open,0.08,103.8,0.034,0.1135,0.073552,129.34,0.087,0.0,BTC-26JUL19-9500-C,9354.97,125.15,0.071,18.0,0.0755,0.3,132.39,5.82004,-42.40605,0.99445,0.00021,0.51058
9358.67,SYN.BTC-26JUL19,1563361143342,open,0.47,11.0,0.439,0.5585,0.49894134,135.68,0.1845,0.0,BTC-26JUL19-14000-P,9354.97,0.0,0.495,7.5,0.5285,7.5,240.03,1.1567,-8.84088,-3.32864,4e-05,-0.9639
9437.75,BTC-27DEC19,1563361143345,open,0.6,17.7,0.557,0.686,0.62154638,101.03,0.6235,0.0,BTC-27DEC19-14000-P,9354.97,98.56,0.615,6.0,0.63,3.6,104.35,24.39663,-7.56666,-51.33198,6e-05,-0.59748
199.48,SYN.ETH-26JUL19,1563361143348,open,1.45,0.0,1.407,1.606,1.506682,190.32,None,0.0,ETH-26JUL19-500-P,199.53,0.0,0.0,0.0,0.0,0.0,0.0,0.00161,-0.01726,-0.12151,9e-05,-0.9984
9355.55,SYN.BTC-19JUL19,1563361143348,open,0.36,82.8,0.334,0.445,0.38943639,0.0,0.348,0.0,BTC-19JUL19-13000-P,9354.97,0.0,0.3795,6.0,0.4165,6.0,432.98,0.0,0.0,-0.66806,0.0,-1.0
9358.67,SYN.BTC-26JUL19,1563361143344,open,0.08,392.1,0.0455,0.132,0.08865313,129.14,0.0975,0.0,BTC-26JUL19-9500-P,9354.97,129.01,0.0885,18.0,0.096,7.5,141.07,5.82009,-42.33998,-1.31562,0.00021,-0.48953
9355.55,SYN.BTC-19JUL19,1563361143355,open,0.07,372.8,0.0415,0.1275,0.08438791,138.98,0.093,0.0,BTC-19JUL19-10000-P,9354.97,137.33,0.084,6.0,0.0915,6.0,167.96,2.20933,-81.85001,-0.39249,0.00035,-0.73198
199.52,SYN.ETH-19JUL19,1563361143359,open,0.18,1552.0,0.156,0.252,0.204099,136.14,0.18,0.0,ETH-19JUL19-240-P,199.53,0.0,0.012,4.0,0.9,10.0,500.0,0.01042,-0.37821,-0.01201,0.00374,-0.96741
9437.75,BTC-27DEC19,1563361143360,open,0.43,83.4,0.3935,0.509,0.45127261,100.02,0.4295,0.0,BTC-27DEC19-12000-P,9354.97,97.72,0.445,6.0,0.458,3.6,102.6,25.14318,-7.72038,-40.48351,6e-05,-0.51013
199.52,SYN.ETH-19JUL19,1563361143363,open,0.96,0.0,0.925,1.085,1.004924,317.54,None,0.0,ETH-19JUL19-400-P,199.53,0.0,0.0,0.0,0.0,0.0,0.0,0.00075,-0.06378,-0.02054,0.00012,-0.99837
9378.24,BTC-27SEP19,1563361143353,open,0.53,78.2,0.4965,0.6205,0.55838856,108.33,0.54,0.0,BTC-27SEP19-14000-P,9354.97,105.81,0.5545,6.0,0.5725,6.0,117.71,13.92496,-10.49394,-23.66909,7e-05,-0.72344
9377.31,BTC-27SEP19,1563361143363,open,0.17,806.4,0.12,0.1995,0.15964607,105.47,0.161,0.0,BTC-27SEP19-10000-C,9354.97,103.35,0.156,14.4,0.1625,11.0,107.04,16.5236,-12.12326,6.99413,9e-05,0.5385
9436.92,BTC-27DEC19,1563361143389,open,0.6,17.7,0.557,0.686,0.62154638,101.05,0.6235,0.0,BTC-27DEC19-14000-P,9354.97,98.51,0.615,6.0,0.6295,3.6,104.12,24.39488,-7.56772,-51.33325,6e-05,-0.59746
9358.67,SYN.BTC-26JUL19,1563361143390,open,0.0,57.0,0.0005,0.041,0.00104614,141.01,0.0005,0.0,BTC-26JUL19-15500-C,9354.97,128.89,0.0005,2.9,0.0015,4.3,147.98,0.53554,-4.25413,0.03052,2e-05,0.01446
199.1,ETH-27SEP19,1563361143398,open,2.15,0.0,2.093,2.35,2.221681,128.03,None,0.0,ETH-27SEP19-640-P,199.53,0.0,0.0,0.0,0.0,0.0,0.0,0.07344,-0.06541,-1.24811,0.00073,-0.96173
199.27,SYN.ETH-30AUG19,1563361143402,open,0.44,0.0,0.408,0.524,0.466051,123.59,None,0.0,ETH-30AUG19-280-P,199.53,0.0,0.0,0.0,0.0,0.0,0.0,0.23301,-0.32819,-0.28383,0.00395,-0.71888
199.52,SYN.ETH-19JUL19,1563361143428,open,1.06,0.0,1.021,1.189,1.105171,338.6,None,0.0,ETH-19JUL19-420-P,199.53,0.0,0.0,0.0,0.0,0.0,0.0,0.00075,-0.06734,-0.02157,0.00011,-0.99839
9436.92,BTC-27DEC19,1563361143397,open,0.52,68.4,0.471,0.5505,0.51084907,98.1,0.511,0.0,BTC-27DEC19-5000-C,9354.97,93.76,0.506,11.0,0.514,11.0,100.77,10.8455,-3.26599,16.49866,3e-05,0.90268
200.98,ETH-27DEC19,1563361143442,open,0.05,435.0,0.003,0.082,0.042584,114.2,0.045,0.0,ETH-27DEC19-600-C,199.53,110.43,0.037,601.0,0.047,50.0,117.01,0.30787,-0.10793,0.09303,0.0015,0.14632
9436.92,BTC-27DEC19,1563361143435,open,0.33,205.5,0.281,0.3605,0.32056985,98.08,0.32,0.0,BTC-27DEC19-8000-C,9354.97,94.94,0.3135,11.0,0.323,11.0,99.16,21.25915,-6.40065,16.77595,5e-05,0.71895
9358.67,SYN.BTC-26JUL19,1563361143454,open,0.22,273.8,0.1975,0.2965,0.24689446,129.68,0.222,0.0,BTC-26JUL19-11500-P,9354.97,122.72,0.244,7.5,0.258,7.5,154.97,3.82093,-27.91322,-2.42912,0.00014,-0.82063
9378.24,BTC-27SEP19,1563361143458,open,0.45,35.9,0.409,0.526,0.46749883,107.64,0.391,0.0,BTC-27SEP19-13000-P,9354.97,105.15,0.4635,6.0,0.481,6.0,115.95,15.03883,-11.26137,-21.03925,8e-05,-0.67177
9436.92,BTC-27DEC19,1563361143467,open,3.58,0.0,3.4895,3.863,3.6762743,115.81,None,0.0,BTC-27DEC19-44000-P,9357.45,0.0,0.0,0.0,0.0,0.0,0.0,6.95621,-2.47307,-194.62919,2e-05,-0.94556
9377.26,BTC-27SEP19,1563361143467,open,0.91,1.0,0.8715,1.027,0.94913217,111.69,1.5815,0.0,BTC-27SEP19-18000-P,9357.45,0.0,0.005,0.3,1.5575,0.3,499.55,9.38615,-7.29242,-33.35551,5e-05,-0.85722
9377.26,BTC-27SEP19,1563361143467,open,0.0,1657.1,0.0005,0.04,0.00015899,144.99,0.0005,0.0,BTC-27SEP19-1500-P,9357.45,0.0,0.0,0.0,0.001,21.1,177.49,0.10905,-0.10999,-0.017,0.0,-0.00076
9377.26,BTC-27SEP19,1563361143469,open,1.73,0.0,1.6695,1.8915,1.78065678,117.3,None,0.0,BTC-27SEP19-26000-P,9357.45,0.0,0.0,0.0,0.0,0.0,0.0,3.92136,-3.19993,-50.52174,2e-05,-0.95532
9436.92,BTC-27DEC19,1563361143469,open,4.41,1.0,4.2995,4.7405,4.51984966,118.35,4.454,0.0,BTC-27DEC19-52000-P,9357.45,0.0,0.001,1.0,0.0,0.0,0.0,5.31336,-1.93048,-230.8062,1e-05,-0.96107
9377.26,BTC-27SEP19,1563361143468,open,0.61,0.0,0.564,0.6435,0.60397765,111.81,None,0.0,BTC-27SEP19-3750-C,9357.45,0.0,0.005,10.0,0.708,10.0,299.22,1.8485,-1.4378,6.97908,1e-05,0.98193
9377.26,BTC-27SEP19,1563361143469,open,0.01,408.5,0.0005,0.0545,0.01417505,106.0,0.012,0.0,BTC-27SEP19-5000-P,9357.45,103.67,0.013,15.0,0.016,24.0,109.45,4.82467,-3.55766,-1.33214,3e-05,-0.05797
9377.26,BTC-27SEP19,1563361143470,open,1.31,0.2,1.266,1.4545,1.36021476,113.66,1.391,0.0,BTC-27SEP19-22000-P,9357.45,0.0,0.005,10.0,1.8,0.1,398.07,5.89959,-4.66483,-42.1952,3e-05,-0.92485
9355.55,SYN.BTC-19JUL19,1563361143467,open,0.15,296.3,0.1315,0.2255,0.17846558,142.84,0.1615,0.0,BTC-19JUL19-11000-P,9357.45,0.0,0.174,6.0,0.2,8.0,272.99,0.82978,-31.59436,-0.53629,0.00013,-0.93702
9377.26,BTC-27SEP19,1563361143470,open,1.52,0.2,1.4675,1.6725,1.56998189,115.72,1.6,0.0,BTC-27SEP19-24000-P,9357.45,0.0,0.0,0.0,0.0,0.0,0.0,4.81561,-3.87664,-46.38861,2e-05,-0.94217
9377.26,BTC-27SEP19,1563361143470,open,0.64,261.1,0.59,0.6695,0.6297548,114.38,0.714,0.0,BTC-27SEP19-3500-C,9357.45,0.0,0.161,1.0,0.7215,10.0,298.64,1.49112,-1.18647,6.57707,1e-05,0.98593
9377.26,BTC-27SEP19,1563361143471,open,1.93,0.0,1.872,2.111,1.99162298,117.41,None,0.0,BTC-27SEP19-28000-P,9357.45,0.0,0.0,0.0,0.0,0.0,0.0,3.06028,-2.49961,-54.63374,2e-05,-0.96704
9377.26,BTC-27SEP19,1563361143471,open,0.54,289.7,0.489,0.5685,0.52873381,107.35,0.588,0.0,BTC-27SEP19-4500-C,9357.45,0.0,0.002,1.1,0.669,5.0,298.72,3.40858,-2.54548,8.0082,2e-05,0.96241
9436.92,BTC-27DEC19,1563361143472,open,2.76,1.3,2.6825,2.989,2.83578199,112.68,2.792,0.0,BTC-27DEC19-36000-P,9357.45,0.0,0.0005,1.0,0.0,0.0,0.0,9.40746,-3.25416,-158.1421,2e-05,-0.9196
9436.92,BTC-27DEC19,1563361143472,open,3.99,0.0,3.894,4.3015,4.09773636,117.04,None,0.0,BTC-27DEC19-48000-P,9357.45,0.0,0.0,0.0,0.0,0.0,0.0,6.03595,-2.16876,-212.75093,1e-05,-0.95443
9357.73,SYN.BTC-26JUL19,1563361143470,open,1.09,0.0,1.052,1.2225,1.13708843,0.0,None,0.0,BTC-26JUL19-20000-P,9357.45,0.0,0.0,0.0,0.0,0.0,0.0,0.0,0.0,-4.86339,0.0,-1.0
9357.73,SYN.BTC-26JUL19,1563361143471,open,0.43,0.0,0.373,0.4525,0.41285329,146.89,0.4,0.0,BTC-26JUL19-5500-C,9357.45,0.0,0.0005,0.1,0.0,0.0,0.0,0.30049,-2.48648,1.3191,1e-05,0.99255
9357.73,SYN.BTC-26JUL19,1563361143470,open,0.42,32.3,0.3895,0.5045,0.4470362,136.29,0.29,0.0,BTC-26JUL19-13500-P,9357.45,0.0,0.435,7.5,0.476,7.5,228.32,1.5719,-12.06828,-3.17258,5e-05,-0.94719
9357.73,SYN.BTC-26JUL19,1563361143471,open,0.02,542.0,0.0005,0.0525,0.0126646,131.56,0.015,0.0,BTC-26JUL19-12000-C,9357.45,129.56,0.012,30.0,0.0145,0.1,136.87,3.14517,-23.31023,0.27512,0.00011,0.13357
9357.73,SYN.BTC-26JUL19,1563361143471,open,0.15,53.1,0.0925,0.172,0.13239423,132.01,0.1405,0.0,BTC-26JUL19-8500-C,9357.45,122.68,0.1275,6.0,0.1345,11.5,135.98,4.94881,-36.80289,1.32718,0.00018,0.71564
9357.73,SYN.BTC-26JUL19,1563361143468,open,1.19,0.0,1.1545,1.3335,1.24392236,0.0,None,0.0,BTC-26JUL19-21000-P,9357.45,0.0,0.0,0.0,0.0,0.0,0.0,0.0,0.0,-5.10656,0.0,-1.0
9357.73,SYN.BTC-26JUL19,1563361143471,open,0.37,28.7,0.3395,0.451,0.39529575,134.0,0.284,0.0,BTC-26JUL19-13000-P,9357.45,0.0,0.384,7.5,0.423,7.5,214.81,1.97945,-14.94179,-3.0136,7e-05,-0.92906
9368.61,SYN.BTC-30AUG19,1563361143472,open,0.9,0.0,0.8585,1.013,0.93573502,120.46,None,0.0,BTC-30AUG19-18000-P,9357.45,0.0,0.0,0.0,0.0,0.0,0.0,5.17677,-7.10658,-20.81143,4e-05,-0.91224
9439.4,BTC-27DEC19,1563361143516,open,1.15,1.6,1.1035,1.278,1.19070575,105.28,1.0905,0.0,BTC-27DEC19-20000-P,9357.45,0.0,0.005,5.0,1.466,1.0,213.92,19.46813,-6.29202,-82.29354,5e-05,-0.76299
9377.26,BTC-27SEP19,1563361143516,open,0.36,60.1,0.327,0.437,0.38201934,107.44,0.395,0.0,BTC-27SEP19-12000-P,9357.45,105.96,0.3795,2.7,0.3925,6.0,113.56,15.96767,-11.9342,-18.31524,9e-05,-0.60983
199.52,SYN.ETH-19JUL19,1563361143545,open,0.22,0.0,0.159,0.238,0.198366,132.82,None,0.0,ETH-19JUL19-160-C,199.53,0.0,0.0,0.0,0.0,0.0,0.0,0.00347,-0.12299,0.00813,0.00128,0.99101
9378.24,BTC-27SEP19,1563361143465,open,0.4,714.8,0.3535,0.433,0.39336792,105.23,0.434,0.0,BTC-27SEP19-6000-C,9354.97,98.21,0.3875,11.0,0.3955,11.0,107.57,8.17884,-5.98694,9.04056,4e-05,0.88297
9377.26,BTC-27SEP19,1563361143564,open,0.36,60.1,0.327,0.437,0.38201934,107.44,0.395,0.0,BTC-27SEP19-12000-P,9357.45,105.96,0.3795,2.7,0.393,6.0,113.85,15.96767,-11.9342,-18.31524,9e-05,-0.60983
9436.92,BTC-27DEC19,1563361143580,open,0.33,205.5,0.281,0.3605,0.32056985,98.08,0.32,0.0,BTC-27DEC19-8000-C,9357.45,94.94,0.3135,11.0,0.322,11.0,98.71,21.25915,-6.40065,16.77595,5e-05,0.71895
9377.26,BTC-27SEP19,1563361143602,open,0.91,1.0,0.8715,1.027,0.94913217,111.69,1.5815,0.0,BTC-27SEP19-18000-P,9357.45,0.0,0.005,0.3,1.5585,0.3,500.0,9.38615,-7.29242,-33.35551,5e-05,-0.85722
199.48,SYN.ETH-26JUL19,1563361143603,open,0.25,0.0,0.22,0.321,0.270345,135.14,None,0.0,ETH-26JUL19-250-P,199.53,0.0,0.247,120.0,0.0,0.0,0.0,0.07783,-0.59254,-0.05352,0.00595,-0.83296
9355.55,SYN.BTC-19JUL19,1563361143607,open,0.04,43.3,0.0005,0.0725,0.0329291,139.47,0.032,0.0,BTC-19JUL19-9500-C,9357.45,136.21,0.032,2.3,0.0365,21.0,152.02,2.66133,-98.94576,0.20479,0.00042,0.45888
9436.92,BTC-27DEC19,1563361143601,open,0.52,68.4,0.471,0.5505,0.51084907,98.06,0.511,0.0,BTC-27DEC19-5000-C,9357.45,93.76,0.506,11.0,0.513,11.0,99.92,10.84234,-3.2639,16.50195,3e-05,0.90272
9355.55,SYN.BTC-19JUL19,1563361143621,open,0.2,224.5,0.181,0.279,0.23007234,141.17,0.245,0.0,BTC-19JUL19-11500-P,9357.45,0.0,0.2255,6.0,0.24,6.0,240.64,0.3703,-13.93456,-0.58015,6e-05,-0.97664
9357.73,SYN.BTC-26JUL19,1563361143629,open,0.22,273.8,0.1975,0.2965,0.24689446,129.74,0.222,0.0,BTC-26JUL19-11500-P,9357.45,125.01,0.245,7.5,0.258,7.5,154.75,3.82063,-27.92407,-2.42917,0.00014,-0.82063
9439.4,BTC-27DEC19,1563361143643,open,3.17,0.0,3.0855,3.4255,3.25567149,115.8,None,0.0,BTC-27DEC19-40000-P,9357.45,0.0,0.0005,3.0,0.0,0.0,0.0,8.41582,-2.9918,-176.33123,2e-05,-0.93054
9436.92,BTC-27DEC19,1563361143651,open,0.01,463.2,0.0005,0.0495,0.00957693,118.35,0.008,0.0,BTC-27DEC19-52000-C,9357.45,115.39,0.008,46.1,0.011,11.0,120.77,5.31324,-1.93043,1.23586,1e-05,0.03892
9377.26,BTC-27SEP19,1563361143640,open,0.45,35.9,0.409,0.526,0.46749883,107.58,0.391,0.0,BTC-27SEP19-13000-P,9357.45,105.7,0.4645,6.0,0.481,6.0,115.88,15.03206,-11.24949,-21.04251,8e-05,-0.67205
9439.4,BTC-27DEC19,1563361143652,open,1.94,0.1,1.8825,2.122,2.00236911,109.36,2.02,0.0,BTC-27DEC19-28000-P,9357.45,0.0,0.001,1.0,2.5,0.1,316.29,13.38728,-4.49414,-120.96104,3e-05,-0.86932
199.52,SYN.ETH-19JUL19,1563361143652,open,0.13,0.0,0.11,0.202,0.156091,135.52,None,0.0,ETH-19JUL19-230-P,199.53,0.0,0.001,30.0,0.0,0.0,0.0,0.02097,-0.75755,-0.01105,0.00756,-0.92145
9439.4,BTC-27DEC19,1563361143656,open,2.35,0.3,2.281,2.5535,2.41730579,111.22,2.435,0.0,BTC-27DEC19-32000-P,9357.45,0.0,0.0,0.0,0.0,0.0,0.0,11.20571,-3.82592,-139.65819,3e-05,-0.89827
9436.92,BTC-27DEC19,1563361143661,open,0.16,237.6,0.122,0.215,0.16827379,98.06,0.1565,0.0,BTC-27DEC19-8000-P,9357.45,95.72,0.163,4.9,0.1725,6.0,99.94,21.25927,-6.39981,-18.9217,5e-05,-0.28106
9357.73,SYN.BTC-26JUL19,1563361143757,open,0.01,451.5,0.0005,0.0545,0.01413262,134.86,0.0115,0.0,BTC-26JUL19-7500-P,9357.45,131.24,0.013,30.0,0.0165,37.5,142.09,2.97923,-22.63286,-0.31327,0.0001,-0.12354
9377.26,BTC-27SEP19,1563361143762,open,0.0,421.0,0.0005,0.045,0.00500118,109.6,0.0045,0.0,BTC-27SEP19-4000-P,9357.45,105.19,0.004,19.8,0.006,24.0,113.52,2.26926,-1.73012,-0.51746,1e-05,-0.02302
9379.74,BTC-27SEP19,1563361143762,open,0.69,225.7,0.642,0.7215,0.68198548,121.33,0.693,0.0,BTC-27SEP19-3000-C,9357.45,0.0,0.005,20.0,0.902,5.0,500.0,0.96271,-0.81252,5.71682,0.0,0.9915
9355.55,SYN.BTC-19JUL19,1563361143771,open,0.02,115.8,0.0005,0.0555,0.01561061,139.43,0.015,0.0,BTC-19JUL19-10000-C,9357.45,138.96,0.0155,1.8,0.017,5.1,145.25,2.21251,-82.23367,0.12172,0.00035,0.26878
9379.74,BTC-27SEP19,1563361143782,open,0.02,383.6,0.0005,0.0605,0.02067554,113.22,0.021,0.0,BTC-27SEP19-20000-C,9357.45,111.09,0.019,22.0,0.0225,11.0,115.44,7.54618,-5.9432,1.5496,4e-05,0.10457
199.27,SYN.ETH-30AUG19,1563361143793,open,0.52,0.0,0.492,0.616,0.554081,125.05,None,0.0,ETH-30AUG19-300-P,199.53,0.0,0.0,0.0,0.0,0.0,0.0,0.21163,-0.30158,-0.31629,0.00355,-0.76636
199.48,SYN.ETH-26JUL19,1563361143797,open,0.0,1236.0,0.001,0.04,0.0,134.99,0.003,0.0,ETH-26JUL19-520-C,199.53,0.0,0.0,0.0,0.001,300.0,240.29,1e-05,-4e-05,0.0,0.0,0.0
9357.73,SYN.BTC-26JUL19,1563361143726,open,0.0,477.9,0.0005,0.043,0.00300284,137.14,0.0025,0.0,BTC-26JUL19-14000-C,9357.45,133.01,0.0025,10.0,0.0035,2.2,140.84,1.20088,-9.27772,0.07918,4e-05,0.0378
199.47,SYN.ETH-26JUL19,1563361143833,open,0.13,2700.0,0.103,0.194,0.148948,134.74,0.155,0.0,ETH-26JUL19-220-P,199.53,128.19,0.145,286.0,0.163,100.0,158.74,0.11625,-0.88236,-0.03831,0.00892,-0.64105
199.26,SYN.ETH-30AUG19,1563361143837,open,0.16,220.0,0.121,0.213,0.166998,119.95,0.147,0.0,ETH-30AUG19-200-P,199.53,114.87,0.16,259.0,0.178,137.0,128.15,0.2702,-0.36934,-0.14085,0.00472,-0.42113
199.48,SYN.ETH-26JUL19,1563361143844,open,0.0,1091.0,0.001,0.04,0.0,134.99,0.001,0.0,ETH-26JUL19-600-C,199.53,0.0,0.0,0.0,0.001,300.0,270.04,0.0,0.0,0.0,0.0,0.0
200.98,ETH-27DEC19,1563361143889,open,0.04,424.0,0.001,0.079,0.039564,116.49,0.04,0.0,ETH-27DEC19-640-C,199.53,116.1,0.039,1.0,0.042,50.0,118.14,0.29269,-0.10467,0.08631,0.00139,0.1358
9357.73,SYN.BTC-26JUL19,1563361143878,open,0.0,57.0,0.0005,0.041,0.00104614,141.0,0.0005,0.0,BTC-26JUL19-15500-C,9357.45,128.91,0.0005,14.4,0.0015,4.3,148.0,0.53484,-4.24836,0.03048,2e-05,0.01444
199.1,ETH-27SEP19,1563361143898,open,0.01,1992.0,0.001,0.046,0.006208,130.17,0.005,0.0,ETH-27SEP19-680-C,199.53,122.43,0.004,300.0,0.009,550.0,137.71,0.06515,-0.05899,0.01053,0.00064,0.03306
199.27,SYN.ETH-30AUG19,1563361143910,open,0.28,0.0,0.228,0.307,0.267808,120.86,None,0.0,ETH-30AUG19-160-C,199.53,0.0,0.0,0.0,0.0,0.0,0.0,0.21065,-0.29013,0.11989,0.00365,0.7683
9355.55,SYN.BTC-19JUL19,1563361143898,open,0.2,224.5,0.181,0.279,0.23007234,141.17,0.245,0.0,BTC-19JUL19-11500-P,9357.45,0.0,0.2265,6.0,0.24,6.0,240.64,0.3703,-13.93456,-0.58015,6e-05,-0.97664
199.52,SYN.ETH-19JUL19,1563361143922,open,0.09,1115.0,0.067,0.155,0.110958,135.26,0.11,0.0,ETH-19JUL19-220-P,199.53,0.0,0.092,10.0,0.146,10.0,283.4,0.03602,-1.29861,-0.00966,0.01302,-0.8313
9368.61,SYN.BTC-30AUG19,1563361143928,open,0.08,28.3,0.032,0.1115,0.07170733,114.15,0.082,0.0,BTC-30AUG19-12000-C,9357.45,111.2,0.068,19.3,0.0745,5.0,116.36,11.8265,-15.38498,2.95938,0.0001,0.33449
9379.74,BTC-27SEP19,1563361143926,open,0.4,714.8,0.3535,0.433,0.39336792,105.06,0.434,0.0,BTC-27SEP19-6000-C,9357.45,98.11,0.3875,11.0,0.396,11.0,108.05,8.16574,-5.96796,9.04859,4e-05,0.88326
9357.73,SYN.BTC-26JUL19,1563361143935,open,0.22,273.8,0.1975,0.2965,0.24689446,129.74,0.222,0.0,BTC-26JUL19-11500-P,9357.45,123.73,0.2445,7.5,0.258,7.5,154.75,3.82063,-27.92407,-2.42917,0.00014,-0.82063
9436.92,BTC-27DEC19,1563361143938,open,0.28,189.9,0.2455,0.3485,0.29698131,98.74,0.279,0.0,BTC-27DEC19-10000-P,9357.45,96.43,0.291,6.0,0.3035,10.9,101.26,24.42374,-7.40324,-29.53642,6e-05,-0.40442
9436.92,BTC-27DEC19,1563361143939,open,0.36,74.2,0.3175,0.4265,0.37190612,99.5,0.3645,0.0,BTC-27DEC19-11000-P,9357.45,97.08,0.3655,6.0,0.3785,3.6,101.98,25.0193,-7.64178,-35.01072,6e-05,-0.45949
9436.92,BTC-27DEC19,1563361143941,open,0.51,58.3,0.474,0.596,0.53500789,100.67,0.537,0.0,BTC-27DEC19-13000-P,9357.45,98.2,0.5285,6.0,0.542,3.6,103.32,24.90351,-7.69611,-45.93079,6e-05,-0.5557
9357.73,SYN.BTC-26JUL19,1563361143944,open,0.0,57.0,0.0005,0.041,0.00104614,141.0,0.0005,0.0,BTC-26JUL19-15500-C,9357.45,128.91,0.0005,2.9,0.0015,4.3,148.0,0.53484,-4.24836,0.03048,2e-05,0.01444
9357.73,SYN.BTC-26JUL19,1563361143954,open,0.0,57.0,0.0005,0.041,0.00104614,141.0,0.0005,0.0,BTC-26JUL19-15500-C,9357.45,128.91,0.0005,14.4,0.0015,4.3,148.0,0.53484,-4.24836,0.03048,2e-05,0.01444
9357.73,SYN.BTC-26JUL19,1563361143967,open,0.0,57.0,0.0005,0.041,0.00104614,141.0,0.0005,0.0,BTC-26JUL19-15500-C,9357.45,128.91,0.0005,14.4,0.0015,4.4,148.0,0.53484,-4.24836,0.03048,2e-05,0.01444
199.52,SYN.ETH-19JUL19,1563361143984,open,0.09,1115.0,0.067,0.155,0.110958,135.26,0.11,0.0,ETH-19JUL19-220-P,199.53,0.0,0.095,10.0,0.146,10.0,283.4,0.03602,-1.29861,-0.00966,0.01302,-0.8313
9439.31,BTC-27DEC19,1563361143994,open,2.15,0.2,2.0815,2.3375,2.2095056,110.37,2.2245,0.0,BTC-27DEC19-30000-P,9357.45,0.0,0.0,0.0,0.0,0.0,0.0,12.24885,-4.15013,-130.33979,3e-05,-0.88487
9357.73,SYN.BTC-26JUL19,1563361143998,open,0.0,57.0,0.0005,0.041,0.00104614,141.0,0.0005,0.0,BTC-26JUL19-15500-C,9357.45,128.91,0.0005,2.9,0.0015,4.4,148.0,0.53484,-4.24836,0.03048,2e-05,0.01444
9377.26,BTC-27SEP19,1563361143999,open,0.59,227.5,0.5385,0.618,0.57848192,109.78,0.7065,0.0,BTC-27SEP19-4000-C,9357.45,79.05,0.574,11.0,0.58,11.0,115.57,2.28072,-1.74176,7.35595,1e-05,0.97684
200.98,ETH-27DEC19,1563361144019,open,0.87,241.0,0.829,0.98,0.904273,109.2,0.986,0.0,ETH-27DEC19-360-P,199.53,76.18,0.833,110.0,1.59,1.0,428.51,0.4874,-0.16339,-1.41005,0.00248,-0.66797
9436.92,BTC-27DEC19,1563361144008,open,0.52,68.4,0.471,0.5505,0.51084907,98.06,0.511,0.0,BTC-27DEC19-5000-C,9357.45,93.76,0.506,11.0,0.5135,11.0,100.35,10.84234,-3.2639,16.50195,3e-05,0.90272
200.98,ETH-27DEC19,1563361144082,open,2.16,0.0,2.096,2.353,2.224436,116.82,None,0.0,ETH-27DEC19-640-P,199.53,0.0,0.0,0.0,0.0,0.0,0.0,0.29437,-0.10556,-2.76899,0.0014,-0.86305
200.98,ETH-27DEC19,1563361144082,open,1.23,0.0,1.177,1.357,1.26716,110.76,None,0.0,ETH-27DEC19-440-P,199.57,0.0,1.172,110.0,0.0,0.0,0.0,0.4224,-0.14362,-1.81323,0.00212,-0.75463
200.98,ETH-27DEC19,1563361144082,open,1.41,21.0,1.356,1.551,1.453705,111.34,0.629,0.0,ETH-27DEC19-480-P,199.57,0.0,1.347,110.0,0.0,0.0,0.0,0.38938,-0.13309,-2.01021,0.00194,-0.78773
199.1,ETH-27SEP19,1563361144082,open,1.96,27.0,1.902,2.143,2.022408,126.6,1.044,0.0,ETH-27SEP19-600-P,199.57,0.0,0.0,0.0,0.0,0.0,0.0,0.08556,-0.07535,-1.16687,0.00087,-0.95378
199.1,ETH-27SEP19,1563361144082,open,0.05,1705.0,0.01,0.089,0.049691,115.11,0.05,0.0,ETH-27SEP19-340-C,199.57,112.21,0.046,580.0,0.052,1.0,116.88,0.25753,-0.20621,0.06446,0.00287,0.2141
200.98,ETH-27DEC19,1563361144082,open,2.54,0.0,2.47,2.759,2.614558,118.63,None,0.0,ETH-27DEC19-720-P,199.57,0.0,0.003,5.0,0.0,0.0,0.0,0.25633,-0.09335,-3.14091,0.0012,-0.88763
200.98,ETH-27DEC19,1563361144082,open,0.48,0.0,0.436,0.515,0.47574,106.63,None,0.0,ETH-27DEC19-120-C,199.57,0.0,0.001,1100.0,2.47,1.0,500.0,0.29887,-0.09783,0.34459,0.00156,0.85997
199.1,ETH-27SEP19,1563361144082,open,0.3,392.0,0.253,0.332,0.292229,112.45,0.51,0.0,ETH-27SEP19-160-C,199.57,0.0,0.1,10.0,0.0,0.0,0.0,0.27826,-0.21766,0.18111,0.00317,0.75416
199.1,ETH-27SEP19,1563361144083,open,0.01,1984.0,0.001,0.044,0.004828,130.17,0.004,0.0,ETH-27SEP19-720-C,199.57,122.33,0.003,300.0,0.007,100.0,137.22,0.05405,-0.04895,0.00846,0.00053,0.0264
200.98,ETH-27DEC19,1563361144083,open,1.05,16.0,1.0,1.166,1.083015,109.76,1.195,0.0,ETH-27DEC19-400-P,199.57,61.14,1.001,110.0,1.49,1.0,269.82,0.45474,-0.15322,-1.61378,0.0023,-0.71638
199.1,ETH-27SEP19,1563361144083,open,0.37,191.0,0.316,0.395,0.35575,113.11,0.5,0.0,ETH-27SEP19-140-C,199.57,0.0,0.01,50.0,0.0,0.0,0.0,0.22391,-0.17618,0.18578,0.00254,0.8296
199.1,ETH-27SEP19,1563361144083,open,0.71,0.0,0.662,0.741,0.701159,133.66,0.01,0.0,ETH-27SEP19-60-C,199.57,0.0,0.003,10.0,0.0,0.0,0.0,0.02396,-0.02228,0.11317,0.00023,0.9898
199.1,ETH-27SEP19,1563361144083,open,0.01,2105.0,0.001,0.047,0.007216,128.03,0.013,0.0,ETH-27SEP19-640-C,199.57,121.31,0.005,300.0,0.01,200.0,134.82,0.07344,-0.06541,0.01217,0.00073,0.03827
199.1,ETH-27SEP19,1563361144083,open,0.91,259.0,0.868,1.023,0.945625,118.09,0.94,0.0,ETH-27SEP19-380-P,199.57,0.0,0.008,12.0,0.0,0.0,0.0,0.2199,-0.18065,-0.69786,0.00239,-0.83433
200.98,ETH-27DEC19,1563361144083,open,0.05,163.0,0.009,0.088,0.048582,113.21,0.051,0.0,ETH-27DEC19-560-C,199.57,109.1,0.042,710.0,0.053,40.0,115.83,0.33237,-0.11551,0.1038,0.00163,0.16432
199.48,SYN.ETH-26JUL19,1563361144082,open,1.16,0.0,1.118,1.294,1.205776,135.0,None,0.0,ETH-26JUL19-440-P,199.57,0.0,0.0,0.0,0.0,0.0,0.0,0.00016,-0.0012,-0.10699,1e-05,-0.99987
199.14,ETH-27SEP19,1563361144083,open,0.06,1846.0,0.021,0.1,0.060422,115.08,0.06,0.0,ETH-27SEP19-320-C,199.57,114.07,0.059,1.0,0.064,160.0,117.59,0.28101,-0.22496,0.07447,0.00313,0.25033
199.52,SYN.ETH-19JUL19,1563361144082,open,0.0,899.0,0.001,0.04,0.000104,134.98,0.001,0.0,ETH-19JUL19-260-C,199.57,0.0,0.0,0.0,0.001,105.0,177.8,0.00154,-0.02071,4e-05,0.00056,0.00359
199.48,SYN.ETH-26JUL19,1563361144082,open,1.74,0.0,1.696,1.919,1.807343,135.14,None,0.0,ETH-26JUL19-560-P,199.57,0.0,0.0,0.0,0.0,0.0,0.0,0.0,-1e-05,-0.13617,0.0,-1.0
199.48,SYN.ETH-26JUL19,1563361144082,open,1.55,0.0,1.503,1.711,1.606949,198.07,None,0.0,ETH-26JUL19-520-P,199.57,0.0,0.0,0.0,0.0,0.0,0.0,0.00161,-0.01797,-0.12638,8e-05,-0.9984
200.98,ETH-27DEC19,1563361144084,open,1.59,37.0,1.539,1.749,1.643758,112.48,0.707,0.0,ETH-27DEC19-520-P,199.57,0.0,0.001,500.0,0.0,0.0,0.0,0.36061,-0.12452,-2.20344,0.00178,-0.81313
199.14,ETH-27SEP19,1563361144084,open,1.19,0.0,1.144,1.322,1.23279,120.11,None,0.0,ETH-27SEP19-440-P,199.57,0.0,0.0,0.0,0.0,0.0,0.0,0.16731,-0.13979,-0.83203,0.00178,-0.88894
199.48,SYN.ETH-26JUL19,1563361144082,open,0.0,1248.0,0.001,0.04,0.0,135.0,0.001,0.0,ETH-26JUL19-560-C,199.57,0.0,0.0,0.0,0.001,389.0,255.79,0.0,-1e-05,0.0,0.0,0.0
199.27,SYN.ETH-30AUG19,1563361144082,open,0.7,0.0,0.669,0.807,0.737641,127.61,None,0.0,ETH-30AUG19-340-P,199.57,0.0,0.0,0.0,0.0,0.0,0.0,0.16944,-0.24639,-0.37743,0.00278,-0.83805
199.48,SYN.ETH-26JUL19,1563361144083,open,0.38,867.0,0.353,0.465,0.409367,135.34,0.42,0.0,ETH-26JUL19-280-P,199.57,0.0,0.392,30.0,0.447,30.0,239.5,0.04021,-0.30658,-0.06513,0.00307,-0.93335
199.27,SYN.ETH-30AUG19,1563361144082,open,0.61,0.0,0.579,0.71,0.644542,126.09,None,0.0,ETH-30AUG19-320-P,199.57,0.0,0.0,0.0,0.0,0.0,0.0,0.1896,-0.27243,-0.34757,0.00315,-0.80647
199.52,SYN.ETH-19JUL19,1563361144084,open,0.47,211.0,0.444,0.563,0.503694,192.56,0.495,0.0,ETH-19JUL19-300-P,199.57,0.0,0.002,25.0,0.0,0.0,0.0,0.00089,-0.04555,-0.0154,0.00023,-0.99805
199.48,SYN.ETH-26JUL19,1563361144082,open,0.0,1117.0,0.001,0.04,6e-06,134.99,0.001,0.0,ETH-26JUL19-440-C,199.57,0.0,0.0,0.0,0.001,282.0,204.57,0.00016,-0.0012,1e-05,1e-05,0.00013
199.48,SYN.ETH-26JUL19,1563361144082,open,0.0,1872.0,0.001,0.04,0.000494,134.99,0.001,0.0,ETH-26JUL19-340-C,199.57,0.0,0.0,0.0,0.002,120.0,161.34,0.00651,-0.04951,0.00034,0.0005,0.00759
200.98,ETH-27DEC19,1563361144086,open,2.35,0.0,2.283,2.555,2.419089,117.68,None,0.0,ETH-27DEC19-680-P,199.57,0.0,0.0,0.0,0.0,0.0,0.0,0.27413,-0.09903,-2.95558,0.00129,-0.87645
199.48,SYN.ETH-26JUL19,1563361144084,open,0.17,0.0,0.14,0.234,0.186569,135.09,None,0.0,ETH-26JUL19-230-P,199.57,99.08,0.169,120.0,0.0,0.0,0.0,0.10545,-0.80249,-0.04377,0.00807,-0.71586
199.52,SYN.ETH-19JUL19,1563361144082,open,0.57,282.0,0.54,0.668,0.603939,220.74,0.4,0.0,ETH-19JUL19-320-P,199.57,0.0,0.003,25.0,0.0,0.0,0.0,0.00084,-0.04919,-0.01643,0.00019,-0.99817
199.48,SYN.ETH-26JUL19,1563361144083,open,0.23,0.0,0.173,0.252,0.212155,134.9,None,0.0,ETH-26JUL19-160-C,199.57,0.0,0.0,0.0,0.0,0.0,0.0,0.0638,-0.48483,0.03218,0.00489,0.87565
199.14,ETH-27SEP19,1563361144086,open,0.19,3341.0,0.151,0.246,0.19875,111.94,0.198,0.0,ETH-27SEP19-200-P,199.57,108.6,0.193,334.0,0.205,120.0,115.58,0.34256,-0.26676,-0.23687,0.00392,-0.40528
199.52,SYN.ETH-19JUL19,1563361144082,open,0.0,739.0,0.001,0.04,0.0,134.98,0.003,0.0,ETH-19JUL19-300-C,199.57,0.0,0.0,0.0,0.001,300.0,255.05,1e-05,-6e-05,0.0,0.0,2e-05
199.48,SYN.ETH-26JUL19,1563361144082,open,0.19,0.0,0.133,0.212,0.172764,135.0,None,0.0,ETH-26JUL19-170-C,199.57,0.0,0.0,0.0,0.0,0.0,0.0,0.08538,-0.64931,0.03074,0.00654,0.80643
199.27,SYN.ETH-30AUG19,1563361144082,open,0.35,0.0,0.298,0.377,0.337927,123.18,None,0.0,ETH-30AUG19-140-C,199.57,0.0,0.0,0.0,0.0,0.0,0.0,0.16047,-0.22526,0.12286,0.00273,0.85085
200.98,ETH-27DEC19,1563361144087,open,0.07,624.0,0.026,0.105,0.065281,111.28,0.068,0.0,ETH-27DEC19-480-C,199.57,107.43,0.058,738.0,0.071,40.0,114.19,0.3891,-0.13292,0.13159,0.00194,0.21201
199.48,SYN.ETH-26JUL19,1563361144082,open,0.96,985.0,0.926,1.085,1.005382,149.99,0.205,0.0,ETH-26JUL19-400-P,199.57,0.0,0.0,0.0,0.0,0.0,0.0,0.00209,-0.01767,-0.09717,0.00014,-0.99787
199.48,SYN.ETH-26JUL19,1563361144083,open,0.0,1780.0,0.001,0.04,3.7e-05,134.99,0.001,0.0,ETH-26JUL19-400-C,199.57,0.0,0.0,0.0,0.001,187.0,183.64,0.00074,-0.00564,3e-05,6e-05,0.00069
199.48,SYN.ETH-26JUL19,1563361144083,open,0.67,1130.0,0.637,0.773,0.705038,137.46,0.6,0.0,ETH-26JUL19-340-P,199.57,0.0,0.666,30.0,0.745,30.0,306.04,0.0073,-0.05651,-0.08229,0.00055,-0.99136
199.48,SYN.ETH-26JUL19,1563361144083,open,0.57,519.0,0.542,0.669,0.605416,136.24,0.183,0.0,ETH-26JUL19-320-P,199.57,0.0,0.051,5.0,0.0,0.0,0.0,0.01316,-0.10099,-0.07705,0.001,-0.98293
199.14,ETH-27SEP19,1563361144088,open,0.55,868.0,0.516,0.642,0.578857,114.28,0.566,0.0,ETH-27SEP19-300-P,199.57,100.66,0.559,110.0,0.6,30.0,127.79,0.30231,-0.24033,-0.50557,0.00339,-0.71037
199.52,SYN.ETH-19JUL19,1563361144082,open,0.86,0.0,0.829,0.98,0.904583,164.44,None,0.0,ETH-19JUL19-380-P,199.57,0.0,0.0,0.0,0.0,0.0,0.0,0.0,0.0,-0.01953,0.0,-1.0
199.48,SYN.ETH-26JUL19,1563361144086,open,0.0,1074.0,0.001,0.04,1e-06,135.0,0.001,0.0,ETH-26JUL19-480-C,199.57,0.0,0.0,0.0,0.001,300.0,223.32,3e-05,-0.00021,0.0,0.0,2e-05
199.48,SYN.ETH-26JUL19,1563361144083,open,0.0,2011.0,0.001,0.041,0.001139,134.99,0.002,0.0,ETH-26JUL19-320-C,199.57,0.0,0.0,0.0,0.003,109.0,155.77,0.01257,-0.09558,0.00073,0.00096,0.01618
199.14,ETH-27SEP19,1563361144088,open,0.09,1914.0,0.046,0.125,0.085755,112.6,0.087,0.0,ETH-27SEP19-280-C,199.57,109.01,0.08,247.0,0.092,160.0,116.45,0.32111,-0.25153,0.09688,0.00365,0.33281
199.48,SYN.ETH-26JUL19,1563361144087,open,0.86,504.0,0.829,0.981,0.905167,143.94,0.168,0.0,ETH-26JUL19-380-P,199.57,0.0,0.0,0.0,0.0,0.0,0.0,0.00276,-0.02238,-0.09227,0.0002,-0.9971
201.02,ETH-27DEC19,1563361144088,open,0.03,782.0,0.001,0.071,0.031751,118.33,0.032,0.0,ETH-27DEC19-720-C,199.57,117.74,0.031,1.0,0.034,50.0,120.07,0.2549,-0.09259,0.0715,0.00119,0.11146
199.27,SYN.ETH-30AUG19,1563361144087,open,0.36,0.0,0.326,0.436,0.381121,121.65,None,0.0,ETH-30AUG19-260-P,199.57,86.72,0.34,120.0,0.0,0.0,0.0,0.25237,-0.34986,-0.25003,0.00435,-0.66271
199.48,SYN.ETH-26JUL19,1563361144088,open,0.47,659.0,0.447,0.566,0.506577,135.63,0.34,0.0,ETH-26JUL19-300-P,199.57,0.0,0.03,1.0,3.4,5.0,500.0,0.02353,-0.17975,-0.07143,0.00179,-0.9659
199.48,SYN.ETH-26JUL19,1563361144089,open,0.29,867.0,0.263,0.367,0.315362,135.19,0.303,0.0,ETH-26JUL19-260-P,199.57,107.25,0.308,120.0,0.352,30.0,219.22,0.06394,-0.48696,-0.05775,0.00489,-0.87525
9355.55,SYN.BTC-19JUL19,1563361144089,open,0.12,6.1,0.0615,0.141,0.10104403,145.33,0.109,0.0,BTC-19JUL19-8500-C,9357.45,120.62,0.097,6.0,0.1035,6.0,158.63,1.66721,-64.58896,0.35269,0.00026,0.83463
9436.92,BTC-27DEC19,1563361144057,open,0.33,205.5,0.281,0.3605,0.32056985,98.08,0.32,0.0,BTC-27DEC19-8000-C,9357.45,94.94,0.3135,11.0,0.3225,11.0,98.93,21.25915,-6.40065,16.77595,5e-05,0.71895
9355.55,SYN.BTC-19JUL19,1563361144200,open,0.2,224.5,0.181,0.279,0.23019247,141.17,0.245,0.0,BTC-19JUL19-11500-P,9357.45,0.0,0.226,6.0,0.24,6.0,240.64,0.3703,-13.93456,-0.58015,6e-05,-0.97664
9436.92,BTC-27DEC19,1563361144202,open,0.21,426.5,0.1665,0.246,0.20634462,99.52,0.206,0.0,BTC-27DEC19-11000-C,9357.45,97.7,0.2015,11.0,0.2105,11.0,101.09,25.01892,-7.64368,14.07466,6e-05,0.54057
9360.2,SYN.BTC-26JUL19,1563361144227,open,1.09,0.0,1.052,1.2225,1.13730414,186.57,None,0.0,BTC-26JUL19-20000-P,9357.45,0.0,0.0,0.0,0.0,0.0,0.0,0.27959,-2.93859,-4.84913,1e-05,-0.99313
9379.62,BTC-27SEP19,1563361144276,open,2.35,0.0,2.2795,2.552,2.41586315,123.19,None,0.0,BTC-27SEP19-32000-P,9357.45,0.0,0.0,0.0,0.0,0.0,0.0,2.37826,-2.03816,-62.64261,1e-05,-0.97566
9358.03,SYN.BTC-19JUL19,1563361144278,open,0.0,282.0,0.0005,0.0405,0.00097598,143.92,0.001,0.0,BTC-19JUL19-11500-C,9357.45,130.44,0.0005,19.3,0.0015,0.4,154.51,0.40279,-9.13324,0.01195,6e-05,0.02582
9377.26,BTC-27SEP19,1563361144299,open,0.21,218.1,0.1775,0.275,0.22605387,105.38,0.2285,0.0,BTC-27SEP19-10000-P,9357.45,104.25,0.224,14.4,0.2315,4.6,108.51,16.52404,-12.11313,-12.69732,9e-05,-0.46164
9357.73,SYN.BTC-26JUL19,1563361144318,open,0.0,477.9,0.0005,0.0425,0.00299938,137.14,0.0025,0.0,BTC-26JUL19-14000-C,9357.45,133.01,0.0025,10.0,0.0035,2.3,140.84,1.20088,-9.27772,0.07918,4e-05,0.0378
9377.26,BTC-27SEP19,1563361144364,open,0.21,218.1,0.1775,0.275,0.22605387,105.38,0.2285,0.0,BTC-27SEP19-10000-P,9357.45,104.25,0.224,14.4,0.2315,4.8,108.51,16.52404,-12.11313,-12.69732,9e-05,-0.46164
9357.73,SYN.BTC-26JUL19,1563361144387,open,0.0,477.9,0.0005,0.0425,0.00299938,137.14,0.0025,0.0,BTC-26JUL19-14000-C,9357.45,133.01,0.0025,10.0,0.0035,2.2,140.84,1.20088,-9.27772,0.07918,4e-05,0.0378
199.48,SYN.ETH-26JUL19,1563361144400,open,0.38,867.0,0.353,0.465,0.4093,135.34,0.42,0.0,ETH-26JUL19-280-P,199.57,0.0,0.391,30.0,0.447,30.0,239.5,0.04021,-0.30658,-0.06513,0.00307,-0.93335
9357.73,SYN.BTC-26JUL19,1563361144413,open,0.0,57.0,0.0005,0.041,0.00104478,141.0,0.0005,0.0,BTC-26JUL19-15500-C,9357.45,128.91,0.0005,14.4,0.0015,4.4,148.0,0.53484,-4.24836,0.03048,2e-05,0.01444
9368.61,SYN.BTC-30AUG19,1563361144416,open,0.08,28.3,0.032,0.1115,0.07167905,114.15,0.082,0.0,BTC-30AUG19-12000-C,9357.45,111.2,0.068,19.3,0.075,5.0,116.75,11.8265,-15.38498,2.95938,0.0001,0.33449
9368.61,SYN.BTC-30AUG19,1563361144419,open,0.08,28.3,0.032,0.1115,0.07167905,114.15,0.082,0.0,BTC-30AUG19-12000-C,9357.45,111.2,0.068,19.3,0.0745,10.0,116.36,11.8265,-15.38498,2.95938,0.0001,0.33449
9357.73,SYN.BTC-26JUL19,1563361144426,open,0.03,450.9,0.0005,0.082,0.04067584,131.84,0.042,0.0,BTC-26JUL19-8500-P,9357.45,129.67,0.0395,24.1,0.045,31.5,140.03,4.94746,-36.74449,-0.73918,0.00018,-0.2842
9377.26,BTC-27SEP19,1563361144421,open,0.02,319.0,0.0005,0.063,0.02222002,105.33,0.0225,0.0,BTC-27SEP19-5500-P,9357.45,102.81,0.0205,21.0,0.0245,24.0,108.6,6.44865,-4.72503,-1.9711,4e-05,-0.08454
9436.92,BTC-27DEC19,1563361144418,open,0.36,93.7,0.3065,0.386,0.34646401,98.08,0.346,0.0,BTC-27DEC19-7500-C,9357.45,94.3,0.3385,11.0,0.3475,11.0,98.55,19.98194,-6.01618,17.04161,5e-05,0.75118
9357.73,SYN.BTC-26JUL19,1563361144429,open,0.01,630.9,0.0005,0.046,0.00620343,134.65,0.0065,0.0,BTC-26JUL19-13000-C,9357.45,131.23,0.0055,40.0,0.0075,0.1,140.39,2.0034,-15.19703,0.14984,7e-05,0.07206
9439.31,BTC-27DEC19,1563361144437,open,3.99,0.0,3.894,4.3015,4.09768288,118.9,None,0.0,BTC-27DEC19-48000-P,9357.45,0.0,0.0,0.0,0.0,0.0,0.0,6.44318,-2.35174,-212.64025,1e-05,-0.95058
9355.55,SYN.BTC-19JUL19,1563361144434,open,0.08,24.0,0.0225,0.102,0.06217181,144.15,0.056,0.0,BTC-19JUL19-9000-C,9357.45,133.63,0.0595,1.3,0.065,29.0,154.7,2.44283,-93.86871,0.28988,0.00038,0.66517
9355.55,SYN.BTC-19JUL19,1563361144445,open,0.01,232.0,0.0005,0.0465,0.00670508,140.76,0.0065,0.0,BTC-19JUL19-10500-C,9357.45,139.37,0.0065,2.4,0.0085,11.0,151.57,1.47193,-55.2301,0.06271,0.00023,0.13714
9377.26,BTC-27SEP19,1563361144433,open,0.17,806.4,0.12,0.1995,0.15964428,105.42,0.161,0.0,BTC-27SEP19-10000-C,9357.45,103.35,0.156,14.4,0.163,11.0,107.32,16.52381,-12.11778,6.99437,9e-05,0.53842
9368.61,SYN.BTC-30AUG19,1563361144438,open,0.05,10.3,0.001,0.0805,0.04090963,116.39,0.0485,0.0,BTC-30AUG19-14000-C,9357.45,113.96,0.0385,19.3,0.043,15.0,118.43,9.45743,-12.54413,1.9457,8e-05,0.2137
9360.2,SYN.BTC-26JUL19,1563361144447,open,0.18,381.0,0.154,0.2495,0.20158714,129.77,0.215,0.0,BTC-26JUL19-11000-P,9357.45,122.28,0.198,7.5,0.2125,7.5,151.16,4.56885,-33.40145,-2.18173,0.00017,-0.75694
9439.31,BTC-27DEC19,1563361144449,open,0.43,83.4,0.3935,0.509,0.4513572,100.16,0.4295,0.0,BTC-27DEC19-12000-P,9357.45,97.59,0.4445,6.0,0.458,3.6,102.66,25.1481,-7.73266,-40.47877,6e-05,-0.50964
9355.55,SYN.BTC-19JUL19,1563361144448,open,0.04,547.1,0.0065,0.09,0.04832678,139.12,0.053,0.0,BTC-19JUL19-9500-P,9357.45,145.2,0.05,2.3,0.055,18.0,162.75,2.66119,-98.68788,-0.28346,0.00043,-0.54132
9377.26,BTC-27SEP19,1563361144448,open,0.06,296.4,0.0215,0.106,0.06392856,104.97,0.058,0.0,BTC-27SEP19-7000-P,9357.45,103.39,0.062,19.3,0.067,25.4,107.47,11.46333,-8.37068,-4.77635,6e-05,-0.19473
199.48,SYN.ETH-26JUL19,1563361144453,open,0.38,867.0,0.353,0.465,0.4093,135.34,0.42,0.0,ETH-26JUL19-280-P,199.57,0.0,0.393,30.0,0.447,30.0,239.5,0.04021,-0.30658,-0.06513,0.00307,-0.93335
9357.73,SYN.BTC-26JUL19,1563361144461,open,0.0,57.0,0.0005,0.041,0.00104478,141.0,0.0005,0.0,BTC-26JUL19-15500-C,9357.45,128.91,0.0005,2.9,0.0015,4.4,148.0,0.53484,-4.24836,0.03048,2e-05,0.01444
9439.31,BTC-27DEC19,1563361144469,open,2.35,0.3,2.2805,2.553,2.41672611,110.7,2.435,0.0,BTC-27DEC19-32000-P,9357.81,0.0,0.0,0.0,0.0,0.0,0.0,11.07149,-3.76249,-139.70262,3e-05,-0.89993
9439.31,BTC-27DEC19,1563361144469,open,3.58,0.0,3.4895,3.863,3.6762254,117.3,None,0.0,BTC-27DEC19-44000-P,9357.81,0.0,0.0,0.0,0.0,0.0,0.0,7.3028,-2.62956,-194.53135,2e-05,-0.94211
9379.62,BTC-27SEP19,1563361144469,open,2.14,0.0,2.0755,2.331,2.20328568,120.42,None,0.0,BTC-27SEP19-30000-P,9357.81,0.0,0.0,0.0,0.0,0.0,0.0,2.68713,-2.25104,-58.64556,1e-05,-0.97184
9379.62,BTC-27SEP19,1563361144469,open,0.0,433.4,0.0005,0.043,0.00296093,114.17,0.002,0.0,BTC-27SEP19-3500-P,9357.81,111.1,0.0025,4.1,0.0035,24.0,117.42,1.47983,-1.17534,-0.31215,1e-05,-0.01394
9379.62,BTC-27SEP19,1563361144470,open,0.02,387.3,0.0005,0.054,0.01412581,113.66,0.0155,0.0,BTC-27SEP19-22000-C,9357.81,111.83,0.013,39.0,0.015,0.5,115.03,5.90457,-4.66856,1.12827,3e-05,0.07521
9379.62,BTC-27SEP19,1563361144470,open,0.15,179.3,0.1145,0.207,0.1608314,104.93,0.151,0.0,BTC-27SEP19-9000-P,9357.81,103.84,0.159,19.3,0.166,4.7,108.01,15.76844,-11.51005,-9.87664,9e-05,-0.3739
9439.67,BTC-27DEC19,1563361144470,open,3.17,0.0,3.0845,3.4245,3.25452646,114.63,None,0.0,BTC-27DEC19-40000-P,9357.81,0.0,0.0005,3.0,0.0,0.0,0.0,8.13332,-2.86217,-176.4147,2e-05,-0.93355
9439.67,BTC-27DEC19,1563361144470,open,1.74,0.0,1.685,1.908,1.79646039,108.39,None,0.0,BTC-27DEC19-26000-P,9357.81,0.0,0.005,10.0,2.603,0.2,500.0,14.68852,-4.88725,-111.48608,3e-05,-0.85021
9379.62,BTC-27SEP19,1563361144470,open,1.93,0.0,1.872,2.111,1.99163877,119.65,None,0.0,BTC-27SEP19-28000-P,9357.81,0.0,0.0,0.0,0.0,0.0,0.0,3.31963,-2.76304,-54.58461,2e-05,-0.96362
9439.67,BTC-27DEC19,1563361144470,open,4.41,1.0,4.2995,4.7405,4.51984964,121.05,4.454,0.0,BTC-27DEC19-52000-P,9357.81,0.0,0.001,1.0,0.0,0.0,0.0,5.87144,-2.18181,-230.65907,1e-05,-0.95598
9439.67,BTC-27DEC19,1563361144471,open,0.85,0.0,0.8025,0.882,0.84236543,122.12,None,0.0,BTC-27DEC19-1500-C,9357.81,0.0,0.021,10.0,0.984,0.5,500.0,0.72614,-0.27222,6.47682,0.0,0.99612
9379.62,BTC-27SEP19,1563361144471,open,0.56,0.2,0.5135,0.593,0.55342851,108.17,0.65,0.0,BTC-27SEP19-4250-C,9357.81,0.0,0.005,10.1,0.682,5.0,299.4,2.78741,-2.09739,7.70473,1e-05,0.97057
9379.62,BTC-27SEP19,1563361144471,open,1.73,0.0,1.6695,1.8915,1.78067136,118.94,None,0.0,BTC-27SEP19-26000-P,9357.81,0.0,0.0,0.0,0.0,0.0,0.0,4.1329,-3.4196,-50.47921,2e-05,-0.95232
9360.2,SYN.BTC-26JUL19,1563361144470,open,0.0,595.5,0.0005,0.0415,0.00157513,140.91,0.0015,0.0,BTC-26JUL19-15000-C,9357.81,132.43,0.001,0.5,0.002,2.9,145.93,0.73249,-5.81461,0.0439,2e-05,0.02086
9439.67,BTC-27DEC19,1563361144471,open,1.94,0.1,1.882,2.1215,2.00158378,108.86,2.02,0.0,BTC-27DEC19-28000-P,9357.81,0.0,0.001,1.0,2.5,0.1,316.32,13.26093,-4.43144,-121.00651,3e-05,-0.8711
9439.67,BTC-27DEC19,1563361144472,open,1.15,1.6,1.103,1.2775,1.19017141,105.05,1.0905,0.0,BTC-27DEC19-20000-P,9357.81,0.0,0.005,5.0,1.466,1.0,213.94,19.42549,-6.26438,-82.3136,5e-05,-0.76395
9439.67,BTC-27DEC19,1563361144472,open,1.35,3.9,1.2945,1.485,1.38968122,106.18,0.752,0.0,BTC-27DEC19-22000-P,9357.81,0.0,0.0065,2.0,2.19,0.3,500.0,17.70368,-5.77061,-92.19645,4e-05,-0.79906
9371.06,SYN.BTC-30AUG19,1563361144469,open,0.1,27.6,0.056,0.1355,0.09566907,113.05,0.09,0.0,BTC-30AUG19-11000-C,9357.81,109.96,0.0915,14.4,0.0995,15.0,115.88,12.67122,-16.3239,3.60492,0.00011,0.41569
9379.62,BTC-27SEP19,1563361144472,open,0.0,442.4,0.0005,0.043,0.00335245,119.54,0.0025,0.0,BTC-27SEP19-32000-C,9357.81,112.18,0.002,39.0,0.005,30.0,126.13,2.03881,-1.6955,0.31258,1e-05,0.02028
9379.62,BTC-27SEP19,1563361144472,open,1.31,0.2,1.266,1.4545,1.36022691,114.59,1.391,0.0,BTC-27SEP19-22000-P,9357.81,0.0,0.005,10.0,1.8,0.1,398.4,6.03894,-4.81375,-42.16328,3e-05,-0.92253
9379.62,BTC-27SEP19,1563361144473,open,0.62,29.6,0.587,0.7185,0.65277443,109.49,0.601,0.0,BTC-27SEP19-15000-P,9357.81,0.0,0.005,10.0,1.2655,0.3,500.0,12.78249,-9.73619,-26.19179,7e-05,-0.76527
9379.62,BTC-27SEP19,1563361144473,open,1.52,0.2,1.4675,1.6725,1.56999532,116.96,1.6,0.0,BTC-27SEP19-24000-P,9357.81,0.0,0.0,0.0,0.0,0.0,0.0,4.98941,-4.05939,-46.3515,2e-05,-0.93952
9439.67,BTC-27DEC19,1563361144473,open,1.54,0.0,1.4885,1.6955,1.59211,107.34,None,0.0,BTC-27DEC19-24000-P,9357.81,0.0,0.0065,1.0,2.3955,0.2,500.0,16.12895,-5.31468,-101.90565,4e-05,-0.82712
9439.67,BTC-27DEC19,1563361144473,open,0.96,12.4,0.9145,1.0735,0.99414389,103.7,0.559,0.0,BTC-27DEC19-18000-P,9357.81,0.0,0.005,5.0,1.7785,0.2,500.0,21.19455,-6.74686,-72.24182,5e-05,-0.72087
9439.67,BTC-27DEC19,1563361144473,open,2.76,1.3,2.6825,2.989,2.83574214,113.72,2.792,0.0,BTC-27DEC19-36000-P,9357.81,0.0,0.0005,1.0,0.0,0.0,0.0,9.67817,-3.37877,-158.05793,2e-05,-0.91654
9360.2,SYN.BTC-26JUL19,1563361144469,open,0.32,56.6,0.2915,0.3985,0.34486506,135.06,0.3555,0.0,BTC-26JUL19-12500-P,9357.81,0.0,0.333,7.5,0.3715,7.5,204.09,2.60595,-19.82779,-2.82804,9e-05,-0.89762
9358.03,SYN.BTC-19JUL19,1563361144473,open,0.0,170.4,0.0005,0.04,0.0,144.93,0.0005,0.0,BTC-19JUL19-16500-C,9357.81,0.0,0.0,0.0,0.0035,10.0,401.81,0.0,-1e-05,0.0,0.0,0.0
9360.2,SYN.BTC-26JUL19,1563361144471,open,0.11,60.3,0.061,0.1405,0.10057613,131.14,0.1,0.0,BTC-26JUL19-9000-C,9357.81,123.45,0.096,18.0,0.1035,29.5,136.05,5.57651,-41.19698,1.17243,0.0002,0.61568
9360.2,SYN.BTC-26JUL19,1563361144471,open,1.19,0.0,1.1545,1.3335,1.2441489,197.09,None,0.0,BTC-26JUL19-21000-P,9357.81,0.0,0.0,0.0,0.0,0.0,0.0,0.27188,-3.01859,-5.09281,1e-05,-0.99335
9439.67,BTC-27DEC19,1563361144475,open,0.0,148.7,0.0005,0.041,0.00127519,122.2,0.0005,0.0,BTC-27DEC19-1500-P,9357.81,0.0,0.0,0.0,0.0025,16.0,134.74,0.72838,-0.27323,-0.21751,0.0,-0.00389
9439.67,BTC-27DEC19,1563361144475,open,2.15,0.2,2.0805,2.337,2.20868896,109.83,2.2245,0.0,BTC-27DEC19-30000-P,9357.81,0.0,0.0,0.0,0.0,0.0,0.0,12.11013,-4.083,-130.38756,3e-05,-0.88671
9358.03,SYN.BTC-19JUL19,1563361144473,open,0.0,3.0,0.0005,0.0425,0.00277669,145.19,0.0025,0.0,BTC-19JUL19-8000-P,9357.81,153.22,0.0035,2.1,0.0055,36.0,171.97,0.79456,-25.98437,-0.02998,0.00012,-0.05956
9371.06,SYN.BTC-30AUG19,1563361144469,open,0.14,30.4,0.0895,0.169,0.12915209,113.02,0.1215,0.0,BTC-30AUG19-10000-C,9357.81,108.93,0.1235,14.4,0.1315,9.1,114.71,12.95588,-16.68596,4.3129,0.00011,0.51202
9358.03,SYN.BTC-19JUL19,1563361144469,open,0.0,163.8,0.0005,0.04,0.0,144.93,0.0005,0.0,BTC-19JUL19-16000-C,9357.81,0.0,0.0,0.0,0.0015,10.0,338.6,1e-05,-3e-05,0.0,0.0,0.0
9371.06,SYN.BTC-30AUG19,1563361144472,open,0.33,1.0,0.2985,0.4065,0.35255248,114.34,0.3045,0.0,BTC-30AUG19-12000-P,9357.81,105.87,0.342,3.0,0.3785,3.0,134.36,11.83976,-15.42763,-11.45991,0.0001,-0.66478
9371.06,SYN.BTC-30AUG19,1563361144470,open,0.42,0.0,0.384,0.499,0.4414264,115.37,None,0.0,BTC-30AUG19-13000-P,9357.81,0.0,0.0,0.0,0.0,0.0,0.0,10.70626,-14.07547,-13.21634,9e-05,-0.73183
9360.2,SYN.BTC-26JUL19,1563361144474,open,0.0,389.3,0.0005,0.042,0.0020469,137.8,0.002,0.0,BTC-26JUL19-14500-C,9357.81,131.57,0.0015,11.0,0.003,3.6,146.49,0.90532,-7.02778,0.05643,3e-05,0.02684
9358.03,SYN.BTC-19JUL19,1563361144473,open,0.0,297.0,0.0005,0.04,1.55e-06,144.91,0.0005,0.0,BTC-19JUL19-14000-C,9357.81,0.0,0.0,0.0,0.0015,21.0,267.27,0.00178,-0.01449,3e-05,0.0,7e-05
9436.92,BTC-27DEC19,1563361144462,open,0.36,93.7,0.3065,0.386,0.34646401,98.08,0.346,0.0,BTC-27DEC19-7500-C,9357.45,94.3,0.3385,11.0,0.348,11.0,98.79,19.98194,-6.01618,17.04161,5e-05,0.75118
9439.67,BTC-27DEC19,1563361144493,open,0.04,139.4,0.0015,0.081,0.04132418,107.87,0.0455,0.0,BTC-27DEC19-26000-C,9357.81,106.67,0.0395,6.0,0.0445,21.0,109.89,14.55979,-4.82126,4.48621,3e-05,0.14783
9439.31,BTC-27DEC19,1563361144497,open,0.01,113.5,0.0005,0.052,0.01195496,100.22,0.0095,0.0,BTC-27DEC19-3500-P,9357.81,98.31,0.011,10.0,0.013,6.0,102.22,4.83014,-1.48599,-1.96229,1e-05,-0.03463
9357.73,SYN.BTC-26JUL19,1563361144467,open,0.01,475.8,0.0005,0.047,0.00711129,135.67,0.007,0.0,BTC-26JUL19-7000-P,9357.45,137.54,0.0075,0.1,0.009,7.5,144.26,1.95306,-14.92643,-0.17479,7e-05,-0.06971
9379.62,BTC-27SEP19,1563361144497,open,0.36,60.1,0.327,0.437,0.38212297,107.65,0.395,0.0,BTC-27SEP19-12000-P,9357.81,105.81,0.379,2.7,0.393,6.0,113.99,15.98049,-11.96683,-18.3077,9e-05,-0.60907
9439.67,BTC-27DEC19,1563361144512,open,1.74,0.0,1.685,1.908,1.79646039,108.39,None,0.0,BTC-27DEC19-26000-P,9357.81,0.0,0.005,10.0,2.602,0.2,500.0,14.68852,-4.88725,-111.48608,3e-05,-0.85021
9379.62,BTC-27SEP19,1563361144513,open,0.45,35.9,0.409,0.526,0.467618,107.83,0.391,0.0,BTC-27SEP19-13000-P,9357.81,105.57,0.464,6.0,0.481,6.0,116.05,15.05384,-11.29228,-21.03202,8e-05,-0.67107
9379.62,BTC-27SEP19,1563361144517,open,0.53,78.2,0.4965,0.6205,0.55852253,108.66,0.54,0.0,BTC-27SEP19-14000-P,9357.81,105.6,0.554,6.0,0.5725,6.0,117.83,13.95666,-10.55014,-23.65598,7e-05,-0.72223
9379.62,BTC-27SEP19,1563361144508,open,0.1,463.4,0.063,0.151,0.10682937,105.04,0.103,0.0,BTC-27SEP19-8000-P,9357.81,103.15,0.104,19.3,0.1105,6.0,107.48,14.07986,-10.28776,-7.19755,8e-05,-0.28285
9439.67,BTC-27DEC19,1563361144524,open,1.35,3.9,1.2945,1.485,1.38968122,106.18,0.752,0.0,BTC-27DEC19-22000-P,9357.81,0.0,0.0065,2.0,2.189,0.3,500.0,17.70368,-5.77061,-92.19645,4e-05,-0.79906
9439.67,BTC-27DEC19,1563361144519,open,0.36,93.7,0.3065,0.386,0.34646401,98.01,0.346,0.0,BTC-27DEC19-7500-C,9357.81,94.71,0.3395,11.0,0.348,11.0,98.73,19.98149,-6.0116,17.05425,5e-05,0.75133
9439.67,BTC-27DEC19,1563361144526,open,0.69,5.6,0.644,0.7805,0.71202374,102.02,0.7075,0.0,BTC-27DEC19-15000-P,9357.81,0.0,0.005,10.0,1.4705,0.2,500.0,23.75269,-7.43859,-56.64166,6e-05,-0.63265
9360.2,SYN.BTC-26JUL19,1563361144523,open,0.11,60.3,0.061,0.1405,0.10057613,131.14,0.1,0.0,BTC-26JUL19-9000-C,9357.81,123.45,0.096,18.0,0.1035,11.5,136.05,5.57651,-41.19698,1.17243,0.0002,0.61568
9360.2,SYN.BTC-26JUL19,1563361144531,open,0.06,303.1,0.0135,0.093,0.05315689,129.1,0.0545,0.0,BTC-26JUL19-10000-C,9357.81,126.36,0.0515,0.1,0.056,12.5,133.78,5.67393,-41.2643,0.81202,0.00021,0.40991
9439.67,BTC-27DEC19,1563361144537,open,0.96,12.4,0.9145,1.0735,0.99414389,103.7,0.559,0.0,BTC-27DEC19-18000-P,9357.81,0.0,0.005,5.0,1.7775,0.2,500.0,21.19455,-6.74686,-72.24182,5e-05,-0.72087
9439.67,BTC-27DEC19,1563361144539,open,0.16,237.6,0.122,0.2145,0.16826891,98.12,0.1565,0.0,BTC-27DEC19-8000-P,9357.81,95.56,0.1625,4.9,0.1725,6.0,100.0,21.25946,-6.40351,-18.92008,5e-05,-0.28089
9439.67,BTC-27DEC19,1563361144542,open,0.16,237.6,0.122,0.2145,0.16826891,98.12,0.1565,0.0,BTC-27DEC19-8000-P,9357.81,95.78,0.163,10.0,0.1725,6.0,100.0,21.25946,-6.40351,-18.92008,5e-05,-0.28089
9379.62,BTC-27SEP19,1563361144536,open,0.17,806.4,0.12,0.1995,0.15964428,105.37,0.161,0.0,BTC-27SEP19-10000-C,9357.81,103.3,0.156,14.4,0.162,11.0,106.7,16.52742,-12.11409,6.99869,9e-05,0.53856
9358.03,SYN.BTC-19JUL19,1563361144550,open,0.12,6.1,0.061,0.1405,0.10097079,143.82,0.109,0.0,BTC-19JUL19-8500-C,9357.81,119.21,0.097,6.0,0.104,6.0,160.26,1.64866,-63.2056,0.35421,0.00025,0.83753
9358.03,SYN.BTC-19JUL19,1563361144547,open,0.02,266.8,0.0005,0.065,0.02416732,144.29,0.027,0.0,BTC-19JUL19-9000-P,9357.81,143.64,0.024,2.0,0.027,1.0,155.09,2.44112,-93.88984,-0.17225,0.00038,-0.33401
9379.62,BTC-27SEP19,1563361144552,open,0.06,296.4,0.0215,0.106,0.06392856,105.02,0.058,0.0,BTC-27SEP19-7000-P,9357.81,103.03,0.0615,19.3,0.067,25.4,107.53,11.46291,-8.37472,-4.77588,6e-05,-0.19464
9360.2,SYN.BTC-26JUL19,1563361144548,open,0.18,381.0,0.154,0.2495,0.20158714,129.77,0.215,0.0,BTC-26JUL19-11000-P,9357.81,126.5,0.2,7.5,0.2125,7.5,151.16,4.56885,-33.40145,-2.18173,0.00017,-0.75694
9379.62,BTC-27SEP19,1563361144562,open,0.28,127.7,0.249,0.3525,0.30074844,106.64,0.2865,0.0,BTC-27SEP19-11000-P,9357.81,104.51,0.297,14.4,0.3085,14.4,111.04,16.522,-12.25666,-15.5267,9e-05,-0.53988
9358.03,SYN.BTC-19JUL19,1563361144572,open,0.12,6.1,0.061,0.1405,0.10097079,143.82,0.109,0.0,BTC-19JUL19-8500-C,9357.81,122.61,0.0975,6.0,0.104,6.0,160.26,1.64866,-63.2056,0.35421,0.00025,0.83753
9439.67,BTC-27DEC19,1563361144573,open,0.25,452.1,0.1975,0.277,0.23740038,98.73,0.238,0.0,BTC-27DEC19-10000-C,9357.81,96.65,0.232,3.6,0.2405,11.0,99.93,24.42841,-7.40415,15.09453,6e-05,0.59574
9360.2,SYN.BTC-26JUL19,1563361144566,open,0.0,57.0,0.0005,0.041,0.00104478,140.92,0.0005,0.0,BTC-26JUL19-15500-C,9357.81,128.85,0.0005,14.4,0.0015,4.4,147.94,0.53467,-4.24447,0.03047,2e-05,0.01443
9439.67,BTC-27DEC19,1563361144584,open,0.29,181.6,0.235,0.3145,0.27456942,98.02,0.287,0.0,BTC-27DEC19-9000-C,9357.81,95.96,0.2695,3.6,0.278,11.0,99.41,23.22023,-6.98674,16.04612,6e-05,0.6555
9379.62,BTC-27SEP19,1563361144577,open,0.59,227.5,0.5385,0.618,0.57844027,109.19,0.7065,0.0,BTC-27SEP19-4000-C,9357.81,77.13,0.574,11.0,0.5805,11.0,116.97,2.24226,-1.70321,7.36725,1e-05,0.97731
9439.67,BTC-27DEC19,1563361144587,open,0.25,452.1,0.1975,0.277,0.23740038,98.73,0.238,0.0,BTC-27DEC19-10000-C,9357.81,96.65,0.232,3.6,0.241,11.0,100.13,24.42841,-7.40415,15.09453,6e-05,0.59574
9371.06,SYN.BTC-30AUG19,1563361144594,open,0.02,0.0,0.0005,0.0625,0.02194909,116.89,None,0.0,BTC-30AUG19-6000-P,9357.81,111.78,0.019,38.0,0.0255,13.9,122.73,5.54765,-7.38996,-1.3323,4e-05,-0.09632
9371.06,SYN.BTC-30AUG19,1563361144596,open,0.02,0.0,0.0005,0.0625,0.02194909,116.89,None,0.0,BTC-30AUG19-6000-P,9357.81,111.78,0.019,38.0,0.0255,13.8,122.73,5.54765,-7.38996,-1.3323,4e-05,-0.09632
9371.06,SYN.BTC-30AUG19,1563361144590,open,0.25,14.6,0.2195,0.3205,0.26980304,113.27,0.2625,0.0,BTC-30AUG19-11000-P,9357.81,111.57,0.2675,14.4,0.2805,3.0,121.15,12.67448,-16.36088,-9.61602,0.00011,-0.58384
9358.03,SYN.BTC-19JUL19,1563361144599,open,0.11,415.7,0.084,0.174,0.12903318,142.33,0.137,0.0,BTC-19JUL19-10500-P,9357.81,135.67,0.128,6.0,0.1355,6.0,177.85,1.49776,-56.8271,-0.47532,0.00023,-0.85936
9379.62,BTC-27SEP19,1563361144596,open,0.49,793.2,0.441,0.5205,0.48097073,105.78,0.5945,0.0,BTC-27SEP19-5000-C,9357.81,96.27,0.4765,11.0,0.484,11.0,111.43,4.80405,-3.53493,8.52214,3e-05,0.94237
9358.03,SYN.BTC-19JUL19,1563361144603,open,0.25,83.2,0.232,0.334,0.28298547,159.03,0.2865,0.0,BTC-19JUL19-12000-P,9357.81,0.0,0.278,6.0,0.3065,6.0,351.14,0.28034,-11.88433,-0.6089,4e-05,-0.98317
9371.06,SYN.BTC-30AUG19,1563361144605,open,0.1,27.6,0.056,0.1355,0.09566907,113.05,0.09,0.0,BTC-30AUG19-11000-C,9357.81,109.96,0.0915,14.4,0.0995,19.0,115.88,12.67122,-16.3239,3.60492,0.00011,0.41569
9371.06,SYN.BTC-30AUG19,1563361144601,open,0.02,0.5,0.0005,0.0585,0.01860972,119.6,0.019,0.0,BTC-30AUG19-17000-C,9357.81,114.6,0.0155,34.0,0.0205,15.0,122.44,6.09119,-8.30208,1.02436,5e-05,0.10955
9439.67,BTC-27DEC19,1563361144621,open,0.14,161.0,0.096,0.1865,0.14121484,98.11,0.132,0.0,BTC-27DEC19-7500-P,9357.81,95.65,0.136,10.0,0.144,6.0,99.43,19.98185,-6.01842,-16.42347,5e-05,-0.24868
9379.62,BTC-27SEP19,1563361144605,open,0.11,586.4,0.063,0.1425,0.10250761,107.5,0.1,0.0,BTC-27SEP19-12000-C,9357.81,106.03,0.1,23.8,0.1055,11.0,109.26,15.976,-11.94743,5.32002,9e-05,0.39054
9360.2,SYN.BTC-26JUL19,1563361144623,open,0.47,11.0,0.4395,0.559,0.49908892,140.01,0.1845,0.0,BTC-26JUL19-14000-P,9357.81,0.0,0.4945,7.5,0.5285,7.5,240.56,1.29324,-10.20036,-3.31789,4e-05,-0.95861
9360.2,SYN.BTC-26JUL19,1563361144629,open,0.0,213.0,0.0005,0.041,0.00133796,140.02,0.0015,0.0,BTC-26JUL19-6000-P,9357.81,134.07,0.001,1.0,0.0015,4.7,142.53,0.58234,-4.59332,-0.03932,2e-05,-0.01594
9371.06,SYN.BTC-30AUG19,1563361144623,open,0.08,41.1,0.0395,0.126,0.08275087,113.49,0.079,0.0,BTC-30AUG19-8000-P,9357.81,110.24,0.079,19.3,0.087,13.0,117.15,10.83463,-14.01215,-4.0262,9e-05,-0.27467
9379.62,BTC-27SEP19,1563361144633,open,0.15,179.3,0.1145,0.207,0.1608314,104.93,0.151,0.0,BTC-27SEP19-9000-P,9357.81,103.54,0.1585,19.3,0.166,4.7,108.01,15.76844,-11.51005,-9.87664,9e-05,-0.3739
9358.03,SYN.BTC-19JUL19,1563361144642,open,0.0,3.0,0.0005,0.0425,0.00277669,145.19,0.0025,0.0,BTC-19JUL19-8000-P,9357.81,153.22,0.0035,2.2,0.0055,36.0,171.97,0.79456,-25.98437,-0.02998,0.00012,-0.05956
9439.31,BTC-27DEC19,1563361144644,open,0.43,83.4,0.3935,0.509,0.4513572,100.16,0.4295,0.0,BTC-27DEC19-12000-P,9357.81,97.59,0.4445,6.0,0.4585,3.6,102.84,25.1481,-7.73266,-40.47877,6e-05,-0.50964
9379.62,BTC-27SEP19,1563361144646,open,0.21,218.1,0.1775,0.275,0.22605387,105.52,0.2285,0.0,BTC-27SEP19-10000-P,9357.81,104.07,0.2235,14.4,0.2315,4.8,108.61,16.52656,-12.13096,-12.69431,9e-05,-0.46123
9358.03,SYN.BTC-19JUL19,1563361144657,open,0.01,198.9,0.0005,0.0425,0.00280438,143.89,0.003,0.0,BTC-19JUL19-11000-C,9357.81,140.44,0.0025,2.7,0.004,11.2,155.88,0.84863,-26.24351,0.02982,0.00013,0.06481
9379.62,BTC-27SEP19,1563361144655,open,0.17,806.4,0.12,0.1995,0.15964428,105.37,0.161,0.0,BTC-27SEP19-10000-C,9357.81,103.01,0.1555,14.4,0.162,11.0,106.7,16.52742,-12.11409,6.99869,9e-05,0.53856
9360.2,SYN.BTC-26JUL19,1563361144665,open,0.0,560.8,0.0005,0.04,0.00017298,144.95,0.0005,0.0,BTC-26JUL19-18000-C,9357.81,0.0,0.0,0.0,0.0005,3.6,161.03,0.12218,-0.99763,0.00579,0.0,0.00272
9371.06,SYN.BTC-30AUG19,1563361144664,open,0.18,5.1,0.149,0.244,0.19654661,113.22,0.1915,0.0,BTC-30AUG19-10000-P,9357.81,111.01,0.1935,14.4,0.2035,3.0,118.25,12.95563,-16.71542,-7.70808,0.00011,-0.48772
9439.67,BTC-27DEC19,1563361144768,open,0.16,237.6,0.122,0.2145,0.16826891,98.12,0.1565,0.0,BTC-27DEC19-8000-P,9357.81,95.56,0.1625,14.9,0.1725,6.0,100.0,21.25946,-6.40351,-18.92008,5e-05,-0.28089
9371.06,SYN.BTC-30AUG19,1563361144771,open,0.08,28.3,0.032,0.1115,0.07167905,114.08,0.082,0.0,BTC-30AUG19-12000-C,9357.81,111.15,0.068,19.3,0.075,15.0,116.7,11.83013,-15.37935,2.96091,0.0001,0.33453
9360.2,SYN.BTC-26JUL19,1563361144827,open,0.0,57.0,0.0005,0.041,0.00104478,140.92,0.0005,0.0,BTC-26JUL19-15500-C,9357.81,128.85,0.0005,2.9,0.0015,4.4,147.94,0.53467,-4.24447,0.03047,2e-05,0.01443
9379.62,BTC-27SEP19,1563361144837,open,0.4,714.8,0.3535,0.433,0.39344635,105.16,0.434,0.0,BTC-27SEP19-6000-C,9357.81,97.51,0.387,11.0,0.396,11.0,108.06,8.17242,-5.97838,9.0445,4e-05,0.88312
9379.62,BTC-27SEP19,1563361144847,open,0.49,793.2,0.441,0.5205,0.48097073,105.78,0.5945,0.0,BTC-27SEP19-5000-C,9357.81,96.27,0.4765,11.0,0.483,11.0,109.62,4.80405,-3.53493,8.52214,3e-05,0.94237
9379.62,BTC-27SEP19,1563361144858,open,0.53,78.2,0.4965,0.6205,0.55852253,108.66,0.54,0.0,BTC-27SEP19-14000-P,9357.81,105.6,0.554,6.0,0.573,6.0,118.15,13.95666,-10.55014,-23.65598,7e-05,-0.72223
9379.98,BTC-27SEP19,1563361144860,open,0.28,127.7,0.249,0.3525,0.30074844,106.66,0.2865,0.0,BTC-27SEP19-11000-P,9357.81,104.81,0.2975,6.0,0.3085,14.4,111.05,16.52293,-12.25946,-15.52598,9e-05,-0.53981
199.14,ETH-27SEP19,1563361144869,open,0.03,4141.0,0.001,0.07,0.030904,118.07,0.026,0.0,ETH-27SEP19-400-C,199.57,115.12,0.028,593.0,0.034,200.0,121.12,0.19905,-0.16349,0.04377,0.00216,0.14249
9360.2,SYN.BTC-26JUL19,1563361144871,open,0.0,57.0,0.0005,0.041,0.00104478,140.92,0.0005,0.0,BTC-26JUL19-15500-C,9357.81,128.85,0.0005,14.4,0.0015,4.4,147.94,0.53467,-4.24447,0.03047,2e-05,0.01443
9439.31,BTC-27DEC19,1563361144887,open,0.39,54.4,0.335,0.4145,0.37454361,98.01,0.3805,0.0,BTC-27DEC19-7000-C,9357.81,94.15,0.367,11.0,0.376,11.0,98.75,18.49946,-5.56588,17.22508,5e-05,0.78348
9358.03,SYN.BTC-19JUL19,1563361144897,open,0.04,43.3,0.0005,0.0725,0.03288707,138.93,0.032,0.0,BTC-19JUL19-9500-C,9357.81,135.81,0.032,2.3,0.0365,10.0,151.62,2.66255,-98.60423,0.20522,0.00043,0.45962
201.03,ETH-27DEC19,1563361144900,open,0.15,584.0,0.114,0.205,0.159394,106.37,0.1,0.0,ETH-27DEC19-160-P,199.57,102.41,0.151,189.0,0.167,2.0,109.96,0.42615,-0.13915,-0.36667,0.00222,-0.24935
9439.67,BTC-27DEC19,1563361144908,open,0.45,122.9,0.398,0.4775,0.43768208,97.99,0.439,0.0,BTC-27DEC19-6000-C,9357.81,94.37,0.432,11.0,0.44,11.0,99.44,14.95912,-4.49969,17.20133,4e-05,0.84604
9358.03,SYN.BTC-19JUL19,1563361144915,open,0.2,224.5,0.181,0.279,0.23019247,150.82,0.245,0.0,BTC-19JUL19-11500-P,9357.81,0.0,0.226,6.0,0.2405,6.0,245.69,0.48135,-19.35207,-0.57621,7e-05,-0.96801
9379.98,BTC-27SEP19,1563361144918,open,0.59,227.5,0.5385,0.618,0.57844027,109.13,0.7065,0.0,BTC-27SEP19-4000-C,9357.81,0.0,0.5735,11.0,0.5805,11.0,116.92,2.238,-1.69898,7.36849,1e-05,0.97736
9360.2,SYN.BTC-26JUL19,1563361144929,open,0.27,315.8,0.2435,0.3465,0.29501502,132.44,0.284,0.0,BTC-26JUL19-12000-P,9357.81,123.07,0.292,7.5,0.3205,7.5,192.16,3.18074,-23.73009,-2.63868,0.00011,-0.86428
9358.03,SYN.BTC-19JUL19,1563361144931,open,0.31,62.5,0.283,0.3895,0.33620009,171.84,0.3,0.0,BTC-19JUL19-12500-P,9357.81,0.0,0.3305,6.0,0.361,6.0,391.33,0.19515,-8.93921,-0.63726,3e-05,-0.98894
9358.03,SYN.BTC-19JUL19,1563361144933,open,0.46,16.4,0.437,0.556,0.49643901,225.03,0.495,0.0,BTC-19JUL19-14000-P,9357.81,0.0,0.4885,6.0,0.526,6.0,500.0,0.1444,-8.66174,-0.71587,1e-05,-0.99216
9439.67,BTC-27DEC19,1563361144935,open,0.6,17.7,0.557,0.6865,0.6216536,101.23,0.6235,0.0,BTC-27DEC19-14000-P,9357.81,98.46,0.6145,6.0,0.6295,3.6,104.26,24.41434,-7.58717,-51.31914,6e-05,-0.59666
201.02,ETH-27DEC19,1563361144942,open,0.29,194.0,0.24,0.319,0.279331,106.28,0.275,0.0,ETH-27DEC19-200-C,199.57,102.19,0.269,30.0,0.291,30.0,111.01,0.50171,-0.16368,0.32486,0.00262,0.64137
9379.62,BTC-27SEP19,1563361144940,open,0.4,714.8,0.3535,0.433,0.39344635,105.16,0.434,0.0,BTC-27SEP19-6000-C,9357.81,99.34,0.3885,11.0,0.396,11.0,108.06,8.17242,-5.97838,9.0445,4e-05,0.88312
9379.62,BTC-27SEP19,1563361144951,open,0.53,78.2,0.4965,0.6205,0.55852253,108.66,0.54,0.0,BTC-27SEP19-14000-P,9357.81,105.6,0.554,6.0,0.572,6.0,117.51,13.95666,-10.55014,-23.65598,7e-05,-0.72223
9379.98,BTC-27SEP19,1563361144958,open,0.28,127.7,0.249,0.3525,0.30074844,106.66,0.2865,0.0,BTC-27SEP19-11000-P,9357.81,104.53,0.297,20.4,0.3085,14.4,111.05,16.52293,-12.25946,-15.52598,9e-05,-0.53981
199.52,SYN.ETH-26JUL19,1563361144970,open,0.01,2051.0,0.001,0.054,0.014286,135.09,0.013,0.0,ETH-26JUL19-160-P,199.57,143.31,0.017,406.0,0.021,250.0,154.66,0.06384,-0.48582,-0.00673,0.00488,-0.12443
199.52,SYN.ETH-26JUL19,1563361144977,open,0.12,0.0,0.068,0.147,0.107762,134.82,None,0.0,ETH-26JUL19-190-C,199.57,131.82,0.106,150.0,0.118,150.0,152.2,0.11725,-0.89048,0.02544,0.00898,0.63216
199.48,SYN.ETH-26JUL19,1563361145002,open,0.05,711.0,0.007,0.086,0.046024,134.97,0.054,0.0,ETH-26JUL19-220-C,199.57,134.96,0.046,200.0,0.054,218.0,148.55,0.11631,-0.88435,0.0152,0.00891,0.35941
200.98,ETH-27DEC19,1563361145013,open,0.12,219.0,0.073,0.152,0.112816,109.09,0.118,0.0,ETH-27DEC19-360-C,199.57,107.11,0.108,2.0,0.12,259.0,112.05,0.48715,-0.16315,0.19625,0.00248,0.33161
199.14,ETH-27SEP19,1563361145024,open,0.25,779.0,0.199,0.278,0.238555,111.94,0.227,0.0,ETH-27SEP19-180-C,199.57,107.84,0.232,120.0,0.246,120.0,116.6,0.31834,-0.2479,0.17087,0.00364,0.67429
199.52,SYN.ETH-26JUL19,1563361145031,open,0.15,50.0,0.098,0.177,0.137824,134.77,0.138,0.0,ETH-26JUL19-180-C,199.57,133.19,0.137,50.0,0.147,50.0,152.15,0.10399,-0.78954,0.02844,0.00797,0.72404
9360.2,SYN.BTC-26JUL19,1563361145041,open,0.01,630.9,0.0005,0.046,0.00622092,134.54,0.0065,0.0,BTC-26JUL19-13000-C,9357.81,131.15,0.0055,10.0,0.0075,0.1,140.3,2.00355,-15.1855,0.14986,7e-05,0.07204
199.52,SYN.ETH-19JUL19,1563361145040,open,0.12,10.0,0.065,0.144,0.104596,134.75,0.116,0.0,ETH-19JUL19-180-C,199.57,149.75,0.107,50.0,0.115,50.0,191.94,0.03068,-1.10194,0.00782,0.01113,0.86738
9371.06,SYN.BTC-30AUG19,1563361145049,open,0.05,10.3,0.001,0.0805,0.04095475,116.33,0.0485,0.0,BTC-30AUG19-14000-C,9357.81,113.41,0.038,19.3,0.043,15.0,118.38,9.45989,-12.54057,1.94641,8e-05,0.2137
199.52,SYN.ETH-19JUL19,1563361145054,open,0.12,10.0,0.065,0.144,0.104596,134.75,0.116,0.0,ETH-19JUL19-180-C,199.57,149.75,0.107,50.0,0.116,50.0,196.79,0.03068,-1.10194,0.00782,0.01113,0.86738
9360.2,SYN.BTC-26JUL19,1563361145061,open,0.0,57.0,0.0005,0.041,0.0010483,140.92,0.0005,0.0,BTC-26JUL19-15500-C,9357.81,128.85,0.0005,2.9,0.0015,4.4,147.94,0.53467,-4.24447,0.03047,2e-05,0.01443
9379.62,BTC-27SEP19,1563361145056,open,0.06,296.4,0.0215,0.106,0.0638636,105.02,0.058,0.0,BTC-27SEP19-7000-P,9357.81,103.03,0.0615,19.3,0.067,6.1,107.53,11.46291,-8.37472,-4.77588,6e-05,-0.19464
200.98,ETH-27DEC19,1563361145062,open,0.39,693.0,0.355,0.467,0.410781,106.43,0.423,0.0,ETH-27DEC19-240-P,199.57,101.6,0.398,30.0,0.423,30.0,111.03,0.53261,-0.17401,-0.77905,0.00278,-0.45783
201.03,ETH-27DEC19,1563361145076,open,1.97,0.0,1.907,2.149,2.027971,114.67,0.953,0.0,ETH-27DEC19-600-P,199.64,0.0,0.0,0.0,0.0,0.0,0.0,0.3105,-0.1093,-2.58341,0.0015,-0.85187
201.1,ETH-27DEC19,1563361145076,open,1.23,0.0,1.177,1.357,1.266858,111.19,None,0.0,ETH-27DEC19-440-P,199.64,0.0,1.172,110.0,0.0,0.0,0.0,0.42449,-0.14489,-1.81225,0.00212,-0.75263
201.1,ETH-27DEC19,1563361145076,open,2.54,0.0,2.47,2.758,2.614209,119.97,None,0.0,ETH-27DEC19-720-P,199.64,0.0,0.003,5.0,0.0,0.0,0.0,0.26377,-0.09714,-3.13843,0.00122,-0.88312
201.1,ETH-27DEC19,1563361145076,open,2.35,0.0,2.283,2.555,2.418761,118.87,None,0.0,ETH-27DEC19-680-P,199.64,0.0,0.0,0.0,0.0,0.0,0.0,0.28072,-0.10244,-2.9533,0.00131,-0.87228
201.1,ETH-27DEC19,1563361145077,open,0.7,82.0,0.661,0.798,0.729701,108.24,0.64,0.0,ETH-27DEC19-320-P,199.64,84.28,0.671,110.0,1.58,1.0,500.0,0.51519,-0.17119,-1.20277,0.00264,-0.61061
201.1,ETH-27DEC19,1563361145077,open,1.05,16.0,1.0,1.166,1.082746,110.11,1.195,0.0,ETH-27DEC19-400-P,199.64,62.39,1.001,110.0,1.49,1.0,270.28,0.45632,-0.15425,-1.61297,0.0023,-0.71468
199.21,ETH-27SEP19,1563361145077,open,1.96,27.0,1.902,2.143,2.022408,130.22,1.044,0.0,ETH-27SEP19-600-P,199.64,0.0,0.0,0.0,0.0,0.0,0.0,0.09509,-0.08614,-1.16496,0.00093,-0.94729
201.1,ETH-27DEC19,1563361145077,open,1.59,37.0,1.538,1.749,1.643636,113.22,0.707,0.0,ETH-27DEC19-520-P,199.64,0.0,0.001,500.0,0.0,0.0,0.0,0.36454,-0.12671,-2.20184,0.00178,-0.81
199.21,ETH-27SEP19,1563361145077,open,0.91,259.0,0.868,1.023,0.945625,118.98,0.94,0.0,ETH-27SEP19-380-P,199.64,0.0,0.008,12.0,0.0,0.0,0.0,0.22262,-0.18425,-0.69705,0.00239,-0.83128
199.21,ETH-27SEP19,1563361145078,open,2.35,0.0,2.285,2.557,2.420898,133.6,None,0.0,ETH-27SEP19-680-P,199.64,0.0,0.0,0.0,0.0,0.0,0.0,0.07306,-0.06791,-1.32706,0.0007,-0.962
199.21,ETH-27SEP19,1563361145078,open,1.0,79.0,0.958,1.121,1.039541,118.76,0.351,0.0,ETH-27SEP19-400-P,199.64,0.0,0.01,1.0,0.0,0.0,0.0,0.20123,-0.16624,-0.74331,0.00217,-0.85527
199.21,ETH-27SEP19,1563361145078,open,1.57,12.0,1.521,1.73,1.625924,126.29,1.193,0.0,ETH-27SEP19-520-P,199.64,0.0,0.0,0.0,0.0,0.0,0.0,0.12654,-0.11117,-1.00025,0.00128,-0.92389
199.56,SYN.ETH-19JUL19,1563361145076,open,0.67,742.0,0.636,0.772,0.7041,281.88,0.144,0.0,ETH-19JUL19-340-P,199.64,0.0,0.035,10.0,0.0,0.0,0.0,0.00229,-0.17212,-0.01742,0.0004,-0.99439
9358.03,SYN.BTC-19JUL19,1563361145063,open,0.2,224.5,0.181,0.279,0.22987349,150.82,0.245,0.0,BTC-19JUL19-11500-P,9357.81,0.0,0.226,6.0,0.239,6.0,236.01,0.48135,-19.35207,-0.57621,7e-05,-0.96801
199.56,SYN.ETH-19JUL19,1563361145076,open,0.76,0.0,0.733,0.876,0.804341,309.75,None,0.0,ETH-19JUL19-360-P,199.64,0.0,0.001,25.0,0.0,0.0,0.0,0.00223,-0.18435,-0.01845,0.00035,-0.99455
199.21,ETH-27SEP19,1563361145083,open,0.02,2676.0,0.001,0.057,0.017464,121.32,0.023,0.0,ETH-27SEP19-480-C,199.64,117.64,0.015,600.0,0.02,200.0,124.82,0.13905,-0.11735,0.02698,0.00147,0.08623
199.21,ETH-27SEP19,1563361145085,open,0.01,1594.0,0.001,0.05,0.010616,124.29,0.013,0.0,ETH-27SEP19-560-C,199.64,118.53,0.008,300.0,0.014,200.0,130.59,0.09833,-0.08501,0.01741,0.00101,0.05499
201.1,ETH-27DEC19,1563361145087,open,0.18,209.0,0.132,0.211,0.17121,107.03,0.178,0.0,ETH-27DEC19-280-C,199.64,103.17,0.161,380.0,0.18,230.0,110.35,0.53295,-0.17511,0.25737,0.00276,0.45802
9379.62,BTC-27SEP19,1563361145091,open,0.06,296.4,0.0215,0.106,0.0638636,105.02,0.058,0.0,BTC-27SEP19-7000-P,9357.81,103.44,0.062,19.3,0.067,6.1,107.53,11.46291,-8.37472,-4.77588,6e-05,-0.19464
9358.03,SYN.BTC-19JUL19,1563361145102,open,0.0,3.0,0.0005,0.0425,0.0027602,145.19,0.0025,0.0,BTC-19JUL19-8000-P,9357.81,153.22,0.0035,2.2,0.0055,46.0,171.97,0.79456,-25.98437,-0.02998,0.00012,-0.05956
199.21,ETH-27SEP19,1563361145104,open,0.39,1374.0,0.355,0.466,0.410551,112.55,0.42,0.0,ETH-27SEP19-260-P,199.64,89.79,0.373,110.0,0.0,0.0,0.0,0.33877,-0.26523,-0.40098,0.00385,-0.61162
9379.98,BTC-27SEP19,1563361145098,open,0.59,227.5,0.539,0.6185,0.57855584,109.13,0.7065,0.0,BTC-27SEP19-4000-C,9357.81,84.31,0.5745,11.0,0.5805,11.0,116.92,2.238,-1.69898,7.36849,1e-05,0.97736
9360.2,SYN.BTC-26JUL19,1563361145107,open,0.22,273.8,0.197,0.2965,0.24672056,130.69,0.222,0.0,BTC-26JUL19-11500-P,9357.81,123.17,0.244,7.5,0.258,7.5,155.32,3.85475,-28.37984,-2.4244,0.00014,-0.81814
9439.69,BTC-27DEC19,1563361145116,open,0.51,58.3,0.4735,0.596,0.5346786,100.67,0.537,0.0,BTC-27DEC19-13000-P,9357.81,98.13,0.528,6.0,0.542,3.6,103.44,24.91225,-7.69854,-45.92361,6e-05,-0.55554
9358.03,SYN.BTC-19JUL19,1563361145104,open,0.04,547.1,0.0065,0.09,0.04817125,139.87,0.053,0.0,BTC-19JUL19-9500-P,9357.81,145.75,0.05,2.3,0.055,27.5,163.29,2.66291,-99.28874,-0.28285,0.00042,-0.53984
199.14,ETH-27SEP19,1563361145112,open,0.32,2398.0,0.281,0.387,0.334116,112.24,0.345,0.0,ETH-27SEP19-240-P,199.64,105.89,0.323,120.0,0.34,120.0,115.58,0.34977,-0.27309,-0.34671,0.00399,-0.55001
199.21,ETH-27SEP19,1563361145130,open,1.38,0.0,1.332,1.525,1.428299,123.17,None,0.0,ETH-27SEP19-480-P,199.64,0.0,0.0,0.0,0.0,0.0,0.0,0.14453,-0.12384,-0.91695,0.0015,-0.90917
9358.03,SYN.BTC-19JUL19,1563361145118,open,0.46,16.4,0.4365,0.5555,0.49604267,225.03,0.495,0.0,BTC-19JUL19-14000-P,9357.81,0.0,0.49,6.0,0.526,6.0,500.0,0.1444,-8.66174,-0.71587,1e-05,-0.99216
9371.06,SYN.BTC-30AUG19,1563361145138,open,0.04,52.8,0.0005,0.071,0.03117346,117.35,0.036,0.0,BTC-30AUG19-15000-C,9357.81,114.29,0.0285,19.3,0.0325,5.0,118.89,8.23251,-11.00928,1.56814,7e-05,0.17035
199.14,ETH-27SEP19,1563361145131,open,0.08,3015.0,0.033,0.112,0.072121,114.11,0.063,0.0,ETH-27SEP19-300-C,199.64,112.71,0.07,1.0,0.077,160.0,117.3,0.30204,-0.23976,0.08508,0.00339,0.28908
9371.06,SYN.BTC-30AUG19,1563361145223,open,0.1,27.6,0.056,0.1355,0.09575264,113.05,0.09,0.0,BTC-30AUG19-11000-C,9357.81,109.96,0.0915,14.4,0.0995,15.0,115.88,12.67122,-16.3239,3.60492,0.00011,0.41569
9360.2,SYN.BTC-26JUL19,1563361145318,open,0.0,57.0,0.0005,0.041,0.0010483,140.92,0.0005,0.0,BTC-26JUL19-15500-C,9357.81,128.85,0.0005,14.4,0.0015,4.4,147.94,0.53467,-4.24447,0.03047,2e-05,0.01443
9379.62,BTC-27SEP19,1563361145322,open,0.45,224.0,0.396,0.4755,0.43581555,105.17,0.5225,0.0,BTC-27SEP19-5500-C,9357.81,97.2,0.4305,11.0,0.438,11.0,108.47,6.43329,-4.70664,8.86698,4e-05,0.91576
199.59,SYN.ETH-26JUL19,1563361145340,open,1.16,0.0,1.118,1.293,1.205333,198.76,None,0.0,ETH-26JUL19-440-P,199.64,0.0,0.0,0.0,0.0,0.0,0.0,0.00704,-0.07887,-0.10663,0.00037,-0.9917
199.56,SYN.ETH-19JUL19,1563361145350,open,0.27,789.0,0.251,0.355,0.302979,155.02,0.297,0.0,ETH-19JUL19-260-P,199.64,0.0,0.283,10.0,0.329,10.0,374.66,0.00382,-0.15799,-0.01326,0.00121,-0.98997
199.21,ETH-27SEP19,1563361145358,open,2.54,0.0,2.476,2.765,2.620381,134.47,None,0.0,ETH-27SEP19-720-P,199.64,0.0,0.0,0.0,0.0,0.0,0.0,0.06313,-0.05905,-1.40774,0.0006,-0.9682
9439.69,BTC-27DEC19,1563361145358,open,1.54,0.0,1.488,1.695,1.59140488,106.93,None,0.0,BTC-27DEC19-24000-P,9357.81,0.0,0.0065,1.0,2.3955,0.2,500.0,16.03207,-5.26253,-101.94459,4e-05,-0.82875
9360.2,SYN.BTC-26JUL19,1563361145362,open,0.0,57.0,0.0005,0.041,0.0010483,140.92,0.0005,0.0,BTC-26JUL19-15500-C,9357.81,128.85,0.0005,2.9,0.0015,4.4,147.94,0.53467,-4.24447,0.03047,2e-05,0.01443
201.1,ETH-27DEC19,1563361145372,open,1.41,21.0,1.355,1.551,1.453035,111.69,0.629,0.0,ETH-27DEC19-480-P,199.64,0.0,1.347,110.0,0.0,0.0,0.0,0.39133,-0.13417,-2.00936,0.00194,-0.78611
9358.03,SYN.BTC-19JUL19,1563361145364,open,0.08,24.0,0.0225,0.102,0.06233178,143.31,0.056,0.0,BTC-19JUL19-9000-C,9357.81,133.0,0.0595,1.3,0.065,18.0,154.11,2.43879,-93.16485,0.29077,0.00038,0.6668
9439.31,BTC-27DEC19,1563361145375,open,0.39,54.4,0.335,0.4145,0.37464697,98.01,0.3805,0.0,BTC-27DEC19-7000-C,9357.81,93.89,0.3665,11.0,0.376,11.0,98.75,18.49946,-5.56588,17.22508,5e-05,0.78348
9358.39,SYN.BTC-19JUL19,1563361145381,open,0.2,224.5,0.181,0.279,0.22987349,145.12,0.245,0.0,BTC-19JUL19-11500-P,9357.81,0.0,0.2255,6.0,0.239,6.0,236.29,0.41654,-16.11394,-0.57854,6e-05,-0.97313
9358.03,SYN.BTC-19JUL19,1563361145383,open,0.15,296.3,0.1315,0.225,0.17828172,147.23,0.1615,0.0,BTC-19JUL19-11000-P,9357.81,0.0,0.1735,6.1,0.2,8.0,274.15,0.89662,-35.19066,-0.53331,0.00014,-0.93041
9379.62,BTC-27SEP19,1563361145386,open,0.53,78.2,0.496,0.6205,0.55820011,108.66,0.54,0.0,BTC-27SEP19-14000-P,9357.81,105.25,0.5535,6.0,0.572,6.0,117.51,13.95666,-10.55014,-23.65598,7e-05,-0.72223
9360.2,SYN.BTC-26JUL19,1563361145389,open,0.47,11.0,0.439,0.5585,0.49870276,140.01,0.1845,0.0,BTC-26JUL19-14000-P,9357.81,0.0,0.494,7.5,0.5285,7.5,240.56,1.29324,-10.20036,-3.31789,4e-05,-0.95861
9358.03,SYN.BTC-19JUL19,1563361145406,open,0.0,0.6,0.0005,0.0405,0.00055429,145.15,0.0025,0.0,BTC-19JUL19-7500-P,9357.81,158.75,0.001,23.6,0.0025,0.5,187.52,0.24911,-5.22471,-0.00732,4e-05,-0.01466
9439.67,BTC-27DEC19,1563361145421,open,0.03,255.2,0.0005,0.07,0.03049391,109.72,0.0325,0.0,BTC-27DEC19-30000-C,9357.81,108.56,0.029,6.0,0.0335,21.0,112.03,12.08138,-4.0692,3.47299,3e-05,0.11292
9379.62,BTC-27SEP19,1563361145442,open,0.01,1054.8,0.0005,0.0465,0.00664353,108.55,0.0045,0.0,BTC-27SEP19-4250-P,9357.81,106.31,0.006,15.0,0.008,24.0,112.82,2.8136,-2.12457,-0.67263,1e-05,-0.02976
9379.99,BTC-27SEP19,1563361145445,open,2.14,0.0,2.0745,2.3305,2.20248586,117.95,None,0.0,BTC-27SEP19-30000-P,9357.81,0.0,0.0,0.0,0.0,0.0,0.0,2.43487,-1.99786,-58.69101,1e-05,-0.97497
9379.98,BTC-27SEP19,1563361145451,open,0.0,421.0,0.0005,0.045,0.00499598,109.64,0.0045,0.0,BTC-27SEP19-4000-P,9357.81,105.23,0.004,19.7,0.006,24.0,113.55,2.27007,-1.73145,-0.5177,1e-05,-0.02302
9358.03,SYN.BTC-19JUL19,1563361145453,open,0.02,115.8,0.0005,0.0555,0.01565328,139.04,0.015,0.0,BTC-19JUL19-10000-C,9357.81,138.68,0.0155,2.0,0.017,5.1,144.97,2.21398,-82.05924,0.12187,0.00035,0.269
9439.69,BTC-27DEC19,1563361145454,open,0.51,58.3,0.4735,0.596,0.5346786,100.67,0.537,0.0,BTC-27DEC19-13000-P,9357.81,98.13,0.528,6.0,0.5425,3.6,103.62,24.91225,-7.69854,-45.92361,6e-05,-0.55554
9360.2,SYN.BTC-26JUL19,1563361145455,open,0.0,57.0,0.0005,0.041,0.0010483,140.92,0.0005,0.0,BTC-26JUL19-15500-C,9357.81,128.85,0.0005,2.9,0.0015,4.3,147.94,0.53467,-4.24447,0.03047,2e-05,0.01443
9371.06,SYN.BTC-30AUG19,1563361145456,open,0.14,30.4,0.0895,0.169,0.12925221,113.02,0.1215,0.0,BTC-30AUG19-10000-C,9357.81,108.57,0.123,14.4,0.1315,9.1,114.71,12.95588,-16.68596,4.3129,0.00011,0.51202
9379.99,BTC-27SEP19,1563361145467,open,0.91,1.0,0.871,1.0265,0.94879718,111.88,1.5815,0.0,BTC-27SEP19-18000-P,9358.97,0.0,0.005,0.3,1.5585,0.3,500.0,9.42143,-7.33229,-33.34549,5e-05,-0.85649
9379.99,BTC-27SEP19,1563361145468,open,1.73,0.0,1.669,1.891,1.77998298,117.6,None,0.0,BTC-27SEP19-26000-P,9358.97,0.0,0.0,0.0,0.0,0.0,0.0,3.963,-3.24194,-50.5134,2e-05,-0.95475
9358.39,SYN.BTC-19JUL19,1563361145467,open,0.0,459.3,0.0005,0.04,0.00032724,144.98,0.0005,0.0,BTC-19JUL19-12000-C,9358.97,0.0,0.0,0.0,0.001,0.9,168.75,0.17303,-3.06246,0.00447,3e-05,0.00963
9360.55,SYN.BTC-26JUL19,1563361145467,open,1.19,0.0,1.154,1.333,1.24355586,166.31,None,0.0,BTC-26JUL19-21000-P,9358.97,0.0,0.0,0.0,0.0,0.0,0.0,0.06747,-0.63216,-5.10357,0.0,-0.99859
9440.85,BTC-27DEC19,1563361145468,open,2.35,0.3,2.2805,2.553,2.41675789,111.19,2.435,0.0,BTC-27DEC19-32000-P,9358.97,0.0,0.0,0.0,0.0,0.0,0.0,11.20197,-3.82352,-139.65942,3e-05,-0.89834
9381.15,BTC-27SEP19,1563361145468,open,0.72,34.4,0.6795,0.819,0.74915158,110.14,0.3735,0.0,BTC-27SEP19-16000-P,9358.97,0.0,0.005,10.0,1.363,0.2,500.0,11.59191,-8.88123,-28.65096,6e-05,-0.80178
9381.15,BTC-27SEP19,1563361145469,open,1.52,0.2,1.467,1.672,1.56936329,116.54,1.6,0.0,BTC-27SEP19-24000-P,9358.97,0.0,0.0,0.0,0.0,0.0,0.0,4.93501,-4.00068,-46.36315,2e-05,-0.94037
9440.85,BTC-27DEC19,1563361145468,open,0.56,6.7,0.512,0.5915,0.5516482,98.22,0.55,0.0,BTC-27DEC19-4500-C,9358.97,0.0,0.0115,0.1,0.97,1.0,500.0,8.6993,-2.62297,15.83384,2e-05,0.9275
9381.15,BTC-27SEP19,1563361145468,open,0.84,42.8,0.8005,0.88,0.84023766,142.61,0.815,0.0,BTC-27SEP19-1500-C,9358.97,0.0,0.01,1.0,0.0,0.0,0.0,0.09514,-0.09438,2.93922,0.0,0.99934
9440.85,BTC-27DEC19,1563361145469,open,0.65,4.0,0.6015,0.681,0.64116574,100.11,0.64,0.0,BTC-27DEC19-3500-C,9358.97,0.0,0.0075,0.2,0.78,1.0,256.87,4.81849,-1.48089,13.6627,1e-05,0.96548
9440.85,BTC-27DEC19,1563361145470,open,3.17,0.0,3.0845,3.4245,3.25440673,115.1,None,0.0,BTC-27DEC19-40000-P,9358.97,0.0,0.0005,3.0,0.0,0.0,0.0,8.24893,-2.91463,-176.38061,2e-05,-0.93234
9440.85,BTC-27DEC19,1563361145470,open,3.58,0.0,3.4885,3.862,3.67505523,116.75,None,0.0,BTC-27DEC19-44000-P,9358.97,0.0,0.0,0.0,0.0,0.0,0.0,7.18117,-2.57379,-194.56578,2e-05,-0.94335
9440.85,BTC-27DEC19,1563361145470,open,1.35,3.9,1.2935,1.4845,1.38904324,105.99,0.752,0.0,BTC-27DEC19-22000-P,9358.97,0.0,0.0065,2.0,2.189,0.3,500.0,17.66636,-5.7479,-92.21255,4e-05,-0.7998
9381.15,BTC-27SEP19,1563361145470,open,1.93,0.0,1.8715,2.1105,1.99089438,118.9,None,0.0,BTC-27SEP19-28000-P,9358.97,0.0,0.0,0.0,0.0,0.0,0.0,3.23536,-2.67599,-54.60065,2e-05,-0.96475
9381.15,BTC-27SEP19,1563361145471,open,0.66,0.0,0.616,0.6955,0.655669,115.78,None,0.0,BTC-27SEP19-3250-C,9358.97,0.0,0.005,10.0,0.8975,5.0,500.0,1.12579,-0.90675,6.1731,1e-05,0.98983
9440.85,BTC-27DEC19,1563361145470,open,3.99,0.0,3.8925,4.3,4.09621109,117.93,None,0.0,BTC-27DEC19-48000-P,9358.97,0.0,0.0,0.0,0.0,0.0,0.0,6.23607,-2.25767,-212.69669,1e-05,-0.95257
9440.85,BTC-27DEC19,1563361145470,open,1.74,0.0,1.684,1.9075,1.79568896,108.1,None,0.0,BTC-27DEC19-26000-P,9358.97,0.0,0.005,10.0,2.602,0.2,500.0,14.62258,-4.85257,-111.51107,3e-05,-0.85125
9371.34,SYN.BTC-30AUG19,1563361145470,open,0.24,0.0,0.189,0.2685,0.22896511,113.39,None,0.0,BTC-30AUG19-8000-C,9358.97,104.29,0.2185,4.3,0.23,4.1,114.29,10.83335,-13.99891,5.59254,9e-05,0.72542
9440.85,BTC-27DEC19,1563361145471,open,2.76,1.3,2.6815,2.988,2.83464803,113.11,2.792,0.0,BTC-27DEC19-36000-P,9358.97,0.0,0.0005,1.0,0.0,0.0,0.0,9.52665,-3.3079,-158.1051,2e-05,-0.91829
9440.85,BTC-27DEC19,1563361145471,open,4.41,1.0,4.298,4.7385,4.51825289,119.54,4.454,0.0,BTC-27DEC19-52000-P,9358.97,0.0,0.001,1.0,0.0,0.0,0.0,5.56253,-2.0413,-230.74079,1e-05,-0.95884
9381.15,BTC-27SEP19,1563361145471,open,1.31,0.2,1.2655,1.454,1.35965194,114.27,1.391,0.0,BTC-27SEP19-22000-P,9358.97,0.0,0.005,10.0,1.8,0.1,398.61,5.99694,-4.7671,-42.17292,3e-05,-0.92326
9381.15,BTC-27SEP19,1563361145471,open,0.0,122.0,0.0005,0.0435,0.00383551,111.63,0.0015,0.0,BTC-27SEP19-3750-P,9358.97,107.04,0.003,19.7,0.005,24.0,117.12,1.83569,-1.42546,-0.40186,1e-05,-0.01792
9381.15,BTC-27SEP19,1563361145471,open,2.35,0.0,2.2785,2.5515,2.41500883,121.98,None,0.0,BTC-27SEP19-32000-P,9358.97,0.0,0.0,0.0,0.0,0.0,0.0,2.26449,-1.92149,-62.66258,1e-05,-0.97705
9440.85,BTC-27DEC19,1563361145472,open,0.78,7.1,0.732,0.8755,0.80367819,102.44,0.491,0.0,BTC-27DEC19-16000-P,9358.97,0.0,0.005,5.0,1.573,0.2,500.0,22.94997,-7.2171,-61.91319,6e-05,-0.66595
9360.55,SYN.BTC-26JUL19,1563361145470,open,0.88,0.0,0.8465,1.0,0.92320897,149.73,None,0.0,BTC-26JUL19-18000-P,9358.97,0.0,0.0,0.0,0.0,0.0,0.0,0.1589,-1.3403,-4.36933,0.0,-0.99636
9440.85,BTC-27DEC19,1563361145473,open,0.79,0.0,0.7505,0.83,0.79046267,112.35,None,0.0,BTC-27DEC19-2000-C,9358.97,0.0,0.0155,3.0,0.981,0.5,500.0,1.27227,-0.43878,8.52076,0.0,0.99272
9381.15,BTC-27SEP19,1563361145473,open,1.11,0.0,1.067,1.239,1.15297046,113.65,None,0.0,BTC-27SEP19-20000-P,9358.97,0.0,0.005,10.0,1.755,0.2,500.0,7.61334,-6.01886,-37.81737,4e-05,-0.89416
9371.34,SYN.BTC-30AUG19,1563361145470,open,0.8,0.0,0.7595,0.906,0.8327297,119.72,None,0.0,BTC-30AUG19-17000-P,9358.97,0.0,0.0,0.0,0.0,0.0,0.0,6.10399,-8.32768,-19.40819,5e-05,-0.89014
9371.34,SYN.BTC-30AUG19,1563361145471,open,0.9,0.0,0.8585,1.0125,0.93544961,120.92,None,0.0,BTC-30AUG19-18000-P,9358.97,0.0,0.0,0.0,0.0,0.0,0.0,5.23033,-7.20737,-20.80093,4e-05,-0.91105
9360.55,SYN.BTC-26JUL19,1563361145471,open,0.0,126.8,0.0005,0.0405,0.0005422,145.01,0.001,0.0,BTC-26JUL19-5500-P,9358.97,0.0,0.0,0.0,0.002,40.0,174.7,0.27932,-2.28172,-0.01684,1e-05,-0.00686
9381.15,BTC-27SEP19,1563361145475,open,0.51,13.5,0.465,0.5445,0.50469705,106.43,0.382,0.0,BTC-27SEP19-4750-C,9358.97,0.0,0.005,10.0,0.6575,5.0,299.13,4.06959,-3.01308,8.28605,2e-05,0.95324
9360.55,SYN.BTC-26JUL19,1563361145470,open,0.52,10.8,0.4895,0.613,0.5511653,138.44,0.166,0.0,BTC-26JUL19-14500-P,9358.97,0.0,0.0,0.0,0.0,0.0,0.0,0.92319,-7.19989,-3.46823,3e-05,-0.97252
9360.55,SYN.BTC-26JUL19,1563361145468,open,0.0,625.7,0.0005,0.04,0.00038569,144.77,0.0005,0.0,BTC-26JUL19-17000-C,9358.97,0.0,0.0,0.0,0.001,5.5,161.39,0.23704,-1.93317,0.01209,1e-05,0.0057
9360.55,SYN.BTC-26JUL19,1563361145469,open,0.23,17.0,0.173,0.2525,0.21284579,134.82,0.246,0.0,BTC-26JUL19-7500-C,9358.97,0.0,0.005,0.1,0.0,0.0,0.0,2.97441,-22.59081,1.5113,0.0001,0.8768
9360.55,SYN.BTC-26JUL19,1563361145469,open,0.32,0.0,0.2695,0.349,0.3090966,139.55,0.3665,0.0,BTC-26JUL19-6500-C,9358.97,0.0,0.005,0.1,0.0,0.0,0.0,1.18441,-9.31106,1.48807,4e-05,0.96285
9360.55,SYN.BTC-26JUL19,1563361145471,open,1.09,0.0,1.0515,1.222,1.13673943,159.24,None,0.0,BTC-26JUL19-20000-P,9358.97,0.0,0.0,0.0,0.0,0.0,0.0,0.07884,-0.70728,-4.85983,0.0,-0.99832
9358.39,SYN.BTC-19JUL19,1563361145468,open,0.57,0.0,0.539,0.667,0.60290125,215.4,None,0.0,BTC-19JUL19-15000-P,9358.97,0.0,0.001,1.0,0.0,0.0,0.0,0.03174,-1.82241,-0.77017,0.0,-0.99855
9358.39,SYN.BTC-19JUL19,1563361145476,open,0.62,0.0,0.5905,0.7225,0.65633123,229.38,None,0.0,BTC-19JUL19-15500-P,9358.97,0.0,0.001,1.0,0.0,0.0,0.0,0.03098,-1.89423,-0.79588,0.0,-0.99859
9371.34,SYN.BTC-30AUG19,1563361145493,open,0.7,0.0,0.6625,0.8005,0.73127868,118.45,None,0.0,BTC-30AUG19-16000-P,9358.97,0.0,0.0,0.0,0.0,0.0,0.0,7.09988,-9.58363,-17.96784,6e-05,-0.86373
9440.85,BTC-27DEC19,1563361145501,open,0.12,151.0,0.069,0.1485,0.10870416,102.35,0.1085,0.0,BTC-27DEC19-16000-C,9358.97,100.82,0.105,15.9,0.113,10.0,104.11,22.94065,-7.20804,9.47879,6e-05,0.3337
9440.85,BTC-27DEC19,1563361145519,open,1.54,0.0,1.488,1.695,1.59140488,107.1,None,0.0,BTC-27DEC19-24000-P,9358.97,0.0,0.0065,1.0,2.395,0.2,500.0,16.07799,-5.28624,-101.92615,4e-05,-0.82801
9360.55,SYN.BTC-26JUL19,1563361145536,open,0.67,5.0,0.642,0.778,0.71008994,143.19,0.2255,0.0,BTC-26JUL19-16000-P,9358.97,0.0,0.0,0.0,0.0,0.0,0.0,0.42391,-3.41955,-3.86739,1e-05,-0.98896
9440.85,BTC-27DEC19,1563361145538,open,0.06,105.1,0.0185,0.098,0.0584533,105.83,0.059,0.0,BTC-27DEC19-22000-C,9358.97,104.51,0.056,4.9,0.0615,21.0,107.45,17.63249,-5.72844,5.9445,4e-05,0.19956
9440.85,BTC-27DEC19,1563361145546,open,0.16,237.6,0.1215,0.2145,0.16813786,98.09,0.1565,0.0,BTC-27DEC19-8000-P,9358.97,95.81,0.163,4.9,0.1725,6.0,100.02,21.26007,-6.40153,-18.91458,5e-05,-0.28084
9440.85,BTC-27DEC19,1563361145548,open,0.04,234.7,0.0005,0.082,0.04064269,98.08,0.041,0.0,BTC-27DEC19-5000-P,9358.97,96.2,0.0385,10.0,0.0425,6.0,99.68,10.83929,-3.26347,-5.80662,3e-05,-0.09719
9360.55,SYN.BTC-26JUL19,1563361145536,open,0.0,57.0,0.0005,0.041,0.0010483,140.97,0.0005,0.0,BTC-26JUL19-15500-C,9358.97,128.84,0.0005,14.4,0.0015,4.3,147.93,0.53595,-4.25619,0.03055,2e-05,0.01447
9358.39,SYN.BTC-19JUL19,1563361145554,open,0.04,547.1,0.0065,0.09,0.04817125,139.41,0.053,0.0,BTC-19JUL19-9500-P,9358.97,145.83,0.05,2.2,0.055,27.5,163.37,2.66293,-98.95759,-0.28284,0.00042,-0.53995
9358.39,SYN.BTC-19JUL19,1563361145557,open,0.12,6.1,0.0615,0.141,0.10116537,144.76,0.109,0.0,BTC-19JUL19-8500-C,9358.97,122.41,0.0975,6.0,0.1035,6.0,157.49,1.65743,-63.95853,0.35349,0.00025,0.8362
9440.85,BTC-27DEC19,1563361145555,open,0.39,54.4,0.335,0.4145,0.37464697,98.03,0.3805,0.0,BTC-27DEC19-7000-C,9358.97,94.37,0.3675,11.0,0.376,11.0,98.72,18.49923,-5.56687,17.22631,5e-05,0.78355
9381.15,BTC-27SEP19,1563361145570,open,0.28,127.7,0.2485,0.3525,0.30050488,106.58,0.2865,0.0,BTC-27SEP19-11000-P,9358.97,104.59,0.297,20.4,0.309,14.4,111.4,16.52473,-12.25173,-15.52459,9e-05,-0.53987
9358.39,SYN.BTC-19JUL19,1563361145581,open,0.02,266.8,0.0005,0.065,0.02407249,143.97,0.027,0.0,BTC-19JUL19-9000-P,9358.97,143.7,0.024,1.8,0.027,1.0,155.15,2.44008,-93.64765,-0.17202,0.00038,-0.33362
9381.15,BTC-27SEP19,1563361145578,open,0.28,127.7,0.2485,0.3525,0.30050488,106.58,0.2865,0.0,BTC-27SEP19-11000-P,9358.97,104.87,0.2975,14.4,0.309,14.4,111.4,16.52473,-12.25173,-15.52459,9e-05,-0.53987
9358.39,SYN.BTC-19JUL19,1563361145585,open,0.12,6.1,0.0615,0.141,0.10116537,144.76,0.109,0.0,BTC-19JUL19-8500-C,9358.97,119.0,0.097,6.0,0.1035,6.0,157.49,1.65743,-63.95853,0.35349,0.00025,0.8362
9440.85,BTC-27DEC19,1563361145585,open,0.07,278.2,0.0305,0.116,0.07341633,98.08,0.0645,0.0,BTC-27DEC19-6000-P,9358.97,95.6,0.0695,10.0,0.0755,4.9,99.39,14.96335,-4.50523,-9.58051,4e-05,-0.154
9381.15,BTC-27SEP19,1563361145587,open,0.13,406.8,0.088,0.1675,0.12778174,106.49,0.13,0.0,BTC-27SEP19-11000-C,9358.97,104.06,0.1235,12.0,0.132,23.0,108.88,16.52392,-12.24076,6.13596,9e-05,0.45993
9358.39,SYN.BTC-19JUL19,1563361145598,open,0.11,415.7,0.084,0.1735,0.12877062,140.92,0.137,0.0,BTC-19JUL19-10500-P,9358.97,139.19,0.1285,6.0,0.1355,6.0,178.03,1.47936,-55.57158,-0.47643,0.00023,-0.8619
9360.55,SYN.BTC-26JUL19,1563361145600,open,0.08,103.8,0.034,0.1135,0.07362423,129.23,0.087,0.0,BTC-26JUL19-9500-C,9358.97,124.21,0.0705,18.0,0.0755,0.3,132.25,5.82108,-42.37711,0.99537,0.00021,0.51092
9371.34,SYN.BTC-30AUG19,1563361145615,open,0.02,0.0,0.0005,0.0625,0.02191827,116.85,None,0.0,BTC-30AUG19-6000-P,9358.97,111.78,0.019,37.9,0.0255,13.8,122.73,5.54472,-7.38316,-1.33117,4e-05,-0.09625
9371.34,SYN.BTC-30AUG19,1563361145617,open,0.02,0.0,0.0005,0.0625,0.02191827,116.85,None,0.0,BTC-30AUG19-6000-P,9358.97,111.78,0.019,37.9,0.0255,13.9,122.73,5.54472,-7.38316,-1.33117,4e-05,-0.09625
9358.39,SYN.BTC-19JUL19,1563361145618,open,0.07,372.8,0.041,0.1275,0.08425407,139.46,0.093,0.0,BTC-19JUL19-10000-P,9358.97,140.49,0.0845,6.0,0.0915,6.0,168.89,2.2175,-82.43566,-0.39167,0.00035,-0.73017
9371.34,SYN.BTC-30AUG19,1563361145621,open,0.08,41.1,0.0395,0.1255,0.08265753,113.42,0.079,0.0,BTC-30AUG19-8000-P,9358.97,110.68,0.0795,19.3,0.087,13.0,117.16,10.83362,-14.00204,-4.0245,9e-05,-0.2746
199.56,SYN.ETH-19JUL19,1563361145631,open,0.06,166.0,0.029,0.113,0.071133,135.59,0.076,0.0,ETH-19JUL19-210-P,199.64,161.33,0.078,77.0,0.082,112.0,176.26,0.05096,-1.84182,-0.00774,0.01836,-0.68299
9381.15,BTC-27SEP19,1563361145632,open,0.15,179.3,0.1145,0.207,0.16069699,104.9,0.151,0.0,BTC-27SEP19-9000-P,9358.97,103.89,0.159,19.3,0.166,4.7,108.06,15.76943,-11.50769,-9.87358,9e-05,-0.37378
9358.39,SYN.BTC-19JUL19,1563361145648,open,0.0,3.0,0.0005,0.0425,0.0027602,145.03,0.0025,0.0,BTC-19JUL19-8000-P,9358.97,153.25,0.0035,2.1,0.0055,46.0,172.0,0.79207,-25.83103,-0.02986,0.00012,-0.05932
9360.55,SYN.BTC-26JUL19,1563361145648,open,0.0,57.0,0.0005,0.041,0.0010483,140.97,0.0005,0.0,BTC-26JUL19-15500-C,9358.97,128.84,0.0005,2.9,0.0015,4.3,147.93,0.53595,-4.25619,0.03055,2e-05,0.01447
9381.15,BTC-27SEP19,1563361145650,open,0.45,35.9,0.409,0.5255,0.46728773,107.74,0.391,0.0,BTC-27SEP19-13000-P,9358.97,105.37,0.4635,6.0,0.481,6.0,116.16,15.05344,-11.28255,-21.03222,8e-05,-0.67123
9440.85,BTC-27DEC19,1563361145651,open,0.6,17.7,0.5565,0.686,0.62129852,101.15,0.6235,0.0,BTC-27DEC19-14000-P,9358.97,98.52,0.6145,6.0,0.63,3.6,104.51,24.41423,-7.58125,-51.31922,6e-05,-0.59686
9358.39,SYN.BTC-19JUL19,1563361145662,open,0.01,198.9,0.0005,0.0425,0.00282085,144.05,0.003,0.0,BTC-19JUL19-11000-C,9358.97,140.41,0.0025,2.8,0.004,11.2,155.85,0.85138,-26.39865,0.02994,0.00013,0.06508
9379.99,BTC-27SEP19,1563361145682,open,0.1,463.4,0.0625,0.151,0.10673145,104.98,0.103,0.0,BTC-27SEP19-8000-P,9358.97,103.49,0.1045,19.3,0.1105,6.0,107.49,14.07927,-10.28194,-7.19514,8e-05,-0.2828
9440.85,BTC-27DEC19,1563361145690,open,0.14,161.0,0.0955,0.1865,0.14110107,98.08,0.132,0.0,BTC-27DEC19-7500-P,9358.97,95.67,0.136,14.9,0.144,6.0,99.45,19.98166,-6.01647,-16.41808,5e-05,-0.24861
199.52,SYN.ETH-26JUL19,1563361145693,open,0.1,150.0,0.071,0.159,0.114826,135.22,0.121,0.0,ETH-26JUL19-210-P,199.64,136.9,0.116,146.0,0.126,272.0,153.08,0.12295,-0.93658,-0.03249,0.00939,-0.55465
199.52,SYN.ETH-26JUL19,1563361145701,open,0.07,3238.0,0.042,0.128,0.085147,135.18,0.092,0.0,ETH-26JUL19-200-P,199.64,136.38,0.086,149.0,0.096,294.0,152.54,0.12357,-0.94102,-0.02658,0.00944,-0.46258
199.59,SYN.ETH-26JUL19,1563361145765,open,1.74,0.0,1.695,1.919,1.80678,255.24,None,0.0,ETH-26JUL19-560-P,199.64,0.0,0.0,0.0,0.0,0.0,0.0,0.00709,-0.1019,-0.13582,0.00029,-0.99165
201.1,ETH-27DEC19,1563361145801,open,1.59,37.0,1.537,1.747,1.642169,112.41,0.707,0.0,ETH-27DEC19-520-P,199.64,0.0,0.001,500.0,0.0,0.0,0.0,0.36076,-0.12449,-2.20338,0.00178,-0.81318
9360.55,SYN.BTC-26JUL19,1563361145872,open,0.0,57.0,0.0005,0.041,0.0010483,140.97,0.0005,0.0,BTC-26JUL19-15500-C,9358.97,128.84,0.0005,14.4,0.0015,4.3,147.93,0.53595,-4.25619,0.03055,2e-05,0.01447
9360.55,SYN.BTC-26JUL19,1563361145918,open,0.0,57.0,0.0005,0.041,0.0010483,140.97,0.0005,0.0,BTC-26JUL19-15500-C,9358.97,128.84,0.0005,2.9,0.0015,4.3,147.93,0.53595,-4.25619,0.03055,2e-05,0.01447
9360.55,SYN.BTC-26JUL19,1563361145919,open,0.18,381.0,0.1535,0.249,0.20133378,129.33,0.215,0.0,BTC-26JUL19-11000-P,9358.97,125.53,0.1995,7.5,0.2125,7.5,151.23,4.55971,-33.21976,-2.18331,0.00017,-0.75786
9358.39,SYN.BTC-19JUL19,1563361145921,open,0.46,16.4,0.4365,0.5555,0.49604267,186.23,0.495,0.0,BTC-19JUL19-14000-P,9358.97,0.0,0.4895,6.0,0.526,6.0,500.0,0.03446,-1.71074,-0.71871,0.0,-0.99841
9360.55,SYN.BTC-26JUL19,1563361145930,open,0.78,0.0,0.744,0.889,0.81658571,147.26,None,0.0,BTC-26JUL19-17000-P,9358.97,0.0,0.0,0.0,0.0,0.0,0.0,0.26647,-2.21052,-4.12012,1e-05,-0.9935
199.56,SYN.ETH-19JUL19,1563361145938,open,0.06,166.0,0.029,0.113,0.071133,135.59,0.076,0.0,ETH-19JUL19-210-P,199.64,161.33,0.078,77.0,0.082,262.0,176.26,0.05096,-1.84182,-0.00774,0.01836,-0.68299
201.1,ETH-27DEC19,1563361145947,open,0.54,441.0,0.502,0.626,0.563666,107.32,0.561,0.0,ETH-27DEC19-280-P,199.64,101.91,0.55,150.0,0.576,30.0,111.72,0.53308,-0.17563,-0.99198,0.00275,-0.5411
201.1,ETH-27DEC19,1563361145973,open,0.07,1057.0,0.03,0.115,0.072725,106.74,0.068,0.0,ETH-27DEC19-120-P,199.64,102.77,0.067,262.0,0.079,312.0,110.85,0.29891,-0.09794,-0.19095,0.00155,-0.13993
199.63,SYN.ETH-19JUL19,1563361146023,open,0.86,0.0,0.829,0.98,0.904201,356.85,None,0.0,ETH-19JUL19-380-P,199.64,0.0,0.0,0.0,0.0,0.0,0.0,0.00329,-0.31339,-0.01945,0.00045,-0.99154
199.52,SYN.ETH-26JUL19,1563361146017,open,0.07,3238.0,0.042,0.128,0.085147,135.18,0.092,0.0,ETH-26JUL19-200-P,199.64,136.38,0.086,149.0,0.095,150.0,150.92,0.12357,-0.94102,-0.02658,0.00944,-0.46258
199.52,SYN.ETH-26JUL19,1563361146028,open,0.12,0.0,0.068,0.147,0.107867,134.82,None,0.0,ETH-26JUL19-190-C,199.64,133.52,0.107,150.0,0.118,150.0,152.2,0.11725,-0.89048,0.02544,0.00898,0.63216
9360.55,SYN.BTC-26JUL19,1563361146036,open,0.02,342.6,0.0005,0.058,0.01811466,129.99,0.02,0.0,BTC-26JUL19-11500-C,9358.97,128.48,0.0175,24.0,0.0205,11.5,135.69,3.83454,-28.0797,0.36923,0.00014,0.18033
199.14,ETH-27SEP19,1563361146042,open,0.11,1655.0,0.065,0.144,0.104936,112.33,0.112,0.0,ETH-27SEP19-260-C,199.64,108.83,0.099,233.0,0.112,160.0,116.47,0.33844,-0.26448,0.11083,0.00386,0.38755
9360.55,SYN.BTC-26JUL19,1563361146047,open,0.0,57.0,0.0005,0.041,0.00104879,140.97,0.0005,0.0,BTC-26JUL19-15500-C,9358.97,128.84,0.0005,14.4,0.0015,4.3,147.93,0.53595,-4.25619,0.03055,2e-05,0.01447
199.21,ETH-27SEP19,1563361146053,open,0.14,1653.0,0.089,0.168,0.128869,112.04,0.127,0.0,ETH-27SEP19-240-C,199.64,107.65,0.121,337.0,0.136,120.0,116.19,0.34987,-0.27268,0.12598,0.004,0.44983
199.38,SYN.ETH-30AUG19,1563361146068,open,0.28,0.0,0.25,0.354,0.302078,120.89,None,0.0,ETH-30AUG19-240-P,199.64,111.86,0.29,120.0,0.317,120.0,131.91,0.2684,-0.36976,-0.2143,0.00465,-0.59206
201.1,ETH-27DEC19,1563361146076,open,1.78,0.0,1.721,1.947,1.83427,113.77,0.845,0.0,ETH-27DEC19-560-P,199.68,0.0,0.0,0.0,0.0,0.0,0.0,0.33561,-0.11722,-2.39387,0.00163,-0.83336
201.1,ETH-27DEC19,1563361146077,open,1.05,16.0,0.999,1.164,1.081672,109.64,1.195,0.0,ETH-27DEC19-400-P,199.68,62.39,1.001,110.0,1.49,1.0,270.28,0.45486,-0.15309,-1.61372,0.0023,-0.71659
201.1,ETH-27DEC19,1563361146077,open,1.23,0.0,1.176,1.356,1.265652,110.61,None,0.0,ETH-27DEC19-440-P,199.68,0.0,1.172,110.0,0.0,0.0,0.0,0.42235,-0.14341,-1.81325,0.00212,-0.75496
199.2,ETH-27SEP19,1563361146077,open,2.35,0.0,2.283,2.556,2.419708,129.65,None,0.0,ETH-27SEP19-680-P,199.68,0.0,0.0,0.0,0.0,0.0,0.0,0.06414,-0.05785,-1.32871,0.00063,-0.96758
199.2,ETH-27SEP19,1563361146077,open,2.15,0.0,2.093,2.349,2.221042,130.52,None,0.0,ETH-27SEP19-640-P,199.68,0.0,0.0,0.0,0.0,0.0,0.0,0.07959,-0.07226,-1.24694,0.00078,-0.95778
201.14,ETH-27DEC19,1563361146077,open,2.35,0.0,2.281,2.553,2.416794,117.92,None,0.0,ETH-27DEC19-680-P,199.68,0.0,0.0,0.0,0.0,0.0,0.0,0.27592,-0.09988,-2.95496,0.0013,-0.87544
201.14,ETH-27DEC19,1563361146077,open,1.97,0.0,1.907,2.148,2.027254,115.22,0.953,0.0,ETH-27DEC19-600-P,199.68,0.0,0.0,0.0,0.0,0.0,0.0,0.31372,-0.11097,-2.58222,0.00151,-0.84969
199.2,ETH-27SEP19,1563361146078,open,1.76,24.0,1.71,1.935,1.822717,125.98,1.356,0.0,ETH-27SEP19-560-P,199.68,0.0,0.0,0.0,0.0,0.0,0.0,0.10293,-0.09021,-1.08439,0.00105,-0.94171
201.14,ETH-27DEC19,1563361146077,open,0.87,241.0,0.828,0.979,0.903648,109.46,0.986,0.0,ETH-27DEC19-360-P,199.68,76.9,0.833,110.0,1.59,1.0,429.59,0.4886,-0.16418,-1.40936,0.00247,-0.66658
201.14,ETH-27DEC19,1563361146077,open,0.14,129.0,0.098,0.177,0.137652,107.91,0.144,0.0,ETH-27DEC19-320-C,199.68,104.12,0.128,356.0,0.146,246.0,111.16,0.51488,-0.17056,0.22498,0.00264,0.38831
199.59,SYN.ETH-26JUL19,1563361146077,open,0.27,0.0,0.216,0.295,0.255539,133.89,None,0.0,ETH-26JUL19-150-C,199.68,0.0,0.0,0.0,0.0,0.0,0.0,0.042,-0.31677,0.03271,0.00324,0.92954
201.14,ETH-27DEC19,1563361146078,open,2.54,0.0,2.468,2.756,2.612119,118.9,None,0.0,ETH-27DEC19-720-P,199.68,0.0,0.003,5.0,0.0,0.0,0.0,0.25827,-0.09427,-3.14027,0.0012,-0.88656
199.2,ETH-27SEP19,1563361146078,open,1.38,0.0,1.33,1.524,1.427006,121.19,None,0.0,ETH-27SEP19-480-P,199.68,0.0,0.0,0.0,0.0,0.0,0.0,0.13863,-0.11687,-0.91834,0.00146,-0.91411
199.2,ETH-27SEP19,1563361146078,open,2.74,0.0,2.668,2.973,2.820716,136.67,None,0.0,ETH-27SEP19-760-P,199.68,0.0,0.0,0.0,0.0,0.0,0.0,0.0575,-0.05467,-1.48758,0.00054,-0.97158
199.2,ETH-27SEP19,1563361146079,open,1.96,27.0,1.9,2.141,2.020765,126.25,1.044,0.0,ETH-27SEP19-600-P,199.68,0.0,0.0,0.0,0.0,0.0,0.0,0.08485,-0.07452,-1.16701,0.00086,-0.95429
201.14,ETH-27DEC19,1563361146079,open,2.16,0.0,2.095,2.352,2.223207,117.65,None,0.0,ETH-27DEC19-640-P,199.68,0.0,0.0,0.0,0.0,0.0,0.0,0.29921,-0.10806,-2.76726,0.00141,-0.8599
201.14,ETH-27DEC19,1563361146079,open,0.37,0.0,0.324,0.403,0.363391,106.22,None,0.0,ETH-27DEC19-160-C,199.68,0.0,0.001,1000.0,1.6,1.0,500.0,0.42617,-0.13896,0.3478,0.00222,0.75088
199.59,SYN.ETH-26JUL19,1563361146078,open,0.76,1047.0,0.733,0.876,0.80457,156.56,0.2,0.0,ETH-26JUL19-360-P,199.68,0.0,0.0,0.0,0.0,0.0,0.0,0.00894,-0.07883,-0.08705,0.00059,-0.98911
199.2,ETH-27SEP19,1563361146079,open,0.61,0.0,0.565,0.644,0.604851,122.48,None,0.0,ETH-27SEP19-80-C,199.68,0.0,0.003,10.0,0.0,0.0,0.0,0.05266,-0.04487,0.14497,0.00055,0.97442
199.2,ETH-27SEP19,1563361146079,open,0.0,1735.0,0.001,0.046,0.006567,122.9,0.006,0.0,ETH-27SEP19-80-P,199.68,116.58,0.005,300.0,0.008,500.0,127.98,0.05315,-0.04544,-0.01272,0.00055,-0.02586
199.24,ETH-27SEP19,1563361146079,open,0.64,496.0,0.601,0.733,0.666873,115.26,0.67,0.0,ETH-27SEP19-320-P,199.68,0.0,0.041,30.0,1.39,1.0,500.0,0.28169,-0.22585,-0.55542,0.00313,-0.74878
199.24,ETH-27SEP19,1563361146080,open,0.72,345.0,0.687,0.826,0.756524,115.29,0.76,0.0,ETH-27SEP19-340-P,199.68,0.0,0.697,110.0,1.19,1.0,375.35,0.2584,-0.20724,-0.60477,0.00287,-0.7849
199.63,SYN.ETH-19JUL19,1563361146077,open,0.17,0.0,0.11,0.189,0.149934,130.54,None,0.0,ETH-19JUL19-170-C,199.68,0.0,0.0,0.0,0.0,0.0,0.0,0.01206,-0.41951,0.00832,0.00451,0.9611
199.24,ETH-27SEP19,1563361146082,open,1.57,12.0,1.52,1.729,1.624514,124.65,1.193,0.0,ETH-27SEP19-520-P,199.68,0.0,0.0,0.0,0.0,0.0,0.0,0.12189,-0.10569,-1.00128,0.00125,-0.92755
199.24,ETH-27SEP19,1563361146081,open,0.52,0.0,0.473,0.552,0.512997,115.97,None,0.0,ETH-27SEP19-100-C,199.68,0.0,0.003,10.0,0.0,0.0,0.0,0.09857,-0.07952,0.16943,0.00109,0.94485
199.63,SYN.ETH-19JUL19,1563361146077,open,0.0,142.0,0.001,0.04,0.0,134.93,0.001,0.0,ETH-19JUL19-400-C,199.68,0.0,0.0,0.0,0.001,300.0,399.1,0.0,0.0,0.0,0.0,0.0
199.59,SYN.ETH-26JUL19,1563361146077,open,0.96,985.0,0.925,1.085,1.00488,177.2,0.205,0.0,ETH-26JUL19-400-P,199.68,0.0,0.0,0.0,0.0,0.0,0.0,0.00735,-0.07338,-0.09688,0.00043,-0.99129
199.59,SYN.ETH-26JUL19,1563361146077,open,0.32,0.0,0.262,0.341,0.301654,133.11,None,0.0,ETH-26JUL19-140-C,199.68,0.0,0.0,0.0,0.0,0.0,0.0,0.02404,-0.18027,0.0322,0.00186,0.96502
199.59,SYN.ETH-26JUL19,1563361146076,open,1.35,0.0,1.31,1.502,1.405812,219.04,None,0.0,ETH-26JUL19-480-P,199.68,0.0,0.0,0.0,0.0,0.0,0.0,0.007,-0.08635,-0.11636,0.00033,-0.99176
199.59,SYN.ETH-26JUL19,1563361146077,open,1.45,0.0,1.406,1.606,1.506054,228.61,None,0.0,ETH-26JUL19-500-P,199.68,0.0,0.0,0.0,0.0,0.0,0.0,0.00701,-0.09023,-0.12123,0.00032,-0.99175
199.63,SYN.ETH-19JUL19,1563361146077,open,0.0,573.0,0.001,0.04,0.0,134.9,0.001,0.0,ETH-19JUL19-320-C,199.68,0.0,0.0,0.0,0.001,300.0,288.22,0.0,0.0,0.0,0.0,0.0
199.59,SYN.ETH-26JUL19,1563361146076,open,1.94,0.0,1.887,2.127,2.007264,271.48,None,0.0,ETH-26JUL19-600-P,199.68,0.0,0.0,0.0,0.0,0.0,0.0,0.00717,-0.10964,-0.14554,0.00027,-0.99154
199.63,SYN.ETH-19JUL19,1563361146078,open,0.96,0.0,0.925,1.084,1.004422,383.12,None,0.0,ETH-19JUL19-400-P,199.68,0.0,0.0,0.0,0.0,0.0,0.0,0.00326,-0.33262,-0.02048,0.00042,-0.99165
199.63,SYN.ETH-19JUL19,1563361146077,open,0.0,2.0,0.001,0.04,0.0,134.94,0.002,0.0,ETH-19JUL19-420-C,199.68,0.0,0.0,0.0,0.001,300.0,422.53,0.0,0.0,0.0,0.0,0.0
199.59,SYN.ETH-26JUL19,1563361146082,open,0.86,504.0,0.829,0.98,0.90469,166.47,0.168,0.0,ETH-26JUL19-380-P,199.68,0.0,0.0,0.0,0.0,0.0,0.0,0.00784,-0.07348,-0.09199,0.00049,-0.99063
199.59,SYN.ETH-26JUL19,1563361146076,open,1.55,0.0,1.503,1.71,1.606296,237.82,None,0.0,ETH-26JUL19-520-P,199.68,0.0,0.0,0.0,0.0,0.0,0.0,0.00703,-0.09413,-0.12609,0.0003,-0.99173
199.38,SYN.ETH-30AUG19,1563361146078,open,0.8,0.0,0.759,0.905,0.832262,130.23,None,0.0,ETH-30AUG19-360-P,199.68,0.0,0.0,0.0,0.0,0.0,0.0,0.15343,-0.2277,-0.40572,0.00247,-0.86058
199.63,SYN.ETH-19JUL19,1563361146080,open,1.06,0.0,1.021,1.188,1.104643,408.07,None,0.0,ETH-19JUL19-420-P,199.68,0.0,0.0,0.0,0.0,0.0,0.0,0.00323,-0.35168,-0.02151,0.00039,-0.99172
199.59,SYN.ETH-26JUL19,1563361146089,open,0.21,1338.0,0.178,0.276,0.226983,135.76,0.189,0.0,ETH-26JUL19-240-P,199.68,122.34,0.221,120.0,0.0,0.0,0.0,0.09266,-0.70864,-0.04877,0.00705,-0.7779
199.59,SYN.ETH-26JUL19,1563361146090,open,0.07,216.0,0.023,0.102,0.062283,134.78,0.066,0.0,ETH-26JUL19-210-C,199.68,134.32,0.062,296.0,0.071,190.0,148.89,0.12301,-0.93396,0.0186,0.00942,0.44556
199.38,SYN.ETH-30AUG19,1563361146101,open,0.11,941.0,0.07,0.158,0.113555,120.58,0.113,0.0,ETH-30AUG19-180-P,199.68,114.53,0.106,431.0,0.123,340.0,128.15,0.24881,-0.34191,-0.10512,0.00432,-0.32506
199.24,ETH-27SEP19,1563361146112,open,0.09,1914.0,0.046,0.125,0.085891,112.61,0.087,0.0,ETH-27SEP19-280-C,199.68,108.93,0.08,407.0,0.092,160.0,116.37,0.32142,-0.25179,0.09703,0.00365,0.3332
9371.34,SYN.BTC-30AUG19,1563361146120,open,0.08,41.1,0.0395,0.1255,0.08264678,113.42,0.079,0.0,BTC-30AUG19-8000-P,9358.97,110.25,0.079,19.3,0.087,13.0,117.16,10.83362,-14.00204,-4.0245,9e-05,-0.2746
9379.99,BTC-27SEP19,1563361146132,open,0.1,463.4,0.0625,0.1505,0.10671632,104.98,0.103,0.0,BTC-27SEP19-8000-P,9358.97,103.16,0.104,19.3,0.1105,6.0,107.49,14.07927,-10.28194,-7.19514,8e-05,-0.2828
199.59,SYN.ETH-26JUL19,1563361146137,open,0.15,50.0,0.098,0.177,0.137942,134.61,0.138,0.0,ETH-26JUL19-180-C,199.68,132.79,0.137,50.0,0.148,50.0,153.65,0.10389,-0.78781,0.02848,0.00797,0.72476
199.2,ETH-27SEP19,1563361146146,open,0.19,3341.0,0.151,0.246,0.198629,111.98,0.198,0.0,ETH-27SEP19-200-P,199.68,108.71,0.193,334.0,0.204,120.0,115.11,0.34261,-0.26688,-0.23679,0.00392,-0.40501
199.2,ETH-27SEP19,1563361146154,open,0.17,1106.0,0.119,0.198,0.158447,112.08,0.158,0.0,ETH-27SEP19-220-C,199.68,107.87,0.151,120.0,0.165,120.0,115.78,0.35223,-0.27461,0.14164,0.00402,0.51953
199.2,ETH-27SEP19,1563361146164,open,0.32,2398.0,0.281,0.387,0.333939,112.29,0.345,0.0,ETH-27SEP19-240-P,199.68,105.47,0.322,120.0,0.34,120.0,115.74,0.34991,-0.27333,-0.3466,0.00399,-0.54966
9358.39,SYN.BTC-19JUL19,1563361146185,open,0.04,43.3,0.0005,0.073,0.03301725,139.27,0.032,0.0,BTC-19JUL19-9500-C,9358.97,135.75,0.032,2.3,0.037,39.0,153.31,2.66288,-98.85909,0.20534,0.00042,0.45997
199.2,ETH-27SEP19,1563361146204,open,0.09,5948.0,0.052,0.139,0.095656,112.43,0.084,0.0,ETH-27SEP19-160-P,199.68,108.37,0.09,215.0,0.1,160.0,115.54,0.2782,-0.21759,-0.13383,0.00317,-0.24551
9360.55,SYN.BTC-26JUL19,1563361146213,open,0.0,57.0,0.0005,0.041,0.00104879,140.97,0.0005,0.0,BTC-26JUL19-15500-C,9358.97,128.84,0.0005,2.9,0.0015,4.3,147.93,0.53595,-4.25619,0.03055,2e-05,0.01447
201.14,ETH-27DEC19,1563361146221,open,0.54,441.0,0.502,0.626,0.563666,107.16,0.561,0.0,ETH-27DEC19-280-P,199.68,101.99,0.55,30.0,0.576,30.0,111.8,0.53313,-0.17538,-0.99194,0.00276,-0.54149
9359.55,SYN.BTC-19JUL19,1563361146216,open,0.07,372.8,0.041,0.1275,0.08422339,139.75,0.093,0.0,BTC-19JUL19-10000-P,9358.97,140.92,0.0845,6.0,0.091,6.0,167.3,2.22151,-82.76005,-0.39127,0.00035,-0.72926
9440.85,BTC-27DEC19,1563361146225,open,0.01,463.2,0.0005,0.0495,0.0095894,118.35,0.008,0.0,BTC-27DEC19-52000-C,9358.97,115.37,0.008,46.1,0.0115,11.0,121.55,5.31917,-1.93248,1.23741,1e-05,0.03896
9358.39,SYN.BTC-19JUL19,1563361146237,open,0.25,83.2,0.2315,0.3335,0.28259964,147.49,0.2865,0.0,BTC-19JUL19-12000-P,9358.97,0.0,0.2775,6.0,0.3065,6.0,351.35,0.19062,-7.49484,-0.61167,3e-05,-0.98924
9360.55,SYN.BTC-26JUL19,1563361146239,open,0.27,315.8,0.243,0.346,0.29466557,131.65,0.284,0.0,BTC-26JUL19-12000-P,9358.97,121.55,0.2915,7.5,0.3205,7.5,192.24,3.15444,-23.39524,-2.64182,0.00011,-0.86592
9440.85,BTC-27DEC19,1563361146239,open,0.01,463.2,0.0005,0.0495,0.0095894,118.35,0.008,0.0,BTC-27DEC19-52000-C,9358.97,115.37,0.008,46.1,0.0115,21.0,121.55,5.31917,-1.93248,1.23741,1e-05,0.03896
9358.39,SYN.BTC-19JUL19,1563361146241,open,0.31,62.5,0.2825,0.389,0.33579617,151.3,0.3,0.0,BTC-19JUL19-12500-P,9358.97,0.0,0.33,6.0,0.361,6.0,391.56,0.08774,-3.53881,-0.64028,1e-05,-0.99553
9440.85,BTC-27DEC19,1563361146243,open,0.28,189.9,0.245,0.3485,0.29668235,98.77,0.279,0.0,BTC-27DEC19-10000-P,9358.97,96.35,0.2905,10.9,0.3035,10.9,101.38,24.42939,-7.40729,-29.52737,6e-05,-0.40412
9440.85,BTC-27DEC19,1563361146246,open,0.6,17.7,0.5565,0.6855,0.62114625,101.15,0.6235,0.0,BTC-27DEC19-14000-P,9358.97,98.32,0.614,6.0,0.63,3.6,104.51,24.41423,-7.58125,-51.31922,6e-05,-0.59686
9440.85,BTC-27DEC19,1563361146308,open,0.16,237.6,0.1215,0.2145,0.16808163,98.09,0.1565,0.0,BTC-27DEC19-8000-P,9358.97,95.58,0.1625,4.9,0.1725,6.0,100.02,21.26007,-6.40153,-18.91458,5e-05,-0.28084
9440.85,BTC-27DEC19,1563361146310,open,0.14,161.0,0.0955,0.1865,0.14105226,98.08,0.132,0.0,BTC-27DEC19-7500-P,9358.97,95.67,0.136,10.0,0.144,6.0,99.45,19.98166,-6.01647,-16.41808,5e-05,-0.24861
9440.85,BTC-27DEC19,1563361146311,open,0.16,237.6,0.1215,0.2145,0.16808163,98.09,0.1565,0.0,BTC-27DEC19-8000-P,9358.97,95.58,0.1625,14.9,0.1725,6.0,100.02,21.26007,-6.40153,-18.91458,5e-05,-0.28084
9359.55,SYN.BTC-19JUL19,1563361146348,open,0.36,82.8,0.334,0.4445,0.38915413,174.53,0.348,0.0,BTC-19JUL19-13000-P,9358.97,0.0,0.3795,6.0,0.4165,6.0,435.74,0.10014,-4.65898,-0.66566,1e-05,-0.99482
199.59,SYN.ETH-26JUL19,1563361146386,open,0.01,810.0,0.001,0.045,0.005662,134.89,0.006,0.0,ETH-26JUL19-280-C,199.68,131.6,0.005,672.0,0.01,550.0,153.42,0.04006,-0.30439,0.00294,0.00307,0.06626
199.2,ETH-27SEP19,1563361146423,open,0.05,1732.0,0.002,0.081,0.041981,115.93,0.043,0.0,ETH-27SEP19-360-C,199.68,113.38,0.039,589.0,0.045,161.0,118.43,0.23667,-0.19086,0.05645,0.00261,0.1859
199.63,SYN.ETH-19JUL19,1563361146443,open,0.06,166.0,0.029,0.113,0.070868,136.03,0.076,0.0,ETH-19JUL19-210-P,199.68,162.28,0.078,69.0,0.082,262.0,177.19,0.05111,-1.85324,-0.00772,0.01834,-0.68104
9440.8,BTC-27DEC19,1563361146468,open,0.7,0.0,0.6495,0.729,0.68922665,101.94,None,0.0,BTC-27DEC19-3000-C,9359.86,0.0,0.0055,0.1,0.976,0.5,500.0,3.24423,-1.01523,12.18725,1e-05,0.97852
9440.8,BTC-27DEC19,1563361146468,open,0.48,60.5,0.4335,0.513,0.47308815,98.03,0.567,0.0,BTC-27DEC19-5500-C,9359.86,95.76,0.47,1.0,0.966,5.0,500.0,12.94997,-3.89695,16.9505,3e-05,0.87544
9440.8,BTC-27DEC19,1563361146468,open,0.6,27.6,0.5555,0.635,0.59511934,98.83,0.6525,0.0,BTC-27DEC19-4000-C,9359.86,0.0,0.0155,10.0,0.642,0.2,150.0,6.65517,-2.01911,14.88892,2e-05,0.94854
9440.8,BTC-27DEC19,1563361146468,open,0.02,227.9,0.0005,0.0595,0.01885342,98.89,0.0135,0.0,BTC-27DEC19-4000-P,9359.86,96.94,0.0175,16.0,0.0205,6.0,101.18,6.6614,-2.0222,-2.96476,2e-05,-0.05152
9440.8,BTC-27DEC19,1563361146468,open,0.01,78.3,0.0005,0.051,0.0112919,116.96,0.0145,0.0,BTC-27DEC19-48000-C,9359.86,114.86,0.01,6.0,0.013,11.0,119.52,6.02586,-2.16359,1.43904,1e-05,0.04545
9441.69,BTC-27DEC19,1563361146469,open,3.17,0.0,3.084,3.424,3.25388332,114.93,None,0.0,BTC-27DEC19-40000-P,9359.86,0.0,0.0005,3.0,0.0,0.0,0.0,8.20917,-2.89622,-176.39235,2e-05,-0.93277
9381.23,BTC-27SEP19,1563361146469,open,0.01,318.1,0.0005,0.0485,0.00855387,107.23,0.007,0.0,BTC-27SEP19-4500-P,9359.86,104.22,0.0075,21.0,0.01,29.0,111.07,3.39554,-2.53284,-0.84875,2e-05,-0.03739
9441.69,BTC-27DEC19,1563361146469,open,2.35,0.3,2.28,2.5525,2.41621704,110.98,2.435,0.0,BTC-27DEC19-32000-P,9359.86,0.0,0.0,0.0,0.0,0.0,0.0,11.151,-3.79902,-139.67631,3e-05,-0.89898
9441.69,BTC-27DEC19,1563361146469,open,4.41,1.0,4.297,4.738,4.51759704,119.25,4.454,0.0,BTC-27DEC19-52000-P,9359.86,0.0,0.001,1.0,0.0,0.0,0.0,5.50522,-2.01541,-230.75587,1e-05,-0.95936
9359.55,SYN.BTC-19JUL19,1563361146468,open,0.0,275.5,0.0005,0.04,8e-08,144.96,0.0005,0.0,BTC-19JUL19-15000-C,9359.86,0.0,0.0,0.0,0.0035,10.0,347.07,0.00011,-0.00071,0.0,0.0,0.0
9361.71,SYN.BTC-26JUL19,1563361146468,open,0.98,0.0,0.949,1.111,1.02987228,165.1,None,0.0,BTC-26JUL19-19000-P,9359.86,0.0,0.0,0.0,0.0,0.0,0.0,0.18794,-1.74798,-4.61098,1e-05,-0.99561
9381.23,BTC-27SEP19,1563361146470,open,0.01,190.2,0.0005,0.0455,0.00569991,117.45,0.006,0.0,BTC-27SEP19-28000-C,9359.86,113.5,0.0045,39.0,0.007,3.0,121.17,3.07039,-2.50866,0.50568,2e-05,0.03307
9381.23,BTC-27SEP19,1563361146470,open,2.14,0.0,2.074,2.33,2.20196755,117.57,None,0.0,BTC-27SEP19-30000-P,9359.86,0.0,0.0,0.0,0.0,0.0,0.0,2.39818,-1.96139,-58.69756,1e-05,-0.97543
9381.23,BTC-27SEP19,1563361146470,open,0.09,208.8,0.0415,0.121,0.08138819,107.65,0.083,0.0,BTC-27SEP19-13000-C,9359.86,105.53,0.078,43.4,0.0855,24.1,110.2,15.04856,-11.26949,4.56499,8e-05,0.3285
9359.55,SYN.BTC-19JUL19,1563361146468,open,0.0,198.9,0.0005,0.04,6.6e-06,144.95,0.001,0.0,BTC-19JUL19-13500-C,9359.86,0.0,0.0,0.0,0.0035,10.0,284.24,0.00643,-0.06175,0.00012,0.0,0.00026
9441.69,BTC-27DEC19,1563361146470,open,3.99,0.0,3.892,4.299,4.09557986,117.66,None,0.0,BTC-27DEC19-48000-P,9359.86,0.0,0.0,0.0,0.0,0.0,0.0,6.17775,-2.23131,-212.71253,1e-05,-0.95312
9441.69,BTC-27DEC19,1563361146471,open,1.94,0.1,1.8815,2.121,2.00114279,108.98,2.02,0.0,BTC-27DEC19-28000-P,9359.86,0.0,0.001,1.0,2.5,0.1,316.58,13.2998,-4.44947,-120.99253,3e-05,-0.8706
9441.69,BTC-27DEC19,1563361146470,open,3.58,0.0,3.4875,3.861,3.67430158,116.3,None,0.0,BTC-27DEC19-44000-P,9359.86,0.0,0.0,0.0,0.0,0.0,0.0,7.07874,-2.52722,-194.5947,2e-05,-0.94438
9381.23,BTC-27SEP19,1563361146471,open,0.62,29.6,0.5865,0.718,0.6521862,109.24,0.601,0.0,BTC-27SEP19-15000-P,9359.86,0.0,0.005,10.0,1.2655,0.3,500.0,12.76203,-9.69812,-26.19929,7e-05,-0.76602
9441.69,BTC-27DEC19,1563361146471,open,0.05,172.4,0.009,0.0885,0.04895856,106.92,0.0485,0.0,BTC-27DEC19-24000-C,9359.86,105.76,0.047,4.9,0.052,21.0,108.69,16.03778,-5.26395,5.15405,4e-05,0.17129
9361.71,SYN.BTC-26JUL19,1563361146469,open,0.0,511.1,0.0005,0.0405,0.00072556,141.74,0.0005,0.0,BTC-26JUL19-16000-C,9359.86,0.0,0.0,0.0,0.001,3.8,147.46,0.4001,-3.1947,0.02185,1e-05,0.01033
9441.69,BTC-27DEC19,1563361146471,open,0.03,58.2,0.0005,0.0665,0.02669173,110.72,0.03,0.0,BTC-27DEC19-32000-C,9359.86,109.26,0.025,6.0,0.0295,21.0,113.05,11.08472,-3.76772,3.09688,3e-05,0.1002
9381.23,BTC-27SEP19,1563361146471,open,2.35,0.0,2.278,2.551,2.41445521,119.7,None,0.0,BTC-27SEP19-32000-P,9359.86,0.0,0.0,0.0,0.0,0.0,0.0,2.05428,-1.71054,-62.69907,1e-05,-0.97955
9372.51,SYN.BTC-30AUG19,1563361146468,open,0.31,0.0,0.259,0.3385,0.29872393,114.44,None,0.0,BTC-30AUG19-7000-C,9359.86,0.0,0.0,0.0,0.0,0.0,0.0,8.38117,-10.93027,5.92753,7e-05,0.82485
9372.51,SYN.BTC-30AUG19,1563361146468,open,0.6,0.0,0.567,0.697,0.63180183,117.6,None,0.0,BTC-30AUG19-15000-P,9359.86,0.0,0.0,0.0,0.0,0.0,0.0,8.25922,-11.06828,-16.45615,7e-05,-0.82883
9359.55,SYN.BTC-19JUL19,1563361146468,open,0.72,0.0,0.693,0.8335,0.76312406,284.39,None,0.0,BTC-19JUL19-16500-P,9359.86,0.0,0.0,0.0,0.0,0.0,0.0,0.07397,-5.60726,-0.84625,1e-05,-0.99631
9441.69,BTC-27DEC19,1563361146472,open,2.15,0.2,2.08,2.3365,2.2081844,109.95,2.2245,0.0,BTC-27DEC19-30000-P,9359.86,0.0,0.0,0.0,0.0,0.0,0.0,12.14876,-4.1006,-130.37428,3e-05,-0.88623
9441.69,BTC-27DEC19,1563361146472,open,0.42,63.0,0.3655,0.445,0.40507879,98.04,0.4965,0.0,BTC-27DEC19-6500-C,9359.86,61.63,0.345,1.0,0.963,2.0,500.0,16.82001,-5.06225,17.28244,4e-05,0.81528
9359.55,SYN.BTC-19JUL19,1563361146468,open,0.0,127.8,0.0005,0.04,2e-08,144.97,0.0005,0.0,BTC-19JUL19-15500-C,9359.86,0.0,0.0,0.0,0.0025,10.0,346.87,3e-05,-0.00014,0.0,0.0,0.0
9361.71,SYN.BTC-26JUL19,1563361146468,open,0.42,32.3,0.389,0.5045,0.44675748,138.11,0.29,0.0,BTC-26JUL19-13500-P,9359.86,0.0,0.435,7.5,0.476,7.5,229.57,1.64014,-12.76103,-3.16673,6e-05,-0.94431
9359.55,SYN.BTC-19JUL19,1563361146473,open,0.17,0.0,0.108,0.1875,0.1479098,143.83,None,0.0,BTC-19JUL19-8000-C,9359.86,0.0,0.0,0.0,0.0,0.0,0.0,0.77572,-29.74064,0.38206,0.00012,0.94224
9361.71,SYN.BTC-26JUL19,1563361146468,open,0.62,0.0,0.591,0.723,0.6569348,144.32,None,0.0,BTC-26JUL19-15500-P,9359.86,0.0,0.0,0.0,0.0,0.0,0.0,0.60534,-4.9215,-3.73403,2e-05,-0.98333
9361.71,SYN.BTC-26JUL19,1563361146472,open,0.01,280.7,0.0005,0.0445,0.00453418,137.08,0.006,0.0,BTC-26JUL19-13500-C,9359.86,133.85,0.004,10.1,0.0055,3.3,142.41,1.60486,-12.39317,0.11302,5e-05,0.05418
199.23,ETH-27SEP19,1563361146474,open,2.74,0.0,2.667,2.972,2.819573,134.61,None,0.0,ETH-27SEP19-760-P,199.68,0.0,0.0,0.0,0.0,0.0,0.0,0.05345,-0.05005,-1.48829,0.00051,-0.97397
9359.55,SYN.BTC-19JUL19,1563361146468,open,0.0,239.0,0.0005,0.04,9.613e-05,144.94,0.0005,0.0,BTC-19JUL19-12500-C,9359.86,0.0,0.0,0.0,0.001,1.3,191.42,0.06399,-0.89971,0.00146,1e-05,0.00314
9359.55,SYN.BTC-19JUL19,1563361146468,open,0.0,415.6,0.0005,0.04,3.5e-07,144.96,0.0005,0.0,BTC-19JUL19-14500-C,9359.86,0.0,0.0,0.0,0.0025,10.0,309.35,0.00047,-0.0033,1e-05,0.0,2e-05
9361.71,SYN.BTC-26JUL19,1563361146468,open,0.57,10.0,0.54,0.668,0.60405124,143.38,0.17,0.0,BTC-26JUL19-15000-P,9359.86,0.0,0.0,0.0,0.0,0.0,0.0,0.79353,-6.40957,-3.59939,3e-05,-0.97707
9361.71,SYN.BTC-26JUL19,1563361146471,open,0.37,28.7,0.3395,0.4505,0.39503105,135.38,0.284,0.0,BTC-26JUL19-13000-P,9359.86,0.0,0.384,7.5,0.423,7.5,215.96,2.03665,-15.53286,-3.00825,7e-05,-0.92642
9361.71,SYN.BTC-26JUL19,1563361146471,open,0.19,35.6,0.13,0.2095,0.16988129,132.29,0.1785,0.0,BTC-26JUL19-8000-C,9359.86,0.0,0.0005,5.0,0.0,0.0,0.0,4.00599,-29.85469,1.44927,0.00014,0.80651
9359.55,SYN.BTC-19JUL19,1563361146468,open,0.51,0.0,0.4875,0.611,0.54941241,223.82,None,0.0,BTC-19JUL19-14500-P,9359.86,0.0,0.001,1.0,0.0,0.0,0.0,0.08034,-4.79348,-0.74328,1e-05,-0.99595
9372.51,SYN.BTC-30AUG19,1563361146468,open,0.39,0.0,0.342,0.4215,0.38166504,116.73,None,0.0,BTC-30AUG19-6000-C,9359.86,0.0,0.0,0.0,0.0,0.0,0.0,5.53675,-7.36523,5.88434,4e-05,0.90395
199.38,SYN.ETH-30AUG19,1563361146462,open,0.04,150.0,0.001,0.082,0.040396,123.26,0.041,0.0,ETH-30AUG19-140-P,199.68,118.91,0.037,234.0,0.044,475.0,127.61,0.16041,-0.22533,-0.04539,0.00272,-0.14894
9359.55,SYN.BTC-19JUL19,1563361146468,open,0.67,0.0,0.6415,0.778,0.70969606,270.01,None,0.0,BTC-19JUL19-16000-P,9359.86,0.0,0.0,0.0,0.0,0.0,0.0,0.07509,-5.40493,-0.82052,1e-05,-0.99625
9359.55,SYN.BTC-19JUL19,1563361146468,open,0.0,146.9,0.0005,0.04,2.608e-05,144.95,0.0005,0.0,BTC-19JUL19-13000-C,9359.86,0.0,0.0,0.0,0.001,2.0,212.83,0.02125,-0.24409,0.00044,0.0,0.00094
199.59,SYN.ETH-26JUL19,1563361146498,open,0.02,2.0,0.001,0.065,0.024872,135.18,0.032,0.0,ETH-26JUL19-170-P,199.68,139.93,0.027,400.0,0.033,200.0,153.39,0.0853,-0.64955,-0.01058,0.00651,-0.19309
9441.69,BTC-27DEC19,1563361146511,open,1.35,3.9,1.2935,1.484,1.38876967,105.94,0.752,0.0,BTC-27DEC19-22000-P,9359.86,0.0,0.0065,2.0,2.1885,0.3,500.0,17.66065,-5.74376,-92.21501,4e-05,-0.79994
9381.23,BTC-27SEP19,1563361146516,open,0.91,1.0,0.871,1.0265,0.94879523,112.11,1.5815,0.0,BTC-27SEP19-18000-P,9359.86,0.0,0.005,0.3,1.5575,0.3,500.0,9.45821,-7.37639,-33.33503,5e-05,-0.85568
9441.69,BTC-27DEC19,1563361146516,open,0.51,58.3,0.4735,0.5955,0.53454233,100.7,0.537,0.0,BTC-27DEC19-13000-P,9359.86,98.22,0.528,6.0,0.542,3.6,103.52,24.91962,-7.70356,-45.91754,6e-05,-0.5553
199.59,SYN.ETH-26JUL19,1563361146516,open,0.05,10.0,0.018,0.102,0.060017,135.26,0.05,0.0,ETH-26JUL19-190-P,199.68,138.37,0.062,123.0,0.07,200.0,151.96,0.11724,-0.89328,-0.02075,0.00895,-0.36736
9372.51,SYN.BTC-30AUG19,1563361146518,open,0.14,30.4,0.0895,0.169,0.12926395,113.05,0.1215,0.0,BTC-30AUG19-10000-C,9359.86,108.89,0.1235,14.4,0.1315,9.1,114.67,12.95769,-16.69389,4.31463,0.00011,0.51223
199.38,SYN.ETH-30AUG19,1563361146535,open,0.03,494.0,0.001,0.066,0.026047,129.4,0.027,0.0,ETH-30AUG19-360-C,199.68,122.51,0.021,573.0,0.03,300.0,134.48,0.1518,-0.22385,0.02666,0.00245,0.13725
9361.71,SYN.BTC-26JUL19,1563361146537,open,0.0,57.0,0.0005,0.041,0.00104879,140.95,0.0005,0.0,BTC-26JUL19-15500-C,9359.86,128.82,0.0005,14.4,0.0015,4.3,147.9,0.53626,-4.25806,0.03057,2e-05,0.01448
9441.69,BTC-27DEC19,1563361146546,open,0.14,161.0,0.0955,0.1865,0.14105226,98.08,0.132,0.0,BTC-27DEC19-7500-P,9359.86,95.69,0.136,10.0,0.1445,6.0,99.71,19.98157,-6.01604,-16.41565,5e-05,-0.24857
199.38,SYN.ETH-30AUG19,1563361146550,open,0.07,260.0,0.021,0.1,0.060966,123.48,0.056,0.0,ETH-30AUG19-280-C,199.68,119.25,0.056,246.0,0.066,261.0,127.8,0.23319,-0.32812,0.05281,0.00395,0.28123
9441.69,BTC-27DEC19,1563361146549,open,0.01,463.2,0.0005,0.0495,0.0095894,118.35,0.008,0.0,BTC-27DEC19-52000-C,9359.86,115.36,0.008,46.1,0.0105,11.0,119.92,5.32108,-1.9332,1.23791,1e-05,0.03897
199.59,SYN.ETH-26JUL19,1563361146559,open,0.38,867.0,0.353,0.464,0.40856,137.29,0.42,0.0,ETH-26JUL19-280-P,199.68,0.0,0.392,30.0,0.447,30.0,240.89,0.04188,-0.32394,-0.06498,0.00315,-0.92979
201.14,ETH-27DEC19,1563361146562,open,0.7,82.0,0.66,0.797,0.728634,107.93,0.64,0.0,ETH-27DEC19-320-P,199.68,84.4,0.671,110.0,1.58,1.0,500.0,0.51491,-0.1706,-1.20295,0.00264,-0.61162
199.59,SYN.ETH-26JUL19,1563361146565,open,0.07,216.0,0.023,0.102,0.062418,134.78,0.066,0.0,ETH-26JUL19-210-C,199.68,134.32,0.062,299.0,0.071,190.0,148.89,0.12301,-0.93396,0.0186,0.00942,0.44556
199.59,SYN.ETH-26JUL19,1563361146571,open,0.13,2700.0,0.103,0.194,0.148474,135.47,0.155,0.0,ETH-26JUL19-220-P,199.68,129.02,0.145,280.0,0.163,100.0,159.51,0.11657,-0.88962,-0.03822,0.00888,-0.63882
9381.23,BTC-27SEP19,1563361146578,open,0.09,208.8,0.0415,0.121,0.08138819,107.65,0.083,0.0,BTC-27SEP19-13000-C,9359.86,105.53,0.078,43.4,0.0855,11.0,110.2,15.04856,-11.26949,4.56499,8e-05,0.3285
199.59,SYN.ETH-26JUL19,1563361146584,open,0.02,545.0,0.001,0.051,0.011955,134.88,0.012,0.0,ETH-26JUL19-260-C,199.68,135.14,0.012,383.0,0.017,297.0,149.56,0.06394,-0.48582,0.00547,0.00489,0.12464
9441.69,BTC-27DEC19,1563361146574,open,0.14,161.0,0.0955,0.1865,0.14105226,98.08,0.132,0.0,BTC-27DEC19-7500-P,9359.86,95.69,0.136,10.0,0.143,6.0,99.0,19.98157,-6.01604,-16.41565,5e-05,-0.24857
9361.71,SYN.BTC-26JUL19,1563361146587,open,0.0,57.0,0.0005,0.041,0.00104879,140.95,0.0005,0.0,BTC-26JUL19-15500-C,9359.86,128.82,0.0005,2.9,0.0015,4.3,147.9,0.53626,-4.25806,0.03057,2e-05,0.01448
9381.23,BTC-27SEP19,1563361146590,open,0.33,748.2,0.278,0.3575,0.31764447,104.97,0.3315,0.0,BTC-27SEP19-7000-C,9359.86,99.06,0.3105,11.0,0.3535,11.0,133.33,11.45915,-8.36748,9.01273,6e-05,0.80552
9381.23,BTC-27SEP19,1563361146601,open,0.28,127.7,0.2485,0.352,0.30040043,106.52,0.2865,0.0,BTC-27SEP19-11000-P,9359.86,104.88,0.2975,14.4,0.3085,14.4,111.12,16.52441,-12.24515,-15.52483,9e-05,-0.53998
9381.23,BTC-27SEP19,1563361146613,open,0.28,127.7,0.2485,0.352,0.30040043,106.52,0.2865,0.0,BTC-27SEP19-11000-P,9359.86,104.59,0.297,20.4,0.3085,14.4,111.12,16.52441,-12.24515,-15.52483,9e-05,-0.53998
9381.23,BTC-27SEP19,1563361146609,open,0.1,463.4,0.0625,0.1505,0.10671632,105.0,0.103,0.0,BTC-27SEP19-8000-P,9359.86,103.19,0.104,19.3,0.1105,10.5,107.52,14.07904,-10.28415,-7.1942,8e-05,-0.28272
9381.23,BTC-27SEP19,1563361146629,open,0.21,218.1,0.177,0.2745,0.22576899,105.42,0.2285,0.0,BTC-27SEP19-10000-P,9359.86,104.14,0.2235,14.4,0.231,4.6,108.39,16.52934,-12.12212,-12.69098,9e-05,-0.46121
9381.23,BTC-27SEP19,1563361146629,open,0.13,406.8,0.088,0.1675,0.1278363,106.52,0.13,0.0,BTC-27SEP19-11000-C,9359.86,104.06,0.1235,26.4,0.132,23.0,108.88,16.52436,-12.24446,6.1363,9e-05,0.46
201.14,ETH-27DEC19,1563361146652,open,1.97,0.0,1.905,2.146,2.025679,114.2,0.953,0.0,ETH-27DEC19-600-P,199.68,0.0,0.0,0.0,0.0,0.0,0.0,0.3085,-0.10816,-2.58414,0.0015,-0.85341
9361.71,SYN.BTC-26JUL19,1563361146648,open,0.08,103.8,0.034,0.1135,0.07364068,129.17,0.087,0.0,BTC-26JUL19-9500-C,9359.86,124.92,0.071,18.0,0.0755,0.3,132.16,5.82171,-42.3618,0.99594,0.00021,0.51113
9359.55,SYN.BTC-19JUL19,1563361146666,open,0.07,372.8,0.041,0.1275,0.08422339,139.75,0.093,0.0,BTC-19JUL19-10000-P,9359.86,138.81,0.084,6.0,0.091,6.0,167.3,2.22151,-82.76005,-0.39127,0.00035,-0.72926
9381.23,BTC-27SEP19,1563361146668,open,0.15,179.3,0.1145,0.207,0.16061006,104.85,0.151,0.0,BTC-27SEP19-9000-P,9359.86,103.6,0.1585,19.3,0.166,4.7,108.06,15.76982,-11.50259,-9.8724,9e-05,-0.3738
9440.8,BTC-27DEC19,1563361146677,open,0.6,17.7,0.5565,0.6855,0.62114625,101.09,0.6235,0.0,BTC-27DEC19-14000-P,9359.86,98.32,0.614,6.0,0.6295,3.6,104.31,24.4107,-7.57556,-51.32177,6e-05,-0.59708
9372.51,SYN.BTC-30AUG19,1563361146670,open,0.14,30.4,0.0895,0.169,0.12926395,113.05,0.1215,0.0,BTC-30AUG19-10000-C,9359.86,108.89,0.1235,14.4,0.1315,9.0,114.67,12.95769,-16.69389,4.31463,0.00011,0.51223
199.59,SYN.ETH-26JUL19,1563361146695,open,0.01,0.0,0.001,0.047,0.007327,135.13,None,0.0,ETH-26JUL19-150-P,199.68,146.62,0.01,121.0,0.014,250.0,161.76,0.04272,-0.3252,-0.00385,0.00326,-0.07204
199.59,SYN.ETH-26JUL19,1563361146697,open,0.03,1358.0,0.001,0.081,0.04001,135.21,0.036,0.0,ETH-26JUL19-180-P,199.68,138.81,0.042,127.0,0.049,200.0,152.04,0.104,-0.79218,-0.01533,0.00794,-0.27582
199.2,ETH-27SEP19,1563361146699,open,0.17,1106.0,0.119,0.198,0.158555,112.08,0.158,0.0,ETH-27SEP19-220-C,199.68,108.43,0.152,201.0,0.165,120.0,115.78,0.35223,-0.27461,0.14164,0.00402,0.51953
9359.55,SYN.BTC-19JUL19,1563361146708,open,0.0,282.0,0.0005,0.0405,0.00098355,144.0,0.001,0.0,BTC-19JUL19-11500-C,9359.86,130.35,0.0005,19.4,0.0015,0.4,154.41,0.40501,-9.20556,0.01202,6e-05,0.02598
9359.55,SYN.BTC-19JUL19,1563361146704,open,0.04,43.3,0.0005,0.073,0.03301725,139.14,0.032,0.0,BTC-19JUL19-9500-C,9359.86,135.57,0.032,2.3,0.037,21.0,153.13,2.66349,-98.79148,0.20556,0.00043,0.46039
9381.23,BTC-27SEP19,1563361146730,open,0.06,296.4,0.0215,0.106,0.06382164,104.97,0.058,0.0,BTC-27SEP19-7000-P,9359.86,103.07,0.0615,19.3,0.067,6.1,107.56,11.45934,-8.36803,-4.77187,6e-05,-0.19449
9359.55,SYN.BTC-19JUL19,1563361146729,open,0.08,24.0,0.0225,0.102,0.06235489,143.63,0.056,0.0,BTC-19JUL19-9000-C,9359.86,134.55,0.06,0.8,0.065,18.0,153.74,2.43831,-93.3588,0.29087,0.00038,0.6671
9359.55,SYN.BTC-19JUL19,1563361146758,open,0.01,232.0,0.0005,0.0465,0.00674492,140.58,0.0065,0.0,BTC-19JUL19-10500-C,9359.86,139.01,0.0065,2.5,0.0085,11.0,151.2,1.47687,-55.34365,0.063,0.00023,0.13773
9359.55,SYN.BTC-19JUL19,1563361146759,open,0.07,372.8,0.041,0.1275,0.08422339,139.75,0.093,0.0,BTC-19JUL19-10000-P,9359.86,138.81,0.084,6.0,0.0915,12.0,169.27,2.22151,-82.76005,-0.39127,0.00035,-0.72926
9359.55,SYN.BTC-19JUL19,1563361146760,open,0.04,547.1,0.0065,0.09,0.04814929,139.58,0.053,0.0,BTC-19JUL19-9500-P,9359.86,146.08,0.05,2.0,0.055,27.5,163.62,2.66366,-99.11165,-0.28258,0.00042,-0.53936
9361.71,SYN.BTC-26JUL19,1563361146773,open,0.0,57.0,0.0005,0.041,0.00104879,140.95,0.0005,0.0,BTC-26JUL19-15500-C,9359.86,128.82,0.0005,14.4,0.0015,4.3,147.9,0.53626,-4.25806,0.03057,2e-05,0.01448
9441.69,BTC-27DEC19,1563361146783,open,0.04,90.6,0.0005,0.075,0.03530814,108.79,0.0355,0.0,BTC-27DEC19-28000-C,9359.86,107.49,0.0335,6.0,0.0385,11.0,111.02,13.25171,-4.42575,3.93592,3e-05,0.12873
199.41,SYN.ETH-30AUG19,1563361146792,open,0.52,0.0,0.492,0.615,0.553286,125.2,None,0.0,ETH-30AUG19-300-P,199.68,0.0,0.0,0.0,0.0,0.0,0.0,0.21225,-0.30282,-0.3161,0.00355,-0.76543
9441.69,BTC-27DEC19,1563361146792,open,0.04,90.6,0.0005,0.075,0.03530814,108.79,0.0355,0.0,BTC-27DEC19-28000-C,9359.86,107.49,0.0335,6.0,0.0385,21.0,111.02,13.25171,-4.42575,3.93592,3e-05,0.12873
9381.23,BTC-27SEP19,1563361146792,open,0.26,901.1,0.214,0.2935,0.25389424,104.97,0.25,0.0,BTC-27SEP19-8000-C,9359.86,100.03,0.2465,11.0,0.256,11.0,106.37,14.07873,-10.2803,8.56064,8e-05,0.7173
9372.51,SYN.BTC-30AUG19,1563361146798,open,0.24,0.0,0.189,0.2685,0.22898048,113.35,None,0.0,BTC-30AUG19-8000-C,9359.86,104.67,0.219,4.2,0.23,4.1,114.23,10.83217,-13.99243,5.59453,9e-05,0.72555
9372.51,SYN.BTC-30AUG19,1563361146813,open,0.24,0.0,0.189,0.2685,0.22898048,113.35,None,0.0,BTC-30AUG19-8000-C,9359.86,104.67,0.219,4.2,0.23,4.0,114.23,10.83217,-13.99243,5.59453,9e-05,0.72555
9381.23,BTC-27SEP19,1563361146805,open,0.21,379.0,0.1615,0.241,0.20123941,104.85,0.2015,0.0,BTC-27SEP19-9000-C,9359.86,102.33,0.197,14.4,0.204,11.0,106.49,15.76985,-11.50208,7.85048,9e-05,0.6262
9440.8,BTC-27DEC19,1563361146821,open,0.52,68.4,0.4715,0.551,0.51101002,98.06,0.511,0.0,BTC-27DEC19-5000-C,9359.86,93.15,0.5055,11.0,0.5135,11.0,100.21,10.83796,-3.26257,16.5065,3e-05,0.90283
9359.55,SYN.BTC-19JUL19,1563361146841,open,0.01,356.7,0.0005,0.0495,0.00946942,145.04,0.0095,0.0,BTC-19JUL19-8500-P,9359.86,150.76,0.0105,0.1,0.012,0.1,158.8,1.65844,-64.12095,-0.0834,0.00025,-0.16392
199.63,SYN.ETH-19JUL19,1563361146863,open,0.01,463.0,0.001,0.048,0.008393,134.69,0.011,0.0,ETH-19JUL19-220-C,199.68,143.61,0.01,200.0,0.014,349.0,163.34,0.03608,-1.29532,0.00165,0.01308,0.16901
199.63,SYN.ETH-19JUL19,1563361146878,open,0.06,166.0,0.029,0.113,0.070868,136.03,0.076,0.0,ETH-19JUL19-210-P,199.68,158.52,0.077,102.0,0.082,262.0,177.19,0.05111,-1.85324,-0.00772,0.01834,-0.68104
199.38,SYN.ETH-30AUG19,1563361146885,open,0.11,941.0,0.069,0.157,0.113402,120.58,0.113,0.0,ETH-30AUG19-180-P,199.68,114.53,0.106,180.0,0.123,340.0,128.15,0.24881,-0.34191,-0.10512,0.00432,-0.32506
201.14,ETH-27DEC19,1563361146899,open,0.15,584.0,0.113,0.205,0.159069,106.36,0.1,0.0,ETH-27DEC19-160-P,199.68,102.51,0.151,229.0,0.167,2.0,110.06,0.42616,-0.13914,-0.36643,0.00222,-0.2491
201.14,ETH-27DEC19,1563361146902,open,0.29,194.0,0.24,0.319,0.279547,106.24,0.275,0.0,ETH-27DEC19-200-C,199.68,102.1,0.269,30.0,0.29,30.0,110.52,0.50188,-0.16368,0.32518,0.00262,0.64164
9441.69,BTC-27DEC19,1563361146909,open,0.04,90.6,0.0005,0.075,0.03530814,108.79,0.0355,0.0,BTC-27DEC19-28000-C,9359.86,107.49,0.0335,6.0,0.0375,11.0,110.33,13.25171,-4.42575,3.93592,3e-05,0.12873
199.63,SYN.ETH-19JUL19,1563361146923,open,0.06,166.0,0.029,0.113,0.070868,136.03,0.076,0.0,ETH-19JUL19-210-P,199.68,158.52,0.077,102.0,0.082,112.0,177.19,0.05111,-1.85324,-0.00772,0.01834,-0.68104
9381.23,BTC-27SEP19,1563361146925,open,0.26,901.1,0.214,0.2935,0.25389424,104.97,0.25,0.0,BTC-27SEP19-8000-C,9359.86,100.03,0.2465,11.0,0.255,11.0,105.7,14.07873,-10.2803,8.56064,8e-05,0.7173
201.14,ETH-27DEC19,1563361146933,open,0.54,441.0,0.501,0.625,0.563446,107.16,0.561,0.0,ETH-27DEC19-280-P,199.68,101.99,0.55,30.0,0.577,30.0,112.18,0.53313,-0.17538,-0.99194,0.00276,-0.54149
9372.51,SYN.BTC-30AUG19,1563361146937,open,0.14,30.4,0.0895,0.169,0.12926395,113.05,0.1215,0.0,BTC-30AUG19-10000-C,9359.86,108.89,0.1235,14.4,0.1315,5.0,114.67,12.95769,-16.69389,4.31463,0.00011,0.51223
201.14,ETH-27DEC19,1563361146949,open,0.07,1057.0,0.03,0.115,0.072683,106.68,0.068,0.0,ETH-27DEC19-120-P,199.68,102.8,0.067,312.0,0.079,312.0,110.88,0.29881,-0.09786,-0.19078,0.00155,-0.13983
9361.71,SYN.BTC-26JUL19,1563361146959,open,0.01,630.9,0.0005,0.046,0.00622343,134.59,0.0065,0.0,BTC-26JUL19-13000-C,9359.86,131.1,0.0055,40.0,0.0075,0.1,140.25,2.00771,-15.22199,0.15024,7e-05,0.07222
9381.23,BTC-27SEP19,1563361146971,open,0.01,288.9,0.0005,0.0505,0.01062614,115.74,0.009,0.0,BTC-27SEP19-24000-C,9359.86,112.42,0.009,39.0,0.0125,11.0,119.21,4.82582,-3.88533,0.87429,2e-05,0.05795
9381.23,BTC-27SEP19,1563361146985,open,0.06,296.4,0.0215,0.106,0.06382164,104.97,0.058,0.0,BTC-27SEP19-7000-P,9359.86,103.07,0.0615,19.3,0.067,25.4,107.56,11.45934,-8.36803,-4.77187,6e-05,-0.19449
9361.71,SYN.BTC-26JUL19,1563361147014,open,0.0,57.0,0.0005,0.041,0.00104879,140.95,0.0005,0.0,BTC-26JUL19-15500-C,9359.86,128.82,0.0005,2.9,0.0015,4.3,147.9,0.53626,-4.25806,0.03057,2e-05,0.01448
199.59,SYN.ETH-26JUL19,1563361147012,open,0.07,3238.0,0.042,0.128,0.084955,135.31,0.092,0.0,ETH-26JUL19-200-P,199.68,136.69,0.086,149.0,0.096,150.0,152.85,0.1236,-0.94212,-0.02655,0.00943,-0.46188
199.59,SYN.ETH-26JUL19,1563361147023,open,0.07,3238.0,0.042,0.128,0.084955,135.31,0.092,0.0,ETH-26JUL19-200-P,199.68,136.69,0.086,149.0,0.096,294.0,152.85,0.1236,-0.94212,-0.02655,0.00943,-0.46188
9382.12,BTC-27SEP19,1563361147010,open,0.09,208.8,0.0415,0.121,0.08138819,107.64,0.083,0.0,BTC-27SEP19-13000-C,9359.86,105.52,0.078,43.4,0.0855,24.1,110.19,15.05047,-11.26939,4.56591,8e-05,0.32853
199.59,SYN.ETH-26JUL19,1563361147022,open,0.12,0.0,0.069,0.148,0.108051,134.69,None,0.0,ETH-26JUL19-190-C,199.68,131.51,0.106,150.0,0.118,150.0,151.9,0.11722,-0.88936,0.02548,0.00898,0.63284
9440.8,BTC-27DEC19,1563361147022,open,0.52,68.4,0.4715,0.551,0.51101002,98.06,0.511,0.0,BTC-27DEC19-5000-C,9359.86,94.06,0.5065,11.0,0.5135,11.0,100.21,10.83796,-3.26257,16.5065,3e-05,0.90283
199.59,SYN.ETH-26JUL19,1563361147029,open,0.05,711.0,0.007,0.086,0.046197,134.81,0.054,0.0,ETH-26JUL19-220-C,199.68,132.95,0.045,346.0,0.054,218.0,148.25,0.11645,-0.88439,0.01524,0.00892,0.36013
9361.71,SYN.BTC-26JUL19,1563361147044,open,0.22,273.8,0.197,0.296,0.24654938,130.33,0.222,0.0,BTC-26JUL19-11500-P,9359.86,123.62,0.244,7.5,0.2585,7.5,156.71,3.84728,-28.24612,-2.42544,0.00014,-0.81875
199.2,ETH-27SEP19,1563361147041,open,0.11,1655.0,0.066,0.145,0.105022,112.28,0.112,0.0,ETH-27SEP19-260-C,199.68,108.78,0.099,233.0,0.111,160.0,115.84,0.33857,-0.26446,0.1109,0.00386,0.38765
199.2,ETH-27SEP19,1563361147047,open,0.14,1653.0,0.089,0.168,0.128853,112.15,0.127,0.0,ETH-27SEP19-240-C,199.68,107.66,0.121,337.0,0.135,120.0,115.63,0.34988,-0.27295,0.12598,0.00399,0.45003
9361.71,SYN.BTC-26JUL19,1563361147057,open,0.0,57.0,0.0005,0.041,0.00105044,140.95,0.0005,0.0,BTC-26JUL19-15500-C,9359.86,128.82,0.0005,14.4,0.0015,4.3,147.9,0.53626,-4.25806,0.03057,2e-05,0.01448
199.59,SYN.ETH-26JUL19,1563361147072,open,0.15,50.0,0.099,0.178,0.138147,134.61,0.138,0.0,ETH-26JUL19-180-C,199.68,130.86,0.136,50.0,0.148,50.0,153.65,0.10389,-0.78781,0.02848,0.00797,0.72476
201.14,ETH-27DEC19,1563361147077,open,1.78,0.0,1.72,1.946,1.832809,113.21,0.845,0.0,ETH-27DEC19-560-P,199.69,0.0,0.0,0.0,0.0,0.0,0.0,0.33299,-0.11573,-2.39488,0.00163,-0.83541
199.23,ETH-27SEP19,1563361147077,open,0.0,3606.0,0.001,0.044,0.004312,132.38,0.005,0.0,ETH-27SEP19-760-C,199.69,126.39,0.003,10.0,0.006,116.0,138.49,0.04915,-0.04526,0.00755,0.00047,0.02355
201.14,ETH-27DEC19,1563361147077,open,0.26,1838.0,0.223,0.324,0.27388,106.32,0.273,0.0,ETH-27DEC19-200-P,199.69,101.97,0.263,40.0,0.285,40.0,110.79,0.50183,-0.16379,-0.56738,0.00261,-0.35826
201.14,ETH-27DEC19,1563361147077,open,0.1,488.0,0.053,0.132,0.092611,109.62,0.091,0.0,ETH-27DEC19-400-C,199.69,105.76,0.084,381.0,0.099,271.0,112.42,0.45497,-0.1531,0.17128,0.0023,0.28344
201.14,ETH-27DEC19,1563361147077,open,0.06,513.0,0.017,0.096,0.056391,112.4,0.059,0.0,ETH-27DEC19-520-C,199.69,108.75,0.05,595.0,0.061,40.0,114.93,0.36085,-0.12451,0.11708,0.00178,0.18683
199.23,ETH-27SEP19,1563361147078,open,0.02,2417.0,0.001,0.062,0.022889,119.58,0.017,0.0,ETH-27SEP19-440-C,199.69,116.0,0.02,601.0,0.026,200.0,123.2,0.16599,-0.13808,0.03408,0.00178,0.10977
199.23,ETH-27SEP19,1563361147077,open,2.54,0.0,2.475,2.764,2.619298,132.1,None,0.0,ETH-27SEP19-720-P,199.69,0.0,0.0,0.0,0.0,0.0,0.0,0.05815,-0.05344,-1.40864,0.00056,-0.9712
201.14,ETH-27DEC19,1563361147078,open,1.41,21.0,1.354,1.549,1.451809,111.29,0.629,0.0,ETH-27DEC19-480-P,199.69,0.0,1.347,110.0,0.0,0.0,0.0,0.38977,-0.13316,-2.01004,0.00194,-0.78765
199.23,ETH-27SEP19,1563361147077,open,0.05,7577.0,0.017,0.101,0.0588,113.14,0.057,0.0,ETH-27SEP19-140-P,199.69,109.73,0.055,257.0,0.063,160.0,116.85,0.22381,-0.17615,-0.0898,0.00253,-0.1701
201.14,ETH-27DEC19,1563361147078,open,0.22,381.0,0.177,0.256,0.216891,106.41,0.231,0.0,ETH-27DEC19-240-C,199.69,102.31,0.206,364.0,0.227,214.0,110.23,0.53298,-0.1741,0.29232,0.00277,0.54258
199.67,SYN.ETH-19JUL19,1563361147077,open,0.0,315.0,0.001,0.04,0.0,134.96,0.001,0.0,ETH-19JUL19-380-C,199.69,0.0,0.0,0.0,0.001,300.0,374.09,0.0,0.0,0.0,0.0,0.0
199.67,SYN.ETH-19JUL19,1563361147077,open,0.57,282.0,0.539,0.667,0.602975,251.73,0.4,0.0,ETH-19JUL19-320-P,199.69,0.0,0.003,25.0,0.0,0.0,0.0,0.00237,-0.15872,-0.01639,0.00046,-0.99419
201.15,ETH-27DEC19,1563361147079,open,2.16,0.0,2.093,2.35,2.221519,116.61,None,0.0,ETH-27DEC19-640-P,199.69,0.0,0.0,0.0,0.0,0.0,0.0,0.29388,-0.1052,-2.76916,0.0014,-0.86355
199.23,ETH-27SEP19,1563361147079,open,0.47,981.0,0.432,0.551,0.491501,112.74,0.48,0.0,ETH-27SEP19-280-P,199.69,85.26,0.45,110.0,0.0,0.0,0.0,0.32154,-0.25218,-0.45429,0.00365,-0.66645
199.23,ETH-27SEP19,1563361147079,open,0.44,47.0,0.389,0.468,0.428818,113.02,0.689,0.0,ETH-27SEP19-120-C,199.69,0.0,0.0,0.0,0.0,0.0,0.0,0.15914,-0.12512,0.18346,0.0018,0.89645
199.67,SYN.ETH-19JUL19,1563361147077,open,0.01,0.0,0.001,0.059,0.01835,135.25,None,0.0,ETH-19JUL19-190-P,199.69,161.88,0.025,99.0,0.03,429.0,181.36,0.0488,-1.75954,-0.00314,0.01761,-0.2876
199.24,ETH-27SEP19,1563361147080,open,1.19,0.0,1.143,1.32,1.231724,120.11,None,0.0,ETH-27SEP19-440-P,199.69,0.0,0.0,0.0,0.0,0.0,0.0,0.16758,-0.14002,-0.83196,0.00178,-0.88877
199.41,SYN.ETH-30AUG19,1563361147077,open,0.05,189.0,0.009,0.088,0.048603,124.96,0.046,0.0,ETH-30AUG19-300-C,199.69,120.56,0.044,248.0,0.053,276.0,129.04,0.21191,-0.30175,0.04441,0.00355,0.23389
199.24,ETH-27SEP19,1563361147080,open,0.81,233.0,0.776,0.923,0.84921,116.21,0.763,0.0,ETH-27SEP19-360-P,199.69,0.0,0.0,0.0,0.99,1.0,207.14,0.2375,-0.19199,-0.6522,0.00261,-0.81311
199.24,ETH-27SEP19,1563361147080,open,0.91,259.0,0.867,1.022,0.944375,118.09,0.94,0.0,ETH-27SEP19-380-P,199.69,0.0,0.008,12.0,0.0,0.0,0.0,0.22034,-0.18101,-0.69773,0.00239,-0.83399
201.15,ETH-27DEC19,1563361147081,open,0.04,150.0,0.001,0.075,0.03541,117.44,0.036,0.0,ETH-27DEC19-680-C,199.69,117.14,0.035,1.0,0.037,50.0,118.6,0.27342,-0.09857,0.07858,0.00129,0.12295
199.67,SYN.ETH-19JUL19,1563361147078,open,0.08,0.0,0.027,0.106,0.066584,134.47,None,0.0,ETH-19JUL19-190-C,199.69,140.25,0.068,150.0,0.079,150.0,183.59,0.04873,-1.74682,0.00664,0.01769,0.71331
199.24,ETH-27SEP19,1563361147082,open,0.0,389.0,0.001,0.042,0.002507,133.66,0.002,0.0,ETH-27SEP19-60-P,199.69,129.14,0.002,248.0,0.004,500.0,144.36,0.02392,-0.02224,-0.00497,0.00023,-0.01017
199.41,SYN.ETH-30AUG19,1563361147078,open,0.22,107.0,0.171,0.25,0.210592,120.4,0.184,0.0,ETH-30AUG19-180-C,199.69,108.69,0.196,120.0,0.22,120.0,127.94,0.2488,-0.34137,0.11135,0.00432,0.67511
199.41,SYN.ETH-30AUG19,1563361147079,open,0.22,220.0,0.182,0.279,0.230694,120.75,0.242,0.0,ETH-30AUG19-220-P,199.69,115.18,0.223,277.0,0.245,120.0,131.09,0.27573,-0.37942,-0.17758,0.00478,-0.51012
199.63,SYN.ETH-26JUL19,1563361147077,open,0.02,100.0,0.001,0.057,0.017095,134.93,0.017,0.0,ETH-26JUL19-250-C,199.69,137.22,0.018,131.0,0.023,283.0,149.23,0.07801,-0.59298,0.0073,0.00597,0.16746
199.67,SYN.ETH-19JUL19,1563361147079,open,0.0,90.0,0.001,0.04,0.0,134.96,0.002,0.0,ETH-19JUL19-360-C,199.69,0.0,0.0,0.0,0.001,300.0,347.47,0.0,0.0,0.0,0.0,0.0
199.67,SYN.ETH-19JUL19,1563361147077,open,0.37,617.0,0.347,0.458,0.40261,186.26,0.407,0.0,ETH-19JUL19-280-P,199.69,0.0,0.383,10.0,0.438,10.0,484.44,0.00273,-0.13566,-0.01432,0.00072,-0.99316
199.63,SYN.ETH-26JUL19,1563361147077,open,1.94,0.0,1.886,2.126,2.006209,255.37,None,0.0,ETH-26JUL19-600-P,199.69,0.0,0.0,0.0,0.0,0.0,0.0,0.00464,-0.0667,-0.14568,0.00019,-0.99483
199.63,SYN.ETH-26JUL19,1563361147081,open,0.47,659.0,0.446,0.565,0.505691,137.37,0.34,0.0,ETH-26JUL19-300-P,199.69,0.0,0.03,1.0,3.4,5.0,500.0,0.02482,-0.19211,-0.07132,0.00186,-0.96363
199.41,SYN.ETH-30AUG19,1563361147078,open,0.61,0.0,0.578,0.709,0.643668,126.27,None,0.0,ETH-30AUG19-320-P,199.69,0.0,0.0,0.0,0.0,0.0,0.0,0.19032,-0.27385,-0.34738,0.00315,-0.8055
199.41,SYN.ETH-30AUG19,1563361147077,open,0.7,0.0,0.668,0.806,0.736693,127.83,None,0.0,ETH-30AUG19-340-P,199.69,0.0,0.0,0.0,0.0,0.0,0.0,0.17024,-0.24799,-0.37724,0.00279,-0.83704
199.67,SYN.ETH-19JUL19,1563361147078,open,0.01,101.0,0.001,0.043,0.003305,134.86,0.011,0.0,ETH-19JUL19-230-C,199.69,141.16,0.004,250.0,0.008,409.0,170.36,0.021,-0.65988,0.00077,0.0076,0.0786
199.67,SYN.ETH-19JUL19,1563361147077,open,0.47,211.0,0.443,0.562,0.50279,220.01,0.495,0.0,ETH-19JUL19-300-P,199.69,0.0,0.002,25.0,0.0,0.0,0.0,0.00249,-0.1462,-0.01536,0.00055,-0.99384
199.63,SYN.ETH-26JUL19,1563361147079,open,0.67,1130.0,0.636,0.772,0.704017,143.27,0.6,0.0,ETH-26JUL19-340-P,199.69,0.0,0.666,30.0,0.745,30.0,308.77,0.00941,-0.07592,-0.08216,0.00068,-0.98845
199.63,SYN.ETH-26JUL19,1563361147078,open,0.0,2384.0,0.001,0.04,0.0,134.97,0.001,0.0,ETH-26JUL19-500-C,199.69,0.0,0.0,0.0,0.001,571.0,231.85,1e-05,-9e-05,0.0,0.0,1e-05
199.63,SYN.ETH-26JUL19,1563361147082,open,0.57,519.0,0.541,0.668,0.60446,139.48,0.183,0.0,ETH-26JUL19-320-P,199.69,0.0,0.051,5.0,0.0,0.0,0.0,0.01485,-0.11671,-0.07693,0.0011,-0.98034
199.63,SYN.ETH-26JUL19,1563361147081,open,0.0,1920.0,0.001,0.04,9e-05,134.96,0.001,0.0,ETH-26JUL19-380-C,199.69,0.0,0.0,0.0,0.001,152.0,172.02,0.00158,-0.01205,7e-05,0.00012,0.00157
199.67,SYN.ETH-19JUL19,1563361147078,open,0.0,592.0,0.001,0.046,0.00669,135.18,0.012,0.0,ETH-19JUL19-180-P,199.69,166.32,0.012,99.0,0.016,482.0,186.98,0.03055,-1.10071,-0.00142,0.01103,-0.13166
199.63,SYN.ETH-26JUL19,1563361147081,open,0.0,3965.0,0.001,0.04,0.000213,134.96,0.003,0.0,ETH-26JUL19-360-C,199.69,0.0,0.0,0.0,0.002,242.0,175.17,0.00327,-0.02489,0.00016,0.00025,0.0035
9381.23,BTC-27SEP19,1563361147067,open,0.49,793.2,0.4415,0.521,0.48116616,105.99,0.5945,0.0,BTC-27SEP19-5000-C,9359.86,94.89,0.476,11.0,0.483,11.0,109.47,4.81939,-3.55355,8.51597,3e-05,0.94215
9361.71,SYN.BTC-26JUL19,1563361147097,open,0.18,381.0,0.1535,0.249,0.20117997,129.5,0.215,0.0,BTC-26JUL19-11000-P,9359.86,125.78,0.1995,7.5,0.213,7.5,152.38,4.56605,-33.31016,-2.18222,0.00017,-0.75729
199.67,SYN.ETH-19JUL19,1563361147089,open,0.12,10.0,0.066,0.145,0.105017,134.0,0.116,0.0,ETH-19JUL19-180-C,199.69,140.33,0.106,50.0,0.116,50.0,194.34,0.03024,-1.08014,0.00785,0.01101,0.87025
9441.69,BTC-27DEC19,1563361147101,open,0.29,181.6,0.235,0.3145,0.27476145,98.05,0.287,0.0,BTC-27DEC19-9000-C,9359.86,95.92,0.2695,3.6,0.2785,11.0,99.58,23.2214,-6.98932,16.04921,6e-05,0.65565
9359.55,SYN.BTC-19JUL19,1563361147115,open,0.0,239.0,0.0005,0.04,9.651e-05,144.94,0.0005,0.0,BTC-19JUL19-12500-C,9359.86,0.0,0.0,0.0,0.001,1.0,191.42,0.06399,-0.89971,0.00146,1e-05,0.00314
9361.71,SYN.BTC-26JUL19,1563361147114,open,0.22,273.8,0.197,0.296,0.24654938,130.33,0.222,0.0,BTC-26JUL19-11500-P,9359.86,123.62,0.244,7.5,0.2565,7.5,152.51,3.84728,-28.24612,-2.42544,0.00014,-0.81875
199.41,SYN.ETH-30AUG19,1563361147103,open,0.28,0.0,0.25,0.353,0.301764,120.77,None,0.0,ETH-30AUG19-240-P,199.69,111.98,0.29,120.0,0.318,120.0,132.75,0.26843,-0.36943,-0.21428,0.00465,-0.59216
9381.23,BTC-27SEP19,1563361147131,open,0.45,35.9,0.4085,0.5255,0.46713618,107.66,0.391,0.0,BTC-27SEP19-13000-P,9359.86,105.38,0.4635,6.0,0.4815,6.0,116.47,15.04898,-11.27058,-21.03437,8e-05,-0.67148
199.63,SYN.ETH-26JUL19,1563361147131,open,0.07,216.0,0.023,0.102,0.062418,134.88,0.066,0.0,ETH-26JUL19-210-C,199.69,134.2,0.062,149.0,0.071,190.0,148.77,0.12305,-0.93496,0.01862,0.00941,0.44602
199.41,SYN.ETH-30AUG19,1563361147139,open,0.11,941.0,0.069,0.157,0.113402,120.52,0.113,0.0,ETH-30AUG19-180-P,199.69,114.59,0.106,180.0,0.123,180.0,128.21,0.24881,-0.34172,-0.10507,0.00432,-0.32491
199.24,ETH-27SEP19,1563361147146,open,0.09,1914.0,0.046,0.125,0.085929,112.63,0.087,0.0,ETH-27SEP19-280-C,199.69,108.93,0.08,247.0,0.092,160.0,116.37,0.32145,-0.25186,0.09704,0.00365,0.33327
199.63,SYN.ETH-26JUL19,1563361147163,open,0.15,50.0,0.099,0.178,0.138147,134.78,0.138,0.0,ETH-26JUL19-180-C,199.69,130.64,0.136,50.0,0.147,50.0,151.58,0.10389,-0.78879,0.02848,0.00795,0.7249
199.23,ETH-27SEP19,1563361147181,open,0.19,3341.0,0.151,0.246,0.198447,111.93,0.198,0.0,ETH-27SEP19-200-P,199.69,108.76,0.193,334.0,0.205,120.0,115.74,0.34264,-0.26679,-0.23672,0.00392,-0.40494
199.24,ETH-27SEP19,1563361147195,open,0.32,2398.0,0.281,0.387,0.333672,112.24,0.345,0.0,ETH-27SEP19-240-P,199.69,106.15,0.323,120.0,0.34,120.0,115.84,0.34999,-0.27326,-0.34655,0.00399,-0.54961
199.23,ETH-27SEP19,1563361147219,open,0.09,5948.0,0.052,0.139,0.095673,112.48,0.084,0.0,ETH-27SEP19-160-P,199.69,108.41,0.09,215.0,0.101,160.0,116.29,0.2782,-0.21769,-0.13383,0.00316,-0.24545
199.24,ETH-27SEP19,1563361147228,open,0.08,3015.0,0.033,0.112,0.072187,114.08,0.063,0.0,ETH-27SEP19-300-C,199.69,112.63,0.07,1.0,0.076,160.0,116.58,0.30232,-0.23992,0.0852,0.00339,0.28933
199.24,ETH-27SEP19,1563361147244,open,0.03,4141.0,0.001,0.07,0.030961,118.09,0.026,0.0,ETH-27SEP19-400-C,199.69,115.07,0.028,593.0,0.033,200.0,120.1,0.19942,-0.16383,0.04387,0.00216,0.14278
9382.21,BTC-27SEP19,1563361147254,open,0.01,297.6,0.0005,0.0515,0.01108721,106.58,0.005,0.0,BTC-27SEP19-4750-P,9359.86,104.01,0.01,21.0,0.013,24.0,110.81,4.07947,-3.02446,-1.07128,2e-05,-0.0469
201.14,ETH-27DEC19,1563361147253,open,0.29,194.0,0.24,0.319,0.279547,106.32,0.275,0.0,ETH-27DEC19-200-C,199.69,102.1,0.269,30.0,0.291,30.0,110.92,0.50183,-0.16379,0.32509,0.00261,0.64174
199.63,SYN.ETH-26JUL19,1563361147277,open,0.01,2051.0,0.001,0.054,0.014183,135.08,0.013,0.0,ETH-26JUL19-160-P,199.69,143.55,0.017,406.0,0.022,250.0,157.65,0.06368,-0.48462,-0.0067,0.00486,-0.12389
9361.71,SYN.BTC-26JUL19,1563361147284,open,0.0,57.0,0.0005,0.041,0.00105044,140.95,0.0005,0.0,BTC-26JUL19-15500-C,9359.86,128.82,0.0005,2.9,0.0015,4.3,147.9,0.53626,-4.25806,0.03057,2e-05,0.01448
201.14,ETH-27DEC19,1563361147285,open,0.18,209.0,0.132,0.211,0.17138,107.08,0.178,0.0,ETH-27DEC19-280-C,199.69,103.15,0.161,350.0,0.18,230.0,110.32,0.53309,-0.17523,0.25749,0.00276,0.45826
9382.12,BTC-27SEP19,1563361147286,open,0.49,793.2,0.4415,0.521,0.48116616,105.92,0.5945,0.0,BTC-27SEP19-5000-C,9359.86,97.14,0.477,11.0,0.483,11.0,109.39,4.81221,-3.54567,8.51886,3e-05,0.94226
9441.69,BTC-27DEC19,1563361147297,open,0.33,205.5,0.281,0.3605,0.3207356,98.04,0.32,0.0,BTC-27DEC19-8000-C,9359.86,94.63,0.313,11.0,0.3225,11.0,98.84,21.26067,-6.39905,16.78955,5e-05,0.7192
9441.69,BTC-27DEC19,1563361147315,open,0.45,122.9,0.398,0.4775,0.43788804,98.04,0.439,0.0,BTC-27DEC19-6000-C,9359.86,94.0,0.4315,11.0,0.44,11.0,99.39,14.96022,-4.50234,17.19933,4e-05,0.84607
9362.61,SYN.BTC-26JUL19,1563361147326,open,0.18,381.0,0.1535,0.249,0.20117997,129.45,0.215,0.0,BTC-26JUL19-11000-P,9359.86,125.97,0.1995,7.5,0.211,7.5,148.77,4.5668,-33.30164,-2.18209,0.00017,-0.75726
9382.21,BTC-27SEP19,1563361147335,open,0.26,901.1,0.214,0.2935,0.25389837,104.94,0.25,0.0,BTC-27SEP19-8000-C,9359.86,99.66,0.246,11.0,0.255,11.0,105.67,14.07814,-10.27698,8.56305,8e-05,0.71738
9381.23,BTC-27SEP19,1563361147342,open,0.45,35.9,0.4085,0.5255,0.46713618,107.66,0.391,0.0,BTC-27SEP19-13000-P,9359.86,105.38,0.4635,6.0,0.4795,6.0,115.26,15.04898,-11.27058,-21.03437,8e-05,-0.67148
9441.69,BTC-27DEC19,1563361147365,open,0.33,205.5,0.281,0.3605,0.3207356,98.04,0.32,0.0,BTC-27DEC19-8000-C,9359.86,95.07,0.314,11.0,0.3225,11.0,98.84,21.26067,-6.39905,16.78955,5e-05,0.7192
9441.69,BTC-27DEC19,1563361147376,open,0.45,122.9,0.398,0.4775,0.43788804,98.04,0.439,0.0,BTC-27DEC19-6000-C,9359.86,94.64,0.4325,11.0,0.44,11.0,99.39,14.96022,-4.50234,17.19933,4e-05,0.84607
9382.21,BTC-27SEP19,1563361147397,open,0.01,92.2,0.0005,0.048,0.00802197,117.33,0.007,0.0,BTC-27SEP19-26000-C,9359.86,114.79,0.007,1.7,0.009,11.0,119.58,3.93343,-3.21048,0.6798,2e-05,0.04482
9382.21,BTC-27SEP19,1563361147395,open,0.26,901.1,0.214,0.2935,0.25389837,104.94,0.25,0.0,BTC-27SEP19-8000-C,9359.86,100.33,0.247,11.0,0.255,11.0,105.67,14.07814,-10.27698,8.56305,8e-05,0.71738
199.63,SYN.ETH-26JUL19,1563361147404,open,1.55,0.0,1.501,1.709,1.604876,195.79,None,0.0,ETH-26JUL19-520-P,199.69,0.0,0.0,0.0,0.0,0.0,0.0,0.00145,-0.01602,-0.12638,8e-05,-0.99857
9382.21,BTC-27SEP19,1563361147432,open,0.26,901.1,0.214,0.2935,0.25389837,104.94,0.25,0.0,BTC-27SEP19-8000-C,9359.86,100.33,0.247,11.0,0.2555,11.0,106.0,14.07814,-10.27698,8.56305,8e-05,0.71738
9361.71,SYN.BTC-26JUL19,1563361147460,open,0.01,280.7,0.0005,0.0445,0.00454039,137.08,0.006,0.0,BTC-26JUL19-13500-C,9359.86,133.85,0.004,10.1,0.0055,3.2,142.41,1.60486,-12.39317,0.11302,5e-05,0.05418
9441.58,BTC-27DEC19,1563361147467,open,0.02,246.9,0.0005,0.0565,0.01698113,114.5,0.0165,0.0,BTC-27DEC19-40000-C,9361.15,112.1,0.015,6.0,0.0195,21.0,117.31,8.10472,-2.84866,2.07079,2e-05,0.06613
9382.21,BTC-27SEP19,1563361147467,open,0.0,437.8,0.0005,0.044,0.00406749,117.46,0.004,0.0,BTC-27SEP19-30000-C,9361.15,112.83,0.003,69.0,0.005,1.0,120.88,2.38869,-1.95185,0.37666,1e-05,0.02445
9441.58,BTC-27DEC19,1563361147467,open,0.0,88.9,0.0005,0.042,0.00233341,112.54,0.003,0.0,BTC-27DEC19-2000-P,9361.15,105.51,0.0015,10.0,0.0035,16.0,120.08,1.28112,-0.44259,-0.40744,0.0,-0.00734
9382.21,BTC-27SEP19,1563361147467,open,0.03,310.3,0.0005,0.0695,0.02983164,111.86,0.0305,0.0,BTC-27SEP19-18000-C,9361.15,110.01,0.028,5.0,0.0315,11.0,113.5,9.42651,-7.33534,2.1015,5e-05,0.14358
9441.58,BTC-27DEC19,1563361147467,open,0.0,184.7,0.0005,0.044,0.00400305,105.67,0.003,0.0,BTC-27DEC19-2500-P,9361.15,103.28,0.0035,10.0,0.005,12.0,109.92,2.06793,-0.67078,-0.70338,0.0,-0.01269
9441.58,BTC-27DEC19,1563361147467,open,4.41,1.0,4.2965,4.7375,4.51708051,118.24,4.454,0.0,BTC-27DEC19-52000-P,9361.15,0.0,0.001,1.0,0.0,0.0,0.0,5.29883,-1.92335,-230.81,1e-05,-0.96123
9441.58,BTC-27DEC19,1563361147467,open,2.76,1.3,2.6805,2.987,2.83384471,112.6,2.792,0.0,BTC-27DEC19-36000-P,9361.15,0.0,0.0005,1.0,0.0,0.0,0.0,9.39953,-3.24899,-158.14456,2e-05,-0.91974
9441.58,BTC-27DEC19,1563361147467,open,1.74,0.0,1.6835,1.9065,1.79512284,107.87,None,0.0,BTC-27DEC19-26000-P,9361.15,0.0,0.005,10.0,2.602,0.2,500.0,14.56713,-4.82371,-111.53206,3e-05,-0.85211
9382.21,BTC-27SEP19,1563361147468,open,1.73,0.0,1.6685,1.8905,1.77951355,118.01,None,0.0,BTC-27SEP19-26000-P,9361.15,0.0,0.0,0.0,0.0,0.0,0.0,4.0198,-3.30008,-50.50201,2e-05,-0.95396
9383.5,BTC-27SEP19,1563361147469,open,0.53,78.2,0.496,0.62,0.55798031,108.66,0.54,0.0,BTC-27SEP19-14000-P,9361.15,105.62,0.5535,6.0,0.572,6.0,117.85,13.9688,-10.55849,-23.65095,7e-05,-0.72197
9383.5,BTC-27SEP19,1563361147470,open,0.0,49.2,0.0005,0.042,0.00216281,116.26,0.0025,0.0,BTC-27SEP19-3250-P,9361.15,110.17,0.0015,19.8,0.003,25.0,122.43,1.14421,-0.92537,-0.23133,1e-05,-0.01036
9383.5,BTC-27SEP19,1563361147470,open,2.14,0.0,2.074,2.33,2.20194046,120.31,None,0.0,BTC-27SEP19-30000-P,9361.15,0.0,0.0,0.0,0.0,0.0,0.0,2.68046,-2.24334,-58.64677,1e-05,-0.97194
9442.87,BTC-27DEC19,1563361147470,open,3.58,0.0,3.487,3.8605,3.67389064,116.52,None,0.0,BTC-27DEC19-44000-P,9361.15,0.0,0.0,0.0,0.0,0.0,0.0,7.1322,-2.55114,-194.57961,2e-05,-0.94385
9442.87,BTC-27DEC19,1563361147470,open,0.74,0.0,0.6995,0.779,0.73921837,105.52,None,0.0,BTC-27DEC19-2500-C,9361.15,0.0,0.0155,3.0,0.978,0.5,500.0,2.0574,-0.66643,10.45709,0.0,0.98738
9442.87,BTC-27DEC19,1563361147470,open,0.02,181.3,0.0005,0.0535,0.01370415,115.73,0.0125,0.0,BTC-27DEC19-44000-C,9361.15,113.32,0.012,6.0,0.016,21.0,118.71,6.95179,-2.46983,1.71288,2e-05,0.05435
9383.5,BTC-27SEP19,1563361147471,open,0.0,609.1,0.0005,0.0415,0.0018707,121.82,0.002,0.0,BTC-27SEP19-3000-P,9361.15,111.71,0.001,20.0,0.003,15.0,131.07,0.97871,-0.82939,-0.19462,0.0,-0.00866
9383.5,BTC-27SEP19,1563361147471,open,1.93,0.0,1.871,2.11,1.99038679,119.56,None,0.0,BTC-27SEP19-28000-P,9361.15,0.0,0.0,0.0,0.0,0.0,0.0,3.31582,-2.75791,-54.58533,2e-05,-0.96369
9442.87,BTC-27DEC19,1563361147471,open,3.99,0.0,3.8915,4.2985,4.09513063,117.93,None,0.0,BTC-27DEC19-48000-P,9361.15,0.0,0.0,0.0,0.0,0.0,0.0,6.24009,-2.25911,-212.6956,1e-05,-0.95254
9383.5,BTC-27SEP19,1563361147471,open,1.11,0.0,1.067,1.2385,1.15261895,113.84,None,0.0,BTC-27SEP19-20000-P,9361.15,0.0,0.005,10.0,1.755,0.2,500.0,7.64901,-6.0576,-37.80834,4e-05,-0.89351
9383.5,BTC-27SEP19,1563361147471,open,0.74,55.9,0.6945,0.774,0.73427991,123.26,0.689,0.0,BTC-27SEP19-2500-C,9361.15,0.0,0.005,10.0,0.9125,5.0,500.0,0.44384,-0.38057,4.84427,0.0,0.99644
9442.87,BTC-27DEC19,1563361147471,open,0.14,217.3,0.0985,0.178,0.13825248,101.08,0.141,0.0,BTC-27DEC19-14000-C,9361.15,99.43,0.134,14.6,0.1425,0.2,102.72,24.41744,-7.57688,11.15598,6e-05,0.40301
9442.87,BTC-27DEC19,1563361147471,open,1.15,1.6,1.1025,1.277,1.18969731,105.14,1.0905,0.0,BTC-27DEC19-20000-P,9361.15,0.0,0.005,5.0,1.466,1.0,214.19,19.45606,-6.2797,-82.29922,5e-05,-0.76342
9362.61,SYN.BTC-26JUL19,1563361147467,open,0.32,56.6,0.291,0.398,0.34433612,134.31,0.3555,0.0,BTC-26JUL19-12500-P,9361.15,0.0,0.333,7.5,0.3715,7.5,204.72,2.58323,-19.54488,-2.83043,9e-05,-0.89888
9360.44,SYN.BTC-19JUL19,1563361147467,open,0.41,35.3,0.385,0.5,0.44238385,185.83,0.2545,0.0,BTC-19JUL19-13500-P,9361.15,0.0,0.05,0.1,0.0,0.0,0.0,0.07333,-3.63255,-0.69206,1e-05,-0.99634
9373.45,SYN.BTC-30AUG19,1563361147468,open,0.51,0.0,0.4735,0.596,0.53471142,116.5,None,0.0,BTC-30AUG19-14000-P,9361.15,0.0,0.0,0.0,0.0,0.0,0.0,9.48056,-12.58692,-14.87663,8e-05,-0.78559
9362.61,SYN.BTC-26JUL19,1563361147471,open,0.0,162.8,0.0005,0.04,7.666e-05,144.98,0.001,0.0,BTC-26JUL19-19000-C,9361.15,0.0,0.0,0.0,0.0005,4.6,172.35,0.06143,-0.5017,0.00273,0.0,0.00128
9362.61,SYN.BTC-26JUL19,1563361147467,open,0.27,4.8,0.2195,0.299,0.25935246,135.4,0.455,0.0,BTC-26JUL19-7000-C,9361.15,0.0,0.006,3.0,0.0,0.0,0.0,1.93967,-14.79461,1.52904,7e-05,0.93096
9373.45,SYN.BTC-30AUG19,1563361147481,open,0.24,0.0,0.1895,0.269,0.22904237,113.36,None,0.0,BTC-30AUG19-8000-C,9361.15,104.63,0.219,4.3,0.23,4.0,114.19,10.83173,-13.99314,5.59528,9e-05,0.72562
9383.5,BTC-27SEP19,1563361147490,open,0.02,387.3,0.0005,0.054,0.01415155,113.66,0.0155,0.0,BTC-27SEP19-22000-C,9361.15,111.79,0.013,39.0,0.0155,0.5,115.75,5.91409,-4.67612,1.13045,3e-05,0.07533
9383.5,BTC-27SEP19,1563361147496,open,0.36,60.1,0.3265,0.4365,0.3817035,107.64,0.395,0.0,BTC-27SEP19-12000-P,9361.15,105.76,0.3785,2.7,0.393,6.0,114.23,15.99075,-11.97388,-18.30167,9e-05,-0.60876
9442.87,BTC-27DEC19,1563361147508,open,0.78,7.1,0.7315,0.875,0.80336385,102.44,0.491,0.0,BTC-27DEC19-16000-P,9361.15,0.0,0.005,5.0,1.572,0.2,500.0,22.95795,-7.21961,-61.9084,6e-05,-0.66584
9362.61,SYN.BTC-26JUL19,1563361147479,open,0.0,57.0,0.0005,0.041,0.00105044,140.96,0.0005,0.0,BTC-26JUL19-15500-C,9361.15,128.8,0.0005,14.4,0.0015,4.3,147.87,0.53695,-4.26373,0.03062,2e-05,0.0145
9383.5,BTC-27SEP19,1563361147512,open,1.11,0.0,1.067,1.2385,1.15261895,113.84,None,0.0,BTC-27SEP19-20000-P,9361.15,0.0,0.005,10.0,1.754,0.2,500.0,7.64901,-6.0576,-37.80834,4e-05,-0.89351
9362.61,SYN.BTC-26JUL19,1563361147514,open,0.05,132.3,0.0005,0.0775,0.03773512,129.21,0.038,0.0,BTC-26JUL19-10500-C,9361.15,126.99,0.0365,5.0,0.041,11.5,135.02,5.21966,-37.99253,0.64215,0.00019,0.31979
9442.87,BTC-27DEC19,1563361147521,open,1.54,0.0,1.4875,1.6945,1.59088741,107.1,None,0.0,BTC-27DEC19-24000-P,9361.15,0.0,0.0065,1.0,2.3945,0.2,500.0,16.086,-5.28887,-101.92293,4e-05,-0.82794
9442.87,BTC-27DEC19,1563361147523,open,0.96,12.4,0.914,1.073,0.99372811,103.77,0.559,0.0,BTC-27DEC19-18000-P,9361.15,0.0,0.005,5.0,1.777,0.2,500.0,21.21905,-6.75946,-72.22901,5e-05,-0.7204
9382.21,BTC-27SEP19,1563361147524,open,0.15,179.3,0.1145,0.207,0.16060575,104.88,0.151,0.0,BTC-27SEP19-9000-P,9361.15,103.63,0.1585,19.3,0.1655,4.8,107.8,15.77011,-11.50617,-9.87149,9e-05,-0.3737
9362.61,SYN.BTC-26JUL19,1563361147525,open,0.0,313.8,0.0005,0.04,3.361e-05,144.98,0.001,0.0,BTC-26JUL19-20000-C,9361.15,0.0,0.0,0.0,0.0005,5.9,183.01,0.03019,-0.24661,0.00126,0.0,0.00059
9383.5,BTC-27SEP19,1563361147526,open,0.72,34.4,0.679,0.8185,0.74888536,110.24,0.3735,0.0,BTC-27SEP19-16000-P,9361.15,0.0,0.005,10.0,1.362,0.2,500.0,11.61162,-8.90432,-28.64441,6e-05,-0.80131
9442.87,BTC-27DEC19,1563361147512,open,0.02,186.2,0.0005,0.0605,0.02096799,112.63,0.031,0.0,BTC-27DEC19-36000-C,9361.15,110.6,0.019,6.0,0.023,11.0,114.62,9.41242,-3.2545,2.50396,2e-05,0.08039
9382.21,BTC-27SEP19,1563361147530,open,0.4,714.8,0.354,0.4335,0.39352446,105.09,0.434,0.0,BTC-27SEP19-6000-C,9361.15,99.17,0.3885,11.0,0.3965,11.0,108.47,8.16452,-5.96887,9.04934,4e-05,0.88333
9373.45,SYN.BTC-30AUG19,1563361147539,open,0.18,0.4,0.132,0.2115,0.17174889,112.1,0.1895,0.0,BTC-30AUG19-9000-C,9361.15,107.38,0.1655,14.4,0.1745,4.0,114.18,12.39853,-15.83875,5.0226,0.0001,0.61751
9441.58,BTC-27DEC19,1563361147549,open,0.11,238.8,0.072,0.1605,0.11617386,98.07,0.1195,0.0,BTC-27DEC19-7000-P,9361.15,95.69,0.1115,14.9,0.1185,6.0,99.26,18.49986,-5.56979,-14.0134,5e-05,-0.21644
9383.5,BTC-27SEP19,1563361147556,open,0.0,609.1,0.0005,0.0415,0.0018707,121.82,0.002,0.0,BTC-27SEP19-3000-P,9361.15,111.71,0.001,19.9,0.003,15.0,131.07,0.97871,-0.82939,-0.19462,0.0,-0.00866
9383.5,BTC-27SEP19,1563361147559,open,0.0,49.2,0.0005,0.042,0.00216281,116.26,0.0025,0.0,BTC-27SEP19-3250-P,9361.15,110.17,0.0015,19.7,0.003,25.0,122.43,1.14421,-0.92537,-0.23133,1e-05,-0.01036
199.24,ETH-27SEP19,1563361147581,open,0.0,389.0,0.001,0.042,0.002507,133.66,0.002,0.0,ETH-27SEP19-60-P,199.69,129.14,0.002,246.0,0.004,500.0,144.36,0.02392,-0.02224,-0.00497,0.00023,-0.01017
199.41,SYN.ETH-30AUG19,1563361147583,open,0.04,219.0,0.001,0.078,0.038699,125.98,0.036,0.0,ETH-30AUG19-320-C,199.69,120.96,0.034,267.0,0.042,288.0,129.42,0.18983,-0.27254,0.03716,0.00315,0.19368
9362.61,SYN.BTC-26JUL19,1563361147604,open,0.11,516.2,0.077,0.166,0.12149074,129.37,0.131,0.0,BTC-26JUL19-10000-P,9361.15,129.38,0.1215,18.0,0.13,25.5,143.33,5.67819,-41.38159,-1.61813,0.00021,-0.58924
9441.58,BTC-27DEC19,1563361147610,open,0.16,237.6,0.1215,0.2145,0.16804154,98.06,0.1565,0.0,BTC-27DEC19-8000-P,9361.15,95.6,0.1625,14.9,0.1725,10.9,100.04,21.26052,-6.39988,-18.9106,5e-05,-0.2808
9373.45,SYN.BTC-30AUG19,1563361147619,open,0.25,14.6,0.219,0.32,0.26944721,113.17,0.2625,0.0,BTC-30AUG19-11000-P,9361.15,111.73,0.2675,14.4,0.281,3.0,121.68,12.678,-16.35067,-9.614,0.00011,-0.5838
9442.87,BTC-27DEC19,1563361147620,open,0.52,68.4,0.4715,0.551,0.51100999,97.99,0.511,0.0,BTC-27DEC19-5000-C,9361.15,93.98,0.5065,11.0,0.514,11.0,100.57,10.82871,-3.2573,16.51611,3e-05,0.90297
199.41,SYN.ETH-30AUG19,1563361147631,open,0.16,220.0,0.12,0.213,0.166545,120.1,0.147,0.0,ETH-30AUG19-200-P,199.69,115.2,0.16,250.0,0.178,137.0,128.49,0.2703,-0.36993,-0.1407,0.00471,-0.4203
9383.5,BTC-27SEP19,1563361147635,open,0.45,224.0,0.396,0.4755,0.43589806,105.18,0.5225,0.0,BTC-27SEP19-5500-C,9361.15,96.86,0.4305,11.0,0.4385,11.0,108.89,6.42863,-4.70354,8.86925,4e-05,0.91589
199.67,SYN.ETH-19JUL19,1563361147644,open,0.01,101.0,0.001,0.043,0.00332,134.86,0.011,0.0,ETH-19JUL19-230-C,199.69,141.16,0.004,250.0,0.008,406.0,170.36,0.021,-0.65988,0.00077,0.0076,0.0786
9362.61,SYN.BTC-26JUL19,1563361147651,open,0.08,392.1,0.045,0.132,0.08846732,129.35,0.0975,0.0,BTC-26JUL19-9500-P,9361.15,129.4,0.0885,18.0,0.096,25.5,141.46,5.82215,-42.4231,-1.31377,0.00021,-0.48858
9441.58,BTC-27DEC19,1563361147653,open,0.43,83.4,0.393,0.509,0.45096229,100.1,0.4295,0.0,BTC-27DEC19-12000-P,9361.15,97.68,0.4445,6.0,0.458,3.6,102.74,25.1541,-7.72976,-40.47298,6e-05,-0.50967
199.67,SYN.ETH-19JUL19,1563361147650,open,0.0,592.0,0.001,0.046,0.006663,135.18,0.012,0.0,ETH-19JUL19-180-P,199.69,166.32,0.012,93.0,0.016,482.0,186.98,0.03055,-1.10071,-0.00142,0.01103,-0.13166
199.24,ETH-27SEP19,1563361147657,open,0.03,8193.0,0.001,0.072,0.031201,113.14,0.031,0.0,ETH-27SEP19-120-P,199.69,109.03,0.028,490.0,0.033,200.0,115.34,0.1593,-0.12538,-0.05293,0.0018,-0.10368
9382.21,BTC-27SEP19,1563361147655,open,0.17,806.4,0.12,0.1995,0.15980489,105.4,0.161,0.0,BTC-27SEP19-10000-C,9361.15,103.24,0.156,14.4,0.162,11.0,106.64,16.53085,-12.12026,7.0028,9e-05,0.53884
199.63,SYN.ETH-26JUL19,1563361147664,open,0.01,0.0,0.001,0.047,0.007312,135.07,None,0.0,ETH-26JUL19-150-P,199.69,146.7,0.01,118.0,0.014,250.0,161.85,0.04264,-0.32443,-0.00384,0.00326,-0.07184
199.63,SYN.ETH-26JUL19,1563361147676,open,0.01,2051.0,0.001,0.054,0.014183,135.08,0.013,0.0,ETH-26JUL19-160-P,199.69,143.55,0.017,401.0,0.022,250.0,157.65,0.06368,-0.48462,-0.0067,0.00486,-0.12389
199.63,SYN.ETH-26JUL19,1563361147694,open,0.0,1038.0,0.001,0.042,0.002593,134.95,0.005,0.0,ETH-26JUL19-300-C,199.69,117.12,0.001,442.0,0.006,676.0,157.22,0.02325,-0.17679,0.00151,0.00178,0.03359
199.63,SYN.ETH-26JUL19,1563361147695,open,0.0,1038.0,0.001,0.042,0.002593,134.95,0.005,0.0,ETH-26JUL19-300-C,199.69,117.12,0.001,442.0,0.006,674.0,157.22,0.02325,-0.17679,0.00151,0.00178,0.03359
199.63,SYN.ETH-26JUL19,1563361147704,open,0.09,151.0,0.043,0.122,0.082974,134.86,0.079,0.0,ETH-26JUL19-200-C,199.69,135.04,0.083,124.0,0.092,163.0,149.59,0.12361,-0.9391,0.02211,0.00946,0.53833
199.41,SYN.ETH-30AUG19,1563361147710,open,0.05,189.0,0.009,0.088,0.048635,124.96,0.046,0.0,ETH-30AUG19-300-C,199.69,120.56,0.044,249.0,0.053,276.0,129.04,0.21191,-0.30175,0.04441,0.00355,0.23389
199.67,SYN.ETH-19JUL19,1563361147724,open,0.03,891.0,0.001,0.081,0.039461,135.37,0.047,0.0,ETH-19JUL19-200-P,199.69,157.88,0.046,77.0,0.051,154.0,175.38,0.05707,-2.0595,-0.00541,0.02058,-0.48746
199.41,SYN.ETH-30AUG19,1563361147732,open,0.22,220.0,0.182,0.279,0.230568,120.75,0.242,0.0,ETH-30AUG19-220-P,199.69,115.18,0.223,266.0,0.245,120.0,131.09,0.27573,-0.37942,-0.17758,0.00478,-0.51012
201.15,ETH-27DEC19,1563361147744,open,0.08,555.0,0.038,0.117,0.077718,110.61,0.081,0.0,ETH-27DEC19-440-C,199.69,106.87,0.07,390.0,0.084,320.0,113.56,0.42253,-0.14347,0.15027,0.00212,0.24513
199.63,SYN.ETH-26JUL19,1563361147740,open,0.02,100.0,0.001,0.057,0.017124,134.93,0.017,0.0,ETH-26JUL19-250-C,199.69,137.22,0.018,132.0,0.023,283.0,149.23,0.07801,-0.59298,0.0073,0.00597,0.16746
199.63,SYN.ETH-26JUL19,1563361147759,open,0.0,1872.0,0.001,0.04,0.0005,134.96,0.001,0.0,ETH-26JUL19-340-C,199.69,0.0,0.0,0.0,0.002,119.0,161.15,0.00656,-0.04989,0.00035,0.0005,0.00765
199.41,SYN.ETH-30AUG19,1563361147761,open,0.04,150.0,0.001,0.081,0.040363,123.22,0.041,0.0,ETH-30AUG19-140-P,199.69,118.95,0.037,232.0,0.044,475.0,127.65,0.16034,-0.22515,-0.04535,0.00272,-0.1488
199.63,SYN.ETH-26JUL19,1563361147768,open,0.02,2.0,0.001,0.065,0.02483,135.1,0.032,0.0,ETH-26JUL19-170-P,199.69,140.03,0.027,398.0,0.033,200.0,153.5,0.08522,-0.64855,-0.01056,0.00651,-0.19273
199.63,SYN.ETH-26JUL19,1563361147773,open,0.05,10.0,0.018,0.102,0.059934,135.14,0.05,0.0,ETH-26JUL19-190-P,199.69,138.52,0.062,119.0,0.07,200.0,152.1,0.11722,-0.89239,-0.02073,0.00895,-0.36697
9442.87,BTC-27DEC19,1563361147778,open,2.76,1.3,2.6805,2.987,2.83384471,113.11,2.792,0.0,BTC-27DEC19-36000-P,9361.15,0.0,0.0005,1.0,0.0,0.0,0.0,9.53233,-3.30986,-158.10334,2e-05,-0.91825
9383.5,BTC-27SEP19,1563361147785,open,0.1,463.4,0.0625,0.1505,0.10666501,105.03,0.103,0.0,BTC-27SEP19-8000-P,9361.15,103.26,0.104,19.3,0.1105,10.6,107.59,14.07848,-10.28654,-7.19193,8e-05,-0.28255
9383.5,BTC-27SEP19,1563361147860,open,0.0,490.7,0.0005,0.0405,0.00054795,139.28,0.0005,0.0,BTC-27SEP19-2000-P,9361.15,0.0,0.0,0.0,0.001,6.0,149.86,0.32047,-0.31051,-0.05589,0.0,-0.00248
9362.61,SYN.BTC-26JUL19,1563361147866,open,0.0,57.0,0.0005,0.041,0.00105044,140.96,0.0005,0.0,BTC-26JUL19-15500-C,9361.15,128.8,0.0005,2.9,0.0015,4.3,147.87,0.53695,-4.26373,0.03062,2e-05,0.0145
9362.61,SYN.BTC-26JUL19,1563361147874,open,0.0,262.6,0.0005,0.0435,0.00351957,139.77,0.0025,0.0,BTC-26JUL19-6500-P,9361.15,130.96,0.0025,40.0,0.005,37.5,150.34,1.1878,-9.35257,-0.09287,4e-05,-0.03727
9373.45,SYN.BTC-30AUG19,1563361147876,open,0.25,14.6,0.219,0.32,0.26944721,113.17,0.2625,0.0,BTC-30AUG19-11000-P,9361.15,111.73,0.2675,14.4,0.279,3.0,120.21,12.678,-16.35067,-9.614,0.00011,-0.5838
199.24,ETH-27SEP19,1563361147892,open,1.76,24.0,1.709,1.934,1.821328,124.34,1.356,0.0,ETH-27SEP19-560-P,199.69,0.0,0.0,0.0,0.0,0.0,0.0,0.09852,-0.08521,-1.0853,0.00101,-0.94488
9383.5,BTC-27SEP19,1563361147892,open,0.36,60.1,0.3265,0.4365,0.3817035,107.64,0.395,0.0,BTC-27SEP19-12000-P,9361.15,105.76,0.3785,2.7,0.3935,6.0,114.52,15.99075,-11.97388,-18.30167,9e-05,-0.60876
9442.87,BTC-27DEC19,1563361147902,open,1.74,0.0,1.6835,1.9065,1.79512284,108.1,None,0.0,BTC-27DEC19-26000-P,9361.15,0.0,0.005,10.0,2.601,0.2,500.0,14.63024,-4.85512,-111.50817,3e-05,-0.85118
9383.5,BTC-27SEP19,1563361147904,open,0.36,60.1,0.3265,0.4365,0.3817035,107.64,0.395,0.0,BTC-27SEP19-12000-P,9361.15,105.76,0.3785,2.7,0.3915,6.0,113.36,15.99075,-11.97388,-18.30167,9e-05,-0.60876
199.63,SYN.ETH-26JUL19,1563361147915,open,0.86,504.0,0.828,0.979,0.903653,142.99,0.168,0.0,ETH-26JUL19-380-P,199.69,0.0,0.0,0.0,0.0,0.0,0.0,0.00264,-0.02127,-0.09228,0.00019,-0.99724
9362.61,SYN.BTC-26JUL19,1563361147968,open,0.01,630.9,0.0005,0.046,0.00623169,134.6,0.0065,0.0,BTC-26JUL19-13000-C,9361.15,131.07,0.0055,10.0,0.0075,0.1,140.22,2.00957,-15.23711,0.15042,7e-05,0.0723
9382.21,BTC-27SEP19,1563361147970,open,0.01,288.9,0.0005,0.0505,0.01063243,115.74,0.009,0.0,BTC-27SEP19-24000-C,9361.15,112.41,0.009,39.0,0.0125,35.0,119.2,4.82823,-3.88736,0.8748,2e-05,0.05798
9382.21,BTC-27SEP19,1563361147979,open,0.06,296.4,0.0215,0.106,0.06381957,104.99,0.058,0.0,BTC-27SEP19-7000-P,9361.15,103.09,0.0615,19.3,0.067,6.1,107.59,11.45908,-8.36947,-4.77158,6e-05,-0.19445
201.15,ETH-27DEC19,1563361148030,open,0.29,194.0,0.24,0.319,0.279547,106.31,0.275,0.0,ETH-27DEC19-200-C,199.69,102.09,0.269,30.0,0.29,30.0,110.51,0.50185,-0.16378,0.32512,0.00261,0.64176
199.63,SYN.ETH-26JUL19,1563361148041,open,0.29,867.0,0.262,0.366,0.314415,135.16,0.303,0.0,ETH-26JUL19-260-P,199.69,111.83,0.308,120.0,0.352,30.0,220.86,0.06425,-0.48922,-0.05772,0.00491,-0.87453
199.63,SYN.ETH-26JUL19,1563361148043,open,0.96,985.0,0.924,1.083,1.003788,148.65,0.205,0.0,ETH-26JUL19-400-P,199.69,0.0,0.0,0.0,0.0,0.0,0.0,0.00195,-0.01634,-0.09718,0.00014,-0.99803
199.24,ETH-27SEP19,1563361148077,open,2.15,0.0,2.091,2.348,2.219604,128.46,None,0.0,ETH-27SEP19-640-P,199.64,0.0,0.0,0.0,0.0,0.0,0.0,0.07468,-0.06674,-1.24788,0.00074,-0.96097
199.63,SYN.ETH-26JUL19,1563361148077,open,1.74,0.0,1.694,1.917,1.805251,210.32,None,0.0,ETH-26JUL19-560-P,199.64,0.0,0.0,0.0,0.0,0.0,0.0,0.00146,-0.01731,-0.13611,7e-05,-0.99856
199.68,SYN.ETH-19JUL19,1563361148077,open,0.86,0.0,0.828,0.979,0.903154,294.34,None,0.0,ETH-19JUL19-380-P,199.64,0.0,0.0,0.0,0.0,0.0,0.0,0.00075,-0.05878,-0.01951,0.00012,-0.99838
199.68,SYN.ETH-19JUL19,1563361148078,open,0.0,459.0,0.001,0.04,0.0,134.99,0.001,0.0,ETH-19JUL19-340-C,199.64,0.0,0.0,0.0,0.001,300.0,318.9,0.0,0.0,0.0,0.0,0.0
199.63,SYN.ETH-26JUL19,1563361148077,open,1.35,0.0,1.309,1.5,1.404502,180.21,None,0.0,ETH-26JUL19-480-P,199.64,0.0,0.0,0.0,0.0,0.0,0.0,0.00146,-0.01481,-0.11666,8e-05,-0.99856
199.68,SYN.ETH-19JUL19,1563361148077,open,0.76,0.0,0.731,0.875,0.802988,270.98,None,0.0,ETH-19JUL19-360-P,199.64,0.0,0.001,25.0,0.0,0.0,0.0,0.00076,-0.05524,-0.01848,0.00014,-0.99834
199.63,SYN.ETH-26JUL19,1563361148077,open,1.16,0.0,1.116,1.292,1.204132,163.85,None,0.0,ETH-26JUL19-440-P,199.64,0.0,0.0,0.0,0.0,0.0,0.0,0.00153,-0.01412,-0.10693,0.0001,-0.99849
199.68,SYN.ETH-19JUL19,1563361148077,open,1.06,0.0,1.02,1.187,1.103486,337.49,None,0.0,ETH-19JUL19-420-P,199.64,0.0,0.0,0.0,0.0,0.0,0.0,0.00073,-0.06577,-0.02157,0.00011,-0.99842
199.68,SYN.ETH-19JUL19,1563361148077,open,0.96,0.0,0.924,1.083,1.00332,316.47,None,0.0,ETH-19JUL19-400-P,199.64,0.0,0.0,0.0,0.0,0.0,0.0,0.00074,-0.06229,-0.02054,0.00011,-0.99841
199.42,SYN.ETH-30AUG19,1563361148077,open,0.08,110.0,0.037,0.116,0.076531,121.65,0.075,0.0,ETH-30AUG19-260-C,199.64,116.45,0.07,499.0,0.083,243.0,126.71,0.25274,-0.35036,0.06266,0.00435,0.33792
199.68,SYN.ETH-19JUL19,1563361148077,open,0.67,742.0,0.635,0.77,0.702822,246.22,0.144,0.0,ETH-19JUL19-340-P,199.64,0.0,0.035,10.0,0.0,0.0,0.0,0.00079,-0.05166,-0.01746,0.00016,-0.99829
199.63,SYN.ETH-26JUL19,1563361148079,open,1.45,0.0,1.405,1.604,1.504688,188.13,None,0.0,ETH-26JUL19-500-P,199.64,0.0,0.0,0.0,0.0,0.0,0.0,0.00145,-0.01539,-0.12152,8e-05,-0.99857
199.63,SYN.ETH-26JUL19,1563361148103,open,0.12,0.0,0.069,0.148,0.108153,134.96,None,0.0,ETH-26JUL19-190-C,199.64,131.29,0.106,150.0,0.117,150.0,150.0,0.11721,-0.89112,0.02549,0.00896,0.63317
201.15,ETH-27DEC19,1563361148113,open,0.12,219.0,0.074,0.153,0.113002,109.11,0.118,0.0,ETH-27DEC19-360-C,199.64,107.03,0.108,2.0,0.12,299.0,111.97,0.48784,-0.1634,0.19665,0.00248,0.33208
9362.61,SYN.BTC-26JUL19,1563361148120,open,0.0,57.0,0.0005,0.041,0.00105172,140.96,0.0005,0.0,BTC-26JUL19-15500-C,9361.15,128.8,0.0005,14.4,0.0015,4.3,147.87,0.53695,-4.26373,0.03062,2e-05,0.0145
199.19,ETH-27SEP19,1563361148122,open,0.25,779.0,0.199,0.278,0.238861,112.07,0.227,0.0,ETH-27SEP19-180-C,199.64,107.15,0.231,120.0,0.246,120.0,116.53,0.31834,-0.24817,0.17087,0.00364,0.67449
9362.61,SYN.BTC-26JUL19,1563361148129,open,0.06,303.1,0.0135,0.093,0.05334439,129.2,0.0545,0.0,BTC-26JUL19-10000-C,9361.15,126.21,0.0515,0.1,0.056,1.0,133.63,5.67747,-41.32219,0.8133,0.00021,0.41054
199.68,SYN.ETH-19JUL19,1563361148131,open,0.12,10.0,0.066,0.145,0.105169,134.76,0.116,0.0,ETH-19JUL19-180-C,199.64,140.09,0.106,50.0,0.115,50.0,189.27,0.03042,-1.09274,0.00784,0.01102,0.86913
199.19,ETH-27SEP19,1563361148151,open,0.32,2398.0,0.281,0.386,0.333495,112.01,0.345,0.0,ETH-27SEP19-240-P,199.64,106.02,0.323,120.0,0.341,120.0,116.28,0.34982,-0.27258,-0.34667,0.004,-0.55031
9362.61,SYN.BTC-26JUL19,1563361148141,open,0.05,132.3,0.0005,0.0775,0.03776255,129.21,0.038,0.0,BTC-26JUL19-10500-C,9361.15,126.99,0.0365,5.0,0.0415,12.0,135.91,5.21966,-37.99253,0.64215,0.00019,0.31979
9362.61,SYN.BTC-26JUL19,1563361148159,open,0.05,132.3,0.0005,0.0775,0.03776255,129.21,0.038,0.0,BTC-26JUL19-10500-C,9361.15,126.99,0.0365,5.0,0.0415,11.5,135.91,5.21966,-37.99253,0.64215,0.00019,0.31979
9362.61,SYN.BTC-26JUL19,1563361148165,open,0.05,132.3,0.0005,0.0775,0.03776255,129.21,0.038,0.0,BTC-26JUL19-10500-C,9361.15,126.99,0.0365,5.0,0.0415,21.5,135.91,5.21966,-37.99253,0.64215,0.00019,0.31979
9362.61,SYN.BTC-26JUL19,1563361148163,open,0.15,53.1,0.093,0.1725,0.13264183,131.8,0.1405,0.0,BTC-26JUL19-8500-C,9361.15,122.08,0.1275,6.0,0.135,11.5,136.36,4.94254,-36.69659,1.32985,0.00018,0.7167
9362.61,SYN.BTC-26JUL19,1563361148176,open,0.18,381.0,0.1535,0.249,0.20108809,129.45,0.215,0.0,BTC-26JUL19-11000-P,9361.15,125.97,0.1995,7.5,0.2115,7.5,149.72,4.5668,-33.30164,-2.18209,0.00017,-0.75726
9362.61,SYN.BTC-26JUL19,1563361148178,open,0.22,273.8,0.197,0.296,0.24644715,130.26,0.222,0.0,BTC-26JUL19-11500-P,9361.15,123.89,0.244,7.5,0.257,7.5,153.78,3.84715,-28.22951,-2.42546,0.00014,-0.81879
9383.5,BTC-27SEP19,1563361148231,open,0.79,28.2,0.7475,0.827,0.78740712,139.26,0.755,0.0,BTC-27SEP19-2000-C,9361.15,0.0,0.01,1.0,0.924,5.0,500.0,0.32016,-0.31016,3.88256,0.0,0.99753
9382.21,BTC-27SEP19,1563361148343,open,0.15,179.3,0.1145,0.2065,0.16055012,104.88,0.151,0.0,BTC-27SEP19-9000-P,9361.15,103.93,0.159,0.3,0.1655,4.8,107.8,15.77011,-11.50617,-9.87149,9e-05,-0.3737
9382.21,BTC-27SEP19,1563361148400,open,0.17,806.4,0.12,0.1995,0.15984458,105.4,0.161,0.0,BTC-27SEP19-10000-C,9361.15,103.24,0.156,14.4,0.1625,11.0,106.93,16.53085,-12.12026,7.0028,9e-05,0.53884
9441.58,BTC-27DEC19,1563361148409,open,0.36,74.2,0.317,0.426,0.37156883,99.52,0.3645,0.0,BTC-27DEC19-11000-P,9361.15,97.05,0.365,6.0,0.3785,3.6,102.14,25.02941,-7.6467,-34.99872,6e-05,-0.45914
9441.58,BTC-27DEC19,1563361148417,open,0.43,83.4,0.393,0.5085,0.45088294,100.1,0.4295,0.0,BTC-27DEC19-12000-P,9361.15,97.49,0.444,6.0,0.458,3.6,102.74,25.1541,-7.72976,-40.47298,6e-05,-0.50967
9442.87,BTC-27DEC19,1563361148424,open,0.36,93.7,0.307,0.3865,0.34671858,98.04,0.346,0.0,BTC-27DEC19-7500-C,9361.15,94.41,0.339,11.0,0.348,11.0,98.67,19.98135,-6.01349,17.05823,5e-05,0.75149
9383.5,BTC-27SEP19,1563361148445,open,2.14,0.0,2.0735,2.329,2.2011718,117.46,None,0.0,BTC-27SEP19-30000-P,9361.15,0.0,0.0,0.0,0.0,0.0,0.0,2.39035,-1.95321,-58.69896,1e-05,-0.97553
9442.87,BTC-27DEC19,1563361148439,open,0.33,205.5,0.281,0.3605,0.32078525,98.04,0.32,0.0,BTC-27DEC19-8000-C,9361.15,95.05,0.314,11.0,0.323,11.0,99.04,21.26103,-6.39874,16.7928,5e-05,0.71926
9383.5,BTC-27SEP19,1563361148467,open,1.31,0.2,1.265,1.453,1.35902128,114.18,1.391,0.0,BTC-27SEP19-22000-P,9360.8,0.0,0.005,10.0,1.8,0.1,398.94,5.9893,-4.75718,-42.17467,3e-05,-0.92341
9442.34,BTC-27DEC19,1563361148467,open,3.58,0.0,3.4865,3.86,3.67331346,115.39,None,0.0,BTC-27DEC19-44000-P,9360.8,0.0,0.0,0.0,0.0,0.0,0.0,6.87235,-2.4344,-194.65273,1e-05,-0.94643
9383.5,BTC-27SEP19,1563361148467,open,1.52,0.2,1.466,1.671,1.56867011,116.41,1.6,0.0,BTC-27SEP19-24000-P,9360.8,0.0,0.0,0.0,0.0,0.0,0.0,4.92313,-3.98683,-46.36569,2e-05,-0.94057
9361.73,SYN.BTC-19JUL19,1563361148467,open,0.57,0.0,0.5385,0.6665,0.6024887,242.24,None,0.0,BTC-19JUL19-15000-P,9360.8,0.0,0.001,1.0,0.0,0.0,0.0,0.08473,-5.47135,-0.76887,1e-05,-0.99571
9383.5,BTC-27SEP19,1563361148468,open,2.35,0.0,2.278,2.5505,2.41407182,121.61,None,0.0,BTC-27SEP19-32000-P,9360.8,0.0,0.0,0.0,0.0,0.0,0.0,2.23291,-1.88903,-62.66809,1e-05,-0.97743
9442.34,BTC-27DEC19,1563361148468,open,0.01,340.0,0.0005,0.047,0.0070281,102.04,0.0065,0.0,BTC-27DEC19-3000-P,9360.8,100.48,0.0065,10.0,0.008,12.0,104.77,3.25234,-1.01882,-1.20383,1e-05,-0.02154
9383.5,BTC-27SEP19,1563361148468,open,0.61,0.0,0.5645,0.644,0.60418983,111.61,None,0.0,BTC-27SEP19-3750-C,9360.8,0.0,0.005,10.0,0.708,10.0,299.03,1.83347,-1.42357,6.98324,1e-05,0.98211
9363.91,SYN.BTC-26JUL19,1563361148468,open,1.09,0.0,1.051,1.2215,1.13619041,175.49,None,0.0,BTC-26JUL19-20000-P,9360.8,0.0,0.0,0.0,0.0,0.0,0.0,0.1804,-1.78344,-4.8546,0.0,-0.99581
9442.34,BTC-27DEC19,1563361148470,open,2.35,0.3,2.279,2.552,2.415508,110.57,2.435,0.0,BTC-27DEC19-32000-P,9360.8,0.0,0.0,0.0,0.0,0.0,0.0,11.04718,-3.74977,-139.71066,3e-05,-0.90028
9442.34,BTC-27DEC19,1563361148470,open,2.15,0.2,2.0795,2.3355,2.20752271,109.6,2.2245,0.0,BTC-27DEC19-30000-P,9360.8,0.0,0.0,0.0,0.0,0.0,0.0,12.06026,-4.05778,-130.4047,3e-05,-0.8874
9442.34,BTC-27DEC19,1563361148471,open,3.99,0.0,3.891,4.298,4.09449967,116.51,None,0.0,BTC-27DEC19-48000-P,9360.8,0.0,0.0,0.0,0.0,0.0,0.0,5.93278,-2.12202,-212.77878,1e-05,-0.95543
9374.79,SYN.BTC-30AUG19,1563361148469,open,0.7,0.0,0.662,0.8,0.73087132,118.69,None,0.0,BTC-30AUG19-16000-P,9360.8,0.0,0.0,0.0,0.0,0.0,0.0,7.13289,-9.6474,-17.96024,6e-05,-0.86288
9363.91,SYN.BTC-26JUL19,1563361148470,open,0.37,1.0,0.3205,0.4,0.36048186,138.51,0.354,0.0,BTC-26JUL19-6000-C,9360.8,0.0,0.0005,0.1,0.0,0.0,0.0,0.5546,-4.3274,1.42192,2e-05,0.98495
9374.79,SYN.BTC-30AUG19,1563361148469,open,0.8,0.0,0.759,0.9055,0.8322895,120.02,None,0.0,BTC-30AUG19-17000-P,9360.8,0.0,0.0,0.0,0.0,0.0,0.0,6.14331,-8.40209,-19.39988,5e-05,-0.88921
9383.15,BTC-27SEP19,1563361148472,open,1.93,0.0,1.8705,2.109,1.98967139,117.12,None,0.0,BTC-27SEP19-28000-P,9360.8,0.0,0.0,0.0,0.0,0.0,0.0,3.03617,-2.47378,-54.63827,1e-05,-0.96738
9442.34,BTC-27DEC19,1563361148472,open,1.94,0.1,1.881,2.1205,2.00052843,108.68,2.02,0.0,BTC-27DEC19-28000-P,9360.8,0.0,0.001,1.0,2.5,0.1,316.66,13.22609,-4.41277,-121.01902,3e-05,-0.87164
9363.91,SYN.BTC-26JUL19,1563361148467,open,0.47,11.0,0.4385,0.558,0.49832745,138.66,0.1845,0.0,BTC-26JUL19-14000-P,9360.8,0.0,0.494,7.5,0.5285,7.5,241.81,1.25552,-9.80723,-3.32089,4e-05,-0.96011
9363.91,SYN.BTC-26JUL19,1563361148468,open,0.78,0.0,0.7435,0.8885,0.8161203,152.94,None,0.0,BTC-26JUL19-17000-P,9360.8,0.0,0.0,0.0,0.0,0.0,0.0,0.34204,-2.94697,-4.11569,1e-05,-0.99137
9374.79,SYN.BTC-30AUG19,1563361148470,open,0.33,1.0,0.298,0.406,0.35202643,114.25,0.3045,0.0,BTC-30AUG19-12000-P,9360.8,106.21,0.342,3.0,0.3785,3.0,134.66,11.84609,-15.423,-11.45724,0.0001,-0.66466
9374.79,SYN.BTC-30AUG19,1563361148467,open,0.42,0.0,0.3835,0.498,0.44081958,115.24,None,0.0,BTC-30AUG19-13000-P,9360.8,0.0,0.0,0.0,0.0,0.0,0.0,10.71001,-14.06553,-13.21506,9e-05,-0.73185
9363.91,SYN.BTC-26JUL19,1563361148468,open,1.19,0.0,1.1535,1.3325,1.24297931,185.0,None,0.0,BTC-26JUL19-21000-P,9360.8,0.0,0.0,0.0,0.0,0.0,0.0,0.1715,-1.78739,-5.09829,0.0,-0.99604
9363.91,SYN.BTC-26JUL19,1563361148470,open,0.67,5.0,0.6415,0.778,0.70965306,146.75,0.2255,0.0,BTC-26JUL19-16000-P,9360.8,0.0,0.0,0.0,0.0,0.0,0.0,0.48827,-4.03637,-3.86335,2e-05,-0.98702
9361.73,SYN.BTC-19JUL19,1563361148472,open,0.62,0.0,0.59,0.722,0.65590492,257.77,None,0.0,BTC-19JUL19-15500-P,9360.8,0.0,0.001,1.0,0.0,0.0,0.0,0.0829,-5.6964,-0.79462,1e-05,-0.99581
9363.91,SYN.BTC-26JUL19,1563361148470,open,0.52,10.8,0.489,0.6125,0.55077371,139.98,0.166,0.0,BTC-26JUL19-14500-P,9360.8,0.0,0.0,0.0,0.0,0.0,0.0,0.96878,-7.63936,-3.46488,3e-05,-0.9709
9374.79,SYN.BTC-30AUG19,1563361148470,open,0.9,0.0,0.858,1.012,0.93497785,121.29,None,0.0,BTC-30AUG19-18000-P,9360.8,0.0,0.0,0.0,0.0,0.0,0.0,5.27655,-7.29333,-20.79185,4e-05,-0.91004
9363.91,SYN.BTC-26JUL19,1563361148468,open,0.0,375.4,0.0005,0.04,1.472e-05,144.98,0.0005,0.0,BTC-26JUL19-21000-C,9360.8,0.0,0.0,0.0,0.0005,6.0,193.03,0.01467,-0.11983,0.00058,0.0,0.00027
9363.91,SYN.BTC-26JUL19,1563361148472,open,0.88,0.0,0.846,0.9995,0.92271539,158.83,None,0.0,BTC-26JUL19-18000-P,9360.8,0.0,0.0,0.0,0.0,0.0,0.0,0.24667,-2.20703,-4.3645,1e-05,-0.99404
9383.5,BTC-27SEP19,1563361148476,open,0.62,29.6,0.586,0.718,0.6520261,109.37,0.601,0.0,BTC-27SEP19-15000-P,9360.8,0.0,0.005,10.0,1.265,0.3,500.0,12.7835,-9.72639,-26.19142,7e-05,-0.76541
9383.5,BTC-27SEP19,1563361148495,open,0.91,1.0,0.8705,1.026,0.94811992,111.87,1.5815,0.0,BTC-27SEP19-18000-P,9360.8,0.0,0.005,0.3,1.557,0.3,500.0,9.43223,-7.34057,-33.34242,5e-05,-0.85632
199.63,SYN.ETH-26JUL19,1563361148499,open,0.01,0.0,0.001,0.047,0.007309,135.02,None,0.0,ETH-26JUL19-150-P,199.64,146.72,0.01,418.0,0.014,250.0,161.86,0.04259,-0.32397,-0.00384,0.00326,-0.07174
9363.91,SYN.BTC-26JUL19,1563361148507,open,0.08,103.8,0.034,0.1135,0.07373775,129.16,0.087,0.0,BTC-26JUL19-9500-C,9360.8,124.76,0.071,18.0,0.076,0.3,132.8,5.82289,-42.3673,0.99701,0.00021,0.51159
201.15,ETH-27DEC19,1563361148504,open,0.15,584.0,0.113,0.205,0.159049,106.33,0.1,0.0,ETH-27DEC19-160-P,199.64,102.52,0.151,229.0,0.167,191.0,110.07,0.42616,-0.1391,-0.36636,0.00222,-0.24908
199.68,SYN.ETH-19JUL19,1563361148559,open,0.01,0.0,0.001,0.059,0.018274,135.06,None,0.0,ETH-19JUL19-190-P,199.64,161.94,0.025,91.0,0.03,429.0,181.43,0.04878,-1.75605,-0.00313,0.01763,-0.28721
199.37,SYN.ETH-30AUG19,1563361148569,open,0.11,473.0,0.059,0.138,0.098076,120.72,0.1,0.0,ETH-30AUG19-240-C,199.64,113.94,0.089,493.0,0.104,223.0,125.11,0.26831,-0.36911,0.07416,0.00465,0.40751
199.68,SYN.ETH-19JUL19,1563361148578,open,0.0,152.0,0.001,0.041,0.001786,135.03,0.008,0.0,ETH-19JUL19-170-P,199.64,179.57,0.006,80.0,0.009,550.0,202.34,0.01322,-0.35704,-0.00047,0.00478,-0.04357
199.19,ETH-27SEP19,1563361148587,open,0.01,4110.0,0.001,0.055,0.014986,116.07,0.016,0.0,ETH-27SEP19-100-P,199.64,109.77,0.012,563.0,0.013,10.0,111.97,0.09877,-0.07975,-0.02757,0.00109,-0.05531
9442.34,BTC-27DEC19,1563361148595,open,0.16,237.6,0.1215,0.2145,0.16804662,98.08,0.1565,0.0,BTC-27DEC19-8000-P,9360.8,95.61,0.1625,14.9,0.1725,6.0,100.06,21.26054,-6.40108,-18.9104,5e-05,-0.28076
199.42,SYN.ETH-30AUG19,1563361148604,open,0.08,110.0,0.037,0.116,0.076536,121.65,0.075,0.0,ETH-30AUG19-260-C,199.64,116.45,0.07,501.0,0.083,243.0,126.71,0.25274,-0.35036,0.06266,0.00435,0.33792
9383.5,BTC-27SEP19,1563361148611,open,0.17,806.4,0.12,0.1995,0.15984458,105.39,0.161,0.0,BTC-27SEP19-10000-C,9360.8,102.93,0.1555,14.4,0.1625,11.0,106.9,16.53269,-12.1208,7.00501,9e-05,0.53895
199.42,SYN.ETH-30AUG19,1563361148628,open,0.03,50.0,0.001,0.071,0.03141,127.51,0.027,0.0,ETH-30AUG19-340-C,199.64,122.17,0.027,275.0,0.036,297.0,132.76,0.16966,-0.24653,0.03133,0.00278,0.1621
9361.73,SYN.BTC-19JUL19,1563361148640,open,0.0,282.0,0.0005,0.0405,0.00098906,144.0,0.001,0.0,BTC-19JUL19-11500-C,9360.8,130.23,0.0005,19.3,0.0015,0.4,154.27,0.4068,-9.25934,0.01209,6e-05,0.02611
199.63,SYN.ETH-26JUL19,1563361148650,open,0.0,2011.0,0.001,0.041,0.001152,134.99,0.002,0.0,ETH-26JUL19-320-C,199.64,0.0,0.0,0.0,0.003,108.0,155.56,0.01268,-0.09643,0.00074,0.00097,0.01633
9361.73,SYN.BTC-19JUL19,1563361148661,open,0.0,282.0,0.0005,0.0405,0.00098906,144.0,0.001,0.0,BTC-19JUL19-11500-C,9360.8,130.23,0.0005,19.4,0.0015,0.4,154.27,0.4068,-9.25934,0.01209,6e-05,0.02611
9383.15,BTC-27SEP19,1563361148665,open,0.49,793.2,0.4415,0.521,0.48127778,106.04,0.5945,0.0,BTC-27SEP19-5000-C,9360.8,97.02,0.477,11.0,0.4835,11.0,110.22,4.82035,-3.55565,8.51558,3e-05,0.94215
199.63,SYN.ETH-26JUL19,1563361148659,open,0.03,1358.0,0.001,0.081,0.039935,135.03,0.036,0.0,ETH-26JUL19-180-P,199.64,138.95,0.042,120.0,0.049,200.0,152.19,0.10392,-0.7905,-0.0153,0.00794,-0.27526
9383.5,BTC-27SEP19,1563361148668,open,0.59,227.5,0.539,0.6185,0.57870533,109.61,0.7065,0.0,BTC-27SEP19-4000-C,9360.8,82.33,0.5745,11.0,0.581,11.0,118.12,2.26534,-1.72732,7.36048,1e-05,0.97704
199.68,SYN.ETH-19JUL19,1563361148670,open,0.0,262.0,0.001,0.041,0.00117,134.97,0.003,0.0,ETH-19JUL19-240-C,199.64,131.54,0.001,461.0,0.003,103.0,161.21,0.01027,-0.23332,0.00032,0.00371,0.03197
199.19,ETH-27SEP19,1563361148678,open,0.05,1732.0,0.002,0.081,0.041974,115.96,0.043,0.0,ETH-27SEP19-360-C,199.64,113.39,0.039,591.0,0.045,161.0,118.44,0.2367,-0.19093,0.05646,0.00261,0.18595
9442.34,BTC-27DEC19,1563361148677,open,0.21,426.5,0.167,0.2465,0.20650959,99.51,0.206,0.0,BTC-27DEC19-11000-C,9360.8,97.62,0.2015,11.0,0.211,11.0,101.21,25.03121,-7.64675,14.08925,6e-05,0.54089
199.19,ETH-27SEP19,1563361148689,open,0.04,1726.0,0.001,0.077,0.037096,118.12,0.025,0.0,ETH-27SEP19-380-C,199.64,118.01,0.037,1.0,0.039,160.0,119.8,0.22026,-0.18099,0.05054,0.00239,0.16598
199.68,SYN.ETH-19JUL19,1563361148696,open,0.03,502.0,0.001,0.058,0.01899,134.94,0.033,0.0,ETH-19JUL19-210-C,199.64,150.46,0.023,87.0,0.027,214.0,165.55,0.05107,-1.83706,0.00307,0.01847,0.31823
9442.34,BTC-27DEC19,1563361148700,open,0.36,93.7,0.307,0.3865,0.34671858,98.07,0.346,0.0,BTC-27DEC19-7500-C,9360.8,94.42,0.339,11.0,0.3485,11.0,98.91,19.98151,-6.01566,17.05389,5e-05,0.75146
199.68,SYN.ETH-19JUL19,1563361148707,open,0.05,154.0,0.001,0.077,0.037824,134.92,0.046,0.0,ETH-19JUL19-200-C,199.64,149.61,0.042,67.0,0.049,149.0,174.11,0.05708,-2.05276,0.00487,0.02065,0.51265
9383.5,BTC-27SEP19,1563361148709,open,0.59,227.5,0.539,0.6185,0.57870533,109.61,0.7065,0.0,BTC-27SEP19-4000-C,9360.8,82.33,0.5745,11.0,0.58,11.0,114.63,2.26534,-1.72732,7.36048,1e-05,0.97704
9383.5,BTC-27SEP19,1563361148718,open,0.53,78.2,0.4955,0.6195,0.55767051,108.45,0.54,0.0,BTC-27SEP19-14000-P,9360.8,105.62,0.5535,6.0,0.5725,6.0,118.17,13.95188,-10.52549,-23.65796,7e-05,-0.72266
199.63,SYN.ETH-26JUL19,1563361148722,open,0.13,2700.0,0.103,0.194,0.148286,135.06,0.155,0.0,ETH-26JUL19-220-P,199.64,129.35,0.145,273.0,0.163,100.0,159.81,0.11657,-0.88692,-0.03822,0.00891,-0.63905
9361.73,SYN.BTC-19JUL19,1563361148735,open,0.0,0.6,0.0005,0.0405,0.00055041,145.08,0.0025,0.0,BTC-19JUL19-7500-P,9360.8,158.99,0.001,23.5,0.0025,0.5,187.79,0.24659,-5.15276,-0.00723,4e-05,-0.01448
9383.15,BTC-27SEP19,1563361148765,open,0.21,218.1,0.177,0.2745,0.22559713,105.41,0.2285,0.0,BTC-27SEP19-10000-P,9360.8,104.22,0.2235,14.4,0.231,4.8,108.47,16.53212,-12.12211,-12.68765,9e-05,-0.46107
9383.5,BTC-27SEP19,1563361148813,open,0.01,408.5,0.0005,0.0545,0.01413789,106.02,0.012,0.0,BTC-27SEP19-5000-P,9360.8,103.76,0.013,15.0,0.016,24.0,109.55,4.81881,-3.55404,-1.32978,3e-05,-0.05783
9361.73,SYN.BTC-19JUL19,1563361148815,open,0.04,43.3,0.0005,0.073,0.03311192,139.12,0.032,0.0,BTC-19JUL19-9500-C,9360.8,136.97,0.0325,2.1,0.037,21.0,152.77,2.66472,-98.82414,0.206,0.00043,0.46131
9363.91,SYN.BTC-26JUL19,1563361148829,open,0.02,542.0,0.0005,0.0525,0.01271628,131.48,0.015,0.0,BTC-26JUL19-12000-C,9360.8,129.33,0.012,30.0,0.015,11.7,138.03,3.15556,-23.37227,0.27635,0.00011,0.13408
9363.91,SYN.BTC-26JUL19,1563361148849,open,0.02,542.0,0.0005,0.0525,0.01271628,131.48,0.015,0.0,BTC-26JUL19-12000-C,9360.8,129.33,0.012,30.0,0.0145,0.1,136.63,3.15556,-23.37227,0.27635,0.00011,0.13408
199.19,ETH-27SEP19,1563361148893,open,0.03,4141.0,0.001,0.07,0.030933,118.12,0.026,0.0,ETH-27SEP19-400-C,199.64,115.1,0.028,595.0,0.033,200.0,120.13,0.19935,-0.16381,0.04385,0.00216,0.14275
199.42,SYN.ETH-30AUG19,1563361148897,open,0.06,552.0,0.028,0.113,0.070551,120.89,0.075,0.0,ETH-30AUG19-160-P,199.64,115.6,0.065,473.0,0.078,392.0,127.9,0.21054,-0.29005,-0.07233,0.00364,-0.23118
9361.73,SYN.BTC-19JUL19,1563361148918,open,0.2,224.5,0.1805,0.2785,0.22956367,147.71,0.245,0.0,BTC-19JUL19-11500-P,9360.8,0.0,0.2255,6.0,0.2395,6.0,242.12,0.4489,-17.67498,-0.57739,7e-05,-0.97061
199.63,SYN.ETH-26JUL19,1563361148917,open,0.1,150.0,0.07,0.159,0.114432,135.05,0.121,0.0,ETH-26JUL19-210-P,199.64,137.54,0.116,141.0,0.126,272.0,153.71,0.12307,-0.93625,-0.03244,0.0094,-0.55372
9442.34,BTC-27DEC19,1563361148920,open,0.25,452.1,0.1975,0.277,0.23748361,98.73,0.238,0.0,BTC-27DEC19-10000-C,9360.8,96.61,0.232,3.6,0.2415,11.0,100.28,24.43295,-7.405,15.10181,6e-05,0.5959
199.63,SYN.ETH-26JUL19,1563361148924,open,0.0,0.0,0.001,0.043,0.003325,135.01,None,0.0,ETH-26JUL19-140-P,199.64,146.91,0.005,430.0,0.009,250.0,168.81,0.02499,-0.19009,-0.00194,0.00191,-0.03667
9383.5,BTC-27SEP19,1563361148927,open,0.4,714.8,0.354,0.4335,0.39357573,105.07,0.434,0.0,BTC-27SEP19-6000-C,9360.8,98.48,0.388,11.0,0.3965,11.0,108.39,8.16153,-5.96564,9.05117,4e-05,0.88341
9383.5,BTC-27SEP19,1563361148936,open,0.09,208.8,0.0415,0.121,0.08145029,107.65,0.083,0.0,BTC-27SEP19-13000-C,9360.8,105.49,0.078,43.4,0.0855,11.0,110.17,15.05566,-11.27497,4.56841,8e-05,0.32869
9442.34,BTC-27DEC19,1563361148940,open,0.16,164.1,0.118,0.1975,0.15760904,100.67,0.1555,0.0,BTC-27DEC19-13000-C,9360.8,98.92,0.153,11.0,0.1625,21.0,102.52,24.92084,-7.70159,12.09398,6e-05,0.44464
9363.91,SYN.BTC-26JUL19,1563361148944,open,0.03,281.8,0.0005,0.066,0.02620188,129.2,0.026,0.0,BTC-26JUL19-11000-C,9360.8,127.75,0.0255,24.0,0.0295,11.5,135.86,4.56408,-33.21754,0.49231,0.00017,0.24241
199.63,SYN.ETH-26JUL19,1563361148939,open,0.03,979.0,0.001,0.064,0.024192,134.98,0.031,0.0,ETH-26JUL19-240-C,199.64,136.74,0.025,153.0,0.03,265.0,147.17,0.09236,-0.70229,0.00954,0.00706,0.22076
9383.15,BTC-27SEP19,1563361148937,open,0.11,586.4,0.063,0.1425,0.10262331,107.51,0.1,0.0,BTC-27SEP19-12000-C,9360.8,105.96,0.1,23.8,0.106,11.0,109.49,15.98564,-11.95512,5.32569,9e-05,0.39085
9383.15,BTC-27SEP19,1563361148951,open,0.13,406.8,0.088,0.1675,0.12787447,106.5,0.13,0.0,BTC-27SEP19-11000-C,9360.8,104.02,0.1235,26.4,0.132,11.0,108.84,16.5283,-12.24544,6.13935,9e-05,0.46014
199.63,SYN.ETH-26JUL19,1563361148953,open,0.04,0.0,0.001,0.073,0.033706,134.98,None,0.0,ETH-26JUL19-230-C,199.64,135.55,0.034,147.0,0.041,243.0,148.5,0.10573,-0.80392,0.01221,0.00808,0.2852
9442.34,BTC-27DEC19,1563361148959,open,0.19,196.8,0.14,0.2195,0.17990923,100.06,0.1905,0.0,BTC-27DEC19-12000-C,9360.8,98.22,0.175,11.0,0.1845,11.0,101.79,25.15604,-7.72733,13.07705,6e-05,0.49027
9363.91,SYN.BTC-26JUL19,1563361148965,open,0.03,281.8,0.0005,0.066,0.02620188,129.2,0.026,0.0,BTC-26JUL19-11000-C,9360.8,127.75,0.0255,24.0,0.029,0.1,134.86,4.56408,-33.21754,0.49231,0.00017,0.24241
9383.5,BTC-27SEP19,1563361148958,open,0.53,78.2,0.4955,0.6195,0.55767051,108.45,0.54,0.0,BTC-27SEP19-14000-P,9360.8,105.62,0.5535,6.0,0.571,6.0,117.2,13.95188,-10.52549,-23.65796,7e-05,-0.72266
9442.69,BTC-27DEC19,1563361148965,open,0.09,221.5,0.05,0.137,0.09351635,98.06,0.094,0.0,BTC-27DEC19-6500-P,9360.8,95.8,0.0895,10.0,0.096,10.9,99.45,16.82,-5.06315,-11.72279,4e-05,-0.18469
9383.5,BTC-27SEP19,1563361148980,open,0.59,227.5,0.539,0.6185,0.57870533,109.61,0.7065,0.0,BTC-27SEP19-4000-C,9360.8,73.11,0.574,11.0,0.58,11.0,114.63,2.26534,-1.72732,7.36048,1e-05,0.97704
9383.15,BTC-27SEP19,1563361148997,open,0.03,553.4,0.0005,0.074,0.0330839,105.17,0.0305,0.0,BTC-27SEP19-6000-P,9360.8,103.34,0.0315,6.0,0.0355,24.0,107.91,8.16836,-5.976,-2.76819,4e-05,-0.11673
9442.69,BTC-27DEC19,1563361149000,open,0.39,54.4,0.335,0.4145,0.37474492,98.04,0.3805,0.0,BTC-27DEC19-7000-C,9360.8,94.33,0.3675,11.0,0.3765,11.0,98.93,18.49869,-5.56724,17.22907,5e-05,0.78363
9374.79,SYN.BTC-30AUG19,1563361149015,open,0.05,10.3,0.001,0.0805,0.04099846,116.35,0.0485,0.0,BTC-30AUG19-14000-C,9360.8,113.34,0.038,19.3,0.043,5.0,118.31,9.4726,-12.55956,1.9501,8e-05,0.21405
9442.35,BTC-27DEC19,1563361149013,open,0.45,122.9,0.398,0.4775,0.43788318,98.04,0.439,0.0,BTC-27DEC19-6000-C,9360.8,94.62,0.4325,11.0,0.4405,11.0,99.69,14.95981,-4.50236,17.20007,4e-05,0.8461
9442.34,BTC-27DEC19,1563361149030,open,0.13,243.3,0.083,0.1625,0.12264304,101.85,0.133,0.0,BTC-27DEC19-15000-C,9360.8,100.2,0.1185,11.0,0.127,21.0,103.58,23.74957,-7.4257,10.29151,6e-05,0.36689
9383.5,BTC-27SEP19,1563361149037,open,0.4,714.8,0.354,0.4335,0.39357573,105.07,0.434,0.0,BTC-27SEP19-6000-C,9360.8,99.69,0.389,11.0,0.3965,11.0,108.39,8.16153,-5.96564,9.05117,4e-05,0.88341
9383.15,BTC-27SEP19,1563361149046,open,0.11,586.4,0.063,0.1425,0.10261266,107.51,0.1,0.0,BTC-27SEP19-12000-C,9360.8,105.96,0.1,23.8,0.105,11.0,108.9,15.98564,-11.95512,5.32569,9e-05,0.39085
9361.73,SYN.BTC-19JUL19,1563361149058,open,0.02,115.8,0.0005,0.0555,0.01575548,139.18,0.015,0.0,BTC-19JUL19-10000-C,9360.8,138.26,0.0155,2.0,0.017,5.0,144.54,2.22125,-82.41253,0.1226,0.00035,0.27055
9361.73,SYN.BTC-19JUL19,1563361149077,open,0.02,115.8,0.0005,0.0555,0.01575548,139.18,0.015,0.0,BTC-19JUL19-10000-C,9360.8,138.26,0.0155,2.0,0.0165,0.1,142.46,2.22125,-82.41253,0.1226,0.00035,0.27055
9361.38,SYN.BTC-19JUL19,1563361149087,open,0.46,16.4,0.436,0.555,0.49545117,0.0,0.495,0.0,BTC-19JUL19-14000-P,9360.8,0.0,0.4895,6.0,0.526,6.0,500.0,0.0,0.0,-0.71944,0.0,-1.0
9442.34,BTC-27DEC19,1563361149216,open,0.13,243.3,0.083,0.1625,0.12266272,101.85,0.133,0.0,BTC-27DEC19-15000-C,9360.8,100.6,0.1195,11.0,0.127,21.0,103.58,23.74957,-7.4257,10.29151,6e-05,0.36689
9363.91,SYN.BTC-26JUL19,1563361149224,open,0.22,273.8,0.1965,0.296,0.2462993,130.37,0.222,0.0,BTC-26JUL19-11500-P,9360.8,122.99,0.2435,7.5,0.257,7.5,154.08,3.85341,-28.29964,-2.42459,0.00014,-0.81836
9442.34,BTC-27DEC19,1563361149230,open,0.51,58.3,0.473,0.5955,0.53437034,100.7,0.537,0.0,BTC-27DEC19-13000-P,9360.8,98.06,0.5275,6.0,0.542,3.6,103.55,24.9216,-7.7039,-45.91592,6e-05,-0.55528
9361.73,SYN.BTC-19JUL19,1563361149355,open,0.15,296.3,0.131,0.2245,0.17784175,145.73,0.1615,0.0,BTC-19JUL19-11000-P,9360.8,0.0,0.1735,6.0,0.2,8.0,275.88,0.88043,-34.20257,-0.53404,0.00013,-0.93207
199.63,SYN.ETH-19JUL19,1563361149359,open,0.18,1552.0,0.155,0.251,0.203104,128.75,0.18,0.0,ETH-19JUL19-240-P,199.64,0.0,0.012,4.0,0.9,10.0,500.0,0.00854,-0.29307,-0.01208,0.00324,-0.97437
9361.73,SYN.BTC-19JUL19,1563361149375,open,0.15,296.3,0.131,0.2245,0.17784175,145.73,0.1615,0.0,BTC-19JUL19-11000-P,9360.8,0.0,0.174,0.1,0.2,8.0,275.88,0.88043,-34.20257,-0.53404,0.00013,-0.93207
199.37,SYN.ETH-30AUG19,1563361149402,open,0.44,0.0,0.407,0.523,0.465113,123.29,None,0.0,ETH-30AUG19-280-P,199.64,0.0,0.0,0.0,0.0,0.0,0.0,0.23295,-0.32729,-0.28386,0.00395,-0.71933
9443.64,BTC-27DEC19,1563361149468,open,4.41,1.0,4.2965,4.737,4.51669741,119.65,4.454,0.0,BTC-27DEC19-52000-P,9362.09,0.0,0.001,1.0,0.0,0.0,0.0,5.58951,-2.05302,-230.73368,1e-05,-0.95861
9443.64,BTC-27DEC19,1563361149468,open,3.58,0.0,3.487,3.8605,3.6735728,116.6,None,0.0,BTC-27DEC19-44000-P,9362.09,0.0,0.0,0.0,0.0,0.0,0.0,7.15182,-2.55986,-194.57407,2e-05,-0.94366
9443.64,BTC-27DEC19,1563361149468,open,3.17,0.0,3.0835,3.423,3.25322272,115.16,None,0.0,BTC-27DEC19-40000-P,9362.09,0.0,0.0005,3.0,0.0,0.0,0.0,8.27075,-2.92388,-176.37417,2e-05,-0.93213
9361.38,SYN.BTC-19JUL19,1563361149468,open,0.51,0.0,0.487,0.6105,0.54885885,0.0,None,0.0,BTC-19JUL19-14500-P,9362.09,0.0,0.001,1.0,0.0,0.0,0.0,0.0,0.0,-0.74514,0.0,-1.0
9384.56,BTC-27SEP19,1563361149470,open,0.54,289.7,0.489,0.5685,0.52897735,107.09,0.588,0.0,BTC-27SEP19-4500-C,9362.09,0.0,0.002,1.1,0.669,5.0,298.51,3.38219,-2.51967,8.01717,2e-05,0.96281
9384.56,BTC-27SEP19,1563361149470,open,1.73,0.0,1.668,1.89,1.77895396,118.3,None,0.0,BTC-27SEP19-26000-P,9362.09,0.0,0.0,0.0,0.0,0.0,0.0,4.06083,-3.34196,-50.49375,2e-05,-0.95338
9374.44,SYN.BTC-30AUG19,1563361149468,open,0.6,0.0,0.5665,0.6965,0.63126351,117.33,None,0.0,BTC-30AUG19-15000-P,9362.09,0.0,0.0,0.0,0.0,0.0,0.0,8.24047,-11.01787,-16.46093,7e-05,-0.82949
9384.56,BTC-27SEP19,1563361149471,open,0.64,261.1,0.59,0.6695,0.62995462,113.89,0.714,0.0,BTC-27SEP19-3500-C,9362.09,0.0,0.161,1.0,0.7215,10.0,298.4,1.46358,-1.15955,6.58429,1e-05,0.98625
9443.64,BTC-27DEC19,1563361149471,open,3.99,0.0,3.891,4.2985,4.09478312,118.03,None,0.0,BTC-27DEC19-48000-P,9362.09,0.0,0.0,0.0,0.0,0.0,0.0,6.2627,-2.26916,-212.68945,1e-05,-0.95233
9384.56,BTC-27SEP19,1563361149472,open,0.0,442.4,0.0005,0.043,0.00336329,119.55,0.0025,0.0,BTC-27SEP19-32000-C,9362.09,112.14,0.002,39.0,0.005,30.0,126.09,2.04483,-1.70062,0.31361,1e-05,0.02033
9384.56,BTC-27SEP19,1563361149472,open,0.69,225.7,0.6425,0.722,0.68214756,121.36,0.693,0.0,BTC-27SEP19-3000-C,9362.09,0.0,0.005,20.0,0.902,5.0,500.0,0.96208,-0.81219,5.71697,0.0,0.99151
9361.38,SYN.BTC-19JUL19,1563361149468,open,0.72,0.0,0.692,0.8325,0.76249415,0.0,None,0.0,BTC-19JUL19-16500-P,9362.09,0.0,0.0,0.0,0.0,0.0,0.0,0.0,0.0,-0.84792,0.0,-1.0
9363.56,SYN.BTC-26JUL19,1563361149471,open,0.0,595.5,0.0005,0.0415,0.00158779,140.99,0.0015,0.0,BTC-26JUL19-15000-C,9362.09,132.35,0.001,0.5,0.002,2.9,145.84,0.73693,-5.85292,0.04421,2e-05,0.021
9363.56,SYN.BTC-26JUL19,1563361149469,open,0.98,0.0,0.948,1.11,1.02914389,110.59,None,0.0,BTC-26JUL19-19000-P,9362.09,0.0,0.0,0.0,0.0,0.0,0.0,0.00183,-0.01137,-4.62016,0.0,-0.99997
9361.38,SYN.BTC-19JUL19,1563361149468,open,0.67,0.0,0.641,0.777,0.70908523,0.0,None,0.0,BTC-19JUL19-16000-P,9362.09,0.0,0.0,0.0,0.0,0.0,0.0,0.0,0.0,-0.82222,0.0,-1.0
201.11,ETH-27DEC19,1563361149475,open,0.03,782.0,0.001,0.071,0.031832,118.37,0.032,0.0,ETH-27DEC19-720-C,199.64,117.71,0.031,1.0,0.034,50.0,120.05,0.25537,-0.09279,0.07166,0.0012,0.11168
9363.56,SYN.BTC-26JUL19,1563361149468,open,0.62,0.0,0.5905,0.7225,0.65634502,139.89,None,0.0,BTC-26JUL19-15500-P,9362.09,0.0,0.0,0.0,0.0,0.0,0.0,0.51636,-4.06918,-3.73985,2e-05,-0.98615
9363.56,SYN.BTC-26JUL19,1563361149471,open,0.43,0.0,0.3735,0.453,0.4131778,145.72,0.4,0.0,BTC-26JUL19-5500-C,9362.09,0.0,0.0005,0.1,0.0,0.0,0.0,0.28601,-2.34783,1.32012,1e-05,0.99296
9363.56,SYN.BTC-26JUL19,1563361149469,open,0.57,10.0,0.5395,0.6675,0.60348274,140.22,0.17,0.0,BTC-26JUL19-15000-P,9362.09,0.0,0.0,0.0,0.0,0.0,0.0,0.71856,-5.67583,-3.6046,2e-05,-0.97961
9361.38,SYN.BTC-19JUL19,1563361149478,open,0.0,163.8,0.0005,0.04,0.0,145.01,0.0005,0.0,BTC-19JUL19-16000-C,9362.09,0.0,0.0,0.0,0.0015,10.0,338.42,1e-05,-3e-05,0.0,0.0,0.0
9374.44,SYN.BTC-30AUG19,1563361149478,open,0.04,52.8,0.0005,0.071,0.03122823,117.4,0.036,0.0,BTC-30AUG19-15000-C,9362.09,114.24,0.0285,19.3,0.033,5.0,119.39,8.24665,-11.03251,1.57175,7e-05,0.17071
9363.56,SYN.BTC-26JUL19,1563361149485,open,0.08,103.8,0.034,0.1135,0.07379902,129.28,0.087,0.0,BTC-26JUL19-9500-C,9362.09,124.78,0.071,18.0,0.0755,0.3,132.02,5.82268,-42.4067,0.99681,0.00021,0.51159
9363.56,SYN.BTC-26JUL19,1563361149480,open,0.22,273.8,0.1965,0.296,0.2462993,129.91,0.222,0.0,BTC-26JUL19-11500-P,9362.09,125.44,0.2445,7.5,0.257,7.5,154.0,3.83891,-28.09435,-2.42661,0.00014,-0.81944
9383.27,BTC-27SEP19,1563361149498,open,0.53,78.2,0.4955,0.6195,0.55767053,108.43,0.54,0.0,BTC-27SEP19-14000-P,9362.09,105.26,0.553,6.0,0.571,6.0,117.18,13.94939,-10.52157,-23.65899,7e-05,-0.72275
9443.64,BTC-27DEC19,1563361149503,open,0.85,0.0,0.8025,0.882,0.84241897,121.98,None,0.0,BTC-27DEC19-1500-C,9362.09,0.0,0.021,10.0,0.984,0.5,500.0,0.72122,-0.27006,6.4786,0.0,0.99616
9374.44,SYN.BTC-30AUG19,1563361149518,open,0.04,52.8,0.0005,0.071,0.03122823,117.4,0.036,0.0,BTC-30AUG19-15000-C,9362.09,114.24,0.0285,19.3,0.032,5.0,118.27,8.24665,-11.03251,1.57175,7e-05,0.17071
9361.38,SYN.BTC-19JUL19,1563361149520,open,0.2,224.5,0.1805,0.2785,0.22939756,143.03,0.245,0.0,BTC-19JUL19-11500-P,9362.09,0.0,0.225,6.0,0.2395,6.0,241.85,0.39567,-15.08574,-0.57927,6e-05,-0.97474
9384.56,BTC-27SEP19,1563361149522,open,0.45,224.0,0.396,0.4755,0.43599641,105.24,0.5225,0.0,BTC-27SEP19-5500-C,9362.09,95.95,0.43,11.0,0.4385,11.0,108.82,6.43215,-4.709,8.86754,4e-05,0.91584
9443.64,BTC-27DEC19,1563361149533,open,0.39,54.4,0.335,0.4145,0.37479286,98.04,0.3805,0.0,BTC-27DEC19-7000-C,9362.09,94.05,0.367,11.0,0.3765,11.0,98.91,18.49839,-5.56735,17.23062,5e-05,0.78367
9363.56,SYN.BTC-26JUL19,1563361149545,open,0.22,273.8,0.1965,0.296,0.2462993,129.91,0.222,0.0,BTC-26JUL19-11500-P,9362.09,124.17,0.244,7.5,0.257,7.5,154.0,3.83891,-28.09435,-2.42661,0.00014,-0.81944
199.63,SYN.ETH-19JUL19,1563361149545,open,0.22,0.0,0.16,0.239,0.199038,143.96,None,0.0,ETH-19JUL19-160-C,199.64,0.0,0.0,0.0,0.0,0.0,0.0,0.00512,-0.19659,0.00807,0.00174,0.98595
9443.64,BTC-27DEC19,1563361149580,open,0.22,301.2,0.179,0.277,0.22794111,98.09,0.2165,0.0,BTC-27DEC19-9000-P,9362.09,96.09,0.223,4.9,0.234,6.0,100.56,23.22216,-6.9928,-24.10993,6e-05,-0.34419
199.58,SYN.ETH-26JUL19,1563361149603,open,0.25,0.0,0.219,0.32,0.26942,134.29,None,0.0,ETH-26JUL19-250-P,199.64,0.0,0.247,120.0,0.0,0.0,0.0,0.07751,-0.58635,-0.05356,0.00596,-0.83418
9442.35,BTC-27DEC19,1563361149621,open,0.04,139.4,0.0015,0.081,0.04138622,107.89,0.0455,0.0,BTC-27DEC19-26000-C,9362.09,106.65,0.0395,6.0,0.0445,21.0,109.87,14.57506,-4.82724,4.49199,3e-05,0.148
9443.64,BTC-27DEC19,1563361149642,open,0.05,88.4,0.0135,0.0975,0.05568353,98.08,0.0495,0.0,BTC-27DEC19-5500-P,9362.09,95.74,0.0525,16.0,0.0575,6.0,99.4,12.95098,-3.89933,-7.59376,3e-05,-0.12452
199.63,SYN.ETH-19JUL19,1563361149652,open,0.13,0.0,0.109,0.201,0.155177,132.38,None,0.0,ETH-19JUL19-230-P,199.64,0.0,0.001,30.0,0.0,0.0,0.0,0.0201,-0.70931,-0.01109,0.00741,-0.92576
9374.44,SYN.BTC-30AUG19,1563361149673,open,0.08,41.1,0.0395,0.1255,0.08251576,113.39,0.079,0.0,BTC-30AUG19-8000-P,9362.09,110.35,0.079,19.3,0.087,16.9,117.27,10.8315,-13.99677,-4.02093,9e-05,-0.2743
199.19,ETH-27SEP19,1563361149685,open,0.0,389.0,0.001,0.042,0.00251,133.64,0.002,0.0,ETH-27SEP19-60-P,199.64,129.11,0.002,245.0,0.004,500.0,144.33,0.02391,-0.02223,-0.00497,0.00023,-0.01017
199.42,SYN.ETH-30AUG19,1563361149686,open,0.04,219.0,0.001,0.078,0.038701,126.01,0.036,0.0,ETH-30AUG19-320-C,199.64,120.95,0.034,269.0,0.042,288.0,129.42,0.18989,-0.27267,0.03717,0.00315,0.19377
199.19,ETH-27SEP19,1563361149704,open,0.09,5948.0,0.052,0.139,0.09569,112.4,0.084,0.0,ETH-27SEP19-160-P,199.64,108.36,0.09,215.0,0.101,457.0,116.24,0.27819,-0.21752,-0.13381,0.00317,-0.24553
199.63,SYN.ETH-19JUL19,1563361149752,open,0.0,899.0,0.001,0.04,0.000107,135.11,0.001,0.0,ETH-19JUL19-260-C,199.64,0.0,0.0,0.0,0.001,105.0,177.49,0.00158,-0.02132,4e-05,0.00057,0.00369
199.63,SYN.ETH-26JUL19,1563361149753,open,0.0,1038.0,0.001,0.042,0.002594,134.99,0.005,0.0,ETH-26JUL19-300-C,199.64,117.11,0.001,443.0,0.006,674.0,157.21,0.02329,-0.17711,0.00151,0.00178,0.03365
9384.56,BTC-27SEP19,1563361149754,open,0.45,224.0,0.396,0.4755,0.43599641,105.24,0.5225,0.0,BTC-27SEP19-5500-C,9362.09,98.39,0.4315,11.0,0.4385,11.0,108.82,6.43215,-4.709,8.86754,4e-05,0.91584
9383.27,BTC-27SEP19,1563361149758,open,0.45,35.9,0.4085,0.5255,0.46686093,107.64,0.391,0.0,BTC-27SEP19-13000-P,9362.09,105.22,0.463,6.0,0.4795,6.0,115.41,15.05396,-11.27187,-21.03197,8e-05,-0.67139
199.63,SYN.ETH-26JUL19,1563361149754,open,0.09,151.0,0.043,0.122,0.082994,134.97,0.079,0.0,ETH-26JUL19-200-C,199.64,135.01,0.083,128.0,0.092,163.0,149.55,0.12362,-0.93988,0.02211,0.00945,0.53845
9363.56,SYN.BTC-26JUL19,1563361149762,open,0.47,11.0,0.4385,0.558,0.49812458,136.69,0.1845,0.0,BTC-26JUL19-14000-P,9362.09,0.0,0.4935,7.5,0.5285,7.5,241.7,1.19386,-9.19317,-3.32574,4e-05,-0.9625
199.37,SYN.ETH-30AUG19,1563361149761,open,0.05,189.0,0.009,0.088,0.048638,125.03,0.046,0.0,ETH-30AUG19-300-C,199.64,120.6,0.044,250.0,0.053,276.0,129.08,0.21188,-0.30189,0.04441,0.00355,0.23394
199.37,SYN.ETH-30AUG19,1563361149775,open,0.22,220.0,0.182,0.279,0.23074,120.52,0.242,0.0,ETH-30AUG19-220-P,199.64,115.06,0.223,265.0,0.245,120.0,130.97,0.27566,-0.37861,-0.17764,0.00479,-0.51067
199.58,SYN.ETH-26JUL19,1563361149781,open,0.02,100.0,0.001,0.057,0.017093,135.1,0.017,0.0,ETH-26JUL19-250-C,199.64,137.3,0.018,133.0,0.023,283.0,149.31,0.07804,-0.5939,0.0073,0.00596,0.16758
199.63,SYN.ETH-26JUL19,1563361149786,open,0.07,3238.0,0.042,0.128,0.084825,135.04,0.092,0.0,ETH-26JUL19-200-P,199.64,136.9,0.086,145.0,0.096,294.0,153.06,0.12362,-0.94037,-0.02652,0.00945,-0.46152
199.58,SYN.ETH-26JUL19,1563361149797,open,0.0,1236.0,0.001,0.04,0.0,135.03,0.003,0.0,ETH-26JUL19-520-C,199.64,0.0,0.0,0.0,0.001,300.0,240.18,1e-05,-4e-05,0.0,0.0,0.0
199.19,ETH-27SEP19,1563361149798,open,0.01,2105.0,0.001,0.047,0.00723,128.05,0.013,0.0,ETH-27SEP19-640-C,199.64,121.27,0.005,300.0,0.01,200.0,134.78,0.07363,-0.06559,0.01221,0.00074,0.03837
199.68,SYN.ETH-19JUL19,1563361149807,open,0.03,502.0,0.001,0.058,0.01899,134.94,0.033,0.0,ETH-19JUL19-210-C,199.64,150.46,0.023,90.0,0.027,214.0,165.55,0.05107,-1.83706,0.00307,0.01847,0.31823
199.63,SYN.ETH-19JUL19,1563361149812,open,0.05,154.0,0.001,0.077,0.037705,135.42,0.046,0.0,ETH-19JUL19-200-C,199.64,150.03,0.042,71.0,0.049,149.0,174.52,0.05707,-2.05995,0.00486,0.02058,0.51172
199.58,SYN.ETH-26JUL19,1563361149845,open,0.0,1091.0,0.001,0.04,0.0,135.03,0.001,0.0,ETH-26JUL19-600-C,199.64,0.0,0.0,0.0,0.001,300.0,269.93,0.0,0.0,0.0,0.0,0.0
201.11,ETH-27DEC19,1563361149889,open,0.04,424.0,0.001,0.079,0.039661,116.51,0.04,0.0,ETH-27DEC19-640-C,199.64,116.06,0.039,1.0,0.042,50.0,118.1,0.29327,-0.1049,0.08652,0.00139,0.13607
199.37,SYN.ETH-30AUG19,1563361149910,open,0.28,0.0,0.229,0.308,0.268206,121.01,None,0.0,ETH-30AUG19-160-C,199.64,0.0,0.0,0.0,0.0,0.0,0.0,0.21063,-0.29045,0.11991,0.00364,0.76855
9361.38,SYN.BTC-19JUL19,1563361149957,open,0.0,170.4,0.0005,0.04,0.0,145.01,0.0005,0.0,BTC-19JUL19-16500-C,9362.09,0.0,0.0,0.0,0.0035,10.0,401.61,0.0,-1e-05,0.0,0.0,0.0
199.63,SYN.ETH-19JUL19,1563361150019,open,0.01,463.0,0.001,0.048,0.008393,135.22,0.011,0.0,ETH-19JUL19-220-C,199.64,143.61,0.01,200.0,0.014,350.0,163.34,0.03622,-1.30562,0.00166,0.01308,0.17005
199.63,SYN.ETH-19JUL19,1563361150029,open,0.0,403.0,0.001,0.04,0.000327,134.87,0.006,0.0,ETH-19JUL19-160-P,199.64,194.7,0.003,83.0,0.006,659.0,228.78,0.00372,-0.0653,-0.0001,0.00135,-0.00972
199.37,SYN.ETH-30AUG19,1563361150032,open,0.11,473.0,0.058,0.137,0.097999,120.72,0.1,0.0,ETH-30AUG19-240-C,199.64,113.94,0.089,496.0,0.104,223.0,125.11,0.26831,-0.36911,0.07416,0.00465,0.40751
9363.56,SYN.BTC-26JUL19,1563361150048,open,0.18,381.0,0.153,0.249,0.20099134,129.18,0.215,0.0,BTC-26JUL19-11000-P,9362.09,125.13,0.199,7.5,0.2115,7.5,149.9,4.56307,-33.20733,-2.18273,0.00017,-0.75767
199.19,ETH-27SEP19,1563361150050,open,0.01,4110.0,0.001,0.055,0.014986,116.07,0.016,0.0,ETH-27SEP19-100-P,199.64,109.77,0.012,561.0,0.013,10.0,111.97,0.09877,-0.07975,-0.02757,0.00109,-0.05531
199.63,SYN.ETH-26JUL19,1563361150057,open,0.01,810.0,0.001,0.045,0.005676,134.99,0.006,0.0,ETH-26JUL19-280-C,199.64,131.53,0.005,673.0,0.01,550.0,153.34,0.0402,-0.30573,0.00296,0.00307,0.06656
199.37,SYN.ETH-30AUG19,1563361150063,open,0.08,110.0,0.037,0.116,0.07647,121.7,0.075,0.0,ETH-30AUG19-260-C,199.64,116.5,0.07,503.0,0.083,243.0,126.77,0.25265,-0.3504,0.06262,0.00435,0.33785
199.63,SYN.ETH-26JUL19,1563361150079,open,0.03,979.0,0.001,0.064,0.024192,134.98,0.031,0.0,ETH-26JUL19-240-C,199.64,138.87,0.026,117.0,0.03,265.0,147.17,0.09236,-0.70229,0.00954,0.00706,0.22076
199.63,SYN.ETH-26JUL19,1563361150092,open,0.04,0.0,0.001,0.073,0.033706,134.98,None,0.0,ETH-26JUL19-230-C,199.64,135.55,0.034,149.0,0.041,243.0,148.5,0.10573,-0.80392,0.01221,0.00808,0.2852
199.63,SYN.ETH-26JUL19,1563361150105,open,0.0,1117.0,0.001,0.04,6e-06,134.99,0.001,0.0,ETH-26JUL19-440-C,199.64,0.0,0.0,0.0,0.001,283.0,204.4,0.00016,-0.00121,1e-05,1e-05,0.00013
201.11,ETH-27DEC19,1563361150125,open,0.48,0.0,0.437,0.516,0.476103,106.71,None,0.0,ETH-27DEC19-120-C,199.64,0.0,0.001,1100.0,2.47,1.0,500.0,0.29886,-0.0979,0.34461,0.00155,0.86011
9384.56,BTC-27SEP19,1563361150196,open,0.61,0.0,0.5645,0.644,0.60418067,111.35,None,0.0,BTC-27SEP19-3750-C,9362.09,0.0,0.005,10.0,0.7085,10.0,299.7,1.81806,-1.40823,6.9875,1e-05,0.98229
9443.56,BTC-27DEC19,1563361150437,open,3.99,0.0,3.8905,4.2975,4.0940881,116.89,None,0.0,BTC-27DEC19-48000-P,9362.09,0.0,0.0,0.0,0.0,0.0,0.0,6.01701,-2.15918,-212.75605,1e-05,-0.95465
199.63,SYN.ETH-19JUL19,1563361150455,open,0.0,739.0,0.001,0.04,0.0,135.08,0.003,0.0,ETH-19JUL19-300-C,199.64,0.0,0.0,0.0,0.001,300.0,254.77,1e-05,-7e-05,0.0,0.0,2e-05
9363.56,SYN.BTC-26JUL19,1563361150465,open,0.02,342.6,0.0005,0.058,0.01817398,130.02,0.02,0.0,BTC-26JUL19-11500-C,9362.09,128.35,0.0175,24.0,0.021,11.5,136.72,3.84228,-28.14322,0.37031,0.00014,0.18081
9443.56,BTC-27DEC19,1563361150468,open,3.58,0.0,3.4865,3.8595,3.672937,115.69,None,0.0,BTC-27DEC19-44000-P,9361.96,0.0,0.0,0.0,0.0,0.0,0.0,6.94401,-2.4662,-194.63261,2e-05,-0.94573
9384.62,BTC-27SEP19,1563361150468,open,0.84,42.8,0.8005,0.88,0.84032136,144.91,0.815,0.0,BTC-27SEP19-1500-C,9361.96,0.0,0.01,1.0,0.0,0.0,0.0,0.10823,-0.10911,2.93694,0.0,0.99925
9443.56,BTC-27DEC19,1563361150468,open,0.56,6.7,0.512,0.5915,0.55176904,98.23,0.55,0.0,BTC-27DEC19-4500-C,9361.96,0.0,0.0115,0.1,0.97,1.0,500.0,8.6977,-2.62286,15.83517,2e-05,0.92754
9384.62,BTC-27SEP19,1563361150468,open,0.02,319.0,0.0005,0.063,0.02215225,105.37,0.0225,0.0,BTC-27SEP19-5500-P,9361.96,102.93,0.0205,21.0,0.0245,24.0,108.72,6.44184,-4.72181,-1.96777,4e-05,-0.08433
9443.56,BTC-27DEC19,1563361150468,open,4.41,1.0,4.2955,4.7365,4.51594906,118.27,4.454,0.0,BTC-27DEC19-52000-P,9361.96,0.0,0.001,1.0,0.0,0.0,0.0,5.3086,-1.92739,-230.80744,1e-05,-0.96115
9443.56,BTC-27DEC19,1563361150468,open,0.09,358.7,0.0475,0.127,0.08732954,103.68,0.087,0.0,BTC-27DEC19-18000-C,9361.96,102.18,0.084,11.0,0.091,21.0,105.3,21.20746,-6.74961,8.08719,5e-05,0.27924
9443.56,BTC-27DEC19,1563361150468,open,0.03,255.2,0.0005,0.0705,0.03051835,109.73,0.0325,0.0,BTC-27DEC19-30000-C,9361.96,108.53,0.029,6.0,0.0335,21.0,112.0,12.09758,-4.07508,3.47855,3e-05,0.11307
9384.62,BTC-27SEP19,1563361150470,open,0.0,433.4,0.0005,0.043,0.0029502,114.16,0.002,0.0,BTC-27SEP19-3500-P,9361.96,111.15,0.0025,4.1,0.0035,24.0,117.48,1.47666,-1.17271,-0.31132,1e-05,-0.0139
9384.62,BTC-27SEP19,1563361150470,open,0.56,0.2,0.514,0.5935,0.5536961,108.32,0.65,0.0,BTC-27SEP19-4250-C,9361.96,0.0,0.005,10.1,0.682,5.0,299.25,2.79352,-2.10495,7.7028,1e-05,0.97051
9443.43,BTC-27DEC19,1563361150470,open,3.17,0.0,3.083,3.4225,3.2526464,114.39,None,0.0,BTC-27DEC19-40000-P,9361.96,0.0,0.0005,3.0,0.0,0.0,0.0,8.08306,-2.83834,-176.42949,2e-05,-0.93411
9364.86,SYN.BTC-26JUL19,1563361150468,open,0.0,625.7,0.0005,0.04,0.0003876,144.75,0.0005,0.0,BTC-26JUL19-17000-C,9361.96,0.0,0.0,0.0,0.001,5.5,161.28,0.23814,-1.94182,0.01215,1e-05,0.00572
9384.49,BTC-27SEP19,1563361150471,open,0.0,122.0,0.0005,0.0435,0.00382514,111.61,0.0015,0.0,BTC-27SEP19-3750-P,9361.96,107.08,0.003,19.7,0.005,24.0,117.16,1.83283,-1.42306,-0.40107,1e-05,-0.01788
9384.49,BTC-27SEP19,1563361150471,open,1.31,0.2,1.2645,1.4525,1.35844947,113.66,1.391,0.0,BTC-27SEP19-22000-P,9361.96,0.0,0.005,10.0,1.8,0.1,399.08,5.91599,-4.67748,-42.19146,3e-05,-0.92465
9362.68,SYN.BTC-19JUL19,1563361150468,open,0.0,459.3,0.0005,0.04,0.00033059,144.93,0.0005,0.0,BTC-19JUL19-12000-C,9361.96,0.0,0.0,0.0,0.001,0.9,168.49,0.17456,-3.0952,0.00452,3e-05,0.00972
9443.43,BTC-27DEC19,1563361150472,open,0.69,5.6,0.643,0.7795,0.71106709,101.85,0.7075,0.0,BTC-27DEC19-15000-P,9361.96,0.0,0.005,10.0,1.4705,0.2,500.0,23.75336,-7.42659,-56.64123,6e-05,-0.63306
9384.49,BTC-27SEP19,1563361150472,open,0.66,0.0,0.616,0.6955,0.65584492,116.25,None,0.0,BTC-27SEP19-3250-C,9361.96,0.0,0.005,10.0,0.8975,5.0,500.0,1.14364,-0.92488,6.1687,1e-05,0.98965
9443.43,BTC-27DEC19,1563361150473,open,0.79,0.0,0.751,0.8305,0.7905479,112.57,None,0.0,BTC-27DEC19-2000-C,9361.96,0.0,0.0155,3.0,0.981,0.5,500.0,1.28188,-0.44297,8.51696,0.0,0.99266
9443.43,BTC-27DEC19,1563361150473,open,0.65,4.0,0.6015,0.681,0.64130214,100.21,0.64,0.0,BTC-27DEC19-3500-C,9361.96,0.0,0.0075,0.2,0.78,1.0,256.83,4.82565,-1.48448,13.65854,1e-05,0.96543
9362.68,SYN.BTC-19JUL19,1563361150474,open,0.0,297.0,0.0005,0.04,1.59e-06,144.95,0.0005,0.0,BTC-19JUL19-14000-C,9361.96,0.0,0.0,0.0,0.0015,21.0,267.0,0.00182,-0.01487,3e-05,0.0,7e-05
9443.43,BTC-27DEC19,1563361150474,open,2.76,1.3,2.68,2.986,2.83306969,112.56,2.792,0.0,BTC-27DEC19-36000-P,9361.96,0.0,0.0005,1.0,0.0,0.0,0.0,9.39473,-3.24618,-158.14604,2e-05,-0.91981
9443.43,BTC-27DEC19,1563361150479,open,0.0,148.7,0.0005,0.041,0.00127149,122.18,0.0005,0.0,BTC-27DEC19-1500-P,9361.96,0.0,0.0,0.0,0.0025,16.0,134.77,0.7271,-0.2727,-0.21705,0.0,-0.00388
9364.86,SYN.BTC-26JUL19,1563361150472,open,0.0,126.8,0.0005,0.0405,0.00053956,145.03,0.001,0.0,BTC-26JUL19-5500-P,9361.96,0.0,0.0,0.0,0.002,40.0,174.83,0.27831,-2.27392,-0.01677,1e-05,-0.00683
9364.86,SYN.BTC-26JUL19,1563361150473,open,0.0,389.3,0.0005,0.042,0.0020627,137.83,0.002,0.0,BTC-26JUL19-14500-C,9361.96,131.45,0.0015,11.0,0.003,3.6,146.36,0.91079,-7.07201,0.05683,3e-05,0.02702
9364.86,SYN.BTC-26JUL19,1563361150474,open,0.0,560.8,0.0005,0.04,0.00017457,144.97,0.0005,0.0,BTC-26JUL19-18000-C,9361.96,0.0,0.0,0.0,0.0005,3.6,160.93,0.12316,-1.00583,0.00584,0.0,0.00274
9364.86,SYN.BTC-26JUL19,1563361150471,open,0.32,0.0,0.2695,0.349,0.30933129,139.02,0.3665,0.0,BTC-26JUL19-6500-C,9361.96,0.0,0.005,0.1,0.0,0.0,0.0,1.16785,-9.1459,1.48971,4e-05,0.9635
9362.68,SYN.BTC-19JUL19,1563361150482,open,0.46,16.4,0.436,0.555,0.49550708,209.51,0.495,0.0,BTC-19JUL19-14000-P,9361.96,0.0,0.489,6.0,0.526,6.0,500.0,0.09029,-5.04273,-0.71733,1e-05,-0.99539
9364.86,SYN.BTC-26JUL19,1563361150515,open,0.08,103.8,0.034,0.1135,0.073783,129.16,0.087,0.0,BTC-26JUL19-9500-C,9361.96,124.68,0.071,18.0,0.076,0.3,132.73,5.8234,-42.3713,0.99747,0.00021,0.5118
9364.86,SYN.BTC-26JUL19,1563361150639,open,0.01,630.9,0.0005,0.046,0.00624497,134.58,0.0065,0.0,BTC-26JUL19-13000-C,9361.96,131.0,0.0055,40.0,0.0075,0.1,140.15,2.01297,-15.26149,0.15074,7e-05,0.07244
9384.62,BTC-27SEP19,1563361150641,open,0.01,288.9,0.0005,0.0505,0.01064282,115.74,0.009,0.0,BTC-27SEP19-24000-C,9361.96,112.39,0.009,39.0,0.0125,11.0,119.17,4.83279,-3.89091,0.87577,2e-05,0.05803
9384.49,BTC-27SEP19,1563361150649,open,0.06,296.4,0.0215,0.106,0.06376383,105.0,0.058,0.0,BTC-27SEP19-7000-P,9361.96,103.14,0.0615,19.3,0.067,25.4,107.64,11.45693,-8.36835,-4.76916,6e-05,-0.19431
199.37,SYN.ETH-30AUG19,1563361150660,open,0.03,50.0,0.001,0.071,0.03141,127.55,0.027,0.0,ETH-30AUG19-340-C,199.64,122.2,0.027,276.0,0.036,297.0,132.79,0.16961,-0.24653,0.03132,0.00278,0.16208
199.63,SYN.ETH-19JUL19,1563361150692,open,0.0,403.0,0.001,0.04,0.00033,134.87,0.006,0.0,ETH-19JUL19-160-P,199.64,194.7,0.003,79.0,0.006,659.0,228.78,0.00372,-0.0653,-0.0001,0.00135,-0.00972
199.63,SYN.ETH-19JUL19,1563361150699,open,0.0,403.0,0.001,0.04,0.00033,134.87,0.006,0.0,ETH-19JUL19-160-P,199.64,194.7,0.003,79.0,0.006,663.0,228.78,0.00372,-0.0653,-0.0001,0.00135,-0.00972
199.68,SYN.ETH-19JUL19,1563361150706,open,0.06,166.0,0.028,0.113,0.070682,135.14,0.076,0.0,ETH-19JUL19-210-P,199.64,159.2,0.077,101.0,0.082,112.0,177.84,0.05109,-1.84053,-0.00772,0.01845,-0.68146
199.37,SYN.ETH-30AUG19,1563361150712,open,0.11,941.0,0.069,0.157,0.11332,120.39,0.113,0.0,ETH-30AUG19-180-P,199.64,114.52,0.106,180.0,0.122,245.0,127.34,0.24881,-0.34134,-0.10506,0.00433,-0.32507
199.37,SYN.ETH-30AUG19,1563361150719,open,0.11,941.0,0.069,0.157,0.11332,120.39,0.113,0.0,ETH-30AUG19-180-P,199.64,114.52,0.106,180.0,0.121,180.0,126.54,0.24881,-0.34134,-0.10506,0.00433,-0.32507
199.63,SYN.ETH-26JUL19,1563361150718,open,0.05,711.0,0.007,0.086,0.046272,134.98,0.054,0.0,ETH-26JUL19-220-C,199.64,132.82,0.045,348.0,0.054,218.0,148.12,0.11656,-0.88626,0.01527,0.00891,0.36082
199.37,SYN.ETH-30AUG19,1563361150743,open,0.03,494.0,0.001,0.066,0.02604,129.49,0.027,0.0,ETH-30AUG19-360-C,199.64,122.52,0.021,574.0,0.03,300.0,134.49,0.15194,-0.2242,0.02669,0.00246,0.13745
199.37,SYN.ETH-30AUG19,1563361150750,open,0.07,260.0,0.021,0.1,0.060953,123.59,0.056,0.0,ETH-30AUG19-280-C,199.64,119.26,0.056,248.0,0.066,261.0,127.81,0.23328,-0.32855,0.05284,0.00395,0.28149
199.58,SYN.ETH-26JUL19,1563361150756,open,0.07,216.0,0.023,0.102,0.062413,135.16,0.066,0.0,ETH-26JUL19-210-C,199.64,135.95,0.063,120.0,0.071,190.0,148.9,0.12302,-0.93665,0.01861,0.0094,0.44592
199.63,SYN.ETH-26JUL19,1563361150766,open,0.02,545.0,0.001,0.051,0.011982,134.98,0.012,0.0,ETH-26JUL19-260-C,199.64,135.06,0.012,384.0,0.017,297.0,149.47,0.06412,-0.48757,0.00549,0.0049,0.1251
9362.68,SYN.BTC-19JUL19,1563361150804,open,0.02,115.8,0.0005,0.0555,0.01574635,139.19,0.015,0.0,BTC-19JUL19-10000-C,9361.96,138.15,0.0155,2.1,0.0165,0.1,142.35,2.22286,-82.4744,0.12276,0.00035,0.27089
9384.62,BTC-27SEP19,1563361150814,open,0.1,463.4,0.0625,0.1505,0.10652745,104.97,0.103,0.0,BTC-27SEP19-8000-P,9361.96,103.29,0.104,19.3,0.1105,10.7,107.62,14.07757,-10.27993,-7.18825,8e-05,-0.28244
199.2,ETH-27SEP19,1563361150843,open,0.01,1984.0,0.001,0.044,0.004845,130.19,0.004,0.0,ETH-27SEP19-720-C,199.64,122.29,0.003,300.0,0.007,100.0,137.17,0.05421,-0.0491,0.00849,0.00053,0.02648
199.19,ETH-27SEP19,1563361150850,open,0.01,4110.0,0.001,0.055,0.014985,116.07,0.012,0.0,ETH-27SEP19-100-P,199.64,109.77,0.012,551.0,0.018,200.0,121.93,0.09877,-0.07975,-0.02757,0.00109,-0.05531
9375.81,SYN.BTC-30AUG19,1563361150850,open,0.05,10.3,0.0015,0.081,0.04101653,116.35,0.0485,0.0,BTC-30AUG19-14000-C,9361.96,113.83,0.0385,19.3,0.043,5.0,118.29,9.47559,-12.56344,1.95096,8e-05,0.21412
9362.68,SYN.BTC-19JUL19,1563361150857,open,0.02,266.8,0.0005,0.0645,0.02394501,144.11,0.027,0.0,BTC-19JUL19-9000-P,9361.96,144.32,0.024,1.7,0.027,1.0,155.79,2.43686,-93.61367,-0.17132,0.00038,-0.33212
199.19,ETH-27SEP19,1563361150852,open,0.01,4110.0,0.001,0.055,0.014985,116.07,0.012,0.0,ETH-27SEP19-100-P,199.64,109.77,0.012,551.0,0.018,500.0,121.93,0.09877,-0.07975,-0.02757,0.00109,-0.05531
9364.86,SYN.BTC-26JUL19,1563361150859,open,0.0,511.1,0.0005,0.0405,0.00072862,141.74,0.0005,0.0,BTC-26JUL19-16000-C,9361.96,0.0,0.0,0.0,0.001,3.7,147.38,0.40158,-3.2064,0.02194,1e-05,0.01036
9375.81,SYN.BTC-30AUG19,1563361150861,open,0.1,27.6,0.056,0.1355,0.09586784,113.07,0.09,0.0,BTC-30AUG19-11000-C,9361.96,109.84,0.0915,14.4,0.0995,15.0,115.76,12.68151,-16.34106,3.61083,0.00011,0.41625
9384.62,BTC-27SEP19,1563361150858,open,0.01,288.9,0.0005,0.0505,0.01064282,115.74,0.009,0.0,BTC-27SEP19-24000-C,9361.96,112.39,0.009,39.0,0.0125,35.0,119.17,4.83279,-3.89091,0.87577,2e-05,0.05803
9443.43,BTC-27DEC19,1563361150886,open,0.16,237.6,0.1215,0.2145,0.16794846,98.06,0.1565,0.0,BTC-27DEC19-8000-P,9361.96,95.64,0.1625,14.9,0.1725,10.9,100.08,21.26101,-6.39988,-18.90617,5e-05,-0.2807
9443.56,BTC-27DEC19,1563361150888,open,0.25,452.1,0.198,0.2775,0.23756207,98.74,0.238,0.0,BTC-27DEC19-10000-C,9361.96,96.78,0.2325,3.6,0.2415,11.0,100.26,24.43464,-7.40644,15.10451,6e-05,0.59599
199.2,ETH-27SEP19,1563361150892,open,1.0,79.0,0.958,1.12,1.038591,117.71,0.351,0.0,ETH-27SEP19-400-P,199.64,0.0,0.01,1.0,0.0,0.0,0.0,0.19821,-0.1623,-0.74415,0.00215,-0.85847
199.59,SYN.ETH-26JUL19,1563361150898,open,0.76,1047.0,0.732,0.875,0.80351,0.0,0.2,0.0,ETH-26JUL19-360-P,199.64,0.0,0.0,0.0,0.0,0.0,0.0,0.0,0.0,-0.08754,0.0,-1.0
199.59,SYN.ETH-26JUL19,1563361150898,open,0.23,0.0,0.173,0.252,0.212712,135.51,None,0.0,ETH-26JUL19-160-C,199.64,0.0,0.0,0.0,0.0,0.0,0.0,0.06396,-0.48823,0.03216,0.00487,0.87531
9443.56,BTC-27DEC19,1563361150901,open,0.29,181.6,0.235,0.3145,0.27483993,98.06,0.287,0.0,BTC-27DEC19-9000-C,9361.96,96.1,0.27,3.6,0.2785,11.0,99.55,23.22283,-6.99081,16.05296,6e-05,0.65578
199.2,ETH-27SEP19,1563361150905,open,0.55,868.0,0.516,0.641,0.578277,114.15,0.566,0.0,ETH-27SEP19-300-P,199.64,100.95,0.559,110.0,0.6,30.0,128.02,0.3023,-0.24006,-0.50557,0.00339,-0.71057
9364.86,SYN.BTC-26JUL19,1563361150903,open,0.11,60.3,0.061,0.1405,0.1008999,131.25,0.1,0.0,BTC-26JUL19-9000-C,9361.96,123.86,0.0965,18.0,0.1035,11.5,135.62,5.5754,-41.22423,1.17432,0.0002,0.61658
9443.43,BTC-27DEC19,1563361150922,open,0.36,74.2,0.317,0.426,0.37150109,99.56,0.3645,0.0,BTC-27DEC19-11000-P,9361.96,97.11,0.365,6.0,0.378,3.6,102.01,25.03298,-7.65083,-34.99447,6e-05,-0.45894
9384.62,BTC-27SEP19,1563361150923,open,0.17,806.4,0.12,0.1995,0.15988762,105.39,0.161,0.0,BTC-27SEP19-10000-C,9361.96,103.18,0.156,14.4,0.1625,11.0,106.87,16.53426,-12.1218,7.00689,9e-05,0.53904
199.2,ETH-27SEP19,1563361150962,open,0.06,1846.0,0.021,0.1,0.060558,115.13,0.06,0.0,ETH-27SEP19-320-C,199.64,114.03,0.059,1.0,0.064,160.0,117.55,0.28132,-0.22531,0.07458,0.00313,0.25069
199.59,SYN.ETH-26JUL19,1563361150970,open,0.0,1780.0,0.001,0.04,3.8e-05,135.04,0.001,0.0,ETH-26JUL19-400-C,199.64,0.0,0.0,0.0,0.001,187.0,183.52,0.00075,-0.00572,3e-05,6e-05,0.0007
9443.43,BTC-27DEC19,1563361151014,open,0.07,278.2,0.0305,0.116,0.07332028,98.06,0.0645,0.0,BTC-27DEC19-6000-P,9361.96,95.63,0.0695,10.0,0.0755,4.9,99.43,14.95986,-4.50319,-9.57411,4e-05,-0.15388
199.68,SYN.ETH-19JUL19,1563361151026,open,0.06,166.0,0.028,0.113,0.070682,135.14,0.076,0.0,ETH-19JUL19-210-P,199.64,159.2,0.077,101.0,0.083,262.0,181.53,0.05109,-1.84053,-0.00772,0.01845,-0.68146
199.59,SYN.ETH-26JUL19,1563361151037,open,0.17,0.0,0.139,0.233,0.185812,134.58,None,0.0,ETH-26JUL19-230-P,199.64,100.28,0.169,120.0,0.0,0.0,0.0,0.10549,-0.7998,-0.04377,0.00809,-0.71597
199.2,ETH-27SEP19,1563361151045,open,0.3,392.0,0.253,0.332,0.292553,112.51,0.51,0.0,ETH-27SEP19-160-C,199.64,0.0,0.1,10.0,0.0,0.0,0.0,0.27823,-0.21777,0.18118,0.00316,0.75444
9443.43,BTC-27DEC19,1563361151073,open,0.14,161.0,0.0955,0.1865,0.14094517,98.06,0.132,0.0,BTC-27DEC19-7500-P,9361.96,95.72,0.136,10.0,0.1435,6.0,99.27,19.98137,-6.0147,-16.40998,5e-05,-0.24848
201.11,ETH-27DEC19,1563361151076,open,0.05,163.0,0.009,0.088,0.04866,113.21,0.051,0.0,ETH-27DEC19-560-C,199.63,109.06,0.042,710.0,0.053,40.0,115.79,0.33288,-0.11569,0.10399,0.00163,0.16454
201.11,ETH-27DEC19,1563361151076,open,0.07,624.0,0.026,0.105,0.065382,111.28,0.068,0.0,ETH-27DEC19-480-C,199.63,107.39,0.058,738.0,0.071,40.0,114.14,0.38963,-0.1331,0.13182,0.00194,0.21227
199.2,ETH-27SEP19,1563361151076,open,0.71,0.0,0.662,0.741,0.70129,133.54,0.01,0.0,ETH-27SEP19-60-C,199.63,0.0,0.003,10.0,0.0,0.0,0.0,0.02384,-0.02215,0.1132,0.00023,0.98986
201.11,ETH-27DEC19,1563361151076,open,0.39,693.0,0.354,0.466,0.410219,106.41,0.423,0.0,ETH-27DEC19-240-P,199.63,101.81,0.398,30.0,0.423,30.0,111.24,0.53291,-0.17408,-0.77872,0.00277,-0.45751
201.11,ETH-27DEC19,1563361151077,open,1.59,37.0,1.537,1.747,1.642046,112.41,0.707,0.0,ETH-27DEC19-520-P,199.63,0.0,0.001,500.0,0.0,0.0,0.0,0.3608,-0.1245,-2.20337,0.00178,-0.81317
199.59,SYN.ETH-26JUL19,1563361151076,open,0.0,1248.0,0.001,0.04,0.0,135.0,0.001,0.0,ETH-26JUL19-560-C,199.63,0.0,0.0,0.0,0.001,389.0,255.68,0.0,-1e-05,0.0,0.0,0.0
199.19,ETH-27SEP19,1563361151079,open,0.37,191.0,0.316,0.395,0.355965,113.11,0.5,0.0,ETH-27SEP19-140-C,199.63,0.0,0.01,50.0,0.0,0.0,0.0,0.22382,-0.17611,0.18587,0.00253,0.82983
199.63,SYN.ETH-19JUL19,1563361151076,open,0.09,1115.0,0.067,0.154,0.110441,135.01,0.11,0.0,ETH-19JUL19-220-P,199.63,0.0,0.095,10.0,0.146,10.0,285.03,0.03616,-1.30145,-0.00965,0.01308,-0.83037
199.63,SYN.ETH-19JUL19,1563361151077,open,0.0,2.0,0.001,0.04,0.0,135.0,0.002,0.0,ETH-19JUL19-420-C,199.63,0.0,0.0,0.0,0.001,300.0,422.54,0.0,0.0,0.0,0.0,0.0
199.19,ETH-27SEP19,1563361151080,open,0.39,1374.0,0.354,0.466,0.410294,112.34,0.42,0.0,ETH-27SEP19-260-P,199.63,89.73,0.373,110.0,0.0,0.0,0.0,0.33858,-0.26458,-0.40109,0.00386,-0.61226
199.19,ETH-27SEP19,1563361151080,open,1.96,27.0,1.901,2.141,2.021064,126.6,1.044,0.0,ETH-27SEP19-600-P,199.63,0.0,0.0,0.0,0.0,0.0,0.0,0.08572,-0.07549,-1.16684,0.00087,-0.9537
199.59,SYN.ETH-26JUL19,1563361151076,open,0.0,1074.0,0.001,0.04,1e-06,135.0,0.001,0.0,ETH-26JUL19-480-C,199.63,0.0,0.0,0.0,0.001,300.0,223.2,3e-05,-0.00022,0.0,0.0,2e-05
199.37,SYN.ETH-30AUG19,1563361151076,open,0.35,0.0,0.299,0.378,0.338179,123.16,None,0.0,ETH-30AUG19-140-C,199.63,0.0,0.0,0.0,0.0,0.0,0.0,0.16034,-0.22504,0.12294,0.00272,0.85116
199.59,SYN.ETH-26JUL19,1563361151076,open,0.19,0.0,0.134,0.213,0.173105,134.99,None,0.0,ETH-26JUL19-170-C,199.63,0.0,0.0,0.0,0.0,0.0,0.0,0.08523,-0.64814,0.03077,0.00652,0.80715
199.59,SYN.ETH-26JUL19,1563361151077,open,0.27,0.0,0.216,0.295,0.255935,135.76,None,0.0,ETH-26JUL19-150-C,199.63,0.0,0.0,0.0,0.0,0.0,0.0,0.04309,-0.32953,0.03258,0.00328,0.92715
199.63,SYN.ETH-19JUL19,1563361151080,open,0.0,142.0,0.001,0.04,0.0,135.0,0.001,0.0,ETH-19JUL19-400-C,199.63,0.0,0.0,0.0,0.001,300.0,399.1,0.0,0.0,0.0,0.0,0.0
199.37,SYN.ETH-30AUG19,1563361151078,open,0.36,0.0,0.326,0.435,0.380609,121.68,None,0.0,ETH-30AUG19-260-P,199.63,87.27,0.34,120.0,0.0,0.0,0.0,0.25265,-0.35032,-0.24992,0.00435,-0.66219
9362.68,SYN.BTC-19JUL19,1563361151092,open,0.25,83.2,0.231,0.333,0.28201669,153.06,0.2865,0.0,BTC-19JUL19-12000-P,9361.96,0.0,0.277,6.0,0.3065,6.0,353.92,0.23445,-9.56544,-0.61034,3e-05,-0.98634
9362.68,SYN.BTC-19JUL19,1563361151103,open,0.31,62.5,0.282,0.3885,0.33518587,162.22,0.3,0.0,BTC-19JUL19-12500-P,9361.96,0.0,0.3295,6.0,0.361,6.0,394.35,0.14081,-6.08914,-0.63883,2e-05,-0.99239
9364.86,SYN.BTC-26JUL19,1563361151104,open,0.27,315.8,0.2425,0.3455,0.29413126,132.01,0.284,0.0,BTC-26JUL19-12000-P,9361.96,121.69,0.291,7.5,0.3205,7.5,193.24,3.176,-23.61825,-2.63925,0.00011,-0.86467
9443.56,BTC-27DEC19,1563361151106,open,0.6,17.7,0.556,0.6855,0.62079664,101.09,0.6235,0.0,BTC-27DEC19-14000-P,9361.96,98.26,0.6135,6.0,0.6295,3.6,104.45,24.42035,-7.57844,-51.31478,6e-05,-0.59692
199.19,ETH-27SEP19,1563361151129,open,0.72,345.0,0.687,0.826,0.75668,115.11,0.76,0.0,ETH-27SEP19-340-P,199.63,0.0,0.697,110.0,1.19,1.0,375.11,0.25783,-0.20645,-0.60496,0.00287,-0.78564
199.19,ETH-27SEP19,1563361151129,open,1.38,0.0,1.331,1.524,1.427241,121.35,None,0.0,ETH-27SEP19-480-P,199.63,0.0,0.0,0.0,0.0,0.0,0.0,0.1391,-0.11743,-0.91823,0.00147,-0.91371
199.37,SYN.ETH-30AUG19,1563361151198,open,0.16,220.0,0.12,0.213,0.166535,119.93,0.147,0.0,ETH-30AUG19-200-P,199.63,115.11,0.16,249.0,0.178,137.0,128.4,0.27029,-0.3694,-0.14071,0.00472,-0.42061
9362.68,SYN.BTC-19JUL19,1563361151209,open,0.11,415.7,0.0835,0.173,0.12827997,141.54,0.137,0.0,BTC-19JUL19-10500-P,9361.96,142.06,0.1285,6.0,0.135,6.0,177.67,1.49578,-56.43721,-0.47544,0.00023,-0.85974
199.63,SYN.ETH-19JUL19,1563361151210,open,0.01,101.0,0.001,0.043,0.003305,135.0,0.011,0.0,ETH-19JUL19-230-C,199.63,141.3,0.004,250.0,0.008,407.0,170.53,0.02098,-0.65971,0.00077,0.00759,0.07853
9362.68,SYN.BTC-19JUL19,1563361151211,open,0.08,24.0,0.023,0.1025,0.06263229,143.6,0.056,0.0,BTC-19JUL19-9000-C,9361.96,133.75,0.06,0.8,0.0655,29.0,154.89,2.43562,-93.23453,0.29145,0.00038,0.66831
9443.44,BTC-27DEC19,1563361151228,open,0.51,58.3,0.473,0.5955,0.53424462,100.67,0.537,0.0,BTC-27DEC19-13000-P,9361.96,98.11,0.5275,6.0,0.5415,3.6,103.41,24.92418,-7.7022,-45.91379,6e-05,-0.55531
9375.81,SYN.BTC-30AUG19,1563361151232,open,0.18,0.4,0.132,0.2115,0.17190624,112.08,0.1895,0.0,BTC-30AUG19-9000-C,9361.96,107.67,0.166,14.4,0.1745,4.0,114.1,12.39929,-15.83762,5.02556,0.0001,0.61775
9364.86,SYN.BTC-26JUL19,1563361151250,open,0.05,132.3,0.0005,0.0775,0.03783166,129.19,0.038,0.0,BTC-26JUL19-10500-C,9361.96,126.86,0.0365,29.0,0.0415,21.5,135.79,5.22359,-38.01519,0.64307,0.00019,0.32018
9364.86,SYN.BTC-26JUL19,1563361151266,open,0.14,265.8,0.113,0.205,0.1590438,129.47,0.141,0.0,BTC-26JUL19-10500-P,9361.96,130.08,0.1595,18.0,0.1685,18.0,145.91,5.22711,-38.1233,-1.90939,0.00019,-0.6793
9384.62,BTC-27SEP19,1563361151275,open,0.01,288.9,0.0005,0.0505,0.01064966,115.74,0.009,0.0,BTC-27SEP19-24000-C,9361.96,112.39,0.009,39.0,0.0125,11.0,119.17,4.83279,-3.89091,0.87577,2e-05,0.05803
9362.68,SYN.BTC-19JUL19,1563361151282,open,0.12,6.1,0.062,0.1415,0.10153016,144.34,0.109,0.0,BTC-19JUL19-8500-C,9361.96,116.46,0.097,6.0,0.104,6.0,158.41,1.64689,-63.36797,0.35435,0.00025,0.83792
9364.86,SYN.BTC-26JUL19,1563361151302,open,0.14,265.8,0.113,0.205,0.1590438,129.47,0.141,0.0,BTC-26JUL19-10500-P,9361.96,130.08,0.1595,18.0,0.168,18.0,145.04,5.22711,-38.1233,-1.90939,0.00019,-0.6793
9384.49,BTC-27SEP19,1563361151309,open,0.28,127.7,0.2485,0.352,0.30010303,106.58,0.2865,0.0,BTC-27SEP19-11000-P,9361.96,104.76,0.297,20.4,0.308,14.4,111.0,16.53188,-12.25743,-15.51904,9e-05,-0.53957
9362.68,SYN.BTC-19JUL19,1563361151329,open,0.12,6.1,0.062,0.1415,0.10153016,144.34,0.109,0.0,BTC-19JUL19-8500-C,9361.96,119.98,0.0975,6.0,0.104,6.0,158.41,1.64689,-63.36797,0.35435,0.00025,0.83792
9364.86,SYN.BTC-26JUL19,1563361151330,open,0.15,53.1,0.093,0.1725,0.13278387,131.75,0.1405,0.0,BTC-26JUL19-8500-C,9361.96,122.77,0.128,6.0,0.135,11.5,136.09,4.94005,-36.66542,1.33091,0.00018,0.71714
9443.56,BTC-27DEC19,1563361151342,open,0.19,196.8,0.14,0.2195,0.17997434,100.07,0.1905,0.0,BTC-27DEC19-12000-C,9361.96,98.2,0.175,14.6,0.1845,11.0,101.77,25.15944,-7.7291,13.08034,6e-05,0.49037
9362.68,SYN.BTC-19JUL19,1563361151356,open,0.11,415.7,0.0835,0.173,0.12827997,141.54,0.137,0.0,BTC-19JUL19-10500-P,9361.96,138.9,0.128,6.0,0.135,6.0,177.67,1.49578,-56.43721,-0.47544,0.00023,-0.85974
9362.68,SYN.BTC-19JUL19,1563361151370,open,0.07,372.8,0.0405,0.127,0.08385265,139.81,0.093,0.0,BTC-19JUL19-10000-P,9361.96,137.85,0.0835,6.0,0.0915,12.0,170.29,2.22713,-83.00135,-0.3907,0.00035,-0.72806
9362.68,SYN.BTC-19JUL19,1563361151374,open,0.07,372.8,0.0405,0.127,0.08385265,139.81,0.093,0.0,BTC-19JUL19-10000-P,9361.96,137.85,0.0835,6.0,0.091,6.0,168.32,2.22713,-83.00135,-0.3907,0.00035,-0.72806
9443.43,BTC-27DEC19,1563361151377,open,0.28,189.9,0.245,0.348,0.29649151,98.73,0.279,0.0,BTC-27DEC19-10000-P,9361.96,96.43,0.2905,6.0,0.3035,10.9,101.45,24.43461,-7.40589,-29.51902,6e-05,-0.40403
9384.62,BTC-27SEP19,1563361151380,open,0.01,297.6,0.0005,0.0515,0.01106675,106.58,0.005,0.0,BTC-27SEP19-4750-P,9361.96,104.05,0.01,21.0,0.0125,24.0,109.77,4.07728,-3.02301,-1.07047,2e-05,-0.04685
9443.43,BTC-27DEC19,1563361151389,open,0.28,189.9,0.245,0.348,0.29649151,98.73,0.279,0.0,BTC-27DEC19-10000-P,9361.96,96.43,0.2905,6.0,0.303,4.9,101.26,24.43461,-7.40589,-29.51902,6e-05,-0.40403
9443.56,BTC-27DEC19,1563361151391,open,0.6,17.7,0.556,0.6855,0.62079664,101.09,0.6235,0.0,BTC-27DEC19-14000-P,9361.96,98.26,0.6135,6.0,0.629,3.6,104.26,24.42035,-7.57844,-51.31478,6e-05,-0.59692
9364.86,SYN.BTC-26JUL19,1563361151395,open,0.11,516.2,0.0765,0.166,0.12125278,129.42,0.131,0.0,BTC-26JUL19-10000-P,9361.96,129.67,0.1215,18.0,0.1295,18.0,142.79,5.6813,-41.42103,-1.617,0.00021,-0.58871
9362.68,SYN.BTC-19JUL19,1563361151412,open,0.04,547.1,0.006,0.0895,0.04788273,139.62,0.053,0.0,BTC-19JUL19-9500-P,9361.96,146.77,0.05,2.0,0.0545,18.0,162.55,2.66543,-99.20234,-0.28194,0.00042,-0.53802
9442.65,BTC-27DEC19,1563361151469,open,0.6,27.6,0.5555,0.635,0.59525951,98.93,0.6525,0.0,BTC-27DEC19-4000-C,9361.17,0.0,0.0155,10.0,0.642,0.2,149.95,6.66398,-2.02384,14.88286,2e-05,0.94847
9442.65,BTC-27DEC19,1563361151469,open,0.02,227.9,0.0005,0.0595,0.01883345,98.88,0.0135,0.0,BTC-27DEC19-4000-P,9361.17,96.96,0.0175,16.0,0.0205,6.0,101.2,6.65854,-2.02115,-2.96279,2e-05,-0.05148
9384.52,BTC-27SEP19,1563361151469,open,2.35,0.0,2.277,2.5495,2.41320041,119.4,None,0.0,BTC-27SEP19-32000-P,9361.17,0.0,0.0,0.0,0.0,0.0,0.0,2.03087,-1.68683,-62.7031,1e-05,-0.97983
9383.73,BTC-27SEP19,1563361151470,open,1.52,0.2,1.4655,1.6705,1.56802545,115.28,1.6,0.0,BTC-27SEP19-24000-P,9361.17,0.0,0.0,0.0,0.0,0.0,0.0,4.76912,-3.82466,-46.39849,2e-05,-0.94293
9383.73,BTC-27SEP19,1563361151471,open,0.01,1054.8,0.0005,0.0465,0.00662477,108.51,0.0045,0.0,BTC-27SEP19-4250-P,9361.17,106.36,0.006,15.0,0.008,24.0,112.87,2.80729,-2.11904,-0.67063,1e-05,-0.02967
9364.74,SYN.BTC-26JUL19,1563361151470,open,0.37,28.7,0.339,0.45,0.39442167,134.55,0.284,0.0,BTC-26JUL19-13000-P,9361.17,0.0,0.384,7.5,0.423,7.5,216.83,2.01141,-15.24541,-3.01062,7e-05,-0.92764
9362.55,SYN.BTC-19JUL19,1563361151470,open,0.0,3.0,0.0005,0.0425,0.00272954,144.99,0.0025,0.0,BTC-19JUL19-8000-P,9361.17,153.59,0.0035,2.1,0.0055,46.0,172.36,0.78668,-25.55542,-0.02959,0.00012,-0.05877
9362.55,SYN.BTC-19JUL19,1563361151470,open,0.01,198.9,0.0005,0.0425,0.00285203,144.09,0.003,0.0,BTC-19JUL19-11000-C,9361.17,140.11,0.0025,2.8,0.004,11.2,155.53,0.85786,-26.70223,0.03023,0.00013,0.06568
9364.74,SYN.BTC-26JUL19,1563361151467,open,0.23,17.0,0.1735,0.253,0.21317752,134.93,0.246,0.0,BTC-26JUL19-7500-C,9361.17,0.0,0.005,0.1,0.0,0.0,0.0,2.97102,-22.58313,1.51186,0.0001,0.87708
9364.74,SYN.BTC-26JUL19,1563361151467,open,0.42,32.3,0.3885,0.5035,0.44611585,137.01,0.29,0.0,BTC-26JUL19-13500-P,9361.17,0.0,0.435,7.5,0.476,7.5,230.52,1.60694,-12.40304,-3.16959,5e-05,-0.94575
9364.74,SYN.BTC-26JUL19,1563361151469,open,1.19,0.0,1.153,1.332,1.24243906,0.0,None,0.0,BTC-26JUL19-21000-P,9361.17,0.0,0.0,0.0,0.0,0.0,0.0,0.0,0.0,-5.10656,0.0,-1.0
9364.74,SYN.BTC-26JUL19,1563361151470,open,1.09,0.0,1.0505,1.221,1.13567596,129.3,None,0.0,BTC-26JUL19-20000-P,9361.17,0.0,0.0,0.0,0.0,0.0,0.0,0.00713,-0.0519,-4.86312,0.0,-0.99988
9383.73,BTC-27SEP19,1563361151474,open,0.51,13.5,0.465,0.5445,0.50491325,106.65,0.382,0.0,BTC-27SEP19-4750-C,9361.17,0.0,0.005,10.0,0.6575,5.0,299.06,4.08324,-3.02926,8.28102,2e-05,0.95306
9362.55,SYN.BTC-19JUL19,1563361151467,open,0.36,82.8,0.333,0.444,0.38851837,132.09,0.348,0.0,BTC-19JUL19-13000-P,9361.17,0.0,0.3795,6.0,0.4165,6.0,437.79,0.00775,-0.27303,-0.66791,0.0,-0.99969
9384.52,BTC-27SEP19,1563361151491,open,0.01,297.6,0.0005,0.0515,0.01106675,106.56,0.005,0.0,BTC-27SEP19-4750-P,9361.17,104.04,0.01,21.0,0.013,24.0,110.84,4.07582,-3.02135,-1.06993,2e-05,-0.04683
9364.74,SYN.BTC-26JUL19,1563361151599,open,0.03,450.9,0.0005,0.082,0.04043179,131.9,0.042,0.0,BTC-26JUL19-8500-P,9361.17,130.13,0.0395,24.1,0.045,41.5,140.5,4.94133,-36.71589,-0.73658,0.00018,-0.28302
9375.71,SYN.BTC-30AUG19,1563361151601,open,0.05,10.3,0.0015,0.081,0.04104163,116.37,0.0485,0.0,BTC-30AUG19-14000-C,9361.17,113.83,0.0385,19.3,0.043,15.0,118.3,9.47735,-12.56865,1.95148,8e-05,0.21419
9383.73,BTC-27SEP19,1563361151613,open,0.03,553.4,0.0005,0.074,0.03304581,105.14,0.0305,0.0,BTC-27SEP19-6000-P,9361.17,103.35,0.0315,20.6,0.0355,24.0,107.92,8.16535,-5.97192,-2.76635,4e-05,-0.11666
9362.55,SYN.BTC-19JUL19,1563361151628,open,0.04,547.1,0.006,0.0895,0.04788273,139.31,0.053,0.0,BTC-19JUL19-9500-P,9361.17,146.74,0.05,2.0,0.0545,24.0,162.52,2.66525,-98.97448,-0.282,0.00042,-0.53824
9383.73,BTC-27SEP19,1563361151627,open,0.13,406.8,0.088,0.1675,0.12795622,106.54,0.13,0.0,BTC-27SEP19-11000-C,9361.17,104.01,0.1235,26.4,0.132,23.0,108.83,16.52985,-12.25058,6.14055,9e-05,0.46027
9442.65,BTC-27DEC19,1563361151638,open,0.19,196.8,0.14,0.2195,0.17997434,100.08,0.1905,0.0,BTC-27DEC19-12000-C,9361.17,98.22,0.175,14.6,0.1845,21.0,101.78,25.15698,-7.72921,13.07796,6e-05,0.49035
9362.55,SYN.BTC-19JUL19,1563361151664,open,0.0,146.9,0.0005,0.04,2.65e-05,145.01,0.0005,0.0,BTC-19JUL19-13000-C,9361.17,0.0,0.0,0.0,0.001,2.0,212.66,0.02154,-0.2481,0.00044,0.0,0.00095
9442.65,BTC-27DEC19,1563361151658,open,0.01,463.2,0.0005,0.0495,0.00959694,118.36,0.008,0.0,BTC-27DEC19-52000-C,9361.17,115.36,0.008,46.1,0.011,11.0,120.74,5.32445,-1.93456,1.23879,1e-05,0.039
9384.52,BTC-27SEP19,1563361151673,open,0.33,748.2,0.278,0.3575,0.31782558,104.98,0.3315,0.0,BTC-27SEP19-7000-C,9361.17,98.49,0.31,11.0,0.3535,11.0,133.22,11.45604,-8.36586,9.01621,6e-05,0.80572
199.19,ETH-27SEP19,1563361151729,open,0.0,389.0,0.001,0.042,0.00251,133.66,0.002,0.0,ETH-27SEP19-60-P,199.63,129.11,0.002,246.0,0.004,500.0,144.33,0.02393,-0.02225,-0.00498,0.00023,-0.01018
199.19,ETH-27SEP19,1563361151738,open,0.09,5948.0,0.052,0.139,0.09569,112.45,0.084,0.0,ETH-27SEP19-160-P,199.63,108.36,0.09,215.0,0.101,456.0,116.24,0.27821,-0.21762,-0.13385,0.00317,-0.24555
199.59,SYN.ETH-26JUL19,1563361151761,open,0.0,1038.0,0.001,0.042,0.002587,135.07,0.005,0.0,ETH-26JUL19-300-C,199.63,117.17,0.001,443.0,0.006,675.0,157.28,0.02328,-0.17717,0.00151,0.00178,0.03365
199.37,SYN.ETH-30AUG19,1563361151767,open,0.05,189.0,0.009,0.088,0.048597,124.98,0.046,0.0,ETH-30AUG19-300-C,199.63,120.59,0.044,251.0,0.053,276.0,129.07,0.21183,-0.30169,0.04439,0.00355,0.23382
199.59,SYN.ETH-26JUL19,1563361151777,open,0.0,3965.0,0.001,0.04,0.000213,135.05,0.003,0.0,ETH-26JUL19-360-C,199.63,0.0,0.0,0.0,0.002,241.0,175.22,0.00328,-0.02497,0.00016,0.00025,0.00351
199.63,SYN.ETH-19JUL19,1563361151778,open,0.03,891.0,0.001,0.081,0.039567,135.0,0.047,0.0,ETH-19JUL19-200-P,199.63,157.51,0.046,76.0,0.051,154.0,175.01,0.05707,-2.05368,-0.00542,0.02064,-0.48836
199.36,SYN.ETH-30AUG19,1563361151785,open,0.22,220.0,0.182,0.279,0.230718,120.63,0.242,0.0,ETH-30AUG19-220-P,199.63,115.05,0.223,264.0,0.245,120.0,130.96,0.27565,-0.37894,-0.17764,0.00478,-0.51053
199.59,SYN.ETH-26JUL19,1563361151791,open,0.02,100.0,0.001,0.057,0.017094,135.0,0.017,0.0,ETH-26JUL19-250-C,199.63,137.3,0.018,134.0,0.023,283.0,149.31,0.07797,-0.59299,0.00729,0.00596,0.16738
199.59,SYN.ETH-26JUL19,1563361151805,open,0.0,1920.0,0.001,0.04,9e-05,135.05,0.001,0.0,ETH-26JUL19-380-C,199.63,0.0,0.0,0.0,0.001,151.0,172.06,0.00159,-0.01209,7e-05,0.00012,0.00158
199.59,SYN.ETH-26JUL19,1563361151820,open,0.0,1872.0,0.001,0.04,0.000499,135.05,0.001,0.0,ETH-26JUL19-340-C,199.63,0.0,0.0,0.0,0.002,120.0,161.2,0.00658,-0.05003,0.00035,0.0005,0.00767
199.19,ETH-27SEP19,1563361151822,open,0.01,4110.0,0.001,0.055,0.014985,116.1,0.012,0.0,ETH-27SEP19-100-P,199.63,109.77,0.012,553.0,0.018,500.0,121.93,0.09881,-0.0798,-0.02758,0.00109,-0.05534
199.59,SYN.ETH-26JUL19,1563361151829,open,0.0,2011.0,0.001,0.041,0.001148,135.06,0.002,0.0,ETH-26JUL19-320-C,199.63,0.0,0.0,0.0,0.003,109.0,155.62,0.01268,-0.09647,0.00074,0.00097,0.01633
199.59,SYN.ETH-26JUL19,1563361151835,open,0.1,150.0,0.071,0.159,0.114595,135.01,0.121,0.0,ETH-26JUL19-210-P,199.63,137.28,0.116,140.0,0.126,272.0,153.45,0.12301,-0.93558,-0.03246,0.00941,-0.55422
199.59,SYN.ETH-26JUL19,1563361151837,open,0.03,979.0,0.001,0.064,0.024144,135.1,0.031,0.0,ETH-26JUL19-240-C,199.63,138.97,0.026,118.0,0.03,265.0,147.27,0.09232,-0.70261,0.00954,0.00705,0.22068
199.59,SYN.ETH-26JUL19,1563361151845,open,0.07,3238.0,0.042,0.128,0.084959,134.78,0.092,0.0,ETH-26JUL19-200-P,199.63,136.68,0.086,144.0,0.096,294.0,152.84,0.1236,-0.9385,-0.02654,0.00947,-0.46207
199.59,SYN.ETH-26JUL19,1563361151852,open,0.0,1117.0,0.001,0.04,6e-06,135.04,0.001,0.0,ETH-26JUL19-440-C,199.63,0.0,0.0,0.0,0.001,282.0,204.45,0.00016,-0.00121,1e-05,1e-05,0.00013
199.63,SYN.ETH-19JUL19,1563361151853,open,0.0,262.0,0.001,0.041,0.001162,135.0,0.003,0.0,ETH-19JUL19-240-C,199.63,131.68,0.001,461.0,0.003,104.0,161.38,0.01022,-0.23203,0.00031,0.0037,0.03181
199.63,SYN.ETH-19JUL19,1563361151871,open,0.03,502.0,0.001,0.058,0.018915,135.29,0.033,0.0,ETH-19JUL19-210-C,199.63,150.76,0.023,91.0,0.027,214.0,165.85,0.05103,-1.84039,0.00307,0.01842,0.31784
199.63,SYN.ETH-19JUL19,1563361151873,open,0.05,154.0,0.001,0.077,0.037706,135.0,0.046,0.0,ETH-19JUL19-200-C,199.63,150.02,0.042,72.0,0.049,149.0,174.52,0.05707,-2.05361,0.00486,0.02064,0.51164
199.63,SYN.ETH-19JUL19,1563361151881,open,0.06,166.0,0.029,0.113,0.070869,134.27,0.076,0.0,ETH-19JUL19-210-P,199.63,158.52,0.077,100.0,0.083,262.0,180.87,0.05092,-1.82265,-0.00774,0.01852,-0.68371
9442.65,BTC-27DEC19,1563361151888,open,0.51,58.3,0.473,0.5955,0.53424462,100.63,0.537,0.0,BTC-27DEC19-13000-P,9361.17,98.07,0.5275,6.0,0.542,3.6,103.56,24.9207,-7.69848,-45.91666,6e-05,-0.55547
199.59,SYN.ETH-26JUL19,1563361151887,open,0.05,711.0,0.007,0.086,0.046195,135.13,0.054,0.0,ETH-26JUL19-220-C,199.63,132.95,0.045,349.0,0.054,218.0,148.25,0.11651,-0.88691,0.01526,0.0089,0.36063
9442.65,BTC-27DEC19,1563361151894,open,0.52,68.4,0.4715,0.551,0.51111901,98.09,0.511,0.0,BTC-27DEC19-5000-C,9361.17,93.54,0.506,11.0,0.514,11.0,100.57,10.83846,-3.26366,16.50598,3e-05,0.90285
9375.71,SYN.BTC-30AUG19,1563361151889,open,0.18,0.4,0.132,0.2115,0.17190624,112.14,0.1895,0.0,BTC-30AUG19-9000-C,9361.17,107.3,0.1655,14.4,0.1745,4.0,114.1,12.3991,-15.8448,5.02484,0.0001,0.61775
9383.73,BTC-27SEP19,1563361151897,open,0.33,748.2,0.278,0.3575,0.31782558,105.01,0.3315,0.0,BTC-27SEP19-7000-C,9361.17,99.78,0.3115,11.0,0.3535,11.0,133.25,11.45811,-8.37005,9.01389,6e-05,0.80563
199.63,SYN.ETH-19JUL19,1563361151922,open,0.27,789.0,0.251,0.354,0.302525,135.22,0.297,0.0,ETH-19JUL19-260-P,199.63,0.0,0.283,10.0,0.33,10.0,381.6,0.00158,-0.05711,-0.01332,0.00057,-0.99629
9442.65,BTC-27DEC19,1563361151929,open,0.04,90.6,0.0005,0.075,0.03533392,108.8,0.0355,0.0,BTC-27DEC19-28000-C,9361.17,107.48,0.0335,6.0,0.038,11.0,110.67,13.25814,-4.42837,3.93823,3e-05,0.1288
9364.74,SYN.BTC-26JUL19,1563361151955,open,0.14,265.8,0.113,0.205,0.1590438,129.24,0.141,0.0,BTC-26JUL19-10500-P,9361.17,130.95,0.16,18.0,0.168,18.0,145.02,5.22401,-38.03344,-1.91012,0.00019,-0.67975
9384.52,BTC-27SEP19,1563361151969,open,0.28,127.7,0.2485,0.352,0.30010303,106.52,0.2865,0.0,BTC-27SEP19-11000-P,9361.17,104.76,0.297,20.4,0.3085,14.4,111.28,16.53141,-12.25016,-15.5194,9e-05,-0.53969
9362.55,SYN.BTC-19JUL19,1563361151983,open,0.07,372.8,0.0405,0.127,0.08385265,139.29,0.093,0.0,BTC-19JUL19-10000-P,9361.17,139.91,0.084,6.0,0.091,6.0,168.28,2.22336,-82.55391,-0.39108,0.00035,-0.72898
9442.65,BTC-27DEC19,1563361151985,open,0.28,189.9,0.245,0.348,0.29649151,98.72,0.279,0.0,BTC-27DEC19-10000-P,9361.17,96.4,0.2905,10.9,0.303,4.9,101.23,24.43374,-7.40441,-29.52041,6e-05,-0.4041
9364.74,SYN.BTC-26JUL19,1563361151987,open,0.11,516.2,0.0765,0.166,0.12125278,129.24,0.131,0.0,BTC-26JUL19-10000-P,9361.17,129.65,0.1215,18.0,0.13,25.5,143.6,5.6804,-41.35754,-1.61733,0.00021,-0.58897
201.11,ETH-27DEC19,1563361152076,open,1.23,0.0,1.175,1.356,1.26555,110.61,None,0.0,ETH-27DEC19-440-P,199.59,0.0,1.172,110.0,0.0,0.0,0.0,0.42238,-0.14343,-1.81323,0.00212,-0.75494
201.11,ETH-27DEC19,1563361152076,open,0.87,241.0,0.827,0.979,0.903024,109.11,0.986,0.0,ETH-27DEC19-360-P,199.59,76.77,0.833,110.0,1.59,1.0,429.38,0.48769,-0.16335,-1.40989,0.00248,-0.66802
201.11,ETH-27DEC19,1563361152076,open,1.05,16.0,0.999,1.164,1.081581,109.64,1.195,0.0,ETH-27DEC19-400-P,199.59,62.49,1.001,110.0,1.49,1.0,270.32,0.45489,-0.1531,-1.6137,0.0023,-0.71657
199.19,ETH-27SEP19,1563361152076,open,2.35,0.0,2.284,2.556,2.419878,129.65,None,0.0,ETH-27SEP19-680-P,199.59,0.0,0.0,0.0,0.0,0.0,0.0,0.06413,-0.05784,-1.32871,0.00063,-0.96758
201.11,ETH-27DEC19,1563361152077,open,0.37,0.0,0.324,0.403,0.363545,106.32,None,0.0,ETH-27DEC19-160-C,199.59,0.0,0.001,1000.0,1.6,1.0,500.0,0.42616,-0.13909,0.34755,0.00222,0.75083
201.11,ETH-27DEC19,1563361152077,open,0.7,82.0,0.66,0.797,0.728833,107.93,0.64,0.0,ETH-27DEC19-320-P,199.59,84.31,0.671,110.0,1.58,1.0,500.0,0.5148,-0.17056,-1.20302,0.00264,-0.6117
199.19,ETH-27SEP19,1563361152077,open,2.74,0.0,2.667,2.972,2.819573,131.61,None,0.0,ETH-27SEP19-760-P,199.59,0.0,0.0,0.0,0.0,0.0,0.0,0.04765,-0.04362,-1.4893,0.00046,-0.97729
199.19,ETH-27SEP19,1563361152077,open,0.05,7577.0,0.017,0.101,0.058811,113.11,0.057,0.0,ETH-27SEP19-140-P,199.59,109.69,0.055,257.0,0.063,160.0,116.81,0.22382,-0.17611,-0.08982,0.00253,-0.17017
201.11,ETH-27DEC19,1563361152077,open,1.97,0.0,1.906,2.147,2.026107,114.2,0.953,0.0,ETH-27DEC19-600-P,199.59,0.0,0.0,0.0,0.0,0.0,0.0,0.30839,-0.10812,-2.58418,0.0015,-0.85345
201.11,ETH-27DEC19,1563361152077,open,2.35,0.0,2.28,2.553,2.416631,117.44,None,0.0,ETH-27DEC19-680-P,199.59,0.0,0.0,0.0,0.0,0.0,0.0,0.27331,-0.09854,-2.95586,0.00129,-0.87709
201.11,ETH-27DEC19,1563361152077,open,2.54,0.0,2.468,2.756,2.611946,118.36,None,0.0,ETH-27DEC19-720-P,199.59,0.0,0.003,5.0,0.0,0.0,0.0,0.25531,-0.09276,-3.14125,0.0012,-0.88836
199.19,ETH-27SEP19,1563361152077,open,1.57,12.0,1.52,1.729,1.624771,124.02,1.193,0.0,ETH-27SEP19-520-P,199.59,0.0,0.0,0.0,0.0,0.0,0.0,0.11997,-0.1035,-1.00171,0.00124,-0.92901
201.11,ETH-27DEC19,1563361152077,open,0.14,129.0,0.098,0.177,0.137664,107.93,0.144,0.0,ETH-27DEC19-320-C,199.59,104.13,0.128,356.0,0.146,246.0,111.17,0.5148,-0.17056,0.22493,0.00264,0.3883
201.07,ETH-27DEC19,1563361152078,open,0.1,488.0,0.053,0.132,0.092619,109.65,0.091,0.0,ETH-27DEC19-400-C,199.59,105.79,0.084,381.0,0.099,271.0,112.45,0.45479,-0.15309,0.17118,0.0023,0.28341
199.19,ETH-27SEP19,1563361152078,open,0.02,2417.0,0.001,0.062,0.022889,119.6,0.017,0.0,ETH-27SEP19-440-C,199.59,116.02,0.02,601.0,0.026,200.0,123.22,0.16594,-0.13806,0.03407,0.00178,0.10975
199.19,ETH-27SEP19,1563361152078,open,0.52,0.0,0.473,0.552,0.512974,116.14,None,0.0,ETH-27SEP19-100-C,199.59,0.0,0.003,10.0,0.0,0.0,0.0,0.09887,-0.07988,0.16931,0.00109,0.94461
201.07,ETH-27DEC19,1563361152079,open,2.16,0.0,2.094,2.35,2.221981,116.08,None,0.0,ETH-27DEC19-640-P,199.59,0.0,0.0,0.0,0.0,0.0,0.0,0.29086,-0.10365,-2.77024,0.00139,-0.86552
201.07,ETH-27DEC19,1563361152079,open,0.54,441.0,0.502,0.626,0.56361,106.99,0.561,0.0,ETH-27DEC19-280-P,199.59,101.84,0.55,30.0,0.577,30.0,112.04,0.53285,-0.17501,-0.99217,0.00276,-0.54219
199.19,ETH-27SEP19,1563361152079,open,0.44,47.0,0.389,0.468,0.428819,113.14,0.689,0.0,ETH-27SEP19-120-C,199.59,0.0,0.0,0.0,0.0,0.0,0.0,0.15935,-0.12542,0.18334,0.0018,0.89624
199.19,ETH-27SEP19,1563361152079,open,0.02,2676.0,0.001,0.057,0.017485,121.36,0.023,0.0,ETH-27SEP19-480-C,199.59,117.65,0.015,600.0,0.02,200.0,124.83,0.13912,-0.11745,0.02699,0.00147,0.0863
199.19,ETH-27SEP19,1563361152079,open,0.64,496.0,0.601,0.733,0.667016,115.11,0.67,0.0,ETH-27SEP19-320-P,199.59,0.0,0.041,30.0,1.39,1.0,500.0,0.28123,-0.22519,-0.55559,0.00313,-0.74942
201.07,ETH-27DEC19,1563361152079,open,0.22,381.0,0.177,0.256,0.216842,106.44,0.231,0.0,ETH-27DEC19-240-C,199.59,102.35,0.206,364.0,0.227,214.0,110.27,0.53281,-0.17409,0.29214,0.00277,0.54244
199.36,SYN.ETH-30AUG19,1563361152077,open,0.8,0.0,0.759,0.904,0.831718,129.34,None,0.0,ETH-30AUG19-360-P,199.59,0.0,0.0,0.0,0.0,0.0,0.0,0.15163,-0.2235,-0.40612,0.00245,-0.86295
199.62,SYN.ETH-19JUL19,1563361152077,open,0.17,0.0,0.111,0.19,0.150215,135.6,None,0.0,ETH-19JUL19-170-C,199.59,0.0,0.0,0.0,0.0,0.0,0.0,0.01344,-0.48581,0.00826,0.00484,0.95551
199.19,ETH-27SEP19,1563361152079,open,0.0,1735.0,0.001,0.046,0.006568,122.9,0.006,0.0,ETH-27SEP19-80-P,199.59,116.57,0.005,300.0,0.008,500.0,127.98,0.05315,-0.04544,-0.01272,0.00055,-0.02586
199.36,SYN.ETH-30AUG19,1563361152077,open,0.52,0.0,0.492,0.615,0.553327,124.92,None,0.0,ETH-30AUG19-300-P,199.59,0.0,0.0,0.0,0.0,0.0,0.0,0.21172,-0.3014,-0.31626,0.00355,-0.76638
199.15,ETH-27SEP19,1563361152080,open,0.61,0.0,0.565,0.644,0.604943,123.18,None,0.0,ETH-27SEP19-80-C,199.59,0.0,0.003,10.0,0.0,0.0,0.0,0.05351,-0.04585,0.1447,0.00056,0.97392
199.15,ETH-27SEP19,1563361152081,open,0.91,259.0,0.868,1.022,0.944823,117.77,0.94,0.0,ETH-27SEP19-380-P,199.59,0.0,0.008,12.0,0.0,0.0,0.0,0.21918,-0.17957,-0.69807,0.00238,-0.83522
199.58,SYN.ETH-26JUL19,1563361152076,open,0.32,0.0,0.262,0.341,0.301882,135.26,None,0.0,ETH-26JUL19-140-C,199.59,0.0,0.0,0.0,0.0,0.0,0.0,0.02518,-0.19186,0.03208,0.00192,0.96298
199.62,SYN.ETH-19JUL19,1563361152077,open,0.57,282.0,0.539,0.667,0.602977,0.0,0.4,0.0,ETH-19JUL19-320-P,199.59,0.0,0.003,25.0,0.0,0.0,0.0,0.0,0.0,-0.01644,0.0,-1.0
199.62,SYN.ETH-19JUL19,1563361152079,open,0.08,0.0,0.027,0.106,0.066583,135.13,None,0.0,ETH-19JUL19-190-C,199.59,140.89,0.068,150.0,0.079,150.0,184.16,0.04885,-1.75973,0.00662,0.01765,0.71166
199.62,SYN.ETH-19JUL19,1563361152077,open,0.0,573.0,0.001,0.04,0.0,135.01,0.001,0.0,ETH-19JUL19-320-C,199.59,0.0,0.0,0.0,0.001,300.0,288.25,0.0,0.0,0.0,0.0,0.0
9361.76,SYN.BTC-19JUL19,1563361152123,open,0.17,0.0,0.1085,0.188,0.14826212,145.79,None,0.0,BTC-19JUL19-8000-C,9361.17,0.0,0.0,0.0,0.0,0.0,0.0,0.79751,-30.9936,0.38099,0.00012,0.94018
199.62,SYN.ETH-19JUL19,1563361152150,open,0.0,1033.0,0.001,0.04,7e-06,135.02,0.001,0.0,ETH-19JUL19-280-C,199.59,0.0,0.0,0.0,0.001,183.0,218.14,0.00015,-0.00136,0.0,5e-05,0.00028
9383.73,BTC-27SEP19,1563361152167,open,0.49,793.2,0.4415,0.521,0.4812895,106.08,0.5945,0.0,BTC-27SEP19-5000-C,9361.17,95.78,0.4765,11.0,0.4835,11.0,110.17,4.82279,-3.55879,8.5146,3e-05,0.94211
9384.52,BTC-27SEP19,1563361152177,open,0.45,35.9,0.4085,0.525,0.46673745,107.66,0.391,0.0,BTC-27SEP19-13000-P,9361.17,105.31,0.463,6.0,0.48,6.0,115.8,15.05895,-11.27768,-21.02956,8e-05,-0.67122
199.58,SYN.ETH-26JUL19,1563361152172,open,0.13,2700.0,0.103,0.194,0.148479,134.93,0.155,0.0,ETH-26JUL19-220-P,199.59,128.94,0.145,272.0,0.163,100.0,159.44,0.11646,-0.88521,-0.03825,0.00891,-0.63977
9383.73,BTC-27SEP19,1563361152179,open,0.21,379.0,0.1615,0.241,0.20135775,104.88,0.2015,0.0,BTC-27SEP19-9000-C,9361.17,102.26,0.197,14.4,0.2045,11.0,106.72,15.77096,-11.50584,7.85391,9e-05,0.62643
199.58,SYN.ETH-26JUL19,1563361152185,open,0.02,545.0,0.001,0.051,0.011955,135.02,0.012,0.0,ETH-26JUL19-260-C,199.59,135.16,0.012,385.0,0.017,297.0,149.58,0.06402,-0.48695,0.00548,0.0049,0.12488
199.19,ETH-27SEP19,1563361152180,open,0.25,779.0,0.199,0.278,0.238751,112.0,0.227,0.0,ETH-27SEP19-180-C,199.59,107.77,0.232,120.0,0.246,120.0,116.53,0.31834,-0.24802,0.17091,0.00364,0.67448
9362.55,SYN.BTC-19JUL19,1563361152205,open,0.0,0.6,0.0005,0.0405,0.00054703,144.99,0.0025,0.0,BTC-19JUL19-7500-P,9361.17,159.04,0.001,23.6,0.0025,0.5,187.85,0.24549,-5.11968,-0.00719,4e-05,-0.01441
9443.44,BTC-27DEC19,1563361152208,open,0.29,181.6,0.235,0.3145,0.27483189,98.06,0.287,0.0,BTC-27DEC19-9000-C,9361.17,96.1,0.27,3.6,0.279,11.0,99.76,23.2227,-6.99082,16.05261,6e-05,0.65577
9383.73,BTC-27SEP19,1563361152217,open,0.21,379.0,0.1615,0.241,0.20135775,104.88,0.2015,0.0,BTC-27SEP19-9000-C,9361.17,102.26,0.197,14.4,0.2035,11.0,106.13,15.77096,-11.50584,7.85391,9e-05,0.62643
201.07,ETH-27DEC19,1563361152231,open,1.78,0.0,1.72,1.946,1.833206,112.89,0.845,0.0,ETH-27DEC19-560-P,199.59,0.0,0.0,0.0,0.0,0.0,0.0,0.33112,-0.11475,-2.3956,0.00163,-0.83675
9384.52,BTC-27SEP19,1563361152238,open,0.1,463.4,0.0625,0.1505,0.10652951,104.97,0.103,0.0,BTC-27SEP19-8000-P,9361.17,103.28,0.104,19.3,0.1105,10.6,107.62,14.07757,-10.2795,-7.18825,8e-05,-0.28245
9442.65,BTC-27DEC19,1563361152250,open,0.12,151.0,0.069,0.1485,0.10877516,102.37,0.1085,0.0,BTC-27DEC19-16000-C,9361.17,100.8,0.105,15.9,0.113,10.0,104.1,22.94985,-7.21229,9.4843,6e-05,0.33388
9364.74,SYN.BTC-26JUL19,1563361152259,open,0.0,595.5,0.0005,0.0415,0.00158944,140.98,0.0015,0.0,BTC-26JUL19-15000-C,9361.17,132.32,0.001,0.5,0.002,2.8,145.8,0.73773,-5.85896,0.04426,2e-05,0.02103
9442.86,BTC-27DEC19,1563361152272,open,0.04,234.7,0.0005,0.082,0.04059594,98.05,0.041,0.0,BTC-27DEC19-5000-P,9361.17,96.22,0.0385,10.0,0.0425,6.0,99.71,10.83495,-3.26142,-5.80212,3e-05,-0.09711
199.54,SYN.ETH-26JUL19,1563361152295,open,1.35,0.0,1.309,1.501,1.405104,0.0,None,0.0,ETH-26JUL19-480-P,199.59,0.0,0.0,0.0,0.0,0.0,0.0,0.0,0.0,-0.11672,0.0,-1.0
9442.86,BTC-27DEC19,1563361152327,open,0.06,105.1,0.0185,0.098,0.05849834,105.84,0.059,0.0,BTC-27DEC19-22000-C,9361.17,104.49,0.056,4.9,0.0615,21.0,107.43,17.64246,-5.73211,5.9488,4e-05,0.19967
199.54,SYN.ETH-26JUL19,1563361152348,open,1.45,0.0,1.406,1.605,1.505316,0.0,None,0.0,ETH-26JUL19-500-P,199.59,0.0,0.0,0.0,0.0,0.0,0.0,0.0,0.0,-0.12158,0.0,-1.0
199.58,SYN.ETH-19JUL19,1563361152362,open,0.96,0.0,0.924,1.083,1.003822,0.0,None,0.0,ETH-19JUL19-400-P,199.59,0.0,0.0,0.0,0.0,0.0,0.0,0.0,0.0,-0.02056,0.0,-1.0
199.15,ETH-27SEP19,1563361152398,open,2.15,0.0,2.092,2.349,2.220243,126.25,None,0.0,ETH-27SEP19-640-P,199.59,0.0,0.0,0.0,0.0,0.0,0.0,0.06932,-0.06088,-1.24889,0.0007,-0.96436
9374.94,SYN.BTC-30AUG19,1563361152410,open,0.02,0.5,0.0005,0.0545,0.01467718,120.83,0.02,0.0,BTC-30AUG19-18000-C,9361.17,114.77,0.0115,34.0,0.0165,15.0,124.0,5.22924,-7.20034,0.83618,4e-05,0.08888
199.58,SYN.ETH-19JUL19,1563361152428,open,1.06,0.0,1.02,1.188,1.104013,0.0,None,0.0,ETH-19JUL19-420-P,199.59,0.0,0.0,0.0,0.0,0.0,0.0,0.0,0.0,-0.02158,0.0,-1.0
9442.86,BTC-27DEC19,1563361152445,open,0.33,205.5,0.281,0.3605,0.32077549,98.06,0.32,0.0,BTC-27DEC19-8000-C,9361.17,94.83,0.3135,11.0,0.323,11.0,99.04,21.26086,-6.39986,16.79128,5e-05,0.71926
9442.86,BTC-27DEC19,1563361152447,open,0.45,122.9,0.398,0.4775,0.43793818,98.08,0.439,0.0,BTC-27DEC19-6000-C,9361.17,94.28,0.432,11.0,0.4405,11.0,99.67,14.96163,-4.50475,17.19674,4e-05,0.84608
9442.86,BTC-27DEC19,1563361152468,open,0.7,0.0,0.6495,0.729,0.68934188,102.09,None,0.0,BTC-27DEC19-3000-C,9360.77,0.0,0.0055,0.1,0.976,0.5,500.0,3.25593,-1.0204,12.18142,1e-05,0.97843
9383.82,BTC-27SEP19,1563361152468,open,0.0,437.8,0.0005,0.044,0.00407275,117.47,0.004,0.0,BTC-27SEP19-30000-C,9360.77,112.82,0.003,69.0,0.005,1.0,120.86,2.39134,-1.95413,0.37713,1e-05,0.02448
9442.86,BTC-27DEC19,1563361152468,open,0.48,60.5,0.4335,0.513,0.47324744,98.08,0.567,0.0,BTC-27DEC19-5500-C,9360.77,95.69,0.47,1.0,0.966,5.0,500.0,12.95178,-3.89956,16.94808,3e-05,0.87546
9442.86,BTC-27DEC19,1563361152468,open,0.02,246.9,0.0005,0.0565,0.01699061,114.5,0.0165,0.0,BTC-27DEC19-40000-C,9360.77,112.09,0.015,6.0,0.0195,21.0,117.3,8.10877,-2.85017,2.07198,2e-05,0.06616
9442.86,BTC-27DEC19,1563361152469,open,0.0,184.7,0.0005,0.044,0.00400013,105.66,0.003,0.0,BTC-27DEC19-2500-P,9360.77,103.29,0.0035,10.0,0.005,12.0,109.93,2.06712,-0.6705,-0.70302,0.0,-0.01268
9361.76,SYN.BTC-19JUL19,1563361152468,open,0.0,198.9,0.0005,0.04,6.71e-06,145.03,0.001,0.0,BTC-19JUL19-13500-C,9360.77,0.0,0.0,0.0,0.0035,10.0,284.09,0.00653,-0.06281,0.00012,0.0,0.00026
9363.96,SYN.BTC-26JUL19,1563361152469,open,0.0,477.9,0.0005,0.043,0.00302586,137.14,0.0025,0.0,BTC-26JUL19-14000-C,9360.77,132.83,0.0025,10.0,0.0035,2.2,140.66,1.20828,-9.33479,0.07976,4e-05,0.03806
9442.46,BTC-27DEC19,1563361152470,open,0.02,181.3,0.0005,0.0535,0.01371591,115.75,0.0125,0.0,BTC-27DEC19-44000-C,9360.77,113.33,0.012,6.0,0.016,21.0,118.71,6.95506,-2.47139,1.7138,2e-05,0.05439
9442.46,BTC-27DEC19,1563361152470,open,0.74,0.0,0.6995,0.779,0.73924394,105.68,None,0.0,BTC-27DEC19-2500-C,9360.77,0.0,0.0155,3.0,0.978,0.5,500.0,2.06872,-0.67115,10.45215,0.0,0.9873
9374.94,SYN.BTC-30AUG19,1563361152468,open,0.31,0.0,0.259,0.3385,0.29896938,114.56,None,0.0,BTC-30AUG19-7000-C,9360.77,0.0,0.0,0.0,0.0,0.0,0.0,8.3827,-10.94392,5.92654,7e-05,0.82487
9383.82,BTC-27SEP19,1563361152470,open,0.01,92.2,0.0005,0.048,0.00803173,117.34,0.007,0.0,BTC-27SEP19-26000-C,9360.77,114.78,0.007,1.7,0.009,11.0,119.57,3.93734,-3.2139,0.68058,2e-05,0.04486
9383.82,BTC-27SEP19,1563361152470,open,0.01,190.2,0.0005,0.0455,0.0057132,117.47,0.006,0.0,BTC-27SEP19-28000-C,9360.77,113.48,0.0045,39.0,0.007,3.0,121.14,3.07621,-2.51378,0.50678,2e-05,0.03314
9442.46,BTC-27DEC19,1563361152471,open,0.03,58.2,0.0005,0.0665,0.02670665,110.73,0.03,0.0,BTC-27DEC19-32000-C,9360.77,109.25,0.025,6.0,0.0295,21.0,113.05,11.08915,-3.76948,3.09835,3e-05,0.10024
9442.46,BTC-27DEC19,1563361152471,open,4.41,1.0,4.296,4.737,4.51640134,117.94,4.454,0.0,BTC-27DEC19-52000-P,9360.77,0.0,0.001,1.0,0.0,0.0,0.0,5.23946,-1.89694,-230.8255,1e-05,-0.96177
9442.46,BTC-27DEC19,1563361152471,open,3.99,0.0,3.891,4.298,4.09461752,116.8,None,0.0,BTC-27DEC19-48000-P,9360.77,0.0,0.0,0.0,0.0,0.0,0.0,5.99492,-2.14955,-212.76201,1e-05,-0.95485
9442.46,BTC-27DEC19,1563361152471,open,0.42,63.0,0.3655,0.445,0.40515637,98.06,0.4965,0.0,BTC-27DEC19-6500-C,9360.77,61.6,0.345,1.0,0.963,2.0,500.0,16.82042,-5.06366,17.28129,4e-05,0.81529
9361.76,SYN.BTC-19JUL19,1563361152468,open,0.0,127.8,0.0005,0.04,2e-08,145.02,0.0005,0.0,BTC-19JUL19-15500-C,9360.77,0.0,0.0,0.0,0.0025,10.0,346.74,3e-05,-0.00015,0.0,0.0,0.0
9363.96,SYN.BTC-26JUL19,1563361152468,open,0.27,4.8,0.22,0.2995,0.25957074,135.98,0.455,0.0,BTC-26JUL19-7000-C,9360.77,0.0,0.006,3.0,0.0,0.0,0.0,1.95377,-14.96661,1.52731,7e-05,0.93032
9383.42,BTC-27SEP19,1563361152473,open,0.05,184.1,0.0035,0.083,0.04339332,109.94,0.045,0.0,BTC-27SEP19-16000-C,9360.77,107.98,0.041,33.7,0.046,11.0,112.03,11.5756,-8.85257,2.85078,6e-05,0.19767
9363.96,SYN.BTC-26JUL19,1563361152471,open,0.0,162.8,0.0005,0.04,7.705e-05,145.02,0.001,0.0,BTC-26JUL19-19000-C,9360.77,0.0,0.0,0.0,0.0005,4.6,172.32,0.06169,-0.50397,0.00274,0.0,0.00128
9374.94,SYN.BTC-30AUG19,1563361152471,open,0.51,0.0,0.473,0.5955,0.53425957,116.26,None,0.0,BTC-30AUG19-14000-P,9360.77,0.0,0.0,0.0,0.0,0.0,0.0,9.4666,-12.5426,-14.88067,8e-05,-0.78619
9363.96,SYN.BTC-26JUL19,1563361152470,open,0.32,56.6,0.2905,0.3975,0.34393369,133.49,0.3555,0.0,BTC-26JUL19-12500-P,9360.77,0.0,0.333,7.5,0.3715,7.5,205.07,2.55611,-19.22242,-2.83327,9e-05,-0.90035
9361.76,SYN.BTC-19JUL19,1563361152468,open,0.0,415.6,0.0005,0.04,3.6e-07,145.03,0.0005,0.0,BTC-19JUL19-14500-C,9360.77,0.0,0.0,0.0,0.0025,10.0,309.21,0.00047,-0.00336,1e-05,0.0,2e-05
9363.96,SYN.BTC-26JUL19,1563361152471,open,0.19,35.6,0.1305,0.21,0.17016852,132.61,0.1785,0.0,BTC-26JUL19-8000-C,9360.77,0.0,0.0005,5.0,0.0,0.0,0.0,4.00833,-29.94314,1.44871,0.00014,0.8064
9374.94,SYN.BTC-30AUG19,1563361152468,open,0.02,0.0,0.0005,0.0625,0.02186036,116.83,None,0.0,BTC-30AUG19-6000-P,9360.77,111.86,0.019,37.9,0.0255,13.9,122.81,5.53882,-7.37395,-1.3289,4e-05,-0.09606
9361.76,SYN.BTC-19JUL19,1563361152468,open,0.0,275.5,0.0005,0.04,8e-08,145.02,0.0005,0.0,BTC-19JUL19-15000-C,9360.77,0.0,0.0,0.0,0.0035,10.0,346.94,0.00012,-0.00072,0.0,0.0,0.0
9361.76,SYN.BTC-19JUL19,1563361152468,open,0.0,239.0,0.0005,0.04,9.749e-05,145.04,0.0005,0.0,BTC-19JUL19-12500-C,9360.77,0.0,0.0,0.0,0.001,1.0,191.29,0.06472,-0.91267,0.00148,1e-05,0.00318
9363.96,SYN.BTC-26JUL19,1563361152472,open,0.01,280.7,0.0005,0.0445,0.00455679,137.14,0.006,0.0,BTC-26JUL19-13500-C,9360.77,133.79,0.004,10.1,0.0055,3.2,142.34,1.61027,-12.44057,0.11349,6e-05,0.0544
9361.76,SYN.BTC-19JUL19,1563361152468,open,0.41,35.3,0.3845,0.4995,0.44192189,0.0,0.2545,0.0,BTC-19JUL19-13500-P,9360.77,0.0,0.05,0.1,0.0,0.0,0.0,0.0,0.0,-0.69375,0.0,-1.0
9374.94,SYN.BTC-30AUG19,1563361152468,open,0.39,0.0,0.342,0.4215,0.38190904,116.91,None,0.0,BTC-30AUG19-6000-C,9360.77,0.0,0.0,0.0,0.0,0.0,0.0,5.54377,-7.38617,5.88164,4e-05,0.90382
9363.96,SYN.BTC-26JUL19,1563361152471,open,0.02,443.2,0.0005,0.065,0.02443657,132.44,0.024,0.0,BTC-26JUL19-8000-P,9360.77,131.42,0.024,24.0,0.028,31.5,140.63,4.00545,-29.88373,-0.49596,0.00014,-0.19337
9442.86,BTC-27DEC19,1563361152463,open,0.29,181.6,0.235,0.3145,0.27483189,98.07,0.287,0.0,BTC-27DEC19-9000-C,9361.17,96.11,0.27,3.6,0.278,11.0,99.36,23.22196,-6.99114,16.05068,6e-05,0.65575
9383.82,BTC-27SEP19,1563361152484,open,0.26,901.1,0.2145,0.294,0.25402281,104.97,0.25,0.0,BTC-27SEP19-8000-C,9360.77,99.94,0.2465,11.0,0.2555,11.0,105.95,14.07782,-10.27968,8.56433,8e-05,0.7175
9383.82,BTC-27SEP19,1563361152500,open,0.61,0.0,0.5645,0.644,0.6042311,111.76,None,0.0,BTC-27SEP19-3750-C,9360.77,0.0,0.005,10.0,0.708,10.0,299.02,1.84129,-1.4315,6.98108,1e-05,0.98202
9383.82,BTC-27SEP19,1563361152495,open,0.4,714.8,0.354,0.4335,0.39369677,105.19,0.434,0.0,BTC-27SEP19-6000-C,9360.77,99.67,0.389,11.0,0.397,11.0,108.93,8.16915,-5.97802,9.0465,4e-05,0.88326
9442.46,BTC-27DEC19,1563361152711,open,0.02,186.2,0.0005,0.0605,0.02097406,112.64,0.031,0.0,BTC-27DEC19-36000-C,9360.77,110.61,0.019,6.0,0.0235,11.0,115.1,9.41343,-3.2551,2.50427,2e-05,0.08041
9383.82,BTC-27SEP19,1563361152720,open,0.45,224.0,0.3965,0.476,0.43606674,105.4,0.5225,0.0,BTC-27SEP19-5500-C,9360.77,98.45,0.4315,11.0,0.439,11.0,109.57,6.44521,-4.72563,8.86117,4e-05,0.9156
9383.82,BTC-27SEP19,1563361152737,open,0.26,901.1,0.2145,0.294,0.25402281,104.97,0.25,0.0,BTC-27SEP19-8000-C,9360.77,99.94,0.2465,11.0,0.256,11.0,106.29,14.07782,-10.27968,8.56433,8e-05,0.7175
9363.96,SYN.BTC-26JUL19,1563361152746,open,0.0,389.3,0.0005,0.042,0.00206595,137.89,0.002,0.0,BTC-26JUL19-14500-C,9360.77,131.47,0.0015,11.0,0.003,3.5,146.39,0.9115,-7.08052,0.05688,3e-05,0.02705
9383.82,BTC-27SEP19,1563361152744,open,0.4,714.8,0.354,0.4335,0.39369677,105.19,0.434,0.0,BTC-27SEP19-6000-C,9360.77,99.67,0.389,11.0,0.396,11.0,107.81,8.16915,-5.97802,9.0465,4e-05,0.88326
199.19,ETH-27SEP19,1563361152756,open,0.55,868.0,0.516,0.641,0.578277,114.11,0.566,0.0,ETH-27SEP19-300-P,199.59,100.9,0.559,110.0,0.601,30.0,128.61,0.30221,-0.23989,-0.50561,0.00339,-0.71074
9374.94,SYN.BTC-30AUG19,1563361152760,open,0.25,14.6,0.2185,0.3195,0.26915509,113.06,0.2625,0.0,BTC-30AUG19-11000-P,9360.77,111.83,0.2675,14.4,0.2795,3.0,120.68,12.67945,-16.33586,-9.61316,0.00011,-0.58388
9442.46,BTC-27DEC19,1563361152762,open,0.52,68.4,0.4715,0.551,0.51109534,98.08,0.511,0.0,BTC-27DEC19-5000-C,9360.77,93.55,0.506,11.0,0.5145,11.0,101.01,10.83741,-3.26288,16.50707,3e-05,0.90286
9442.46,BTC-27DEC19,1563361152770,open,0.02,186.2,0.0005,0.0605,0.02097406,112.64,0.031,0.0,BTC-27DEC19-36000-C,9360.77,110.61,0.019,6.0,0.022,11.0,113.66,9.41343,-3.2551,2.50427,2e-05,0.08041
9383.82,BTC-27SEP19,1563361152782,open,0.45,224.0,0.3965,0.476,0.43606674,105.4,0.5225,0.0,BTC-27SEP19-5500-C,9360.77,98.45,0.4315,11.0,0.438,11.0,108.17,6.44521,-4.72563,8.86117,4e-05,0.9156
9361.76,SYN.BTC-19JUL19,1563361152814,open,0.08,24.0,0.023,0.1025,0.06262407,144.12,0.056,0.0,BTC-19JUL19-9000-C,9360.77,133.99,0.06,1.0,0.0655,29.0,155.11,2.43764,-93.64863,0.29101,0.00038,0.66753
9442.86,BTC-27DEC19,1563361152852,open,0.08,539.9,0.0315,0.111,0.07144891,105.02,0.071,0.0,BTC-27DEC19-20000-C,9360.77,103.33,0.068,4.9,0.0745,21.0,106.49,19.43327,-6.26516,6.93702,5e-05,0.23608
9442.46,BTC-27DEC19,1563361152979,open,0.52,68.4,0.4715,0.551,0.51109534,98.08,0.511,0.0,BTC-27DEC19-5000-C,9360.77,93.55,0.506,11.0,0.5135,11.0,100.15,10.83741,-3.26288,16.50707,3e-05,0.90286
9383.82,BTC-27SEP19,1563361153012,open,0.36,60.1,0.3265,0.4365,0.38135614,107.46,0.395,0.0,BTC-27SEP19-12000-P,9360.77,105.78,0.3785,2.7,0.392,6.0,113.67,15.9859,-11.94978,-18.30452,9e-05,-0.60922
201.07,ETH-27DEC19,1563361153077,open,1.41,21.0,1.355,1.55,1.452142,111.06,0.629,0.0,ETH-27DEC19-480-P,199.52,0.0,1.347,110.0,0.0,0.0,0.0,0.38849,-0.13244,-2.0106,0.00194,-0.78872
199.16,ETH-27SEP19,1563361153077,open,2.54,0.0,2.475,2.764,2.619479,128.11,None,0.0,ETH-27SEP19-720-P,199.52,0.0,0.0,0.0,0.0,0.0,0.0,0.05001,-0.04457,-1.41007,0.0005,-0.97595
201.07,ETH-27DEC19,1563361153077,open,0.04,150.0,0.001,0.075,0.035397,117.46,0.036,0.0,ETH-27DEC19-680-C,199.52,117.16,0.035,1.0,0.037,50.0,118.62,0.27324,-0.09852,0.07851,0.00129,0.1229
199.16,ETH-27SEP19,1563361153077,open,0.02,1792.0,0.001,0.054,0.014198,124.03,0.016,0.0,ETH-27SEP19-520-C,199.52,121.99,0.013,500.0,0.016,200.0,126.92,0.11994,-0.10349,0.02227,0.00124,0.07098
199.16,ETH-27SEP19,1563361153077,open,0.2,1291.0,0.155,0.234,0.194412,111.91,0.194,0.0,ETH-27SEP19-200-C,199.52,107.61,0.187,120.0,0.202,120.0,116.33,0.34258,-0.2667,0.15701,0.00392,0.59477
201.07,ETH-27DEC19,1563361153078,open,0.07,1057.0,0.03,0.115,0.072715,106.63,0.068,0.0,ETH-27DEC19-120-P,199.52,102.75,0.067,312.0,0.079,312.0,110.83,0.2988,-0.09781,-0.19076,0.00155,-0.13989
199.16,ETH-27SEP19,1563361153077,open,0.81,233.0,0.776,0.923,0.849294,115.71,0.763,0.0,ETH-27SEP19-360-P,199.52,0.0,0.0,0.0,0.99,1.0,206.78,0.23598,-0.18995,-0.65268,0.00261,-0.81491
199.54,SYN.ETH-26JUL19,1563361153077,open,1.74,0.0,1.694,1.918,1.805953,0.0,None,0.0,ETH-26JUL19-560-P,199.52,0.0,0.0,0.0,0.0,0.0,0.0,0.0,0.0,-0.13618,0.0,-1.0
199.58,SYN.ETH-19JUL19,1563361153077,open,0.76,0.0,0.732,0.875,0.80344,0.0,None,0.0,ETH-19JUL19-360-P,199.52,0.0,0.001,25.0,0.0,0.0,0.0,0.0,0.0,-0.0185,0.0,-1.0
199.54,SYN.ETH-26JUL19,1563361153077,open,1.55,0.0,1.502,1.709,1.605528,0.0,None,0.0,ETH-26JUL19-520-P,199.52,0.0,0.0,0.0,0.0,0.0,0.0,0.0,0.0,-0.12645,0.0,-1.0
201.0,ETH-27DEC19,1563361153079,open,1.59,37.0,1.537,1.747,1.642045,111.66,0.707,0.0,ETH-27DEC19-520-P,199.52,0.0,0.001,500.0,0.0,0.0,0.0,0.35681,-0.1223,-2.20499,0.00177,-0.81632
201.0,ETH-27DEC19,1563361153079,open,2.54,0.0,2.468,2.756,2.611947,116.82,None,0.0,ETH-27DEC19-720-P,199.52,0.0,0.003,5.0,0.0,0.0,0.0,0.24682,-0.08851,-3.14406,0.00117,-0.89341
199.16,ETH-27SEP19,1563361153079,open,0.08,3015.0,0.033,0.112,0.072177,114.13,0.063,0.0,ETH-27SEP19-300-C,199.52,112.69,0.07,1.0,0.076,160.0,116.64,0.30214,-0.23989,0.08512,0.00339,0.28923
201.0,ETH-27DEC19,1563361153079,open,0.26,1838.0,0.224,0.324,0.273974,106.18,0.273,0.0,ETH-27DEC19-200-P,199.52,101.79,0.263,40.0,0.285,40.0,110.61,0.50174,-0.16355,-0.56755,0.00262,-0.3588
199.58,SYN.ETH-19JUL19,1563361153077,open,0.0,315.0,0.001,0.04,0.0,135.04,0.001,0.0,ETH-19JUL19-380-C,199.52,0.0,0.0,0.0,0.001,300.0,374.31,0.0,0.0,0.0,0.0,0.0
199.16,ETH-27SEP19,1563361153080,open,0.09,1914.0,0.046,0.125,0.085867,112.66,0.087,0.0,ETH-27SEP19-280-C,199.52,108.99,0.08,247.0,0.092,160.0,116.43,0.32123,-0.25174,0.09694,0.00365,0.33304
199.16,ETH-27SEP19,1563361153079,open,0.47,981.0,0.432,0.551,0.49156,112.52,0.48,0.0,ETH-27SEP19-280-P,199.52,84.95,0.45,110.0,0.0,0.0,0.0,0.32108,-0.25133,-0.45451,0.00365,-0.66735
199.16,ETH-27SEP19,1563361153079,open,0.17,1106.0,0.119,0.198,0.158537,112.17,0.158,0.0,ETH-27SEP19-220-C,199.52,108.47,0.152,201.0,0.165,120.0,115.82,0.35216,-0.27478,0.14157,0.00402,0.51952
199.54,SYN.ETH-26JUL19,1563361153077,open,1.94,0.0,1.887,2.126,2.006379,0.0,None,0.0,ETH-26JUL19-600-P,199.52,0.0,0.0,0.0,0.0,0.0,0.0,0.0,0.0,-0.1459,0.0,-1.0
199.54,SYN.ETH-26JUL19,1563361153077,open,0.0,2384.0,0.001,0.04,0.0,135.03,0.001,0.0,ETH-26JUL19-500-C,199.52,0.0,0.0,0.0,0.001,571.0,231.94,1e-05,-9e-05,0.0,0.0,1e-05
199.32,SYN.ETH-30AUG19,1563361153077,open,0.22,107.0,0.171,0.25,0.210555,120.54,0.184,0.0,ETH-30AUG19-180-C,199.52,108.86,0.196,120.0,0.22,120.0,128.1,0.24882,-0.34178,0.11121,0.00432,0.6747
201.0,ETH-27DEC19,1563361153080,open,2.16,0.0,2.094,2.351,2.222595,115.76,None,0.0,ETH-27DEC19-640-P,199.52,0.0,0.0,0.0,0.0,0.0,0.0,0.28895,-0.10268,-2.77092,0.00138,-0.86673
199.16,ETH-27SEP19,1563361153080,open,1.76,24.0,1.71,1.934,1.822023,123.48,1.356,0.0,ETH-27SEP19-560-P,199.52,0.0,0.0,0.0,0.0,0.0,0.0,0.09605,-0.08251,-1.08581,0.001,-0.94659
199.16,ETH-27SEP19,1563361153080,open,0.13,4995.0,0.097,0.188,0.142411,111.95,0.139,0.0,ETH-27SEP19-180-P,199.52,107.94,0.136,167.0,0.148,160.0,115.45,0.31834,-0.24792,-0.18356,0.00364,-0.32563
199.32,SYN.ETH-30AUG19,1563361153077,open,0.7,0.0,0.668,0.806,0.73682,127.14,None,0.0,ETH-30AUG19-340-P,199.52,0.0,0.0,0.0,0.0,0.0,0.0,0.16871,-0.24444,-0.37761,0.00278,-0.83918
199.54,SYN.ETH-26JUL19,1563361153079,open,0.57,519.0,0.541,0.668,0.60455,129.4,0.183,0.0,ETH-26JUL19-320-P,199.52,0.0,0.051,5.0,0.0,0.0,0.0,0.0101,-0.07364,-0.07725,0.00081,-0.98745
199.54,SYN.ETH-26JUL19,1563361153077,open,0.96,985.0,0.925,1.084,1.00429,0.0,0.205,0.0,ETH-26JUL19-400-P,199.52,0.0,0.0,0.0,0.0,0.0,0.0,0.0,0.0,-0.09727,0.0,-1.0
199.09,ETH-27SEP19,1563361153082,open,1.19,0.0,1.143,1.321,1.231831,118.3,None,0.0,ETH-27SEP19-440-P,199.52,0.0,0.0,0.0,0.0,0.0,0.0,0.16175,-0.13311,-0.83343,0.00175,-0.89401
201.0,ETH-27DEC19,1563361153082,open,0.08,555.0,0.038,0.117,0.077692,110.66,0.081,0.0,ETH-27DEC19-440-C,199.52,106.93,0.07,390.0,0.084,320.0,113.62,0.4221,-0.14339,0.15007,0.00212,0.24501
199.54,SYN.ETH-26JUL19,1563361153079,open,0.21,1338.0,0.178,0.275,0.226686,134.56,0.189,0.0,ETH-26JUL19-240-P,199.52,121.72,0.221,120.0,0.0,0.0,0.0,0.09193,-0.69685,-0.04889,0.00706,-0.78084
199.58,SYN.ETH-19JUL19,1563361153077,open,0.86,0.0,0.828,0.979,0.903631,0.0,None,0.0,ETH-19JUL19-380-P,199.52,0.0,0.0,0.0,0.0,0.0,0.0,0.0,0.0,-0.01953,0.0,-1.0
199.58,SYN.ETH-19JUL19,1563361153077,open,0.47,211.0,0.443,0.562,0.502867,0.0,0.495,0.0,ETH-19JUL19-300-P,199.52,0.0,0.002,25.0,0.0,0.0,0.0,0.0,0.0,-0.01542,0.0,-1.0
199.58,SYN.ETH-19JUL19,1563361153077,open,0.67,742.0,0.636,0.771,0.703249,0.0,0.144,0.0,ETH-19JUL19-340-P,199.52,0.0,0.035,10.0,0.0,0.0,0.0,0.0,0.0,-0.01747,0.0,-1.0
199.54,SYN.ETH-26JUL19,1563361153077,open,0.29,867.0,0.263,0.367,0.314713,134.25,0.303,0.0,ETH-26JUL19-260-P,199.52,109.02,0.308,120.0,0.352,30.0,219.84,0.06337,-0.47924,-0.05782,0.00488,-0.8769
199.09,ETH-27SEP19,1563361153083,open,0.11,1655.0,0.066,0.145,0.105007,112.42,0.112,0.0,ETH-27SEP19-260-C,199.52,108.87,0.099,233.0,0.111,160.0,115.93,0.33837,-0.26461,0.11078,0.00386,0.38758
199.58,SYN.ETH-19JUL19,1563361153077,open,0.37,617.0,0.347,0.458,0.402682,0.0,0.407,0.0,ETH-19JUL19-280-P,199.52,0.0,0.383,10.0,0.438,10.0,481.77,0.0,0.0,-0.01439,0.0,-1.0
199.58,SYN.ETH-19JUL19,1563361153079,open,0.0,459.0,0.001,0.04,0.0,135.05,0.001,0.0,ETH-19JUL19-340-C,199.52,0.0,0.0,0.0,0.001,300.0,319.15,0.0,0.0,0.0,0.0,0.0
199.54,SYN.ETH-26JUL19,1563361153077,open,0.67,1130.0,0.636,0.772,0.704113,119.95,0.6,0.0,ETH-26JUL19-340-P,199.52,0.0,0.666,30.0,0.745,30.0,307.13,0.00278,-0.01882,-0.08254,0.00024,-0.99707
199.54,SYN.ETH-26JUL19,1563361153082,open,0.47,659.0,0.446,0.566,0.505774,132.36,0.34,0.0,ETH-26JUL19-300-P,199.52,0.0,0.03,1.0,3.4,5.0,500.0,0.02151,-0.16036,-0.07158,0.00168,-0.96943
199.54,SYN.ETH-26JUL19,1563361153080,open,0.86,504.0,0.828,0.98,0.904129,0.0,0.168,0.0,ETH-26JUL19-380-P,199.52,0.0,0.0,0.0,0.0,0.0,0.0,0.0,0.0,-0.0924,0.0,-1.0
199.54,SYN.ETH-26JUL19,1563361153078,open,0.15,50.0,0.099,0.178,0.138114,135.23,0.138,0.0,ETH-26JUL19-180-C,199.52,131.16,0.136,50.0,0.147,50.0,152.05,0.10405,-0.79264,0.02842,0.00795,0.72376
199.54,SYN.ETH-26JUL19,1563361153077,open,1.16,0.0,1.117,1.292,1.204684,0.0,None,0.0,ETH-26JUL19-440-P,199.52,0.0,0.0,0.0,0.0,0.0,0.0,0.0,0.0,-0.10699,0.0,-1.0
199.58,SYN.ETH-19JUL19,1563361153079,open,0.0,90.0,0.001,0.04,0.0,135.04,0.002,0.0,ETH-19JUL19-360-C,199.52,0.0,0.0,0.0,0.001,300.0,347.7,0.0,0.0,0.0,0.0,0.0
199.54,SYN.ETH-26JUL19,1563361153079,open,0.05,10.0,0.018,0.102,0.060041,134.85,0.05,0.0,ETH-26JUL19-190-P,199.52,138.19,0.062,119.0,0.07,200.0,151.76,0.11724,-0.89065,-0.02075,0.00898,-0.36768
199.32,SYN.ETH-30AUG19,1563361153081,open,0.61,0.0,0.579,0.709,0.643784,125.7,None,0.0,ETH-30AUG19-320-P,199.52,0.0,0.0,0.0,0.0,0.0,0.0,0.1891,-0.27089,-0.3477,0.00315,-0.80739
199.58,SYN.ETH-19JUL19,1563361153079,open,0.0,592.0,0.001,0.046,0.006697,134.82,0.012,0.0,ETH-19JUL19-180-P,199.52,165.86,0.012,93.0,0.016,482.0,186.49,0.0306,-1.09963,-0.00142,0.01109,-0.13207
199.32,SYN.ETH-30AUG19,1563361153080,open,0.28,0.0,0.25,0.353,0.301837,120.53,None,0.0,ETH-30AUG19-240-P,199.52,111.67,0.29,120.0,0.318,120.0,132.46,0.26815,-0.36831,-0.21442,0.00466,-0.59309
199.54,SYN.ETH-26JUL19,1563361153079,open,0.38,867.0,0.353,0.464,0.408635,133.64,0.42,0.0,ETH-26JUL19-280-P,199.52,0.0,0.392,30.0,0.447,30.0,240.24,0.03901,-0.2937,-0.06524,0.00302,-0.93593
9361.76,SYN.BTC-19JUL19,1563361153124,open,0.04,547.1,0.0065,0.0895,0.04794114,139.16,0.053,0.0,BTC-19JUL19-9500-P,9360.77,146.57,0.05,1.8,0.0545,24.0,162.35,2.66475,-98.85405,-0.28218,0.00043,-0.53866
9442.86,BTC-27DEC19,1563361153157,open,0.01,113.5,0.0005,0.052,0.01192585,100.19,0.0095,0.0,BTC-27DEC19-3500-P,9360.77,98.35,0.011,10.0,0.013,6.0,102.25,4.82418,-1.48374,-1.95882,1e-05,-0.03456
9363.96,SYN.BTC-26JUL19,1563361153187,open,0.0,560.8,0.0005,0.04,0.00017468,145.02,0.0005,0.0,BTC-26JUL19-18000-C,9360.77,0.0,0.0,0.0,0.0005,3.5,160.95,0.12331,-1.00736,0.00585,0.0,0.00274
9363.96,SYN.BTC-26JUL19,1563361153255,open,0.22,273.8,0.1965,0.296,0.24629518,129.79,0.222,0.0,BTC-26JUL19-11500-P,9360.77,124.29,0.244,7.5,0.2575,7.5,155.14,3.83622,-28.04889,-2.42699,0.00014,-0.81965
9383.82,BTC-27SEP19,1563361153251,open,0.15,179.3,0.1145,0.2065,0.1604597,104.83,0.151,0.0,BTC-27SEP19-9000-P,9360.77,103.98,0.159,0.3,0.1655,4.7,107.85,15.77133,-11.5009,-9.8677,9e-05,-0.37359
201.0,ETH-27DEC19,1563361153263,open,0.15,584.0,0.113,0.205,0.159353,106.21,0.1,0.0,ETH-27DEC19-160-P,199.52,102.38,0.151,229.0,0.167,2.0,109.93,0.42616,-0.13895,-0.36645,0.00223,-0.24943
9383.42,BTC-27SEP19,1563361153264,open,0.0,490.7,0.0005,0.0405,0.00054716,139.26,0.0005,0.0,BTC-27SEP19-2000-P,9360.77,0.0,0.0,0.0,0.001,5.9,149.86,0.3201,-0.31009,-0.05582,0.0,-0.00247
9383.82,BTC-27SEP19,1563361153265,open,0.06,441.1,0.0135,0.093,0.05328698,109.23,0.055,0.0,BTC-27SEP19-15000-C,9360.77,107.17,0.0505,33.3,0.0565,11.0,111.57,12.76981,-9.70316,3.34152,7e-05,0.23412
199.54,SYN.ETH-26JUL19,1563361153270,open,0.1,150.0,0.071,0.159,0.114763,134.78,0.121,0.0,ETH-26JUL19-210-P,199.52,137.01,0.116,140.0,0.126,150.0,153.19,0.12295,-0.93356,-0.03249,0.00942,-0.55492
9383.42,BTC-27SEP19,1563361153283,open,0.0,609.1,0.0005,0.0415,0.00186946,121.79,0.002,0.0,BTC-27SEP19-3000-P,9360.77,111.71,0.001,19.9,0.003,15.0,131.07,0.97786,-0.8285,-0.19442,0.0,-0.00865
199.47,SYN.ETH-26JUL19,1563361153319,open,1.94,0.0,1.887,2.127,2.006981,0.0,None,0.0,ETH-26JUL19-600-P,199.52,0.0,0.0,0.0,0.0,0.0,0.0,0.0,0.0,-0.1459,0.0,-1.0
199.32,SYN.ETH-30AUG19,1563361153332,open,0.04,219.0,0.001,0.078,0.038628,126.04,0.036,0.0,ETH-30AUG19-320-C,199.52,121.03,0.034,268.0,0.042,288.0,129.5,0.18968,-0.27244,0.03712,0.00315,0.19357
199.09,ETH-27SEP19,1563361153361,open,0.09,5948.0,0.053,0.139,0.095862,112.32,0.084,0.0,ETH-27SEP19-160-P,199.52,108.24,0.09,215.0,0.101,160.0,116.12,0.27822,-0.2174,-0.13388,0.00317,-0.2458
199.09,ETH-27SEP19,1563361153381,open,2.35,0.0,2.284,2.557,2.420558,126.28,None,0.0,ETH-27SEP19-680-P,199.52,0.0,0.0,0.0,0.0,0.0,0.0,0.05669,-0.0498,-1.33006,0.00058,-0.97204
199.54,SYN.ETH-26JUL19,1563361153450,open,0.07,216.0,0.023,0.102,0.062319,135.12,0.066,0.0,ETH-26JUL19-210-C,199.52,134.48,0.062,150.0,0.071,190.0,149.06,0.12297,-0.93605,0.01859,0.0094,0.44543
9383.52,BTC-27SEP19,1563361153468,open,0.0,1657.1,0.0005,0.04,0.00015844,145.0,0.0005,0.0,BTC-27SEP19-1500-P,9359.57,0.0,0.0,0.0,0.001,21.1,177.56,0.10879,-0.10974,-0.01695,0.0,-0.00076
9383.52,BTC-27SEP19,1563361153468,open,0.02,387.3,0.0005,0.054,0.01416858,113.69,0.0155,0.0,BTC-27SEP19-22000-C,9359.57,111.79,0.013,39.0,0.0155,0.5,115.75,5.91803,-4.68033,1.13135,3e-05,0.0754
9442.47,BTC-27DEC19,1563361153468,open,3.17,0.0,3.0835,3.423,3.25316979,114.5,None,0.0,BTC-27DEC19-40000-P,9359.57,0.0,0.0005,3.0,0.0,0.0,0.0,8.1082,-2.85001,-176.4221,2e-05,-0.93384
9442.47,BTC-27DEC19,1563361153468,open,3.58,0.0,3.4865,3.86,3.67331874,115.49,None,0.0,BTC-27DEC19-44000-P,9359.57,0.0,0.0,0.0,0.0,0.0,0.0,6.89426,-2.44416,-194.64658,2e-05,-0.94621
9383.52,BTC-27SEP19,1563361153468,open,0.72,34.4,0.679,0.818,0.74845737,109.89,0.3735,0.0,BTC-27SEP19-16000-P,9359.57,0.0,0.005,10.0,1.362,0.2,500.0,11.57063,-8.84521,-28.65802,6e-05,-0.80247
9441.27,BTC-27DEC19,1563361153469,open,0.96,12.4,0.914,1.073,0.9935886,103.58,0.559,0.0,BTC-27DEC19-18000-P,9359.57,0.0,0.005,5.0,1.777,0.2,499.83,21.18312,-6.73556,-72.24779,5e-05,-0.72128
9383.52,BTC-27SEP19,1563361153468,open,2.14,0.0,2.0735,2.329,2.20106351,117.06,None,0.0,BTC-27SEP19-30000-P,9359.57,0.0,0.0,0.0,0.0,0.0,0.0,2.35039,-1.91399,-58.70607,1e-05,-0.97602
9441.27,BTC-27DEC19,1563361153469,open,2.76,1.3,2.6805,2.9865,2.83353853,112.16,2.792,0.0,BTC-27DEC19-36000-P,9359.57,0.0,0.0005,1.0,0.0,0.0,0.0,9.28906,-3.19844,-158.17875,2e-05,-0.92098
9441.27,BTC-27DEC19,1563361153469,open,1.35,3.9,1.293,1.4835,1.38839689,105.69,0.752,0.0,BTC-27DEC19-22000-P,9359.57,0.0,0.0065,2.0,2.1885,0.3,500.0,17.60409,-5.71175,-92.23938,4e-05,-0.80099
9383.52,BTC-27SEP19,1563361153469,open,0.79,28.2,0.7475,0.827,0.78741422,139.46,0.755,0.0,BTC-27SEP19-2000-C,9359.57,0.0,0.01,1.0,0.924,5.0,500.0,0.32291,-0.31326,3.88201,0.0,0.9975
9441.27,BTC-27DEC19,1563361153469,open,4.41,1.0,4.296,4.737,4.51663335,117.1,4.454,0.0,BTC-27DEC19-52000-P,9359.57,0.0,0.001,1.0,0.0,0.0,0.0,5.06901,-1.82216,-230.86988,1e-05,-0.96328
9441.27,BTC-27DEC19,1563361153469,open,1.54,0.0,1.4875,1.694,1.59069096,106.75,None,0.0,BTC-27DEC19-24000-P,9359.57,0.0,0.0065,1.0,2.3945,0.2,499.78,15.99515,-5.24147,-101.95942,4e-05,-0.82941
9383.52,BTC-27SEP19,1563361153469,open,0.0,383.8,0.0005,0.0405,0.00076819,124.56,0.0005,0.0,BTC-27SEP19-2500-P,9359.57,0.0,0.0,0.0,0.0015,0.1,135.96,0.47115,-0.40824,-0.08441,0.0,-0.0038
9382.32,BTC-27SEP19,1563361153469,open,0.74,55.9,0.6945,0.774,0.73435217,125.38,0.689,0.0,BTC-27SEP19-2500-C,9359.57,0.0,0.005,10.0,0.9125,5.0,500.0,0.48908,-0.42657,4.83481,0.0,0.99604
9382.32,BTC-27SEP19,1563361153470,open,2.35,0.0,2.277,2.55,2.41348973,116.92,None,0.0,BTC-27SEP19-32000-P,9359.57,0.0,0.0,0.0,0.0,0.0,0.0,1.8113,-1.47327,-62.74055,1e-05,-0.98236
9382.32,BTC-27SEP19,1563361153470,open,0.0,49.2,0.0005,0.042,0.00216004,116.22,0.0025,0.0,BTC-27SEP19-3250-P,9359.57,110.16,0.0015,19.7,0.003,25.0,122.42,1.14326,-0.92432,-0.23109,1e-05,-0.01035
9374.6,SYN.BTC-30AUG19,1563361153469,open,0.7,0.0,0.6615,0.7995,0.73061673,118.31,None,0.0,BTC-30AUG19-16000-P,9359.57,0.0,0.0,0.0,0.0,0.0,0.0,7.09472,-9.56508,-17.96903,6e-05,-0.86394
9374.6,SYN.BTC-30AUG19,1563361153470,open,0.8,0.0,0.759,0.905,0.83201423,119.54,None,0.0,BTC-30AUG19-17000-P,9359.57,0.0,0.0,0.0,0.0,0.0,0.0,6.09378,-8.30121,-19.41035,5e-05,-0.89045
9382.32,BTC-27SEP19,1563361153471,open,1.73,0.0,1.668,1.8895,1.77875871,116.28,None,0.0,BTC-27SEP19-26000-P,9359.57,0.0,0.0,0.0,0.0,0.0,0.0,3.80138,-3.07491,-50.54565,2e-05,-0.95704
9441.27,BTC-27DEC19,1563361153471,open,3.99,0.0,3.891,4.2985,4.09471918,115.95,None,0.0,BTC-27DEC19-48000-P,9359.57,0.0,0.0,0.0,0.0,0.0,0.0,5.80925,-2.06772,-212.81202,1e-05,-0.95657
9382.32,BTC-27SEP19,1563361153471,open,1.11,0.0,1.0665,1.238,1.15214103,112.93,None,0.0,BTC-27SEP19-20000-P,9359.57,0.0,0.005,10.0,1.754,0.2,500.0,7.51186,-5.90142,-37.843,4e-05,-0.89612
9441.27,BTC-27DEC19,1563361153472,open,0.78,7.1,0.7315,0.875,0.80324438,102.29,0.491,0.0,BTC-27DEC19-16000-P,9359.57,0.0,0.005,5.0,1.572,0.2,499.78,22.93538,-7.20184,-61.92194,6e-05,-0.66653
9441.27,BTC-27DEC19,1563361153472,open,2.15,0.2,2.0795,2.3355,2.20765479,109.43,2.2245,0.0,BTC-27DEC19-30000-P,9359.57,0.0,0.0,0.0,0.0,0.0,0.0,12.01208,-4.03524,-130.42124,3e-05,-0.88801
9363.57,SYN.BTC-26JUL19,1563361153470,open,0.52,10.8,0.489,0.6125,0.55055476,137.21,0.166,0.0,BTC-26JUL19-14500-P,9359.57,0.0,0.0,0.0,0.0,0.0,0.0,0.89269,-6.90031,-3.47044,3e-05,-0.97362
9363.57,SYN.BTC-26JUL19,1563361153470,open,0.0,313.8,0.0005,0.04,3.374e-05,145.01,0.001,0.0,BTC-26JUL19-20000-C,9359.57,0.0,0.0,0.0,0.0005,5.9,182.99,0.0303,-0.24749,0.00127,0.0,0.00059
9361.36,SYN.BTC-19JUL19,1563361153468,open,0.57,0.0,0.5385,0.666,0.60226312,0.0,None,0.0,BTC-19JUL19-15000-P,9359.57,0.0,0.001,1.0,0.0,0.0,0.0,0.0,0.0,-0.77083,0.0,-1.0
9363.57,SYN.BTC-26JUL19,1563361153472,open,0.0,57.0,0.0005,0.041,0.00105358,140.99,0.0005,0.0,BTC-26JUL19-15500-C,9359.57,128.77,0.0005,14.4,0.0015,4.3,147.85,0.53817,-4.27431,0.03069,2e-05,0.01453
9374.6,SYN.BTC-30AUG19,1563361153472,open,0.33,1.0,0.298,0.4055,0.35186394,114.1,0.3045,0.0,BTC-30AUG19-12000-P,9359.57,106.19,0.342,3.0,0.3785,3.0,134.65,11.8403,-15.39583,-11.45969,0.0001,-0.66506
9374.6,SYN.BTC-30AUG19,1563361153468,open,0.42,0.0,0.3835,0.498,0.4406321,115.06,None,0.0,BTC-30AUG19-13000-P,9359.57,0.0,0.0,0.0,0.0,0.0,0.0,10.69854,-14.02782,-13.21896,9e-05,-0.73241
9363.57,SYN.BTC-26JUL19,1563361153472,open,0.06,303.1,0.0135,0.093,0.05339784,129.28,0.0545,0.0,BTC-26JUL19-10000-C,9359.57,126.15,0.0515,0.1,0.056,1.0,133.57,5.67906,-41.361,0.81388,0.00021,0.41084
9363.57,SYN.BTC-26JUL19,1563361153471,open,0.67,5.0,0.6415,0.7775,0.70940856,140.06,0.2255,0.0,BTC-26JUL19-16000-P,9359.57,0.0,0.0,0.0,0.0,0.0,0.0,0.37363,-2.94804,-3.87048,1e-05,-0.99046
9363.57,SYN.BTC-26JUL19,1563361153470,open,0.01,475.8,0.0005,0.047,0.00706187,135.7,0.007,0.0,BTC-26JUL19-7000-P,9359.57,137.77,0.0075,0.1,0.009,7.5,144.5,1.94658,-14.88028,-0.174,7e-05,-0.06935
9363.57,SYN.BTC-26JUL19,1563361153470,open,0.37,1.0,0.321,0.4005,0.36057147,140.36,0.354,0.0,BTC-26JUL19-6000-C,9359.57,0.0,0.0005,0.1,0.0,0.0,0.0,0.58634,-4.63605,1.41937,2e-05,0.98394
9374.6,SYN.BTC-30AUG19,1563361153471,open,0.24,0.0,0.1895,0.269,0.22917202,113.42,None,0.0,BTC-30AUG19-8000-C,9359.57,104.57,0.219,4.3,0.23,4.0,114.14,10.83174,-14.00051,5.59526,9e-05,0.72569
9363.57,SYN.BTC-26JUL19,1563361153468,open,0.0,375.4,0.0005,0.04,1.476e-05,145.01,0.0005,0.0,BTC-26JUL19-21000-C,9359.57,0.0,0.0,0.0,0.0005,6.0,193.04,0.0147,-0.1201,0.00058,0.0,0.00027
9363.57,SYN.BTC-26JUL19,1563361153473,open,0.78,0.0,0.7435,0.888,0.81585988,141.58,None,0.0,BTC-26JUL19-17000-P,9359.57,0.0,0.0,0.0,0.0,0.0,0.0,0.20308,-1.61971,-4.1237,1e-05,-0.99521
9382.32,BTC-27SEP19,1563361153479,open,0.62,29.6,0.586,0.7175,0.65178311,109.06,0.601,0.0,BTC-27SEP19-15000-P,9359.57,0.0,0.005,10.0,1.2655,0.3,500.0,12.7477,-9.67169,-26.20454,7e-05,-0.76655
9363.57,SYN.BTC-26JUL19,1563361153482,open,0.18,381.0,0.153,0.2485,0.20095183,129.18,0.215,0.0,BTC-26JUL19-11000-P,9359.57,125.13,0.199,7.5,0.212,7.5,150.85,4.56297,-33.20512,-2.18275,0.00017,-0.75768
9441.27,BTC-27DEC19,1563361153487,open,1.74,0.0,1.6835,1.9065,1.79490799,107.67,None,0.0,BTC-27DEC19-26000-P,9359.57,0.0,0.005,10.0,2.6015,0.2,500.0,14.51704,-4.7984,-111.55099,3e-05,-0.85286
9441.27,BTC-27DEC19,1563361153494,open,1.15,1.6,1.102,1.277,1.18953765,104.9,1.0905,0.0,BTC-27DEC19-20000-P,9359.57,0.0,0.005,5.0,1.466,1.0,214.07,19.40432,-6.24879,-82.32355,5e-05,-0.76449
9441.27,BTC-27DEC19,1563361153496,open,1.54,0.0,1.4875,1.694,1.59069096,106.75,None,0.0,BTC-27DEC19-24000-P,9359.57,0.0,0.0065,1.0,2.395,0.2,500.0,15.99515,-5.24147,-101.95942,4e-05,-0.82941
9441.27,BTC-27DEC19,1563361153498,open,0.96,12.4,0.914,1.073,0.9935886,103.58,0.559,0.0,BTC-27DEC19-18000-P,9359.57,0.0,0.005,5.0,1.7775,0.2,500.0,21.18312,-6.73556,-72.24779,5e-05,-0.72128
9363.57,SYN.BTC-26JUL19,1563361153510,open,0.08,103.8,0.034,0.1135,0.07380281,129.29,0.087,0.0,BTC-26JUL19-9500-C,9359.57,124.78,0.071,18.0,0.0755,0.3,132.02,5.82268,-42.40854,0.99681,0.00021,0.51159
9442.47,BTC-27DEC19,1563361153559,open,0.36,93.7,0.307,0.3865,0.34671768,98.07,0.346,0.0,BTC-27DEC19-7500-C,9359.57,94.18,0.3385,11.0,0.3485,11.0,98.91,19.98149,-6.01547,17.05446,5e-05,0.75147
9383.52,BTC-27SEP19,1563361153572,open,0.17,806.4,0.12,0.1995,0.15991027,105.43,0.161,0.0,BTC-27SEP19-10000-C,9359.57,103.21,0.156,14.4,0.163,11.0,107.18,16.53251,-12.1249,7.00479,9e-05,0.539
9441.27,BTC-27DEC19,1563361153594,open,0.36,74.2,0.317,0.426,0.37149131,99.48,0.3645,0.0,BTC-27DEC19-11000-P,9359.57,96.85,0.3645,6.0,0.378,3.6,101.94,25.02924,-7.64389,-34.99892,6e-05,-0.45924
199.32,SYN.ETH-30AUG19,1563361153762,open,0.16,220.0,0.121,0.213,0.166813,119.94,0.147,0.0,ETH-30AUG19-200-P,199.52,115.0,0.16,254.0,0.178,137.0,128.29,0.27025,-0.36937,-0.14077,0.00472,-0.42084
199.58,SYN.ETH-19JUL19,1563361153772,open,0.01,101.0,0.001,0.043,0.003286,135.14,0.011,0.0,ETH-19JUL19-230-C,199.52,141.49,0.004,250.0,0.008,408.0,170.73,0.02094,-0.65881,0.00077,0.00757,0.07839
199.58,SYN.ETH-19JUL19,1563361153779,open,0.0,592.0,0.001,0.046,0.006725,134.82,0.012,0.0,ETH-19JUL19-180-P,199.52,165.86,0.012,96.0,0.016,482.0,186.49,0.0306,-1.09963,-0.00142,0.01109,-0.13207
199.54,SYN.ETH-26JUL19,1563361153793,open,0.01,0.0,0.001,0.047,0.007348,134.93,None,0.0,ETH-26JUL19-150-P,199.52,146.52,0.01,420.0,0.014,250.0,161.66,0.04267,-0.32431,-0.00385,0.00327,-0.07195
201.07,ETH-27DEC19,1563361153814,open,0.12,219.0,0.073,0.152,0.112916,109.13,0.118,0.0,ETH-27DEC19-360-C,199.52,107.07,0.108,2.0,0.12,299.0,112.01,0.48757,-0.16334,0.19649,0.00248,0.33196
199.54,SYN.ETH-26JUL19,1563361153808,open,0.01,2051.0,0.001,0.054,0.014245,134.91,0.013,0.0,ETH-26JUL19-160-P,199.52,143.35,0.017,408.0,0.022,250.0,157.44,0.06372,-0.48431,-0.00671,0.00488,-0.12409
199.54,SYN.ETH-26JUL19,1563361153822,open,0.0,1038.0,0.001,0.042,0.002579,135.05,0.005,0.0,ETH-26JUL19-300-C,199.52,117.23,0.001,439.0,0.006,675.0,157.35,0.02322,-0.17666,0.0015,0.00178,0.03355
9383.52,BTC-27SEP19,1563361153824,open,0.01,288.9,0.0005,0.0505,0.01064568,115.75,0.009,0.0,BTC-27SEP19-24000-C,9359.57,112.4,0.009,39.0,0.0125,35.0,119.19,4.83273,-3.89142,0.87576,2e-05,0.05804
199.54,SYN.ETH-26JUL19,1563361153824,open,0.0,1038.0,0.001,0.042,0.002579,135.05,0.005,0.0,ETH-26JUL19-300-C,199.52,117.23,0.001,439.0,0.006,677.0,157.35,0.02322,-0.17666,0.0015,0.00178,0.03355
9382.32,BTC-27SEP19,1563361153830,open,0.59,227.5,0.539,0.6185,0.57871893,109.87,0.7065,0.0,BTC-27SEP19-4000-C,9359.57,74.49,0.574,11.0,0.5805,11.0,116.58,2.2826,-1.74465,7.3554,1e-05,0.97683
199.54,SYN.ETH-26JUL19,1563361153829,open,0.09,151.0,0.043,0.122,0.082769,135.15,0.079,0.0,ETH-26JUL19-200-C,199.52,133.76,0.082,143.0,0.092,163.0,149.91,0.12358,-0.94086,0.02206,0.00944,0.53758
199.54,SYN.ETH-26JUL19,1563361153836,open,0.02,100.0,0.001,0.057,0.017056,135.08,0.017,0.0,ETH-26JUL19-250-C,199.52,137.39,0.018,127.0,0.023,283.0,149.41,0.07792,-0.59291,0.00729,0.00596,0.16725
9441.27,BTC-27DEC19,1563361153832,open,0.33,205.5,0.281,0.3605,0.32076745,98.08,0.32,0.0,BTC-27DEC19-8000-C,9359.57,94.86,0.3135,11.0,0.3235,11.0,99.3,21.26021,-6.40137,16.78542,5e-05,0.71918
9441.27,BTC-27DEC19,1563361153848,open,0.43,83.4,0.393,0.5085,0.45075278,100.01,0.4295,0.0,BTC-27DEC19-12000-P,9359.57,97.29,0.4435,6.0,0.458,3.6,102.73,25.15286,-7.72239,-40.47418,6e-05,-0.50994
9382.32,BTC-27SEP19,1563361153850,open,0.53,78.2,0.4955,0.6195,0.55762691,108.31,0.54,0.0,BTC-27SEP19-14000-P,9359.57,105.17,0.553,6.0,0.5715,6.0,117.42,13.93672,-10.50071,-23.66423,7e-05,-0.72321
199.58,SYN.ETH-19JUL19,1563361153858,open,0.01,463.0,0.001,0.048,0.008353,135.18,0.011,0.0,ETH-19JUL19-220-C,199.52,143.84,0.01,200.0,0.014,356.0,163.58,0.03611,-1.30123,0.00165,0.01305,0.16932
199.51,SYN.ETH-19JUL19,1563361153868,open,0.0,152.0,0.001,0.041,0.001809,134.76,0.008,0.0,ETH-19JUL19-170-P,199.52,178.86,0.006,87.0,0.009,550.0,201.58,0.01333,-0.36084,-0.00047,0.00484,-0.04408
199.54,SYN.ETH-26JUL19,1563361153885,open,0.01,810.0,0.001,0.045,0.005646,135.06,0.006,0.0,ETH-26JUL19-280-C,199.52,131.67,0.005,668.0,0.01,550.0,153.5,0.0401,-0.30509,0.00295,0.00307,0.06638
199.09,ETH-27SEP19,1563361153892,open,1.0,79.0,0.958,1.12,1.039353,117.42,0.351,0.0,ETH-27SEP19-400-P,199.52,0.0,0.01,1.0,0.0,0.0,0.0,0.19704,-0.16095,-0.74447,0.00215,-0.85958
199.47,SYN.ETH-26JUL19,1563361153896,open,0.76,1047.0,0.733,0.876,0.804401,0.0,0.2,0.0,ETH-26JUL19-360-P,199.52,0.0,0.0,0.0,0.0,0.0,0.0,0.0,0.0,-0.08754,0.0,-1.0
199.54,SYN.ETH-26JUL19,1563361153892,open,0.01,810.0,0.001,0.045,0.005646,135.06,0.006,0.0,ETH-26JUL19-280-C,199.52,131.67,0.005,668.0,0.01,660.0,153.5,0.0401,-0.30509,0.00295,0.00307,0.06638
199.54,SYN.ETH-26JUL19,1563361153918,open,0.03,979.0,0.001,0.064,0.024095,135.09,0.031,0.0,ETH-26JUL19-240-C,199.52,136.95,0.025,147.0,0.03,265.0,147.38,0.0922,-0.70162,0.00952,0.00705,0.22029
199.58,SYN.ETH-19JUL19,1563361153925,open,0.05,154.0,0.001,0.077,0.037587,135.33,0.046,0.0,ETH-19JUL19-200-C,199.52,146.94,0.041,90.0,0.049,149.0,174.93,0.05706,-2.05831,0.00485,0.0206,0.51067
199.32,SYN.ETH-30AUG19,1563361153931,open,0.07,260.0,0.021,0.1,0.060905,123.58,0.056,0.0,ETH-30AUG19-280-C,199.52,118.43,0.055,275.0,0.066,261.0,127.86,0.23315,-0.32834,0.05279,0.00395,0.28129
201.01,ETH-27DEC19,1563361153942,open,1.23,0.0,1.176,1.356,1.265951,110.33,None,0.0,ETH-27DEC19-440-P,199.52,0.0,1.172,110.0,0.0,0.0,0.0,0.42089,-0.14255,-1.81393,0.00212,-0.75632
201.01,ETH-27DEC19,1563361153962,open,0.29,194.0,0.24,0.319,0.279421,106.36,0.275,0.0,ETH-27DEC19-200-C,199.52,102.2,0.269,30.0,0.29,30.0,110.61,0.50165,-0.16379,0.32473,0.00262,0.64145
199.09,ETH-27SEP19,1563361153970,open,1.57,12.0,1.521,1.73,1.625155,122.5,1.193,0.0,ETH-27SEP19-520-P,199.52,0.0,0.0,0.0,0.0,0.0,0.0,0.11539,-0.09833,-1.00271,0.00121,-0.93247
199.58,SYN.ETH-19JUL19,1563361154002,open,0.06,166.0,0.029,0.113,0.071058,134.41,0.076,0.0,ETH-19JUL19-210-P,199.52,157.83,0.077,100.0,0.083,150.0,180.22,0.05086,-1.82238,-0.00775,0.01849,-0.68442
199.54,SYN.ETH-26JUL19,1563361154003,open,0.03,1358.0,0.001,0.081,0.040091,134.88,0.036,0.0,ETH-26JUL19-180-P,199.52,138.65,0.042,341.0,0.049,200.0,151.88,0.10399,-0.79015,-0.01533,0.00796,-0.27591
199.26,SYN.ETH-30AUG19,1563361154012,open,0.16,220.0,0.121,0.213,0.166813,119.89,0.147,0.0,ETH-30AUG19-200-P,199.52,114.87,0.16,391.0,0.178,137.0,128.15,0.27021,-0.36916,-0.14084,0.00472,-0.42118
199.09,ETH-27SEP19,1563361154039,open,1.19,0.0,1.144,1.322,1.232897,119.6,None,0.0,ETH-27SEP19-440-P,199.52,0.0,0.0,0.0,0.0,0.0,0.0,0.16565,-0.13782,-0.83245,0.00177,-0.89044
199.09,ETH-27SEP19,1563361154043,open,1.96,27.0,1.901,2.142,2.021512,124.07,1.044,0.0,ETH-27SEP19-600-P,199.52,0.0,0.0,0.0,0.0,0.0,0.0,0.07914,-0.06831,-1.16813,0.00082,-0.95804
9361.36,SYN.BTC-19JUL19,1563361154069,open,0.2,224.5,0.1805,0.2785,0.22944545,142.88,0.245,0.0,BTC-19JUL19-11500-P,9359.57,0.0,0.225,6.0,0.24,6.0,245.01,0.39405,-15.00871,-0.57933,6e-05,-0.97486
201.01,ETH-27DEC19,1563361154076,open,2.35,0.0,2.281,2.553,2.417287,116.71,None,0.0,ETH-27DEC19-680-P,199.51,0.0,0.0,0.0,0.0,0.0,0.0,0.26913,-0.09643,-2.95729,0.00128,-0.87967
201.0,ETH-27DEC19,1563361154076,open,1.59,37.0,1.538,1.749,1.643389,112.41,0.707,0.0,ETH-27DEC19-520-P,199.51,0.0,0.001,500.0,0.0,0.0,0.0,0.36036,-0.12435,-2.20354,0.00178,-0.81337
201.0,ETH-27DEC19,1563361154076,open,2.54,0.0,2.47,2.758,2.613862,118.36,None,0.0,ETH-27DEC19-720-P,199.51,0.0,0.003,5.0,0.0,0.0,0.0,0.25495,-0.09263,-3.14137,0.00119,-0.88849
199.09,ETH-27SEP19,1563361154076,open,2.74,0.0,2.668,2.973,2.820336,126.27,None,0.0,ETH-27SEP19-760-P,199.51,0.0,0.0,0.0,0.0,0.0,0.0,0.03802,-0.03339,-1.49093,0.00039,-0.98259
199.09,ETH-27SEP19,1563361154076,open,2.54,0.0,2.476,2.764,2.62002,125.04,None,0.0,ETH-27SEP19-720-P,199.51,0.0,0.0,0.0,0.0,0.0,0.0,0.04407,-0.03833,-1.4111,0.00045,-0.97929
201.0,ETH-27DEC19,1563361154077,open,1.97,0.0,1.906,2.147,2.02668,113.55,0.953,0.0,ETH-27DEC19-600-P,199.51,0.0,0.0,0.0,0.0,0.0,0.0,0.30459,-0.10617,-2.58558,0.00149,-0.85602
201.0,ETH-27DEC19,1563361154077,open,2.16,0.0,2.095,2.352,2.22367,116.5,None,0.0,ETH-27DEC19-640-P,199.51,0.0,0.0,0.0,0.0,0.0,0.0,0.29282,-0.10472,-2.76954,0.00139,-0.86413
201.0,ETH-27DEC19,1563361154077,open,0.18,209.0,0.132,0.211,0.17118,107.08,0.178,0.0,ETH-27DEC19-280-C,199.51,103.23,0.161,350.0,0.18,230.0,110.4,0.53267,-0.17509,0.25714,0.00276,0.45787
199.51,SYN.ETH-19JUL19,1563361154076,open,0.01,0.0,0.001,0.059,0.018428,134.56,None,0.0,ETH-19JUL19-190-P,199.51,160.81,0.025,91.0,0.03,429.0,180.26,0.04893,-1.75498,-0.00316,0.01778,-0.28962
199.08,ETH-27SEP19,1563361154078,open,1.38,0.0,1.331,1.524,1.427593,119.99,None,0.0,ETH-27SEP19-480-P,199.51,0.0,0.0,0.0,0.0,0.0,0.0,0.13475,-0.11247,-0.91924,0.00144,-0.91723
199.08,ETH-27SEP19,1563361154079,open,1.76,24.0,1.71,1.935,1.82244,122.01,1.356,0.0,ETH-27SEP19-560-P,199.51,0.0,0.0,0.0,0.0,0.0,0.0,0.09191,-0.07801,-1.08666,0.00097,-0.94945
9383.52,BTC-27SEP19,1563361154082,open,0.4,714.8,0.354,0.4335,0.39364483,105.17,0.434,0.0,BTC-27SEP19-6000-C,9359.57,99.08,0.3885,11.0,0.396,11.0,107.83,8.16796,-5.97579,9.04723,4e-05,0.88328
9442.47,BTC-27DEC19,1563361154104,open,0.36,93.7,0.307,0.3865,0.3467009,98.07,0.346,0.0,BTC-27DEC19-7500-C,9359.57,94.18,0.3385,11.0,0.349,11.0,99.15,19.98149,-6.01547,17.05446,5e-05,0.75147
9441.27,BTC-27DEC19,1563361154109,open,0.33,205.5,0.281,0.3605,0.32071717,98.08,0.32,0.0,BTC-27DEC19-8000-C,9359.57,94.86,0.3135,11.0,0.3225,11.0,98.85,21.26021,-6.40137,16.78542,5e-05,0.71918
9442.47,BTC-27DEC19,1563361154122,open,0.25,452.1,0.198,0.2775,0.23751798,98.74,0.238,0.0,BTC-27DEC19-10000-C,9359.57,96.8,0.2325,3.6,0.242,11.0,100.47,24.43289,-7.40582,15.1017,6e-05,0.59592
9441.27,BTC-27DEC19,1563361154129,open,0.43,83.4,0.393,0.5085,0.4509145,100.01,0.4295,0.0,BTC-27DEC19-12000-P,9359.57,97.66,0.4445,6.0,0.458,3.6,102.73,25.15286,-7.72239,-40.47418,6e-05,-0.50994
199.26,SYN.ETH-30AUG19,1563361154171,open,0.04,219.0,0.001,0.078,0.038628,126.06,0.036,0.0,ETH-30AUG19-320-C,199.51,121.08,0.034,263.0,0.042,288.0,129.55,0.18953,-0.27227,0.03708,0.00315,0.19342
9361.36,SYN.BTC-19JUL19,1563361154194,open,0.08,24.0,0.023,0.1025,0.0625475,144.02,0.056,0.0,BTC-19JUL19-9000-C,9359.57,134.09,0.06,1.0,0.065,18.0,153.3,2.43774,-93.58931,0.29099,0.00038,0.66746
199.26,SYN.ETH-30AUG19,1563361154189,open,0.16,220.0,0.121,0.213,0.166813,119.89,0.147,0.0,ETH-30AUG19-200-P,199.51,114.87,0.16,402.0,0.178,137.0,128.15,0.27021,-0.36916,-0.14084,0.00472,-0.42118
9382.32,BTC-27SEP19,1563361154204,open,0.91,1.0,0.8705,1.026,0.94834668,111.59,1.5815,0.0,BTC-27SEP19-18000-P,9359.57,0.0,0.005,0.3,1.5575,0.3,500.0,9.38814,-7.28746,-33.35495,5e-05,-0.85729
199.51,SYN.ETH-19JUL19,1563361154208,open,0.01,101.0,0.001,0.043,0.003286,135.25,0.011,0.0,ETH-19JUL19-230-C,199.51,141.75,0.004,250.0,0.008,412.0,171.02,0.02087,-0.65559,0.00077,0.00754,0.07804
9363.57,SYN.BTC-26JUL19,1563361154208,open,0.14,265.8,0.113,0.2055,0.15916119,129.2,0.141,0.0,BTC-26JUL19-10500-P,9359.57,130.76,0.16,18.0,0.1685,18.0,145.71,5.22131,-38.00161,-1.91074,0.00019,-0.68005
9442.47,BTC-27DEC19,1563361154218,open,0.19,196.8,0.14,0.2195,0.1799385,100.07,0.1905,0.0,BTC-27DEC19-12000-C,9359.57,98.22,0.175,11.0,0.1845,21.0,101.78,25.15644,-7.72818,13.07744,6e-05,0.4903
9382.32,BTC-27SEP19,1563361154219,open,0.36,60.1,0.3265,0.4365,0.38146162,107.43,0.395,0.0,BTC-27SEP19-12000-P,9359.57,105.98,0.379,2.7,0.392,6.0,113.58,15.98089,-11.94258,-18.30747,9e-05,-0.60944
9441.27,BTC-27DEC19,1563361154220,open,0.28,189.9,0.245,0.3485,0.29665197,98.7,0.279,0.0,BTC-27DEC19-10000-P,9359.57,96.36,0.2905,10.9,0.3035,10.9,101.39,24.43177,-7.40293,-29.52356,6e-05,-0.40421
199.47,SYN.ETH-26JUL19,1563361154217,open,0.01,0.0,0.001,0.047,0.007348,134.87,None,0.0,ETH-26JUL19-150-P,199.51,146.39,0.01,424.0,0.014,250.0,161.51,0.04272,-0.32461,-0.00385,0.00327,-0.0721
199.51,SYN.ETH-19JUL19,1563361154237,open,0.03,891.0,0.001,0.081,0.039699,134.35,0.047,0.0,ETH-19JUL19-200-P,199.51,156.39,0.046,94.0,0.051,154.0,173.89,0.05704,-2.04291,-0.00544,0.02076,-0.49098
199.26,SYN.ETH-30AUG19,1563361154245,open,0.22,220.0,0.182,0.28,0.230904,120.49,0.242,0.0,ETH-30AUG19-220-P,199.51,115.49,0.224,254.0,0.245,120.0,130.68,0.2755,-0.37827,-0.17776,0.00479,-0.51125
199.47,SYN.ETH-26JUL19,1563361154264,open,0.0,1872.0,0.001,0.04,0.000494,135.07,0.001,0.0,ETH-26JUL19-340-C,199.51,0.0,0.0,0.0,0.002,121.0,161.35,0.00653,-0.04972,0.00035,0.0005,0.00762
199.51,SYN.ETH-19JUL19,1563361154266,open,0.01,0.0,0.001,0.059,0.018535,134.56,None,0.0,ETH-19JUL19-190-P,199.51,160.81,0.025,103.0,0.03,429.0,180.26,0.04893,-1.75498,-0.00316,0.01778,-0.28962
199.26,SYN.ETH-30AUG19,1563361154281,open,0.11,473.0,0.058,0.137,0.097832,120.73,0.1,0.0,ETH-30AUG19-240-C,199.51,114.06,0.089,485.0,0.104,223.0,125.23,0.26809,-0.36885,0.07404,0.00465,0.40705
199.46,SYN.ETH-26JUL19,1563361154340,open,1.16,0.0,1.118,1.294,1.205886,0.0,None,0.0,ETH-26JUL19-440-P,199.51,0.0,0.0,0.0,0.0,0.0,0.0,0.0,0.0,-0.10699,0.0,-1.0
199.47,SYN.ETH-26JUL19,1563361154343,open,0.09,151.0,0.043,0.122,0.082612,135.25,0.079,0.0,ETH-26JUL19-200-C,199.51,134.01,0.082,143.0,0.092,313.0,150.17,0.12356,-0.94141,0.02203,0.00944,0.53697
199.08,ETH-27SEP19,1563361154360,open,2.54,0.0,2.477,2.766,2.621284,129.5,None,0.0,ETH-27SEP19-720-P,199.51,0.0,0.0,0.0,0.0,0.0,0.0,0.05269,-0.04747,-1.4096,0.00052,-0.97439
201.0,ETH-27DEC19,1563361154356,open,0.54,441.0,0.502,0.626,0.564214,107.08,0.561,0.0,ETH-27DEC19-280-P,199.51,102.08,0.551,30.0,0.577,30.0,111.89,0.53267,-0.17509,-0.99232,0.00276,-0.54213
9382.32,BTC-27SEP19,1563361154365,open,0.49,793.2,0.4415,0.521,0.48122044,106.15,0.5945,0.0,BTC-27SEP19-5000-C,9359.57,95.95,0.4765,11.0,0.484,11.0,111.2,4.83008,-3.56656,8.51166,3e-05,0.94199
201.01,ETH-27DEC19,1563361154373,open,1.41,21.0,1.356,1.551,1.453367,111.34,0.629,0.0,ETH-27DEC19-480-P,199.51,0.0,1.347,110.0,0.0,0.0,0.0,0.38949,-0.13313,-2.01016,0.00194,-0.78768
9441.27,BTC-27DEC19,1563361154368,open,0.21,426.5,0.1665,0.246,0.20649844,99.54,0.206,0.0,BTC-27DEC19-11000-C,9359.57,97.64,0.2015,11.0,0.2115,11.0,101.41,25.02843,-7.6479,14.08595,6e-05,0.54088
199.09,ETH-27SEP19,1563361154377,open,0.25,779.0,0.199,0.278,0.238532,112.09,0.227,0.0,ETH-27SEP19-180-C,199.51,107.29,0.231,120.0,0.246,120.0,116.67,0.31832,-0.24822,0.17072,0.00364,0.67413
201.01,ETH-27DEC19,1563361154405,open,0.05,435.0,0.003,0.082,0.042613,114.22,0.045,0.0,ETH-27DEC19-600-C,199.51,110.42,0.037,601.0,0.047,50.0,117.0,0.30813,-0.10805,0.09313,0.0015,0.14647
199.26,SYN.ETH-30AUG19,1563361154406,open,0.28,0.0,0.251,0.354,0.302304,120.45,None,0.0,ETH-30AUG19-240-P,199.51,112.21,0.291,120.0,0.318,120.0,132.25,0.26799,-0.36784,-0.21451,0.00466,-0.59356
201.0,ETH-27DEC19,1563361154409,open,0.39,693.0,0.355,0.467,0.410694,106.3,0.423,0.0,ETH-27DEC19-240-P,199.51,102.0,0.399,30.0,0.423,30.0,111.06,0.5327,-0.17383,-0.77895,0.00278,-0.45807
199.08,ETH-27SEP19,1563361154416,open,0.25,1828.0,0.213,0.313,0.263421,111.97,0.254,0.0,ETH-27SEP19-220-P,199.51,108.51,0.257,200.0,0.27,120.0,115.86,0.35204,-0.27421,-0.29177,0.00403,-0.48113
201.0,ETH-27DEC19,1563361154434,open,0.29,194.0,0.24,0.319,0.279295,106.37,0.275,0.0,ETH-27DEC19-200-C,199.51,101.8,0.268,30.0,0.29,30.0,110.62,0.50163,-0.1638,0.3247,0.00262,0.64143
199.08,ETH-27SEP19,1563361154454,open,0.13,4995.0,0.097,0.188,0.142669,111.88,0.139,0.0,ETH-27SEP19-180-P,199.51,107.83,0.136,167.0,0.149,460.0,115.96,0.31833,-0.24775,-0.18363,0.00365,-0.32593
199.09,ETH-27SEP19,1563361154482,open,0.0,389.0,0.001,0.042,0.002517,133.63,0.002,0.0,ETH-27SEP19-60-P,199.51,129.06,0.002,247.0,0.004,500.0,144.27,0.02394,-0.02226,-0.00498,0.00023,-0.01019
199.51,SYN.ETH-19JUL19,1563361154495,open,0.0,592.0,0.001,0.047,0.006774,134.68,0.012,0.0,ETH-19JUL19-180-P,199.51,165.51,0.012,103.0,0.016,482.0,186.12,0.03068,-1.10133,-0.00143,0.01113,-0.13263
199.26,SYN.ETH-30AUG19,1563361154502,open,0.05,189.0,0.009,0.088,0.048491,125.04,0.046,0.0,ETH-30AUG19-300-C,199.51,120.69,0.044,244.0,0.053,276.0,129.17,0.21159,-0.3015,0.04432,0.00355,0.23359
9442.47,BTC-27DEC19,1563361154596,open,0.39,54.4,0.335,0.4145,0.37478297,98.07,0.3805,0.0,BTC-27DEC19-7000-C,9359.57,94.08,0.367,11.0,0.377,11.0,99.19,18.49941,-5.56933,17.22537,5e-05,0.78361
9382.32,BTC-27SEP19,1563361154600,open,0.49,793.2,0.4415,0.521,0.48122044,106.15,0.5945,0.0,BTC-27SEP19-5000-C,9359.57,95.95,0.4765,11.0,0.483,11.0,109.38,4.83008,-3.56656,8.51166,3e-05,0.94199
9382.32,BTC-27SEP19,1563361154609,open,0.11,586.4,0.063,0.1425,0.10258697,107.52,0.1,0.0,BTC-27SEP19-12000-C,9359.57,105.98,0.1,23.8,0.1055,11.0,109.21,15.98383,-11.95525,5.32463,9e-05,0.39082
9441.27,BTC-27DEC19,1563361154617,open,0.45,122.9,0.398,0.4775,0.43786939,98.1,0.439,0.0,BTC-27DEC19-6000-C,9359.57,94.33,0.432,11.0,0.441,11.0,100.03,14.9644,-4.5067,17.19166,4e-05,0.846
9441.27,BTC-27DEC19,1563361154624,open,0.21,426.5,0.1665,0.246,0.20649844,99.54,0.206,0.0,BTC-27DEC19-11000-C,9359.57,97.64,0.2015,11.0,0.2105,11.0,101.03,25.02843,-7.6479,14.08595,6e-05,0.54088
9382.32,BTC-27SEP19,1563361154659,open,0.59,227.5,0.539,0.6185,0.57865525,109.87,0.7065,0.0,BTC-27SEP19-4000-C,9359.57,0.0,0.5735,11.0,0.5805,11.0,116.58,2.2826,-1.74465,7.3554,1e-05,0.97683
9441.27,BTC-27DEC19,1563361154667,open,0.45,122.9,0.398,0.4775,0.43786939,98.1,0.439,0.0,BTC-27DEC19-6000-C,9359.57,94.33,0.432,11.0,0.44,11.0,99.4,14.9644,-4.5067,17.19166,4e-05,0.846
9382.49,BTC-27SEP19,1563361154682,open,1.93,0.0,1.8705,2.109,1.98966515,116.45,None,0.0,BTC-27SEP19-28000-P,9359.57,0.0,0.0,0.0,0.0,0.0,0.0,2.95975,-2.39771,-54.65259,1e-05,-0.96837
199.46,SYN.ETH-26JUL19,1563361154765,open,1.74,0.0,1.696,1.919,1.807483,0.0,None,0.0,ETH-26JUL19-560-P,199.51,0.0,0.0,0.0,0.0,0.0,0.0,0.0,0.0,-0.13618,0.0,-1.0
199.09,ETH-27SEP19,1563361154766,open,0.03,4141.0,0.001,0.07,0.030878,118.13,0.026,0.0,ETH-27SEP19-400-C,199.51,115.15,0.028,593.0,0.033,200.0,120.19,0.19909,-0.16361,0.04378,0.00216,0.14258
199.47,SYN.ETH-26JUL19,1563361154768,open,0.0,2011.0,0.001,0.041,0.001139,135.08,0.002,0.0,ETH-26JUL19-320-C,199.51,0.0,0.0,0.0,0.003,111.0,155.78,0.01261,-0.09593,0.00073,0.00096,0.01623
9361.36,SYN.BTC-19JUL19,1563361154774,open,0.0,239.0,0.0005,0.04,9.71e-05,145.02,0.0005,0.0,BTC-19JUL19-12500-C,9359.57,0.0,0.0,0.0,0.001,1.2,191.31,0.06458,-0.9102,0.00148,1e-05,0.00317
199.47,SYN.ETH-26JUL19,1563361154775,open,0.1,150.0,0.071,0.159,0.114994,134.63,0.121,0.0,ETH-26JUL19-210-P,199.51,138.25,0.117,126.0,0.126,150.0,152.82,0.12288,-0.93189,-0.03252,0.00943,-0.55573
199.47,SYN.ETH-26JUL19,1563361154785,open,0.0,0.0,0.001,0.043,0.003359,134.89,None,0.0,ETH-26JUL19-140-P,199.51,146.62,0.005,435.0,0.009,250.0,168.49,0.02509,-0.19062,-0.00195,0.00192,-0.03688
199.47,SYN.ETH-26JUL19,1563361154802,open,0.03,1358.0,0.001,0.081,0.0402,134.79,0.036,0.0,ETH-26JUL19-180-P,199.51,138.44,0.042,351.0,0.049,200.0,151.66,0.10404,-0.79001,-0.01535,0.00798,-0.27637
199.47,SYN.ETH-26JUL19,1563361154818,open,0.04,0.0,0.001,0.073,0.033496,135.16,None,0.0,ETH-26JUL19-230-C,199.51,135.95,0.034,139.0,0.041,243.0,148.91,0.10546,-0.80301,0.01216,0.00806,0.28421
9441.35,BTC-27DEC19,1563361154830,open,3.58,0.0,3.487,3.86,3.6735096,114.99,None,0.0,BTC-27DEC19-44000-P,9359.57,0.0,0.0,0.0,0.0,0.0,0.0,6.7791,-2.39306,-194.67885,1e-05,-0.94733
199.47,SYN.ETH-26JUL19,1563361154830,open,0.07,3238.0,0.042,0.128,0.085285,134.7,0.092,0.0,ETH-26JUL19-200-P,199.51,137.77,0.087,127.0,0.096,294.0,152.31,0.12356,-0.93757,-0.0266,0.00948,-0.46322
199.09,ETH-27SEP19,1563361154836,open,0.01,2105.0,0.001,0.047,0.007215,128.06,0.013,0.0,ETH-27SEP19-640-C,199.51,121.31,0.005,300.0,0.01,200.0,134.82,0.0735,-0.06548,0.01219,0.00074,0.03831
199.47,SYN.ETH-26JUL19,1563361154837,open,0.07,3238.0,0.042,0.128,0.085285,134.7,0.092,0.0,ETH-26JUL19-200-P,199.51,137.77,0.087,127.0,0.096,150.0,152.31,0.12356,-0.93757,-0.0266,0.00948,-0.46322
199.51,SYN.ETH-19JUL19,1563361154837,open,0.0,262.0,0.001,0.041,0.001144,135.21,0.003,0.0,ETH-19JUL19-240-C,199.51,132.04,0.001,461.0,0.003,108.0,161.78,0.01016,-0.23037,0.00031,0.00367,0.03159
199.08,ETH-27SEP19,1563361154843,open,0.05,1732.0,0.002,0.081,0.041895,115.97,0.043,0.0,ETH-27SEP19-360-C,199.51,113.45,0.039,590.0,0.045,161.0,118.51,0.23638,-0.19071,0.05636,0.00261,0.18572
199.51,SYN.ETH-19JUL19,1563361154860,open,0.03,502.0,0.001,0.058,0.018737,135.41,0.033,0.0,ETH-19JUL19-210-C,199.51,151.48,0.023,76.0,0.027,214.0,166.59,0.05086,-1.83588,0.00304,0.01836,0.31581
199.51,SYN.ETH-19JUL19,1563361154866,open,0.06,166.0,0.029,0.114,0.071322,133.96,0.076,0.0,ETH-19JUL19-210-P,199.51,160.64,0.078,84.0,0.083,150.0,179.3,0.05071,-1.81085,-0.00777,0.01851,-0.68639
199.26,SYN.ETH-30AUG19,1563361154876,open,0.04,150.0,0.001,0.082,0.04051,123.11,0.041,0.0,ETH-30AUG19-140-P,199.51,118.77,0.037,239.0,0.044,475.0,127.47,0.16042,-0.22506,-0.0454,0.00273,-0.14909
199.46,SYN.ETH-26JUL19,1563361154889,open,0.07,216.0,0.023,0.102,0.062188,135.03,0.066,0.0,ETH-26JUL19-210-C,199.51,134.73,0.062,138.0,0.071,190.0,149.3,0.12288,-0.93476,0.01855,0.00941,0.44459
9363.57,SYN.BTC-26JUL19,1563361154894,open,0.22,273.8,0.1965,0.296,0.24633973,129.9,0.222,0.0,BTC-26JUL19-11500-P,9359.57,122.88,0.2435,7.5,0.2575,7.5,155.05,3.83869,-28.09093,-2.42665,0.00014,-0.81946
9441.35,BTC-27DEC19,1563361154896,open,0.51,58.3,0.4735,0.5955,0.53449403,100.67,0.537,0.0,BTC-27DEC19-13000-P,9359.57,97.82,0.527,6.0,0.542,3.6,103.51,24.91761,-7.70041,-45.9192,6e-05,-0.55543
9383.52,BTC-27SEP19,1563361154919,open,0.45,224.0,0.3965,0.476,0.43601582,105.37,0.5225,0.0,BTC-27SEP19-5500-C,9359.57,97.67,0.431,11.0,0.438,11.0,108.19,6.44334,-4.72293,8.86208,4e-05,0.91563
9441.35,BTC-27DEC19,1563361154921,open,0.13,243.3,0.083,0.1625,0.12263583,101.86,0.133,0.0,BTC-27DEC19-15000-C,9359.57,100.41,0.119,11.0,0.127,21.0,103.59,23.74642,-7.42524,10.28945,6e-05,0.36686
9363.57,SYN.BTC-26JUL19,1563361154930,open,0.22,273.8,0.1965,0.296,0.24633973,129.9,0.222,0.0,BTC-26JUL19-11500-P,9359.57,125.44,0.2445,7.5,0.2575,7.5,155.05,3.83869,-28.09093,-2.42665,0.00014,-0.81946
9441.35,BTC-27DEC19,1563361154938,open,0.51,58.3,0.4735,0.5955,0.53449403,100.67,0.537,0.0,BTC-27DEC19-13000-P,9359.57,98.2,0.528,6.0,0.542,3.6,103.51,24.91761,-7.70041,-45.9192,6e-05,-0.55543
9374.6,SYN.BTC-30AUG19,1563361154945,open,0.04,52.8,0.0005,0.071,0.03122393,117.39,0.036,0.0,BTC-30AUG19-15000-C,9359.57,114.24,0.0285,19.3,0.0325,5.0,118.83,8.24697,-11.03282,1.57183,7e-05,0.17071
9360.16,SYN.BTC-19JUL19,1563361154947,open,0.2,224.5,0.1805,0.2785,0.22944545,140.34,0.245,0.0,BTC-19JUL19-11500-P,9359.57,0.0,0.2245,6.0,0.24,6.0,244.12,0.36508,-13.65771,-0.58033,6e-05,-0.97704
9382.32,BTC-27SEP19,1563361154948,open,0.53,78.2,0.496,0.62,0.55783162,108.31,0.54,0.0,BTC-27SEP19-14000-P,9359.57,104.82,0.5525,6.0,0.5715,6.0,117.42,13.93672,-10.50071,-23.66423,7e-05,-0.72321
9441.42,BTC-27DEC19,1563361154954,open,4.41,1.0,4.297,4.738,4.51732374,118.51,4.454,0.0,BTC-27DEC19-52000-P,9359.57,0.0,0.001,1.0,0.0,0.0,0.0,5.3525,-1.94721,-230.79595,1e-05,-0.96074
9362.38,SYN.BTC-26JUL19,1563361154980,open,0.88,0.0,0.846,0.999,0.92251893,0.0,None,0.0,BTC-26JUL19-18000-P,9359.57,0.0,0.0,0.0,0.0,0.0,0.0,0.0,0.0,-4.37705,0.0,-1.0
199.5,SYN.ETH-19JUL19,1563361155023,open,0.86,0.0,0.829,0.98,0.904678,0.0,None,0.0,ETH-19JUL19-380-P,199.51,0.0,0.0,0.0,0.0,0.0,0.0,0.0,0.0,-0.01953,0.0,-1.0
9360.16,SYN.BTC-19JUL19,1563361155062,open,0.2,224.5,0.1805,0.2785,0.2295994,140.34,0.245,0.0,BTC-19JUL19-11500-P,9359.57,0.0,0.2255,6.0,0.24,6.0,244.12,0.36508,-13.65771,-0.58033,6e-05,-0.97704
9442.47,BTC-27DEC19,1563361155064,open,0.39,54.4,0.335,0.4145,0.37478292,98.07,0.3805,0.0,BTC-27DEC19-7000-C,9359.57,93.82,0.3665,11.0,0.377,11.0,99.19,18.49941,-5.56933,17.22537,5e-05,0.78361
9382.32,BTC-27SEP19,1563361155075,open,0.45,35.9,0.4085,0.5255,0.46700456,107.54,0.391,0.0,BTC-27SEP19-13000-P,9359.57,104.83,0.4625,6.0,0.48,6.0,115.64,15.04552,-11.25552,-21.03603,8e-05,-0.67176
201.01,ETH-27DEC19,1563361155076,open,1.78,0.0,1.722,1.947,1.834532,113.21,0.845,0.0,ETH-27DEC19-560-P,199.5,0.0,0.0,0.0,0.0,0.0,0.0,0.33249,-0.11556,-2.39507,0.00163,-0.83563
201.01,ETH-27DEC19,1563361155076,open,1.97,0.0,1.907,2.148,2.027683,114.3,0.953,0.0,ETH-27DEC19-600-P,199.5,0.0,0.0,0.0,0.0,0.0,0.0,0.30851,-0.10825,-2.58414,0.0015,-0.85326
201.01,ETH-27DEC19,1563361155076,open,0.03,782.0,0.001,0.071,0.031777,118.36,0.032,0.0,ETH-27DEC19-720-C,199.5,117.74,0.031,1.0,0.034,50.0,120.08,0.25499,-0.09265,0.07153,0.00119,0.11152
199.09,ETH-27SEP19,1563361155076,open,2.15,0.0,2.093,2.35,2.221842,128.03,None,0.0,ETH-27SEP19-640-P,199.5,0.0,0.0,0.0,0.0,0.0,0.0,0.07343,-0.0654,-1.24811,0.00073,-0.96174
199.09,ETH-27SEP19,1563361155076,open,2.74,0.0,2.669,2.974,2.821671,132.4,None,0.0,ETH-27SEP19-760-P,199.5,0.0,0.0,0.0,0.0,0.0,0.0,0.04902,-0.04515,-1.48906,0.00047,-0.9765
201.01,ETH-27DEC19,1563361155076,open,0.04,424.0,0.001,0.079,0.039595,116.5,0.04,0.0,ETH-27DEC19-640-C,199.5,116.09,0.039,1.0,0.042,50.0,118.13,0.29285,-0.10474,0.08637,0.00139,0.13589
199.09,ETH-27SEP19,1563361155076,open,2.35,0.0,2.285,2.558,2.421749,130.18,None,0.0,ETH-27SEP19-680-P,199.5,0.0,0.0,0.0,0.0,0.0,0.0,0.06515,-0.059,-1.32852,0.00064,-0.96693
199.25,SYN.ETH-30AUG19,1563361155076,open,0.8,0.0,0.76,0.905,0.832686,129.34,None,0.0,ETH-30AUG19-360-P,199.5,0.0,0.0,0.0,0.0,0.0,0.0,0.15133,-0.22306,-0.40619,0.00245,-0.86323
199.08,ETH-27SEP19,1563361155078,open,1.96,27.0,1.902,2.143,2.022558,126.25,1.044,0.0,ETH-27SEP19-600-P,199.5,0.0,0.0,0.0,0.0,0.0,0.0,0.08464,-0.07434,-1.16705,0.00086,-0.9544
199.5,SYN.ETH-19JUL19,1563361155076,open,1.06,0.0,1.021,1.189,1.105171,0.0,None,0.0,ETH-19JUL19-420-P,199.5,0.0,0.0,0.0,0.0,0.0,0.0,0.0,0.0,-0.02158,0.0,-1.0
199.46,SYN.ETH-26JUL19,1563361155076,open,0.0,1236.0,0.001,0.04,0.0,135.01,0.003,0.0,ETH-26JUL19-520-C,199.5,0.0,0.0,0.0,0.001,300.0,240.31,1e-05,-4e-05,0.0,0.0,0.0
199.08,ETH-27SEP19,1563361155078,open,1.76,24.0,1.711,1.936,1.823552,124.34,1.356,0.0,ETH-27SEP19-560-P,199.5,0.0,0.0,0.0,0.0,0.0,0.0,0.09822,-0.08495,-1.08537,0.00101,-0.94504
199.08,ETH-27SEP19,1563361155079,open,1.57,12.0,1.522,1.731,1.626182,124.02,1.193,0.0,ETH-27SEP19-520-P,199.5,0.0,0.0,0.0,0.0,0.0,0.0,0.11973,-0.10329,-1.00176,0.00124,-0.92915
199.5,SYN.ETH-19JUL19,1563361155076,open,0.0,899.0,0.001,0.04,0.000104,135.02,0.001,0.0,ETH-19JUL19-260-C,199.5,0.0,0.0,0.0,0.001,105.0,177.85,0.00154,-0.02071,4e-05,0.00056,0.00359
199.46,SYN.ETH-26JUL19,1563361155076,open,1.35,0.0,1.311,1.502,1.406415,0.0,None,0.0,ETH-26JUL19-480-P,199.5,0.0,0.0,0.0,0.0,0.0,0.0,0.0,0.0,-0.11672,0.0,-1.0
199.46,SYN.ETH-26JUL19,1563361155077,open,0.96,985.0,0.926,1.085,1.005382,0.0,0.205,0.0,ETH-26JUL19-400-P,199.5,0.0,0.0,0.0,0.0,0.0,0.0,0.0,0.0,-0.09727,0.0,-1.0
199.46,SYN.ETH-26JUL19,1563361155077,open,0.86,504.0,0.829,0.981,0.905167,0.0,0.168,0.0,ETH-26JUL19-380-P,199.5,0.0,0.0,0.0,0.0,0.0,0.0,0.0,0.0,-0.0924,0.0,-1.0
199.5,SYN.ETH-19JUL19,1563361155076,open,0.18,1552.0,0.156,0.252,0.204099,133.82,0.18,0.0,ETH-19JUL19-240-P,199.5,0.0,0.012,4.0,0.9,10.0,500.0,0.00977,-0.34844,-0.01204,0.00357,-0.96986
199.5,SYN.ETH-19JUL19,1563361155076,open,0.13,0.0,0.11,0.202,0.156091,134.48,None,0.0,ETH-19JUL19-230-P,199.5,0.0,0.001,30.0,0.0,0.0,0.0,0.02059,-0.73822,-0.01107,0.00749,-0.9233
199.5,SYN.ETH-19JUL19,1563361155077,open,0.12,10.0,0.065,0.144,0.104558,135.25,0.116,0.0,ETH-19JUL19-180-C,199.5,144.25,0.106,50.0,0.115,50.0,192.27,0.03084,-1.11175,0.00781,0.01115,0.86635
199.5,SYN.ETH-19JUL19,1563361155078,open,0.22,0.0,0.159,0.238,0.198366,137.01,None,0.0,ETH-19JUL19-160-C,199.5,0.0,0.0,0.0,0.0,0.0,0.0,0.00409,-0.14948,0.00811,0.00146,0.98915
199.46,SYN.ETH-26JUL19,1563361155076,open,1.55,0.0,1.503,1.711,1.606949,0.0,None,0.0,ETH-26JUL19-520-P,199.5,0.0,0.0,0.0,0.0,0.0,0.0,0.0,0.0,-0.12645,0.0,-1.0
199.46,SYN.ETH-26JUL19,1563361155076,open,1.94,0.0,1.888,2.128,2.008018,0.0,None,0.0,ETH-26JUL19-600-P,199.5,0.0,0.0,0.0,0.0,0.0,0.0,0.0,0.0,-0.1459,0.0,-1.0
199.46,SYN.ETH-26JUL19,1563361155076,open,0.25,0.0,0.22,0.321,0.270345,134.86,None,0.0,ETH-26JUL19-250-P,199.5,0.0,0.247,120.0,0.0,0.0,0.0,0.0776,-0.58955,-0.05355,0.00595,-0.8337
199.25,SYN.ETH-30AUG19,1563361155077,open,0.44,0.0,0.408,0.524,0.466051,123.49,None,0.0,ETH-30AUG19-280-P,199.5,0.0,0.0,0.0,0.0,0.0,0.0,0.23285,-0.32768,-0.28389,0.00395,-0.71924
199.25,SYN.ETH-30AUG19,1563361155076,open,0.28,0.0,0.228,0.307,0.267811,120.91,None,0.0,ETH-30AUG19-160-C,199.5,0.0,0.0,0.0,0.0,0.0,0.0,0.21068,-0.2903,0.11985,0.00365,0.76819
199.5,SYN.ETH-19JUL19,1563361155076,open,0.96,0.0,0.925,1.085,1.004924,0.0,None,0.0,ETH-19JUL19-400-P,199.5,0.0,0.0,0.0,0.0,0.0,0.0,0.0,0.0,-0.02056,0.0,-1.0
199.46,SYN.ETH-26JUL19,1563361155077,open,1.45,0.0,1.407,1.606,1.506682,0.0,None,0.0,ETH-26JUL19-500-P,199.5,0.0,0.0,0.0,0.0,0.0,0.0,0.0,0.0,-0.12158,0.0,-1.0
199.46,SYN.ETH-26JUL19,1563361155077,open,0.0,1091.0,0.001,0.04,0.0,135.01,0.001,0.0,ETH-26JUL19-600-C,199.5,0.0,0.0,0.0,0.001,300.0,270.06,0.0,0.0,0.0,0.0,0.0
9382.32,BTC-27SEP19,1563361155083,open,0.53,78.2,0.496,0.62,0.55783164,108.31,0.54,0.0,BTC-27SEP19-14000-P,9359.57,105.51,0.5535,6.0,0.5715,6.0,117.42,13.93672,-10.50071,-23.66423,7e-05,-0.72321
9363.57,SYN.BTC-26JUL19,1563361155095,open,0.47,11.0,0.4385,0.558,0.4981783,136.65,0.1845,0.0,BTC-26JUL19-14000-P,9359.57,0.0,0.493,7.5,0.5285,7.5,241.7,1.19243,-9.17907,-3.32585,4e-05,-0.96255
9442.47,BTC-27DEC19,1563361155100,open,0.39,54.4,0.335,0.4145,0.37478292,98.07,0.3805,0.0,BTC-27DEC19-7000-C,9359.57,94.33,0.3675,11.0,0.377,11.0,99.19,18.49941,-5.56933,17.22537,5e-05,0.78361
9363.57,SYN.BTC-26JUL19,1563361155110,open,0.18,381.0,0.153,0.249,0.20099223,129.18,0.215,0.0,BTC-26JUL19-11000-P,9359.57,124.08,0.1985,7.5,0.212,7.5,150.85,4.56297,-33.20512,-2.18275,0.00017,-0.75768
9382.32,BTC-27SEP19,1563361155112,open,0.45,35.9,0.4085,0.5255,0.46700456,107.54,0.391,0.0,BTC-27SEP19-13000-P,9359.57,105.46,0.4635,6.0,0.48,6.0,115.64,15.04552,-11.25552,-21.03603,8e-05,-0.67176
9363.57,SYN.BTC-26JUL19,1563361155125,open,0.47,11.0,0.4385,0.558,0.4981783,136.65,0.1845,0.0,BTC-26JUL19-14000-P,9359.57,0.0,0.494,7.5,0.5285,7.5,241.7,1.19243,-9.17907,-3.32585,4e-05,-0.96255
9363.57,SYN.BTC-26JUL19,1563361155127,open,0.18,381.0,0.153,0.249,0.20099223,129.18,0.215,0.0,BTC-26JUL19-11000-P,9359.57,127.22,0.2,7.5,0.212,7.5,150.85,4.56297,-33.20512,-2.18275,0.00017,-0.75768
9382.49,BTC-27SEP19,1563361155211,open,0.62,29.6,0.586,0.718,0.6519842,109.25,0.601,0.0,BTC-27SEP19-15000-P,9359.57,0.0,0.005,10.0,1.265,0.3,500.0,12.76736,-9.70309,-26.19734,7e-05,-0.7659
199.09,ETH-27SEP19,1563361155277,open,0.0,389.0,0.001,0.042,0.002517,133.67,0.002,0.0,ETH-27SEP19-60-P,199.5,129.06,0.002,248.0,0.004,500.0,144.27,0.02397,-0.02229,-0.00499,0.00023,-0.01021
199.08,ETH-27SEP19,1563361155339,open,0.01,4110.0,0.001,0.055,0.015024,116.09,0.012,0.0,ETH-27SEP19-100-P,199.5,109.7,0.012,556.0,0.018,500.0,121.85,0.09891,-0.07988,-0.02763,0.00109,-0.05545
199.25,SYN.ETH-30AUG19,1563361155343,open,0.08,110.0,0.037,0.116,0.076316,121.66,0.075,0.0,ETH-30AUG19-260-C,199.5,116.62,0.07,494.0,0.083,243.0,126.89,0.25232,-0.34983,0.06249,0.00435,0.33723
199.25,SYN.ETH-30AUG19,1563361155353,open,0.03,50.0,0.001,0.071,0.031301,127.52,0.027,0.0,ETH-30AUG19-340-C,199.5,122.29,0.027,271.0,0.036,297.0,132.89,0.16922,-0.24591,0.03122,0.00278,0.16166
199.25,SYN.ETH-30AUG19,1563361155366,open,0.06,552.0,0.028,0.113,0.070807,120.87,0.075,0.0,ETH-30AUG19-160-P,199.5,115.37,0.065,482.0,0.078,392.0,127.65,0.21067,-0.29018,-0.07247,0.00365,-0.23178
199.5,SYN.ETH-19JUL19,1563361155391,open,0.08,0.0,0.027,0.106,0.066164,135.13,None,0.0,ETH-19JUL19-190-C,199.5,142.43,0.068,150.0,0.078,150.0,181.68,0.04899,-1.76472,0.0066,0.01773,0.70954
9360.17,SYN.BTC-19JUL19,1563361155398,open,0.46,16.4,0.436,0.555,0.49551062,0.0,0.495,0.0,BTC-19JUL19-14000-P,9359.57,0.0,0.4885,6.0,0.526,6.0,500.0,0.0,0.0,-0.71944,0.0,-1.0
199.5,SYN.ETH-19JUL19,1563361155394,open,0.0,403.0,0.001,0.04,0.000336,134.97,0.006,0.0,ETH-19JUL19-160-P,199.5,194.24,0.003,85.0,0.006,663.0,228.26,0.00379,-0.06698,-0.00011,0.00137,-0.00994
201.01,ETH-27DEC19,1563361155393,open,0.39,693.0,0.355,0.467,0.410651,106.43,0.423,0.0,ETH-27DEC19-240-P,199.5,102.02,0.399,30.0,0.424,30.0,111.46,0.53268,-0.17403,-0.77897,0.00278,-0.45775
199.5,SYN.ETH-19JUL19,1563361155402,open,0.0,403.0,0.001,0.04,0.000336,134.97,0.006,0.0,ETH-19JUL19-160-P,199.5,194.24,0.003,85.0,0.006,654.0,228.26,0.00379,-0.06698,-0.00011,0.00137,-0.00994
199.25,SYN.ETH-30AUG19,1563361155410,open,0.11,941.0,0.07,0.158,0.113689,120.44,0.113,0.0,ETH-30AUG19-180-P,199.5,114.3,0.106,435.0,0.121,180.0,126.31,0.24882,-0.34153,-0.10521,0.00433,-0.32561
199.46,SYN.ETH-26JUL19,1563361155416,open,0.05,711.0,0.006,0.085,0.045993,135.03,0.054,0.0,ETH-26JUL19-220-C,199.5,133.29,0.045,337.0,0.054,218.0,148.61,0.11629,-0.88453,0.0152,0.0089,0.35932
201.0,ETH-27DEC19,1563361155407,open,0.54,441.0,0.502,0.626,0.564214,107.08,0.561,0.0,ETH-27DEC19-280-P,199.5,102.08,0.551,30.0,0.578,30.0,112.27,0.53267,-0.17509,-0.99232,0.00276,-0.54213
199.46,SYN.ETH-26JUL19,1563361155423,open,0.05,711.0,0.006,0.085,0.045993,135.03,0.054,0.0,ETH-26JUL19-220-C,199.5,133.29,0.045,337.0,0.054,336.0,148.61,0.11629,-0.88453,0.0152,0.0089,0.35932
199.46,SYN.ETH-26JUL19,1563361155425,open,0.1,150.0,0.071,0.159,0.115027,134.95,0.121,0.0,ETH-26JUL19-210-P,199.5,138.2,0.117,126.0,0.127,150.0,154.38,0.12288,-0.93414,-0.03252,0.00941,-0.5555
199.46,SYN.ETH-26JUL19,1563361155432,open,0.1,150.0,0.071,0.159,0.115027,134.95,0.121,0.0,ETH-26JUL19-210-P,199.5,138.2,0.117,126.0,0.127,272.0,154.38,0.12288,-0.93414,-0.03252,0.00941,-0.5555
199.46,SYN.ETH-26JUL19,1563361155430,open,0.02,2.0,0.001,0.066,0.025015,134.97,0.032,0.0,ETH-26JUL19-170-P,199.5,139.59,0.027,406.0,0.033,200.0,153.04,0.0854,-0.64932,-0.01061,0.00654,-0.19367
199.46,SYN.ETH-26JUL19,1563361155442,open,0.05,10.0,0.018,0.102,0.060296,134.96,0.05,0.0,ETH-26JUL19-190-P,199.5,137.9,0.062,131.0,0.07,200.0,151.47,0.11727,-0.89162,-0.02079,0.00898,-0.36842
199.25,SYN.ETH-30AUG19,1563361155453,open,0.03,494.0,0.001,0.065,0.025973,129.46,0.027,0.0,ETH-30AUG19-360-C,199.5,122.6,0.021,570.0,0.03,300.0,134.58,0.15157,-0.22361,0.02661,0.00245,0.13708
199.08,ETH-27SEP19,1563361155461,open,0.09,5948.0,0.053,0.139,0.095879,112.43,0.084,0.0,ETH-27SEP19-160-P,199.5,108.23,0.09,375.0,0.101,160.0,116.1,0.27826,-0.21764,-0.13398,0.00317,-0.24589
9441.42,BTC-27DEC19,1563361155468,open,0.56,6.7,0.512,0.5915,0.55172912,98.28,0.55,0.0,BTC-27DEC19-4500-C,9359.3,0.0,0.0115,0.1,0.97,1.0,500.0,8.70519,-2.62643,15.82893,2e-05,0.92744
9382.4,BTC-27SEP19,1563361155468,open,0.84,42.8,0.8005,0.88,0.84030375,146.57,0.815,0.0,BTC-27SEP19-1500-C,9359.3,0.0,0.01,1.0,0.0,0.0,0.0,0.11854,-0.12086,2.93512,0.0,0.99917
9441.42,BTC-27DEC19,1563361155468,open,0.85,0.0,0.8025,0.882,0.84241535,122.4,None,0.0,BTC-27DEC19-1500-C,9359.3,0.0,0.021,10.0,0.984,0.5,500.0,0.73396,-0.27577,6.47399,0.0,0.99608
9441.15,BTC-27DEC19,1563361155469,open,0.05,88.4,0.0135,0.0975,0.05570213,98.06,0.0495,0.0,BTC-27DEC19-5500-P,9359.3,95.71,0.0525,16.0,0.0575,6.0,99.36,12.95198,-3.89879,-7.5951,3e-05,-0.12458
9382.4,BTC-27SEP19,1563361155469,open,0.02,383.6,0.0005,0.0605,0.02071216,113.23,0.021,0.0,BTC-27SEP19-20000-C,9359.3,111.06,0.019,22.0,0.0225,11.0,115.41,7.55602,-5.95178,1.55208,4e-05,0.10472
9362.4,SYN.BTC-26JUL19,1563361155468,open,0.62,0.0,0.5905,0.7225,0.65640507,137.14,None,0.0,BTC-26JUL19-15500-P,9359.3,0.0,0.0,0.0,0.0,0.0,0.0,0.46299,-3.57698,-3.74325,2e-05,-0.98779
9360.17,SYN.BTC-19JUL19,1563361155468,open,0.0,459.3,0.0005,0.04,0.00032937,145.0,0.0005,0.0,BTC-19JUL19-12000-C,9359.3,0.0,0.0,0.0,0.001,0.9,168.64,0.17394,-3.08294,0.0045,3e-05,0.00969
9362.4,SYN.BTC-26JUL19,1563361155468,open,1.19,0.0,1.1535,1.332,1.24274982,0.0,None,0.0,BTC-26JUL19-21000-P,9359.3,0.0,0.0,0.0,0.0,0.0,0.0,0.0,0.0,-5.10656,0.0,-1.0
9382.13,BTC-27SEP19,1563361155469,open,1.52,0.2,1.466,1.671,1.56859538,115.56,1.6,0.0,BTC-27SEP19-24000-P,9359.3,0.0,0.0,0.0,0.0,0.0,0.0,4.80378,-3.86174,-46.39113,2e-05,-0.94239
9441.15,BTC-27DEC19,1563361155470,open,3.58,0.0,3.4875,3.861,3.67405763,115.61,None,0.0,BTC-27DEC19-44000-P,9359.3,0.0,0.0,0.0,0.0,0.0,0.0,6.92036,-2.45611,-194.63925,2e-05,-0.94594
9382.13,BTC-27SEP19,1563361155470,open,0.54,289.7,0.489,0.5685,0.52893101,107.27,0.588,0.0,BTC-27SEP19-4500-C,9359.3,0.0,0.002,1.1,0.669,5.0,298.58,3.39806,-2.53581,8.01178,2e-05,0.96258
9441.15,BTC-27DEC19,1563361155470,open,3.17,0.0,3.0835,3.423,3.2531655,113.81,None,0.0,BTC-27DEC19-40000-P,9359.3,0.0,0.0005,3.0,0.0,0.0,0.0,7.93709,-2.77295,-176.47235,2e-05,-0.93562
9362.4,SYN.BTC-26JUL19,1563361155468,open,0.98,0.0,0.9485,1.11,1.02921816,0.0,None,0.0,BTC-26JUL19-19000-P,9359.3,0.0,0.0,0.0,0.0,0.0,0.0,0.0,0.0,-4.62022,0.0,-1.0
9441.15,BTC-27DEC19,1563361155470,open,2.35,0.3,2.2795,2.552,2.41564948,110.33,2.435,0.0,BTC-27DEC19-32000-P,9359.3,0.0,0.0,0.0,0.0,0.0,0.0,10.98191,-3.71963,-139.7322,3e-05,-0.90107
9382.13,BTC-27SEP19,1563361155471,open,1.31,0.2,1.265,1.453,1.35895328,113.54,1.391,0.0,BTC-27SEP19-22000-P,9359.3,0.0,0.005,10.0,1.8,0.1,398.75,5.894,-4.6555,-42.19648,3e-05,-0.92499
9441.15,BTC-27DEC19,1563361155472,open,3.99,0.0,3.892,4.299,4.09535571,116.86,None,0.0,BTC-27DEC19-48000-P,9359.3,0.0,0.0,0.0,0.0,0.0,0.0,6.00499,-2.15425,-212.75929,1e-05,-0.95475
9362.4,SYN.BTC-26JUL19,1563361155468,open,0.0,625.7,0.0005,0.04,0.00038762,144.8,0.0005,0.0,BTC-26JUL19-17000-C,9359.3,0.0,0.0,0.0,0.001,5.5,161.34,0.23801,-1.94153,0.01214,1e-05,0.00572
9362.4,SYN.BTC-26JUL19,1563361155471,open,0.43,0.0,0.3735,0.453,0.41315656,147.32,0.4,0.0,BTC-26JUL19-5500-C,9359.3,0.0,0.0005,0.1,0.0,0.0,0.0,0.30383,-2.52155,1.31887,1e-05,0.99246
9382.13,BTC-27SEP19,1563361155472,open,0.09,208.8,0.0415,0.121,0.08141976,107.66,0.083,0.0,BTC-27SEP19-13000-C,9359.3,105.52,0.078,43.4,0.0855,11.0,110.19,15.05162,-11.2723,4.56647,8e-05,0.32859
9360.17,SYN.BTC-19JUL19,1563361155468,open,0.0,163.8,0.0005,0.04,0.0,145.03,0.0005,0.0,BTC-19JUL19-16000-C,9359.3,0.0,0.0,0.0,0.0015,10.0,338.48,1e-05,-3e-05,0.0,0.0,0.0
9360.17,SYN.BTC-19JUL19,1563361155468,open,0.01,356.7,0.0005,0.0495,0.00941448,144.8,0.0095,0.0,BTC-19JUL19-8500-P,9359.3,150.83,0.0105,0.1,0.012,0.1,158.87,1.65511,-63.88368,-0.08312,0.00025,-0.1634
9362.4,SYN.BTC-26JUL19,1563361155471,open,1.09,0.0,1.051,1.221,1.13597188,0.0,None,0.0,BTC-26JUL19-20000-P,9359.3,0.0,0.0,0.0,0.0,0.0,0.0,0.0,0.0,-4.86339,0.0,-1.0
9382.13,BTC-27SEP19,1563361155473,open,0.0,442.4,0.0005,0.043,0.00336201,119.57,0.0025,0.0,BTC-27SEP19-32000-C,9359.3,112.16,0.002,39.0,0.005,30.0,126.11,2.04355,-1.69976,0.31339,1e-05,0.02032
9382.13,BTC-27SEP19,1563361155473,open,0.69,225.7,0.6425,0.722,0.68212042,121.87,0.693,0.0,BTC-27SEP19-3000-C,9359.3,0.0,0.005,20.0,0.902,5.0,500.0,0.98088,-0.83155,5.71245,0.0,0.99131
9373.56,SYN.BTC-30AUG19,1563361155472,open,0.9,0.0,0.8575,1.012,0.93475045,120.45,None,0.0,BTC-30AUG19-18000-P,9359.3,0.0,0.0,0.0,0.0,0.0,0.0,5.18691,-7.11964,-20.80944,4e-05,-0.91207
9441.15,BTC-27DEC19,1563361155474,open,1.94,0.1,1.881,2.121,2.00101572,108.77,2.02,0.0,BTC-27DEC19-28000-P,9359.3,0.0,0.001,1.0,2.5,0.1,316.51,13.24476,-4.42263,-121.01232,3e-05,-0.87136
9360.17,SYN.BTC-19JUL19,1563361155468,open,0.67,0.0,0.641,0.7775,0.70915318,0.0,None,0.0,BTC-19JUL19-16000-P,9359.3,0.0,0.0,0.0,0.0,0.0,0.0,0.0,0.0,-0.82222,0.0,-1.0
9382.13,BTC-27SEP19,1563361155474,open,2.35,0.0,2.2775,2.5505,2.41403229,119.25,None,0.0,BTC-27SEP19-32000-P,9359.3,0.0,0.0,0.0,0.0,0.0,0.0,2.01483,-1.6714,-62.70586,1e-05,-0.98001
9373.56,SYN.BTC-30AUG19,1563361155468,open,0.6,0.0,0.5665,0.6965,0.63129262,117.2,None,0.0,BTC-30AUG19-15000-P,9359.3,0.0,0.0,0.0,0.0,0.0,0.0,8.22666,-10.98784,-16.46446,7e-05,-0.82991
9382.13,BTC-27SEP19,1563361155475,open,0.64,261.1,0.59,0.6695,0.62991637,114.23,0.714,0.0,BTC-27SEP19-3500-C,9359.3,0.0,0.161,1.0,0.7215,10.0,298.48,1.48143,-1.17724,6.57962,1e-05,0.98605
9362.4,SYN.BTC-26JUL19,1563361155468,open,0.01,451.5,0.0005,0.0545,0.01406306,134.85,0.0115,0.0,BTC-26JUL19-7500-P,9359.3,131.46,0.013,30.0,0.0165,37.5,142.31,2.97246,-22.58089,-0.31215,0.0001,-0.12305
9373.56,SYN.BTC-30AUG19,1563361155468,open,0.08,28.3,0.032,0.1115,0.07181412,114.13,0.082,0.0,BTC-30AUG19-12000-C,9359.3,111.09,0.068,19.3,0.075,15.0,116.64,11.83857,-15.39725,2.96447,0.0001,0.33491
9360.17,SYN.BTC-19JUL19,1563361155471,open,0.62,0.0,0.59,0.7215,0.65574216,0.0,None,0.0,BTC-19JUL19-15500-P,9359.3,0.0,0.001,1.0,0.0,0.0,0.0,0.0,0.0,-0.79653,0.0,-1.0
9373.56,SYN.BTC-30AUG19,1563361155473,open,0.06,1.1,0.014,0.0935,0.05394867,115.12,0.063,0.0,BTC-30AUG19-13000-C,9359.3,112.07,0.0505,19.3,0.0565,15.0,117.34,10.69895,-14.03546,2.40813,9e-05,0.26767
9362.4,SYN.BTC-26JUL19,1563361155470,open,0.57,10.0,0.54,0.6675,0.60374131,141.02,0.17,0.0,BTC-26JUL19-15000-P,9359.3,0.0,0.0,0.0,0.0,0.0,0.0,0.73681,-5.85337,-3.60334,2e-05,-0.979
9360.17,SYN.BTC-19JUL19,1563361155468,open,0.15,296.3,0.131,0.225,0.17788612,142.5,0.1615,0.0,BTC-19JUL19-11000-P,9359.3,0.0,0.174,0.1,0.2,8.0,275.15,0.83148,-31.58566,-0.53622,0.00013,-0.93689
9360.17,SYN.BTC-19JUL19,1563361155472,open,0.0,170.4,0.0005,0.04,0.0,145.03,0.0005,0.0,BTC-19JUL19-16500-C,9359.3,0.0,0.0,0.0,0.0035,10.0,401.69,0.0,-1e-05,0.0,0.0,0.0
9360.17,SYN.BTC-19JUL19,1563361155468,open,0.51,0.0,0.487,0.6105,0.54892043,0.0,None,0.0,BTC-19JUL19-14500-P,9359.3,0.0,0.001,1.0,0.0,0.0,0.0,0.0,0.0,-0.74514,0.0,-1.0
9360.17,SYN.BTC-19JUL19,1563361155469,open,0.72,0.0,0.6925,0.833,0.76256422,0.0,None,0.0,BTC-19JUL19-16500-P,9359.3,0.0,0.0,0.0,0.0,0.0,0.0,0.0,0.0,-0.84792,0.0,-1.0
9362.4,SYN.BTC-26JUL19,1563361155475,open,0.0,262.6,0.0005,0.0435,0.00351201,139.71,0.0025,0.0,BTC-26JUL19-6500-P,9359.3,130.95,0.0025,40.0,0.005,37.5,150.33,1.1864,-9.33711,-0.09273,4e-05,-0.03722
9373.56,SYN.BTC-30AUG19,1563361155480,open,0.18,5.1,0.1485,0.2435,0.19611007,113.03,0.1915,0.0,BTC-30AUG19-10000-P,9359.3,111.15,0.1935,14.4,0.2035,3.0,118.38,12.95905,-16.69273,-7.7048,0.00011,-0.48768
9382.13,BTC-27SEP19,1563361155482,open,0.62,29.6,0.586,0.718,0.6519842,109.19,0.601,0.0,BTC-27SEP19-15000-P,9359.3,0.0,0.005,10.0,1.2655,0.3,500.0,12.7601,-9.69235,-26.2,7e-05,-0.76613
199.25,SYN.ETH-30AUG19,1563361155481,open,0.22,107.0,0.171,0.25,0.21029,120.48,0.184,0.0,ETH-30AUG19-180-C,199.5,108.2,0.195,120.0,0.22,120.0,128.23,0.24882,-0.34163,0.11115,0.00433,0.67439
9441.15,BTC-27DEC19,1563361155497,open,1.35,3.9,1.2935,1.484,1.38865436,105.82,0.752,0.0,BTC-27DEC19-22000-P,9359.3,0.0,0.0065,2.0,2.189,0.3,500.0,17.63044,-5.72697,-92.22803,4e-05,-0.80049
199.25,SYN.ETH-30AUG19,1563361155489,open,0.28,0.0,0.251,0.354,0.302349,120.63,None,0.0,ETH-30AUG19-240-P,199.5,112.17,0.291,120.0,0.319,120.0,132.95,0.26803,-0.36845,-0.21449,0.00466,-0.59323
199.25,SYN.ETH-30AUG19,1563361155501,open,0.22,220.0,0.182,0.28,0.231179,120.63,0.242,0.0,ETH-30AUG19-220-P,199.5,115.46,0.224,254.0,0.246,120.0,131.38,0.27549,-0.37871,-0.17777,0.00479,-0.51108
199.08,ETH-27SEP19,1563361155509,open,0.2,1291.0,0.155,0.234,0.194191,111.89,0.194,0.0,ETH-27SEP19-200-C,199.5,107.12,0.186,120.0,0.202,120.0,116.42,0.34252,-0.26659,0.1569,0.00392,0.59443
199.08,ETH-27SEP19,1563361155526,open,0.2,1291.0,0.155,0.234,0.194191,111.89,0.194,0.0,ETH-27SEP19-200-C,199.5,107.12,0.186,120.0,0.201,120.0,115.84,0.34252,-0.26659,0.1569,0.00392,0.59443
199.09,ETH-27SEP19,1563361155533,open,0.32,2398.0,0.281,0.387,0.33416,112.14,0.345,0.0,ETH-27SEP19-240-P,199.5,106.34,0.324,120.0,0.341,120.0,116.03,0.34964,-0.27274,-0.3468,0.00399,-0.55043
201.01,ETH-27DEC19,1563361155547,open,0.26,1838.0,0.224,0.325,0.274288,106.33,0.273,0.0,ETH-27DEC19-200-P,199.5,102.21,0.264,40.0,0.285,40.0,110.62,0.50167,-0.16375,-0.5677,0.00262,-0.35859
199.5,SYN.ETH-19JUL19,1563361155553,open,0.08,0.0,0.027,0.106,0.066164,135.13,None,0.0,ETH-19JUL19-190-C,199.5,138.4,0.067,150.0,0.078,150.0,181.68,0.04899,-1.76472,0.0066,0.01773,0.70954
201.01,ETH-27DEC19,1563361155571,open,0.26,1838.0,0.224,0.325,0.274288,106.33,0.273,0.0,ETH-27DEC19-200-P,199.5,102.21,0.264,40.0,0.286,40.0,111.02,0.50167,-0.16375,-0.5677,0.00262,-0.35859
199.46,SYN.ETH-26JUL19,1563361155584,open,0.02,100.0,0.001,0.056,0.016997,135.02,0.017,0.0,ETH-26JUL19-250-C,199.5,137.55,0.018,127.0,0.023,483.0,149.57,0.07771,-0.59106,0.00726,0.00595,0.16666
199.08,ETH-27SEP19,1563361155598,open,0.01,4168.0,0.001,0.048,0.008844,126.6,0.008,0.0,ETH-27SEP19-600-C,199.5,119.17,0.006,440.0,0.011,200.0,131.29,0.08553,-0.07533,0.01465,0.00087,0.0462
199.46,SYN.ETH-26JUL19,1563361155611,open,0.13,2700.0,0.104,0.194,0.148988,134.93,0.155,0.0,ETH-26JUL19-220-P,199.5,129.85,0.146,261.0,0.163,100.0,158.67,0.11627,-0.88379,-0.03831,0.00891,-0.64083
199.46,SYN.ETH-26JUL19,1563361155619,open,0.02,545.0,0.001,0.051,0.011882,135.02,0.012,0.0,ETH-26JUL19-260-C,199.5,135.37,0.012,378.0,0.017,297.0,149.8,0.06378,-0.48508,0.00545,0.00488,0.1243
9441.15,BTC-27DEC19,1563361155687,open,0.6,17.7,0.5565,0.6855,0.62093718,101.03,0.6235,0.0,BTC-27DEC19-14000-P,9359.3,97.95,0.613,6.0,0.629,3.6,104.14,24.40847,-7.57011,-51.3234,6e-05,-0.59729
9382.4,BTC-27SEP19,1563361155867,open,0.07,163.5,0.026,0.1055,0.06566339,108.45,0.069,0.0,BTC-27SEP19-14000-C,9359.3,106.31,0.0625,43.9,0.069,11.0,110.68,13.94814,-10.52256,3.90925,7e-05,0.27725
9382.13,BTC-27SEP19,1563361155890,open,0.21,218.1,0.177,0.2745,0.22568448,105.41,0.2285,0.0,BTC-27SEP19-10000-P,9359.3,104.17,0.2235,14.4,0.231,4.6,108.43,16.53065,-12.12187,-12.68941,9e-05,-0.46115
9441.15,BTC-27DEC19,1563361155927,open,0.14,161.0,0.0955,0.1865,0.14103076,98.06,0.132,0.0,BTC-27DEC19-7500-P,9359.3,95.68,0.136,10.0,0.144,6.0,99.46,19.98155,-6.01476,-16.4149,5e-05,-0.2486
9360.17,SYN.BTC-19JUL19,1563361155938,open,0.25,83.2,0.231,0.333,0.28219545,134.09,0.2865,0.0,BTC-19JUL19-12000-P,9359.3,0.0,0.2765,6.0,0.3065,6.0,352.42,0.10729,-3.83517,-0.61405,2e-05,-0.9944
9360.17,SYN.BTC-19JUL19,1563361155940,open,0.31,62.5,0.282,0.3885,0.33537302,0.0,0.3,0.0,BTC-19JUL19-12500-P,9359.3,0.0,0.329,6.0,0.361,6.0,392.72,0.0,0.0,-0.64236,0.0,-1.0
9362.4,SYN.BTC-26JUL19,1563361155941,open,0.27,315.8,0.243,0.346,0.2942926,131.1,0.284,0.0,BTC-26JUL19-12000-P,9359.3,118.92,0.2905,7.5,0.3205,7.5,192.67,3.13912,-23.1838,-2.64363,0.00011,-0.8669
9441.15,BTC-27DEC19,1563361155965,open,0.14,161.0,0.0955,0.1865,0.14103076,98.06,0.132,0.0,BTC-27DEC19-7500-P,9359.3,95.68,0.136,10.0,0.143,6.0,98.99,19.98155,-6.01476,-16.4149,5e-05,-0.2486
9360.17,SYN.BTC-19JUL19,1563361155968,open,0.25,83.2,0.231,0.333,0.28219545,134.09,0.2865,0.0,BTC-19JUL19-12000-P,9359.3,0.0,0.2775,6.0,0.3065,6.0,352.42,0.10729,-3.83517,-0.61405,2e-05,-0.9944
9360.17,SYN.BTC-19JUL19,1563361155976,open,0.31,62.5,0.282,0.3885,0.33537302,0.0,0.3,0.0,BTC-19JUL19-12500-P,9359.3,0.0,0.33,6.0,0.361,6.0,392.72,0.0,0.0,-0.64236,0.0,-1.0
9362.4,SYN.BTC-26JUL19,1563361155990,open,0.27,315.8,0.243,0.346,0.2942926,131.1,0.284,0.0,BTC-26JUL19-12000-P,9359.3,123.97,0.292,7.5,0.3205,7.5,192.67,3.13912,-23.1838,-2.64363,0.00011,-0.8669
9382.13,BTC-27SEP19,1563361156002,open,0.33,748.2,0.278,0.3575,0.31771539,104.99,0.3315,0.0,BTC-27SEP19-7000-C,9359.3,99.44,0.311,11.0,0.3535,11.0,133.3,11.45895,-8.3689,9.01295,6e-05,0.80555
9362.4,SYN.BTC-26JUL19,1563361156010,open,0.0,126.8,0.0005,0.0405,0.00053955,144.97,0.001,0.0,BTC-26JUL19-5500-P,9359.3,0.0,0.0,0.0,0.002,40.0,174.75,0.27835,-2.27316,-0.01678,1e-05,-0.00683
9362.4,SYN.BTC-26JUL19,1563361156021,open,0.0,213.0,0.0005,0.041,0.00132698,139.9,0.0015,0.0,BTC-26JUL19-6000-P,9359.3,134.13,0.001,1.0,0.0015,4.7,142.59,0.57922,-4.56499,-0.03907,2e-05,-0.01583
199.49,SYN.ETH-19JUL19,1563361156040,open,0.03,891.0,0.001,0.081,0.039911,134.91,0.047,0.0,ETH-19JUL19-200-P,199.5,156.21,0.046,94.0,0.052,154.0,177.21,0.05704,-2.05121,-0.00545,0.02067,-0.49126
199.08,ETH-27SEP19,1563361156076,open,0.01,1984.0,0.001,0.044,0.004829,130.18,0.004,0.0,ETH-27SEP19-720-C,199.49,122.34,0.003,300.0,0.007,100.0,137.22,0.05405,-0.04895,0.00846,0.00053,0.02641
201.0,ETH-27DEC19,1563361156077,open,0.48,0.0,0.436,0.515,0.475836,106.67,None,0.0,ETH-27DEC19-120-C,199.49,0.0,0.001,1100.0,2.47,1.0,500.0,0.2989,-0.09788,0.34454,0.00155,0.85997
201.0,ETH-27DEC19,1563361156077,open,0.07,624.0,0.026,0.105,0.065315,111.29,0.068,0.0,ETH-27DEC19-480-C,199.49,107.43,0.058,738.0,0.071,40.0,114.18,0.38922,-0.13297,0.13165,0.00194,0.21209
199.08,ETH-27SEP19,1563361156077,open,0.06,1846.0,0.021,0.1,0.060416,115.12,0.06,0.0,ETH-27SEP19-320-C,199.49,114.11,0.059,1.0,0.064,160.0,117.63,0.28089,-0.22493,0.07442,0.00313,0.25026
199.08,ETH-27SEP19,1563361156077,open,0.71,0.0,0.662,0.741,0.701145,133.79,0.01,0.0,ETH-27SEP19-60-C,199.49,0.0,0.003,10.0,0.0,0.0,0.0,0.02406,-0.02239,0.11314,0.00023,0.98975
200.99,ETH-27DEC19,1563361156078,open,1.05,16.0,1.0,1.165,1.082474,109.56,1.195,0.0,ETH-27DEC19-400-P,199.49,61.25,1.001,110.0,1.49,1.0,269.86,0.45416,-0.15275,-1.61407,0.0023,-0.71716
199.07,ETH-27SEP19,1563361156078,open,0.05,1705.0,0.01,0.089,0.049678,115.12,0.05,0.0,ETH-27SEP19-340-C,199.49,112.23,0.046,580.0,0.052,1.0,116.9,0.25745,-0.20616,0.06443,0.00287,0.21405
199.07,ETH-27SEP19,1563361156079,open,0.3,392.0,0.253,0.332,0.292182,112.46,0.51,0.0,ETH-27SEP19-160-C,199.49,0.0,0.1,10.0,0.0,0.0,0.0,0.27828,-0.21771,0.18106,0.00317,0.75406
199.49,SYN.ETH-19JUL19,1563361156076,open,0.09,1115.0,0.067,0.155,0.111052,134.74,0.11,0.0,ETH-19JUL19-220-P,199.49,0.0,0.095,10.0,0.146,10.0,282.95,0.03582,-1.28648,-0.00967,0.013,-0.83271
200.99,ETH-27DEC19,1563361156079,open,0.05,163.0,0.009,0.088,0.048601,113.22,0.051,0.0,ETH-27DEC19-560-C,199.49,109.1,0.042,710.0,0.053,40.0,115.83,0.33245,-0.11555,0.10383,0.00163,0.16436
199.45,SYN.ETH-26JUL19,1563361156077,open,0.19,0.0,0.133,0.212,0.1727,135.07,None,0.0,ETH-26JUL19-170-C,199.49,0.0,0.0,0.0,0.0,0.0,0.0,0.08544,-0.65009,0.03072,0.00654,0.80616
199.45,SYN.ETH-26JUL19,1563361156077,open,0.17,0.0,0.14,0.234,0.186614,134.92,None,0.0,ETH-26JUL19-230-P,199.49,98.76,0.169,120.0,0.0,0.0,0.0,0.10534,-0.80068,-0.0438,0.00807,-0.71641
199.24,SYN.ETH-30AUG19,1563361156077,open,0.35,0.0,0.298,0.377,0.337876,123.19,None,0.0,ETH-30AUG19-140-C,199.49,0.0,0.0,0.0,0.0,0.0,0.0,0.16051,-0.22534,0.12284,0.00273,0.85077
199.45,SYN.ETH-26JUL19,1563361156076,open,0.0,1074.0,0.001,0.04,1e-06,135.01,0.001,0.0,ETH-26JUL19-480-C,199.49,0.0,0.0,0.0,0.001,300.0,223.35,3e-05,-0.00021,0.0,0.0,2e-05
199.45,SYN.ETH-26JUL19,1563361156077,open,0.27,0.0,0.216,0.295,0.255337,135.14,None,0.0,ETH-26JUL19-150-C,199.49,0.0,0.0,0.0,0.0,0.0,0.0,0.0429,-0.32659,0.0326,0.00328,0.9275
199.49,SYN.ETH-19JUL19,1563361156077,open,0.67,742.0,0.637,0.772,0.704271,0.0,0.144,0.0,ETH-19JUL19-340-P,199.49,0.0,0.035,10.0,0.0,0.0,0.0,0.0,0.0,-0.01747,0.0,-1.0
199.49,SYN.ETH-19JUL19,1563361156077,open,0.0,2.0,0.001,0.04,0.0,135.01,0.002,0.0,ETH-19JUL19-420-C,199.49,0.0,0.0,0.0,0.001,300.0,422.87,0.0,0.0,0.0,0.0,0.0
199.49,SYN.ETH-19JUL19,1563361156077,open,0.57,282.0,0.54,0.668,0.60402,0.0,0.4,0.0,ETH-19JUL19-320-P,199.49,0.0,0.003,25.0,0.0,0.0,0.0,0.0,0.0,-0.01644,0.0,-1.0
199.49,SYN.ETH-19JUL19,1563361156076,open,0.76,0.0,0.733,0.876,0.804522,0.0,None,0.0,ETH-19JUL19-360-P,199.49,0.0,0.001,25.0,0.0,0.0,0.0,0.0,0.0,-0.0185,0.0,-1.0
199.45,SYN.ETH-26JUL19,1563361156077,open,0.12,0.0,0.068,0.147,0.107709,135.04,None,0.0,ETH-26JUL19-190-C,199.49,132.13,0.106,150.0,0.117,150.0,150.81,0.11728,-0.89216,0.0254,0.00898,0.63147
199.45,SYN.ETH-26JUL19,1563361156078,open,0.67,1130.0,0.637,0.773,0.705123,132.58,0.6,0.0,ETH-26JUL19-340-P,199.49,0.0,0.666,30.0,0.745,30.0,305.51,0.00578,-0.04315,-0.08238,0.00045,-0.99337
199.49,SYN.ETH-19JUL19,1563361156077,open,0.0,739.0,0.001,0.04,0.0,135.02,0.003,0.0,ETH-19JUL19-300-C,199.49,0.0,0.0,0.0,0.001,300.0,255.13,1e-05,-6e-05,0.0,0.0,2e-05
199.45,SYN.ETH-26JUL19,1563361156077,open,0.0,1780.0,0.001,0.04,3.7e-05,135.01,0.001,0.0,ETH-26JUL19-400-C,199.49,0.0,0.0,0.0,0.001,187.0,183.67,0.00074,-0.00563,3e-05,6e-05,0.00069
199.45,SYN.ETH-26JUL19,1563361156076,open,0.0,1248.0,0.001,0.04,0.0,135.01,0.001,0.0,ETH-26JUL19-560-C,199.49,0.0,0.0,0.0,0.001,389.0,255.82,0.0,-1e-05,0.0,0.0,0.0
199.45,SYN.ETH-26JUL19,1563361156081,open,0.23,0.0,0.173,0.252,0.212122,135.09,None,0.0,ETH-26JUL19-160-C,199.49,0.0,0.0,0.0,0.0,0.0,0.0,0.06394,-0.4866,0.03216,0.00489,0.87523
9382.13,BTC-27SEP19,1563361156090,open,0.21,218.1,0.177,0.2745,0.22569856,105.41,0.2285,0.0,BTC-27SEP19-10000-P,9359.3,104.17,0.2235,14.4,0.231,4.7,108.43,16.53065,-12.12187,-12.68941,9e-05,-0.46115
9441.15,BTC-27DEC19,1563361156190,open,0.01,463.2,0.0005,0.0495,0.00958972,118.35,0.008,0.0,BTC-27DEC19-52000-C,9359.3,115.36,0.008,46.1,0.0115,11.0,121.55,5.32095,-1.93323,1.23787,1e-05,0.03897
9441.15,BTC-27DEC19,1563361156193,open,0.01,463.2,0.0005,0.0495,0.00958972,118.35,0.008,0.0,BTC-27DEC19-52000-C,9359.3,115.36,0.008,46.1,0.011,10.0,120.75,5.32095,-1.93323,1.23787,1e-05,0.03897
9441.15,BTC-27DEC19,1563361156231,open,0.52,68.4,0.4715,0.551,0.51102426,98.07,0.511,0.0,BTC-27DEC19-5000-C,9359.3,93.14,0.5055,11.0,0.5135,11.0,100.2,10.83844,-3.26304,16.506,3e-05,0.90283
9441.15,BTC-27DEC19,1563361156233,open,0.01,463.2,0.0005,0.0495,0.00958972,118.35,0.008,0.0,BTC-27DEC19-52000-C,9359.3,115.36,0.008,46.1,0.0105,11.0,119.92,5.32095,-1.93323,1.23787,1e-05,0.03897
9362.4,SYN.BTC-26JUL19,1563361156364,open,0.15,53.1,0.093,0.1725,0.13263235,132.05,0.1405,0.0,BTC-26JUL19-8500-C,9359.3,122.11,0.1275,6.0,0.135,11.5,136.38,4.94472,-36.78256,1.32893,0.00018,0.71643
9441.15,BTC-27DEC19,1563361156369,open,0.6,17.7,0.5565,0.6855,0.62110747,101.03,0.6235,0.0,BTC-27DEC19-14000-P,9359.3,97.95,0.613,6.0,0.6295,3.6,104.33,24.40847,-7.57011,-51.3234,6e-05,-0.59729
9360.17,SYN.BTC-19JUL19,1563361156379,open,0.04,547.1,0.0065,0.0895,0.04804229,139.08,0.053,0.0,BTC-19JUL19-9500-P,9359.3,146.22,0.05,1.8,0.0545,6.0,162.01,2.66382,-98.7598,-0.28252,0.00043,-0.53938
9441.15,BTC-27DEC19,1563361156459,open,0.52,68.4,0.4715,0.551,0.51102426,98.07,0.511,0.0,BTC-27DEC19-5000-C,9359.3,94.05,0.5065,11.0,0.5135,11.0,100.2,10.83844,-3.26304,16.506,3e-05,0.90283
9382.08,BTC-27SEP19,1563361156468,open,0.0,122.0,0.0005,0.0435,0.00383105,111.61,0.0015,0.0,BTC-27SEP19-3750-P,9359.88,107.05,0.003,19.7,0.005,24.0,117.13,1.83445,-1.42434,-0.40152,1e-05,-0.0179
9382.08,BTC-27SEP19,1563361156468,open,0.56,0.2,0.514,0.5935,0.55364609,108.53,0.65,0.0,BTC-27SEP19-4250-C,9359.88,0.0,0.005,10.1,0.682,5.0,299.33,2.81014,-2.12159,7.69755,1e-05,0.97029
9441.82,BTC-27DEC19,1563361156469,open,0.03,76.4,0.0005,0.069,0.02835798,98.29,0.0285,0.0,BTC-27DEC19-4500-P,9359.88,96.25,0.0265,16.0,0.03,6.0,100.06,8.70585,-2.62692,-4.25219,2e-05,-0.07257
9441.82,BTC-27DEC19,1563361156469,open,3.17,0.0,3.084,3.4235,3.25375098,114.84,None,0.0,BTC-27DEC19-40000-P,9359.88,0.0,0.0005,3.0,0.0,0.0,0.0,8.18868,-2.88683,-176.39839,2e-05,-0.93298
9441.82,BTC-27DEC19,1563361156469,open,0.6,27.6,0.5555,0.635,0.59517779,98.86,0.6525,0.0,BTC-27DEC19-4000-C,9359.88,0.0,0.0155,10.0,0.642,0.2,149.98,6.65719,-2.02031,14.88753,2e-05,0.94853
9382.08,BTC-27SEP19,1563361156470,open,0.66,0.0,0.616,0.6955,0.65575862,116.25,None,0.0,BTC-27SEP19-3250-C,9359.88,0.0,0.005,10.0,0.8975,5.0,500.0,1.14447,-0.92552,6.1685,1e-05,0.98964
9382.08,BTC-27SEP19,1563361156471,open,0.0,421.0,0.0005,0.045,0.00498961,109.61,0.0045,0.0,BTC-27SEP19-4000-P,9359.88,105.25,0.004,19.7,0.006,24.0,113.58,2.26638,-1.7281,-0.51661,1e-05,-0.02297
9441.82,BTC-27DEC19,1563361156470,open,0.0,148.7,0.0005,0.041,0.00127281,122.18,0.0005,0.0,BTC-27DEC19-1500-P,9359.88,0.0,0.0,0.0,0.0025,16.0,134.76,0.72755,-0.27289,-0.21721,0.0,-0.00388
9441.82,BTC-27DEC19,1563361156471,open,0.65,4.0,0.6015,0.681,0.64121678,100.15,0.64,0.0,BTC-27DEC19-3500-C,9359.88,0.0,0.0075,0.2,0.78,1.0,256.86,4.82114,-1.48222,13.66116,1e-05,0.96546
9362.12,SYN.BTC-26JUL19,1563361156468,open,0.32,0.0,0.2695,0.349,0.30925074,139.9,0.3665,0.0,BTC-26JUL19-6500-C,9359.88,0.0,0.005,0.1,0.0,0.0,0.0,1.19128,-9.38862,1.48738,4e-05,0.96259
9441.82,BTC-27DEC19,1563361156471,open,0.79,0.0,0.7505,0.83,0.79049487,112.43,None,0.0,BTC-27DEC19-2000-C,9359.88,0.0,0.0155,3.0,0.981,0.5,500.0,1.27594,-0.44038,8.51931,0.0,0.9927
9359.9,SYN.BTC-19JUL19,1563361156468,open,0.11,415.7,0.0835,0.1735,0.12854589,140.51,0.137,0.0,BTC-19JUL19-10500-P,9359.88,136.99,0.128,6.0,0.135,6.0,176.29,1.47655,-55.30337,-0.4766,0.00023,-0.86232
9441.82,BTC-27DEC19,1563361156472,open,0.69,5.6,0.643,0.7795,0.71142242,101.9,0.7075,0.0,BTC-27DEC19-15000-P,9359.88,0.0,0.005,10.0,1.4705,0.2,500.0,23.75134,-7.42961,-56.64255,6e-05,-0.63296
9441.82,BTC-27DEC19,1563361156472,open,2.76,1.3,2.681,2.987,2.8340589,112.91,2.792,0.0,BTC-27DEC19-36000-P,9359.88,0.0,0.0005,1.0,0.0,0.0,0.0,9.4784,-3.28527,-158.12009,2e-05,-0.91885
9362.12,SYN.BTC-26JUL19,1563361156468,open,0.23,17.0,0.1735,0.253,0.21300371,134.97,0.246,0.0,BTC-26JUL19-7500-C,9359.88,0.0,0.005,0.1,0.0,0.0,0.0,2.9757,-22.62516,1.51109,0.0001,0.87676
9359.9,SYN.BTC-19JUL19,1563361156471,open,0.01,198.9,0.0005,0.0425,0.00283535,144.1,0.003,0.0,BTC-19JUL19-11000-C,9359.88,140.3,0.0025,2.8,0.004,11.2,155.73,0.85424,-26.53859,0.03007,0.00013,0.06534
9373.24,SYN.BTC-30AUG19,1563361156469,open,0.02,0.5,0.0005,0.0585,0.0186556,119.64,0.019,0.0,BTC-30AUG19-17000-C,9359.88,114.57,0.0155,34.0,0.0205,15.0,122.41,6.10072,-8.31771,1.02637,5e-05,0.10975
9359.9,SYN.BTC-19JUL19,1563361156468,open,0.12,6.1,0.0615,0.141,0.10133316,145.04,0.109,0.0,BTC-19JUL19-8500-C,9359.88,121.57,0.0975,6.0,0.104,6.0,159.52,1.65792,-64.10072,0.35345,0.00025,0.83617
9359.9,SYN.BTC-19JUL19,1563361156468,open,0.02,266.8,0.0005,0.0645,0.02399177,143.89,0.027,0.0,BTC-19JUL19-9000-P,9359.88,143.92,0.024,1.7,0.027,1.0,155.37,2.43862,-93.5338,-0.1717,0.00038,-0.33298
9362.12,SYN.BTC-26JUL19,1563361156469,open,0.01,194.6,0.0005,0.049,0.00911746,133.89,0.01,0.0,BTC-26JUL19-12500-C,9359.88,129.68,0.008,40.0,0.011,11.5,140.45,2.5669,-19.36043,0.20748,9e-05,0.10025
9359.9,SYN.BTC-19JUL19,1563361156468,open,0.02,115.8,0.0005,0.0555,0.01571565,139.38,0.015,0.0,BTC-19JUL19-10000-C,9359.88,138.47,0.0155,2.1,0.0165,0.1,142.67,2.21948,-82.46101,0.12242,0.00035,0.27023
9362.12,SYN.BTC-26JUL19,1563361156470,open,0.02,342.6,0.0005,0.058,0.01815563,130.02,0.02,0.0,BTC-26JUL19-11500-C,9359.88,128.41,0.0175,24.0,0.021,11.5,136.79,3.83909,-28.12027,0.36986,0.00014,0.18062
9359.9,SYN.BTC-19JUL19,1563361156472,open,0.0,3.0,0.0005,0.0425,0.00274606,144.98,0.0025,0.0,BTC-19JUL19-8000-P,9359.88,153.37,0.0035,2.1,0.0055,46.0,172.13,0.78968,-25.70282,-0.02974,0.00012,-0.05908
9359.9,SYN.BTC-19JUL19,1563361156470,open,0.0,297.0,0.0005,0.04,1.58e-06,145.01,0.0005,0.0,BTC-19JUL19-14000-C,9359.88,0.0,0.0,0.0,0.0015,21.0,267.16,0.00181,-0.01479,3e-05,0.0,7e-05
9362.12,SYN.BTC-26JUL19,1563361156470,open,0.11,60.3,0.061,0.1405,0.10083906,131.4,0.1,0.0,BTC-26JUL19-9000-C,9359.88,124.11,0.0965,18.0,0.1035,11.5,135.87,5.5763,-41.27851,1.17278,0.0002,0.61599
9362.12,SYN.BTC-26JUL19,1563361156470,open,0.01,630.9,0.0005,0.046,0.0062372,134.64,0.0065,0.0,BTC-26JUL19-13000-C,9359.88,131.09,0.0055,40.0,0.0075,0.1,140.24,2.01025,-15.24699,0.15048,7e-05,0.07234
9359.9,SYN.BTC-19JUL19,1563361156468,open,0.36,82.8,0.3335,0.444,0.3888902,0.0,0.348,0.0,BTC-19JUL19-13000-P,9359.88,0.0,0.3795,6.0,0.4165,6.0,435.98,0.0,0.0,-0.66806,0.0,-1.0
9362.12,SYN.BTC-26JUL19,1563361156473,open,0.37,28.7,0.339,0.4505,0.39477002,134.44,0.284,0.0,BTC-26JUL19-13000-P,9359.88,0.0,0.384,7.5,0.423,7.5,216.08,2.00318,-15.17142,-3.01139,7e-05,-0.928
9362.12,SYN.BTC-26JUL19,1563361156469,open,0.42,32.3,0.389,0.504,0.44648248,136.88,0.29,0.0,BTC-26JUL19-13500-P,9359.88,0.0,0.435,7.5,0.476,7.5,229.7,1.59844,-12.32517,-3.17032,5e-05,-0.94609
9441.24,BTC-27DEC19,1563361156476,open,0.04,90.6,0.0005,0.075,0.03531194,108.8,0.0355,0.0,BTC-27DEC19-28000-C,9359.88,107.49,0.0335,6.0,0.0385,11.0,111.02,13.25161,-4.42595,3.93588,3e-05,0.12873
9382.66,BTC-27SEP19,1563361156493,open,0.62,29.6,0.586,0.718,0.65203867,109.29,0.601,0.0,BTC-27SEP19-15000-P,9359.88,0.0,0.005,10.0,1.265,0.3,500.0,12.77206,-9.71022,-26.19562,7e-05,-0.76576
9362.12,SYN.BTC-26JUL19,1563361156504,open,0.05,132.3,0.0005,0.0775,0.03775918,129.28,0.038,0.0,BTC-26JUL19-10500-C,9359.88,127.01,0.0365,24.0,0.0415,21.5,135.94,5.21964,-38.01282,0.64215,0.00019,0.31983
9441.24,BTC-27DEC19,1563361156495,open,0.04,90.6,0.0005,0.075,0.03531194,108.8,0.0355,0.0,BTC-27DEC19-28000-C,9359.88,107.49,0.0335,6.0,0.0385,21.0,111.02,13.25161,-4.42595,3.93588,3e-05,0.12873
9441.82,BTC-27DEC19,1563361156508,open,1.35,3.9,1.2935,1.484,1.38870081,105.92,0.752,0.0,BTC-27DEC19-22000-P,9359.88,0.0,0.0065,2.0,2.1885,0.3,500.0,17.65668,-5.74134,-92.21672,4e-05,-0.80002
199.07,ETH-27SEP19,1563361156594,open,0.0,389.0,0.001,0.042,0.002518,133.66,0.002,0.0,ETH-27SEP19-60-P,199.49,129.05,0.002,249.0,0.004,500.0,144.26,0.02397,-0.02229,-0.00499,0.00023,-0.01021
199.08,ETH-27SEP19,1563361156642,open,0.01,4110.0,0.001,0.055,0.015024,116.1,0.012,0.0,ETH-27SEP19-100-P,199.49,109.7,0.012,558.0,0.018,500.0,121.85,0.09892,-0.07989,-0.02763,0.00109,-0.05546
199.07,ETH-27SEP19,1563361156653,open,0.03,4141.0,0.001,0.07,0.030868,118.1,0.026,0.0,ETH-27SEP19-400-C,199.49,115.16,0.028,591.0,0.033,200.0,120.2,0.19893,-0.16343,0.04373,0.00216,0.14243
199.08,ETH-27SEP19,1563361156664,open,0.05,1732.0,0.002,0.081,0.041895,115.93,0.043,0.0,ETH-27SEP19-360-C,199.49,113.45,0.039,587.0,0.045,161.0,118.51,0.23628,-0.19055,0.05633,0.00261,0.18558
199.49,SYN.ETH-19JUL19,1563361156674,open,0.06,166.0,0.029,0.114,0.071397,134.85,0.076,0.0,ETH-19JUL19-210-P,199.49,160.37,0.078,84.0,0.083,262.0,179.04,0.05077,-1.82523,-0.00776,0.01841,-0.68539
199.45,SYN.ETH-26JUL19,1563361156676,open,0.07,3238.0,0.042,0.128,0.085336,134.96,0.092,0.0,ETH-26JUL19-200-P,199.49,137.69,0.087,127.0,0.096,294.0,152.23,0.12355,-0.93935,-0.02661,0.00946,-0.46331
9362.12,SYN.BTC-26JUL19,1563361156691,open,0.01,280.7,0.0005,0.0445,0.00454456,137.13,0.006,0.0,BTC-26JUL19-13500-C,9359.88,133.84,0.004,10.1,0.0055,3.3,142.4,1.60709,-12.41476,0.11322,5e-05,0.05428
9362.12,SYN.BTC-26JUL19,1563361156720,open,0.05,733.2,0.02,0.1045,0.06213101,131.36,0.067,0.0,BTC-26JUL19-9000-P,9359.88,129.46,0.061,24.1,0.067,7.5,139.52,5.57625,-41.26289,-1.01565,0.0002,-0.384
199.07,ETH-27SEP19,1563361156970,open,0.91,259.0,0.869,1.023,0.945896,118.1,0.94,0.0,ETH-27SEP19-380-P,199.49,0.0,0.008,12.0,0.0,0.0,0.0,0.21981,-0.18058,-0.69789,0.00239,-0.83439
199.07,ETH-27SEP19,1563361156978,open,0.81,233.0,0.777,0.924,0.850297,115.93,0.763,0.0,ETH-27SEP19-360-P,199.49,0.0,0.0,0.0,0.99,1.0,206.37,0.23623,-0.1905,-0.6526,0.00261,-0.81446
9382.66,BTC-27SEP19,1563361156981,open,0.49,793.2,0.4415,0.521,0.48121131,105.95,0.5945,0.0,BTC-27SEP19-5000-C,9359.88,94.71,0.476,11.0,0.483,11.0,109.35,4.81442,-3.54851,8.51797,3e-05,0.94223
9441.82,BTC-27DEC19,1563361156986,open,0.29,181.6,0.235,0.3145,0.27473925,98.05,0.287,0.0,BTC-27DEC19-9000-C,9359.88,96.12,0.27,3.6,0.2785,11.0,99.58,23.22147,-6.98952,16.04938,6e-05,0.65566
9382.66,BTC-27SEP19,1563361157003,open,0.45,35.9,0.4085,0.5255,0.46702771,107.69,0.391,0.0,BTC-27SEP19-13000-P,9359.88,105.49,0.4635,6.0,0.4805,6.0,115.97,15.05538,-11.27899,-21.03129,8e-05,-0.67126
9382.08,BTC-27SEP19,1563361157011,open,0.21,379.0,0.1615,0.241,0.20129825,104.86,0.2015,0.0,BTC-27SEP19-9000-C,9359.88,102.3,0.197,14.4,0.204,11.0,106.47,15.77021,-11.50367,7.85158,9e-05,0.62628
9359.9,SYN.BTC-19JUL19,1563361157026,open,0.04,547.1,0.0065,0.0895,0.04804229,139.29,0.053,0.0,BTC-19JUL19-9500-P,9359.88,146.16,0.05,1.8,0.054,6.0,160.19,2.66375,-98.90214,-0.28255,0.00042,-0.53938
199.44,SYN.ETH-26JUL19,1563361157041,open,0.57,519.0,0.542,0.669,0.605565,133.7,0.183,0.0,ETH-26JUL19-320-P,199.49,0.0,0.051,5.0,0.0,0.0,0.0,0.01195,-0.08998,-0.07713,0.00092,-0.98475
201.0,ETH-27DEC19,1563361157076,open,0.87,241.0,0.828,0.98,0.903886,109.11,0.986,0.0,ETH-27DEC19-360-P,199.47,76.27,0.833,110.0,1.59,1.0,428.64,0.48726,-0.16321,-1.41013,0.00248,-0.66829
199.07,ETH-27SEP19,1563361157076,open,0.39,1374.0,0.355,0.467,0.410859,112.3,0.42,0.0,ETH-27SEP19-260-P,199.47,89.33,0.373,110.0,0.0,0.0,0.0,0.33824,-0.26425,-0.40128,0.00386,-0.6128
199.07,ETH-27SEP19,1563361157076,open,0.72,345.0,0.688,0.827,0.757534,115.05,0.76,0.0,ETH-27SEP19-340-P,199.47,0.0,0.697,110.0,1.19,1.0,374.53,0.2573,-0.20592,-0.60515,0.00287,-0.78617
201.0,ETH-27DEC19,1563361157077,open,0.7,82.0,0.661,0.798,0.729632,107.95,0.64,0.0,ETH-27DEC19-320-P,199.47,83.98,0.671,110.0,1.58,1.0,500.0,0.51445,-0.17049,-1.20326,0.00264,-0.6119
199.05,ETH-27SEP19,1563361157077,open,0.37,191.0,0.316,0.395,0.355703,113.17,0.5,0.0,ETH-27SEP19-140-C,199.47,0.0,0.01,50.0,0.0,0.0,0.0,0.22402,-0.17637,0.18568,0.00254,0.82941
200.98,ETH-27DEC19,1563361157078,open,2.35,0.0,2.282,2.555,2.418435,117.2,None,0.0,ETH-27DEC19-680-P,199.47,0.0,0.0,0.0,0.0,0.0,0.0,0.2716,-0.09772,-2.95645,0.00129,-0.87807
199.23,SYN.ETH-30AUG19,1563361157076,open,0.36,0.0,0.326,0.436,0.381246,121.61,None,0.0,ETH-30AUG19-260-P,199.47,86.54,0.34,120.0,0.0,0.0,0.0,0.25225,-0.34958,-0.25008,0.00435,-0.66296
200.98,ETH-27DEC19,1563361157078,open,0.14,129.0,0.098,0.177,0.137513,107.93,0.144,0.0,ETH-27DEC19-320-C,199.47,104.19,0.128,356.0,0.146,246.0,111.23,0.51435,-0.17042,0.22462,0.00264,0.38797
199.05,ETH-27SEP19,1563361157078,open,0.64,496.0,0.602,0.734,0.667872,115.01,0.67,0.0,ETH-27SEP19-320-P,199.47,0.0,0.041,30.0,1.39,1.0,500.0,0.28058,-0.22448,-0.55584,0.00313,-0.75019
199.48,SYN.ETH-19JUL19,1563361157076,open,0.0,142.0,0.001,0.04,0.0,135.01,0.001,0.0,ETH-19JUL19-400-C,199.47,0.0,0.0,0.0,0.001,300.0,399.47,0.0,0.0,0.0,0.0,0.0
199.05,ETH-27SEP19,1563361157080,open,0.0,1735.0,0.001,0.046,0.006588,122.88,0.006,0.0,ETH-27SEP19-80-P,199.47,116.49,0.005,300.0,0.008,500.0,127.89,0.05323,-0.04551,-0.01275,0.00056,-0.02593
199.48,SYN.ETH-19JUL19,1563361157076,open,0.27,789.0,0.252,0.355,0.303433,123.1,0.297,0.0,ETH-19JUL19-260-P,199.47,0.0,0.283,10.0,0.33,10.0,377.4,0.00072,-0.02353,-0.01335,0.00028,-0.99845
9441.82,BTC-27DEC19,1563361157071,open,0.33,205.5,0.281,0.3605,0.32074023,98.05,0.32,0.0,BTC-27DEC19-8000-C,9359.88,94.63,0.313,11.0,0.3225,11.0,98.84,21.26068,-6.39923,16.78962,5e-05,0.71921
199.48,SYN.ETH-19JUL19,1563361157077,open,0.17,0.0,0.11,0.189,0.149652,135.6,None,0.0,ETH-19JUL19-170-C,199.47,0.0,0.0,0.0,0.0,0.0,0.0,0.01359,-0.49133,0.00825,0.0049,0.95484
199.44,SYN.ETH-26JUL19,1563361157077,open,0.32,0.0,0.262,0.341,0.301426,135.26,None,0.0,ETH-26JUL19-140-C,199.47,0.0,0.0,0.0,0.0,0.0,0.0,0.02531,-0.19284,0.03207,0.00193,0.96272
9382.08,BTC-27SEP19,1563361157091,open,0.4,714.8,0.354,0.4335,0.39357003,105.17,0.434,0.0,BTC-27SEP19-6000-C,9359.88,99.18,0.3885,11.0,0.3965,11.0,108.47,8.17001,-5.97739,9.04598,4e-05,0.88322
9382.66,BTC-27SEP19,1563361157094,open,0.45,35.9,0.4085,0.5255,0.46696349,107.69,0.391,0.0,BTC-27SEP19-13000-P,9359.88,105.49,0.4635,6.0,0.4795,6.0,115.36,15.05538,-11.27899,-21.03129,8e-05,-0.67126
199.05,ETH-27SEP19,1563361157110,open,0.05,7577.0,0.017,0.101,0.05895,113.09,0.057,0.0,ETH-27SEP19-140-P,199.47,109.55,0.055,257.0,0.063,160.0,116.67,0.22395,-0.17618,-0.08994,0.00254,-0.17051
9441.82,BTC-27DEC19,1563361157169,open,0.33,205.5,0.281,0.3605,0.32074023,98.05,0.32,0.0,BTC-27DEC19-8000-C,9359.88,95.07,0.314,11.0,0.3225,11.0,98.84,21.26068,-6.39923,16.78962,5e-05,0.71921
9382.08,BTC-27SEP19,1563361157187,open,0.26,901.1,0.214,0.2935,0.25394223,104.97,0.25,0.0,BTC-27SEP19-8000-C,9359.88,99.67,0.246,11.0,0.256,11.0,106.34,14.07848,-10.28066,8.56167,8e-05,0.71736
199.48,SYN.ETH-19JUL19,1563361157208,open,0.09,1115.0,0.067,0.155,0.111098,134.74,0.11,0.0,ETH-19JUL19-220-P,199.47,0.0,0.095,10.0,0.147,10.0,286.56,0.0358,-1.28564,-0.00968,0.01299,-0.83285
9441.82,BTC-27DEC19,1563361157287,open,0.52,68.4,0.4715,0.551,0.51105204,98.04,0.511,0.0,BTC-27DEC19-5000-C,9359.88,94.02,0.5065,11.0,0.514,11.0,100.6,10.83455,-3.26073,16.51004,3e-05,0.90288
9382.08,BTC-27SEP19,1563361157298,open,0.45,224.0,0.396,0.4755,0.43594249,105.37,0.5225,0.0,BTC-27SEP19-5500-C,9359.88,97.8,0.431,11.0,0.4385,11.0,108.99,6.44541,-4.72453,8.86107,4e-05,0.91558
9441.82,BTC-27DEC19,1563361157312,open,0.45,122.9,0.398,0.4775,0.43789306,98.04,0.439,0.0,BTC-27DEC19-6000-C,9359.88,93.99,0.4315,11.0,0.44,11.0,99.39,14.96042,-4.50266,17.19896,4e-05,0.84607
9382.59,BTC-27SEP19,1563361157445,open,2.14,0.0,2.074,2.3295,2.20165268,118.13,None,0.0,BTC-27SEP19-30000-P,9359.88,0.0,0.0,0.0,0.0,0.0,0.0,2.45633,-2.01857,-58.68718,1e-05,-0.97472
200.98,ETH-27DEC19,1563361157463,open,0.22,381.0,0.177,0.256,0.216664,106.42,0.231,0.0,ETH-27DEC19-240-C,199.47,102.4,0.206,364.0,0.227,214.0,110.33,0.53261,-0.17401,0.29192,0.00278,0.54216
9441.89,BTC-27DEC19,1563361157467,open,0.06,105.1,0.0185,0.098,0.05847763,105.83,0.059,0.0,BTC-27DEC19-22000-C,9359.4,104.5,0.056,4.9,0.0615,21.0,107.44,17.63777,-5.73041,5.94678,4e-05,0.19962
9382.59,BTC-27SEP19,1563361157467,open,1.73,0.0,1.6685,1.89,1.77926571,117.69,None,0.0,BTC-27SEP19-26000-P,9359.4,0.0,0.0,0.0,0.0,0.0,0.0,3.97977,-3.25831,-50.51004,2e-05,-0.95453
9441.41,BTC-27DEC19,1563361157468,open,0.0,88.9,0.0005,0.042,0.00233283,112.53,0.003,0.0,BTC-27DEC19-2000-P,9359.4,105.51,0.0015,10.0,0.0035,16.0,120.08,1.2809,-0.4425,-0.40735,0.0,-0.00734
9441.41,BTC-27DEC19,1563361157469,open,0.01,78.3,0.0005,0.051,0.01129393,116.96,0.0145,0.0,BTC-27DEC19-48000-C,9359.4,114.86,0.01,6.0,0.013,11.0,119.52,6.02703,-2.16401,1.43935,1e-05,0.04546
9362.69,SYN.BTC-26JUL19,1563361157467,open,0.03,450.9,0.0005,0.082,0.04052936,131.95,0.042,0.0,BTC-26JUL19-8500-P,9359.4,130.0,0.0395,24.1,0.045,41.5,140.36,4.94367,-36.74731,-0.73757,0.00018,-0.28343
9382.11,BTC-27SEP19,1563361157470,open,0.01,92.2,0.0005,0.048,0.00802522,117.34,0.007,0.0,BTC-27SEP19-26000-C,9359.4,114.79,0.007,1.7,0.009,11.0,119.58,3.93435,-3.21147,0.67998,2e-05,0.04483
9382.11,BTC-27SEP19,1563361157471,open,0.51,13.5,0.465,0.5445,0.50482653,106.62,0.382,0.0,BTC-27SEP19-4750-C,9359.4,0.0,0.005,10.0,0.6575,5.0,299.1,4.08338,-3.02875,8.28097,2e-05,0.95305
9441.41,BTC-27DEC19,1563361157471,open,0.42,63.0,0.3655,0.445,0.40512013,98.07,0.4965,0.0,BTC-27DEC19-6500-C,9359.4,61.64,0.345,1.0,0.963,2.0,500.0,16.82131,-5.06419,17.27884,4e-05,0.81524
9382.11,BTC-27SEP19,1563361157471,open,0.01,318.1,0.0005,0.0485,0.00854995,107.23,0.007,0.0,BTC-27SEP19-4500-P,9359.4,104.23,0.0075,21.0,0.01,29.0,111.08,3.39475,-2.53227,-0.84848,2e-05,-0.03738
9441.41,BTC-27DEC19,1563361157472,open,0.05,172.4,0.009,0.0885,0.04897272,106.93,0.0485,0.0,BTC-27DEC19-24000-C,9359.4,105.76,0.047,4.9,0.052,21.0,108.69,16.03914,-5.26491,5.15459,4e-05,0.17132
9373.79,SYN.BTC-30AUG19,1563361157471,open,0.51,0.0,0.4735,0.5955,0.53460807,116.45,None,0.0,BTC-30AUG19-14000-P,9359.4,0.0,0.0,0.0,0.0,0.0,0.0,9.47732,-12.57666,-14.87757,8e-05,-0.78573
9360.47,SYN.BTC-19JUL19,1563361157467,open,0.0,146.9,0.0005,0.04,2.623e-05,144.98,0.0005,0.0,BTC-19JUL19-13000-C,9359.4,0.0,0.0,0.0,0.001,2.0,212.78,0.02135,-0.24549,0.00044,0.0,0.00094
9441.41,BTC-27DEC19,1563361157472,open,0.03,58.2,0.0005,0.0665,0.02670149,110.73,0.03,0.0,BTC-27DEC19-32000-C,9359.4,109.26,0.025,6.0,0.0295,21.0,113.05,11.08646,-3.76866,3.09746,3e-05,0.10022
9362.69,SYN.BTC-26JUL19,1563361157470,open,0.0,511.1,0.0005,0.0405,0.00072707,141.75,0.0005,0.0,BTC-26JUL19-16000-C,9359.4,0.0,0.0,0.0,0.001,3.7,147.44,0.40077,-3.20036,0.02189,1e-05,0.01034
9362.69,SYN.BTC-26JUL19,1563361157471,open,0.19,35.6,0.13,0.2095,0.16999202,132.39,0.1785,0.0,BTC-26JUL19-8000-C,9359.4,0.0,0.0005,5.0,0.0,0.0,0.0,4.00641,-29.88094,1.44917,0.00014,0.80651
9373.79,SYN.BTC-30AUG19,1563361157468,open,0.39,0.0,0.342,0.4215,0.38177161,116.79,None,0.0,BTC-30AUG19-6000-C,9359.4,0.0,0.0,0.0,0.0,0.0,0.0,5.53841,-7.37123,5.8837,4e-05,0.90393
9360.47,SYN.BTC-19JUL19,1563361157467,open,0.07,372.8,0.041,0.127,0.08409661,139.56,0.093,0.0,BTC-19JUL19-10000-P,9359.4,139.15,0.084,6.0,0.091,6.0,167.6,2.22172,-82.65234,-0.39124,0.00035,-0.72926
9373.79,SYN.BTC-30AUG19,1563361157470,open,0.02,0.5,0.0005,0.0545,0.01465666,120.81,0.02,0.0,BTC-30AUG19-18000-C,9359.4,114.78,0.0115,34.0,0.0165,15.0,124.01,5.22442,-7.19248,0.83524,4e-05,0.08878
9360.47,SYN.BTC-19JUL19,1563361157472,open,0.17,0.0,0.1085,0.188,0.14803748,144.42,None,0.0,BTC-19JUL19-8000-C,9359.4,0.0,0.0,0.0,0.0,0.0,0.0,0.782,-30.10421,0.38175,0.00012,0.94165
9373.79,SYN.BTC-30AUG19,1563361157470,open,0.04,20.2,0.004,0.087,0.04563774,114.53,0.0445,0.0,BTC-30AUG19-7000-P,9359.4,111.56,0.043,19.3,0.0485,13.0,117.71,8.38286,-10.9409,-2.48808,7e-05,-0.17517
9441.41,BTC-27DEC19,1563361157478,open,0.02,186.2,0.0005,0.0605,0.02096818,112.64,0.031,0.0,BTC-27DEC19-36000-C,9359.4,110.61,0.019,6.0,0.0225,11.0,114.15,9.41063,-3.25415,2.5034,2e-05,0.08039
9382.11,BTC-27SEP19,1563361157479,open,0.62,29.6,0.586,0.718,0.65195864,109.17,0.601,0.0,BTC-27SEP19-15000-P,9359.4,0.0,0.005,10.0,1.2655,0.3,500.0,12.75788,-9.6888,-26.20081,7e-05,-0.7662
9362.69,SYN.BTC-26JUL19,1563361157491,open,0.05,132.3,0.0005,0.0775,0.03775106,129.23,0.038,0.0,BTC-26JUL19-10500-C,9359.4,126.98,0.0365,29.0,0.0415,21.5,135.9,5.22012,-38.00294,0.64226,0.00019,0.31985
9441.41,BTC-27DEC19,1563361157483,open,0.45,122.9,0.398,0.4775,0.43789306,98.07,0.439,0.0,BTC-27DEC19-6000-C,9359.4,94.65,0.4325,11.0,0.44,11.0,99.4,14.96245,-4.50462,17.19524,4e-05,0.84603
9382.11,BTC-27SEP19,1563361157498,open,0.26,901.1,0.214,0.2935,0.25394223,104.97,0.25,0.0,BTC-27SEP19-8000-C,9359.4,99.67,0.246,11.0,0.2565,11.0,106.67,14.07844,-10.28039,8.5618,8e-05,0.71736
9441.41,BTC-27DEC19,1563361157512,open,0.74,0.0,0.6995,0.779,0.73922247,105.71,None,0.0,BTC-27DEC19-2500-C,9359.4,0.0,0.0155,3.0,0.978,0.5,500.0,2.07108,-0.6721,10.45111,0.0,0.98729
199.23,SYN.ETH-30AUG19,1563361157623,open,0.04,219.0,0.001,0.078,0.038559,126.01,0.036,0.0,ETH-30AUG19-320-C,199.47,121.1,0.034,265.0,0.042,288.0,129.57,0.18939,-0.27197,0.03704,0.00315,0.19322
199.23,SYN.ETH-30AUG19,1563361157636,open,0.16,220.0,0.121,0.213,0.167073,120.0,0.147,0.0,ETH-30AUG19-200-P,199.47,114.81,0.16,401.0,0.178,137.0,128.1,0.27018,-0.36948,-0.14088,0.00472,-0.42121
199.48,SYN.ETH-19JUL19,1563361157652,open,0.0,592.0,0.001,0.047,0.006795,134.95,0.012,0.0,ETH-19JUL19-180-P,199.47,165.36,0.012,102.0,0.016,482.0,185.96,0.03079,-1.10779,-0.00144,0.01116,-0.1334
199.44,SYN.ETH-26JUL19,1563361157662,open,0.01,0.0,0.001,0.047,0.007387,134.98,None,0.0,ETH-26JUL19-150-P,199.47,146.33,0.01,423.0,0.014,250.0,161.45,0.04282,-0.32563,-0.00387,0.00328,-0.07234
199.05,ETH-27SEP19,1563361157671,open,0.01,4110.0,0.001,0.055,0.015035,116.08,0.012,0.0,ETH-27SEP19-100-P,199.47,109.68,0.012,568.0,0.018,500.0,121.82,0.09892,-0.07988,-0.02763,0.00109,-0.05547
199.44,SYN.ETH-26JUL19,1563361157673,open,0.0,1038.0,0.001,0.042,0.002564,135.01,0.005,0.0,ETH-26JUL19-300-C,199.47,129.75,0.002,300.0,0.006,677.0,157.5,0.02309,-0.17558,0.00149,0.00177,0.03333
199.44,SYN.ETH-26JUL19,1563361157690,open,0.09,151.0,0.043,0.122,0.082547,135.04,0.079,0.0,ETH-26JUL19-200-C,199.47,134.12,0.082,147.0,0.092,313.0,150.27,0.12355,-0.93985,0.02202,0.00946,0.53662
201.0,ETH-27DEC19,1563361157681,open,0.15,584.0,0.113,0.205,0.159353,106.32,0.1,0.0,ETH-27DEC19-160-P,199.47,102.38,0.151,229.0,0.167,191.0,109.93,0.42615,-0.13909,-0.36664,0.00222,-0.24942
199.23,SYN.ETH-30AUG19,1563361157701,open,0.05,189.0,0.009,0.088,0.048469,124.99,0.046,0.0,ETH-30AUG19-300-C,199.47,120.71,0.044,246.0,0.053,276.0,129.2,0.21146,-0.3012,0.04428,0.00355,0.23337
199.21,SYN.ETH-30AUG19,1563361157710,open,0.22,220.0,0.182,0.28,0.231231,120.61,0.242,0.0,ETH-30AUG19-220-P,199.47,115.37,0.224,253.0,0.246,120.0,131.28,0.27544,-0.37856,-0.17781,0.00479,-0.51128
199.21,SYN.ETH-30AUG19,1563361157718,open,0.22,220.0,0.182,0.28,0.231231,120.61,0.242,0.0,ETH-30AUG19-220-P,199.47,115.37,0.224,253.0,0.242,249.0,128.39,0.27544,-0.37856,-0.17781,0.00479,-0.51128
199.44,SYN.ETH-26JUL19,1563361157738,open,0.02,100.0,0.001,0.056,0.016983,135.02,0.017,0.0,ETH-26JUL19-250-C,199.47,137.58,0.018,128.0,0.023,483.0,149.61,0.07767,-0.59075,0.00725,0.00595,0.16654
199.48,SYN.ETH-19JUL19,1563361157753,open,0.01,463.0,0.001,0.048,0.008273,135.04,0.011,0.0,ETH-19JUL19-220-C,199.47,144.29,0.01,200.0,0.014,357.0,164.07,0.03588,-1.29159,0.00163,0.01299,0.16776
199.21,SYN.ETH-30AUG19,1563361157763,open,0.11,473.0,0.058,0.137,0.097796,120.68,0.1,0.0,ETH-30AUG19-240-C,199.47,114.11,0.089,488.0,0.104,223.0,125.28,0.26798,-0.36855,0.07398,0.00465,0.40674
199.44,SYN.ETH-26JUL19,1563361157778,open,0.01,810.0,0.001,0.045,0.005617,135.02,0.006,0.0,ETH-26JUL19-280-C,199.47,131.82,0.005,669.0,0.01,660.0,153.66,0.03991,-0.30352,0.00293,0.00306,0.06601
199.23,SYN.ETH-30AUG19,1563361157781,open,0.08,110.0,0.037,0.116,0.076298,121.66,0.075,0.0,ETH-30AUG19-260-C,199.47,116.64,0.07,496.0,0.083,243.0,126.9,0.25229,-0.34978,0.06247,0.00435,0.33717
199.23,SYN.ETH-30AUG19,1563361157795,open,0.03,50.0,0.001,0.071,0.031292,127.52,0.027,0.0,ETH-30AUG19-340-C,199.47,122.3,0.027,272.0,0.036,297.0,132.9,0.16918,-0.24586,0.03121,0.00278,0.16163
199.44,SYN.ETH-26JUL19,1563361157815,open,0.1,150.0,0.071,0.159,0.11509,134.95,0.121,0.0,ETH-26JUL19-210-P,199.47,138.1,0.117,126.0,0.126,119.0,152.66,0.12286,-0.93399,-0.03253,0.00941,-0.55567
9373.79,SYN.BTC-30AUG19,1563361157827,open,0.25,14.6,0.219,0.32,0.26938001,113.15,0.2625,0.0,BTC-30AUG19-11000-P,9359.4,111.75,0.2675,14.4,0.28,3.0,120.97,12.67832,-16.34719,-9.61382,0.00011,-0.58382
9373.79,SYN.BTC-30AUG19,1563361157841,open,0.14,30.4,0.0895,0.169,0.12934203,113.07,0.1215,0.0,BTC-30AUG19-10000-C,9359.4,108.85,0.1235,14.4,0.1315,5.0,114.63,12.95929,-16.69872,4.31617,0.00011,0.51239
199.44,SYN.ETH-26JUL19,1563361157854,open,0.03,979.0,0.001,0.063,0.024,135.02,0.031,0.0,ETH-26JUL19-240-C,199.47,137.16,0.025,149.0,0.03,265.0,147.6,0.09196,-0.69944,0.00948,0.00704,0.21946
199.44,SYN.ETH-26JUL19,1563361157864,open,0.04,0.0,0.001,0.073,0.03346,135.02,None,0.0,ETH-26JUL19-230-C,199.47,136.02,0.034,141.0,0.041,243.0,148.98,0.10536,-0.80138,0.01214,0.00807,0.28371
199.48,SYN.ETH-19JUL19,1563361157871,open,0.03,502.0,0.001,0.058,0.018693,135.06,0.033,0.0,ETH-19JUL19-210-C,199.47,151.66,0.023,79.0,0.027,214.0,166.78,0.05078,-1.8282,0.00303,0.01839,0.31474
199.48,SYN.ETH-19JUL19,1563361157879,open,0.05,154.0,0.001,0.077,0.037352,135.08,0.046,0.0,ETH-19JUL19-200-C,199.47,147.76,0.041,94.0,0.049,149.0,175.75,0.05704,-2.05376,0.00483,0.02065,0.50857
199.48,SYN.ETH-19JUL19,1563361157885,open,0.0,403.0,0.001,0.04,0.000337,134.97,0.006,0.0,ETH-19JUL19-160-P,199.47,194.17,0.003,85.0,0.006,656.0,228.18,0.0038,-0.06718,-0.00011,0.00138,-0.00997
199.44,SYN.ETH-26JUL19,1563361157892,open,0.05,711.0,0.006,0.085,0.045963,135.03,0.054,0.0,ETH-26JUL19-220-C,199.47,133.35,0.045,339.0,0.054,336.0,148.66,0.11626,-0.88431,0.01519,0.0089,0.35915
199.23,SYN.ETH-30AUG19,1563361157921,open,0.03,494.0,0.001,0.065,0.025965,129.46,0.027,0.0,ETH-30AUG19-360-C,199.47,122.61,0.021,571.0,0.03,300.0,134.59,0.15153,-0.22355,0.0266,0.00245,0.13705
9441.58,BTC-27DEC19,1563361157938,open,0.04,234.7,0.0005,0.082,0.04061096,98.06,0.041,0.0,BTC-27DEC19-5000-P,9359.4,96.2,0.0385,10.0,0.0425,6.0,99.69,10.83677,-3.26211,-5.804,3e-05,-0.09715
199.23,SYN.ETH-30AUG19,1563361157937,open,0.07,260.0,0.021,0.1,0.060807,123.55,0.056,0.0,ETH-30AUG19-280-C,199.47,118.51,0.055,277.0,0.066,261.0,127.94,0.23288,-0.32788,0.0527,0.00395,0.28087
199.44,SYN.ETH-26JUL19,1563361157948,open,0.1,150.0,0.071,0.159,0.11509,134.95,0.121,0.0,ETH-26JUL19-210-P,199.47,138.1,0.117,126.0,0.126,269.0,152.66,0.12286,-0.93399,-0.03253,0.00941,-0.55567
199.42,SYN.ETH-26JUL19,1563361157942,open,0.07,216.0,0.023,0.102,0.062132,135.06,0.066,0.0,ETH-26JUL19-210-C,199.47,134.85,0.062,141.0,0.071,190.0,149.42,0.12285,-0.93468,0.01853,0.00941,0.44426
199.44,SYN.ETH-26JUL19,1563361157954,open,0.13,2700.0,0.104,0.195,0.149062,134.93,0.155,0.0,ETH-26JUL19-220-P,199.47,129.72,0.146,260.0,0.163,100.0,158.55,0.11624,-0.88356,-0.03831,0.00891,-0.641
9441.41,BTC-27DEC19,1563361157961,open,0.09,358.7,0.0475,0.127,0.08729293,103.68,0.087,0.0,BTC-27DEC19-18000-C,9359.4,102.2,0.084,11.0,0.091,21.0,105.32,21.19904,-6.74714,8.08279,5e-05,0.27914
199.05,ETH-27SEP19,1563361157984,open,0.09,5948.0,0.053,0.139,0.09593,112.42,0.084,0.0,ETH-27SEP19-160-P,199.47,108.19,0.09,215.0,0.101,160.0,116.07,0.27828,-0.21763,-0.13401,0.00317,-0.24598
199.21,SYN.ETH-30AUG19,1563361157993,open,0.28,0.0,0.251,0.354,0.302412,120.59,None,0.0,ETH-30AUG19-240-P,199.47,112.06,0.291,120.0,0.318,120.0,132.11,0.26795,-0.36823,-0.21453,0.00466,-0.59345
199.48,SYN.ETH-19JUL19,1563361158015,open,0.08,0.0,0.027,0.106,0.0661,135.13,None,0.0,ETH-19JUL19-190-C,199.47,142.68,0.068,150.0,0.078,150.0,181.9,0.04901,-1.76553,0.00659,0.01774,0.70919
199.48,SYN.ETH-19JUL19,1563361158024,open,0.03,891.0,0.001,0.081,0.039963,134.91,0.047,0.0,ETH-19JUL19-200-P,199.47,156.12,0.046,94.0,0.052,304.0,177.11,0.05704,-2.05109,-0.00545,0.02067,-0.49147
200.98,ETH-27DEC19,1563361158044,open,0.26,1838.0,0.224,0.325,0.27432,106.29,0.273,0.0,ETH-27DEC19-200-P,199.47,102.17,0.264,40.0,0.285,40.0,110.58,0.50165,-0.16369,-0.56773,0.00262,-0.35871
199.42,SYN.ETH-26JUL19,1563361158066,open,0.02,100.0,0.001,0.056,0.016983,135.04,0.017,0.0,ETH-26JUL19-250-C,199.47,137.62,0.018,128.0,0.023,283.0,149.65,0.07764,-0.5906,0.00725,0.00595,0.16647
9382.11,BTC-27SEP19,1563361158069,open,0.36,60.1,0.3265,0.4365,0.38161067,107.5,0.395,0.0,BTC-27SEP19-12000-P,9359.4,105.97,0.379,2.7,0.3925,6.0,113.86,15.98271,-11.95243,-18.3064,9e-05,-0.60925
200.98,ETH-27DEC19,1563361158076,open,0.1,488.0,0.053,0.132,0.092513,109.64,0.091,0.0,ETH-27DEC19-400-C,199.48,105.83,0.084,381.0,0.099,271.0,112.49,0.45439,-0.15295,0.17098,0.0023,0.28316
199.04,ETH-27SEP19,1563361158076,open,1.38,0.0,1.332,1.526,1.428887,121.19,None,0.0,ETH-27SEP19-480-P,199.48,0.0,0.0,0.0,0.0,0.0,0.0,0.13823,-0.11653,-0.91843,0.00146,-0.91435
199.04,ETH-27SEP19,1563361158076,open,0.52,0.0,0.473,0.552,0.512648,116.14,None,0.0,ETH-27SEP19-100-C,199.48,0.0,0.003,10.0,0.0,0.0,0.0,0.09903,-0.08001,0.16924,0.00109,0.94445
199.05,ETH-27SEP19,1563361158076,open,0.61,0.0,0.565,0.644,0.604684,122.9,None,0.0,ETH-27SEP19-80-C,199.48,0.0,0.003,10.0,0.0,0.0,0.0,0.05325,-0.04553,0.14478,0.00056,0.97405
199.05,ETH-27SEP19,1563361158077,open,0.02,2417.0,0.001,0.062,0.022824,119.6,0.017,0.0,ETH-27SEP19-440-C,199.48,116.09,0.02,601.0,0.026,200.0,123.29,0.16554,-0.13772,0.03397,0.00177,0.10949
200.99,ETH-27DEC19,1563361158077,open,0.04,150.0,0.001,0.075,0.03535,117.45,0.036,0.0,ETH-27DEC19-680-C,199.48,117.19,0.035,1.0,0.037,50.0,118.65,0.27292,-0.0984,0.0784,0.00129,0.12277
200.99,ETH-27DEC19,1563361158077,open,0.37,0.0,0.324,0.403,0.363333,106.33,None,0.0,ETH-27DEC19-160-C,199.48,0.0,0.001,1000.0,1.6,1.0,500.0,0.42615,-0.1391,0.3473,0.00222,0.75056
199.05,ETH-27SEP19,1563361158077,open,0.44,47.0,0.389,0.468,0.428467,113.11,0.689,0.0,ETH-27SEP19-120-C,199.48,0.0,0.0,0.0,0.0,0.0,0.0,0.15948,-0.12549,0.18327,0.00181,0.89602
199.46,SYN.ETH-19JUL19,1563361158076,open,0.0,573.0,0.001,0.04,0.0,135.03,0.001,0.0,ETH-19JUL19-320-C,199.48,0.0,0.0,0.0,0.001,300.0,288.66,0.0,0.0,0.0,0.0,0.0
199.05,ETH-27SEP19,1563361158079,open,1.0,79.0,0.959,1.122,1.040402,118.1,0.351,0.0,ETH-27SEP19-400-P,199.48,0.0,0.01,1.0,0.0,0.0,0.0,0.19885,-0.16336,-0.74397,0.00216,-0.85763
199.05,ETH-27SEP19,1563361158080,open,0.17,1106.0,0.119,0.198,0.158284,112.14,0.158,0.0,ETH-27SEP19-220-C,199.48,108.58,0.152,201.0,0.165,120.0,115.94,0.35198,-0.27457,0.1414,0.00402,0.51902
199.21,SYN.ETH-30AUG19,1563361158075,open,0.7,0.0,0.669,0.807,0.737831,127.33,None,0.0,ETH-30AUG19-340-P,199.48,0.0,0.0,0.0,0.0,0.0,0.0,0.16876,-0.24487,-0.37759,0.00278,-0.83896
199.46,SYN.ETH-19JUL19,1563361158076,open,0.47,211.0,0.444,0.564,0.503918,0.0,0.495,0.0,ETH-19JUL19-300-P,199.48,0.0,0.002,25.0,0.0,0.0,0.0,0.0,0.0,-0.01542,0.0,-1.0
199.42,SYN.ETH-26JUL19,1563361158076,open,0.0,1117.0,0.001,0.04,6e-06,135.02,0.001,0.0,ETH-26JUL19-440-C,199.48,0.0,0.0,0.0,0.001,282.0,204.63,0.00016,-0.00119,1e-05,1e-05,0.00013
199.21,SYN.ETH-30AUG19,1563361158076,open,0.52,0.0,0.493,0.616,0.554239,124.86,None,0.0,ETH-30AUG19-300-P,199.48,0.0,0.0,0.0,0.0,0.0,0.0,0.21121,-0.30052,-0.31642,0.00355,-0.76708
199.42,SYN.ETH-26JUL19,1563361158078,open,0.47,659.0,0.447,0.567,0.50679,133.7,0.34,0.0,ETH-26JUL19-300-P,199.48,0.0,0.03,1.0,3.4,5.0,500.0,0.02222,-0.16738,-0.07152,0.00172,-0.96817
199.42,SYN.ETH-26JUL19,1563361158077,open,0.29,867.0,0.263,0.368,0.315534,134.63,0.303,0.0,ETH-26JUL19-260-P,199.48,105.39,0.308,120.0,0.352,30.0,218.61,0.0634,-0.48084,-0.05781,0.00487,-0.8767
199.42,SYN.ETH-26JUL19,1563361158077,open,0.0,1920.0,0.001,0.04,8.9e-05,135.02,0.001,0.0,ETH-26JUL19-380-C,199.48,0.0,0.0,0.0,0.001,151.0,172.25,0.00157,-0.01191,7e-05,0.00012,0.00155
199.42,SYN.ETH-26JUL19,1563361158078,open,0.0,3965.0,0.001,0.04,0.00021,135.02,0.003,0.0,ETH-26JUL19-360-C,199.48,0.0,0.0,0.0,0.002,241.0,175.42,0.00324,-0.02463,0.00016,0.00025,0.00346
199.04,ETH-27SEP19,1563361158085,open,0.25,1828.0,0.213,0.314,0.263534,112.12,0.254,0.0,ETH-27SEP19-220-P,199.48,108.99,0.258,200.0,0.27,120.0,115.77,0.35197,-0.27451,-0.29184,0.00402,-0.48105
9382.11,BTC-27SEP19,1563361158098,open,0.36,60.1,0.3265,0.4365,0.38161067,107.5,0.395,0.0,BTC-27SEP19-12000-P,9359.4,105.97,0.379,2.7,0.3915,6.0,113.28,15.98271,-11.95243,-18.3064,9e-05,-0.60925
199.21,SYN.ETH-30AUG19,1563361158135,open,0.04,219.0,0.001,0.078,0.038559,126.02,0.036,0.0,ETH-30AUG19-320-C,199.48,121.12,0.034,263.0,0.042,288.0,129.59,0.18935,-0.27193,0.03703,0.00315,0.19318
199.21,SYN.ETH-30AUG19,1563361158151,open,0.16,220.0,0.121,0.213,0.167073,119.98,0.147,0.0,ETH-30AUG19-200-P,199.48,114.77,0.16,402.0,0.178,137.0,128.05,0.27017,-0.3694,-0.1409,0.00472,-0.42132
199.46,SYN.ETH-19JUL19,1563361158169,open,0.0,592.0,0.001,0.047,0.006795,134.91,0.012,0.0,ETH-19JUL19-180-P,199.48,165.25,0.012,103.0,0.016,482.0,185.85,0.03081,-1.10816,-0.00144,0.01117,-0.13355
199.42,SYN.ETH-26JUL19,1563361158191,open,0.01,0.0,0.001,0.047,0.007387,134.96,None,0.0,ETH-26JUL19-150-P,199.48,146.29,0.01,424.0,0.014,250.0,161.41,0.04284,-0.3257,-0.00387,0.00328,-0.07238
9362.69,SYN.BTC-26JUL19,1563361158207,open,0.18,381.0,0.1535,0.249,0.20108262,129.38,0.215,0.0,BTC-26JUL19-11000-P,9359.4,127.03,0.2,7.5,0.2125,7.5,151.63,4.56561,-33.277,-2.18229,0.00017,-0.75738
199.21,SYN.ETH-30AUG19,1563361158208,open,0.22,220.0,0.182,0.28,0.231231,120.61,0.242,0.0,ETH-30AUG19-220-P,199.48,115.37,0.224,253.0,0.245,120.0,130.56,0.27544,-0.37856,-0.17781,0.00479,-0.51128
199.42,SYN.ETH-26JUL19,1563361158213,open,0.1,150.0,0.071,0.159,0.11509,134.89,0.121,0.0,ETH-26JUL19-210-P,199.48,137.99,0.117,126.0,0.126,150.0,152.55,0.12284,-0.93344,-0.03254,0.00942,-0.55592
9362.2,SYN.BTC-26JUL19,1563361158320,open,0.15,53.1,0.093,0.1725,0.13265148,131.97,0.1405,0.0,BTC-26JUL19-8500-C,9359.4,123.1,0.128,6.0,0.135,11.5,136.4,4.94429,-36.7578,1.32911,0.00018,0.71646
9362.69,SYN.BTC-26JUL19,1563361158364,open,0.22,273.8,0.197,0.296,0.24644041,130.17,0.222,0.0,BTC-26JUL19-11500-P,9359.4,125.19,0.2445,7.5,0.258,7.5,155.89,3.84483,-28.19437,-2.42579,0.00014,-0.81897
9441.58,BTC-27DEC19,1563361158366,open,0.36,93.7,0.307,0.3865,0.34665532,98.06,0.346,0.0,BTC-27DEC19-7500-C,9359.4,93.96,0.338,11.0,0.349,11.0,99.16,19.98152,-6.01478,17.05359,5e-05,0.75142
9441.58,BTC-27DEC19,1563361158434,open,0.04,139.4,0.0015,0.081,0.04138267,107.89,0.0455,0.0,BTC-27DEC19-26000-C,9359.4,106.66,0.0395,6.0,0.0445,21.0,109.88,14.57298,-4.8267,4.4912,3e-05,0.14798
9382.07,BTC-27SEP19,1563361158438,open,0.05,184.1,0.0035,0.083,0.04336688,109.93,0.045,0.0,BTC-27SEP19-16000-C,9359.4,107.99,0.041,33.7,0.046,11.0,112.04,11.57061,-8.84849,2.84913,6e-05,0.19758
9382.07,BTC-27SEP19,1563361158468,open,0.0,437.8,0.0005,0.044,0.00406861,117.47,0.004,0.0,BTC-27SEP19-30000-C,9359.5,112.83,0.003,69.0,0.005,1.0,120.88,2.38908,-1.95226,0.37673,1e-05,0.02446
9382.07,BTC-27SEP19,1563361158468,open,0.03,310.3,0.0005,0.0695,0.02984781,111.88,0.0305,0.0,BTC-27SEP19-18000-C,9359.5,110.01,0.028,5.0,0.0315,11.0,113.5,9.42855,-7.33809,2.10208,5e-05,0.14363
9382.07,BTC-27SEP19,1563361158468,open,0.28,127.7,0.2485,0.352,0.30027541,106.5,0.2865,0.0,BTC-27SEP19-11000-P,9359.5,104.64,0.297,20.4,0.3085,14.4,111.16,16.52595,-12.24304,-15.52364,9e-05,-0.53997
9382.07,BTC-27SEP19,1563361158468,open,0.01,297.6,0.0005,0.0515,0.0110801,106.56,0.005,0.0,BTC-27SEP19-4750-P,9359.5,104.01,0.01,21.0,0.013,24.0,110.81,4.07821,-3.023,-1.07081,2e-05,-0.04688
9441.58,BTC-27DEC19,1563361158468,open,0.02,181.3,0.0005,0.0535,0.01370765,115.75,0.0125,0.0,BTC-27DEC19-44000-C,9359.5,113.33,0.012,6.0,0.016,21.0,118.71,6.95168,-2.47006,1.71285,2e-05,0.05436
9441.58,BTC-27DEC19,1563361158468,open,0.48,60.5,0.4335,0.513,0.47318127,98.07,0.567,0.0,BTC-27DEC19-5500-C,9359.5,95.73,0.47,1.0,0.966,5.0,500.0,12.95246,-3.89943,16.94716,3e-05,0.87542
9441.58,BTC-27DEC19,1563361158468,open,0.02,246.9,0.0005,0.0565,0.01698298,114.5,0.0165,0.0,BTC-27DEC19-40000-C,9359.5,112.1,0.015,6.0,0.0195,21.0,117.31,8.10524,-2.8489,2.07094,2e-05,0.06614
9382.07,BTC-27SEP19,1563361158468,open,0.1,463.4,0.0625,0.1505,0.10661063,104.96,0.103,0.0,BTC-27SEP19-8000-P,9359.5,103.22,0.104,19.3,0.1105,10.6,107.55,14.07835,-10.27902,-7.19138,8e-05,-0.28264
9382.07,BTC-27SEP19,1563361158468,open,0.0,1657.1,0.0005,0.04,0.00015856,145.0,0.0005,0.0,BTC-27SEP19-1500-P,9359.5,0.0,0.0,0.0,0.001,21.1,177.54,0.10885,-0.10979,-0.01696,0.0,-0.00076
9382.07,BTC-27SEP19,1563361158468,open,0.61,0.0,0.5645,0.644,0.60413432,111.62,None,0.0,BTC-27SEP19-3750-C,9359.5,0.0,0.005,10.0,0.708,10.0,299.07,1.83497,-1.42487,6.98283,1e-05,0.98209
9441.58,BTC-27DEC19,1563361158468,open,0.7,0.0,0.6495,0.729,0.68929478,102.07,None,0.0,BTC-27DEC19-3000-C,9359.5,0.0,0.0055,0.1,0.976,0.5,500.0,3.25482,-1.01983,12.18197,1e-05,0.97844
9441.58,BTC-27DEC19,1563361158469,open,0.12,151.0,0.069,0.1485,0.10874601,102.36,0.1085,0.0,BTC-27DEC19-16000-C,9359.5,100.82,0.105,15.9,0.113,10.0,104.11,22.94462,-7.21,9.48117,6e-05,0.33378
9359.99,SYN.BTC-19JUL19,1563361158468,open,0.0,415.6,0.0005,0.04,3.6e-07,145.02,0.0005,0.0,BTC-19JUL19-14500-C,9359.5,0.0,0.0,0.0,0.0025,10.0,309.32,0.00047,-0.00333,1e-05,0.0,2e-05
9359.99,SYN.BTC-19JUL19,1563361158468,open,0.0,275.5,0.0005,0.04,8e-08,145.01,0.0005,0.0,BTC-19JUL19-15000-C,9359.5,0.0,0.0,0.0,0.0035,10.0,347.05,0.00011,-0.00071,0.0,0.0,0.0
9382.07,BTC-27SEP19,1563361158470,open,0.0,383.8,0.0005,0.0405,0.000769,124.56,0.0005,0.0,BTC-27SEP19-2500-P,9359.5,0.0,0.0,0.0,0.0015,0.1,135.95,0.47148,-0.40853,-0.08448,0.0,-0.0038
9382.07,BTC-27SEP19,1563361158469,open,0.72,34.4,0.679,0.8185,0.7487402,109.93,0.3735,0.0,BTC-27SEP19-16000-P,9359.5,0.0,0.005,10.0,1.362,0.2,500.0,11.56991,-8.84747,-28.65826,6e-05,-0.80244
9382.07,BTC-27SEP19,1563361158469,open,0.02,387.3,0.0005,0.054,0.01415755,113.68,0.0155,0.0,BTC-27SEP19-22000-C,9359.5,111.81,0.013,39.0,0.0155,0.5,115.76,5.91415,-4.67716,1.13046,3e-05,0.07535
9382.07,BTC-27SEP19,1563361158470,open,0.01,190.2,0.0005,0.0455,0.00570623,117.46,0.006,0.0,BTC-27SEP19-28000-C,9359.5,113.49,0.0045,39.0,0.007,3.0,121.16,3.07297,-2.51102,0.50617,2e-05,0.0331
9362.2,SYN.BTC-26JUL19,1563361158468,open,0.02,443.2,0.0005,0.065,0.0244864,132.46,0.024,0.0,BTC-26JUL19-8000-P,9359.5,131.32,0.024,24.0,0.028,31.5,140.53,4.0082,-29.90906,-0.49661,0.00014,-0.19365
9382.07,BTC-27SEP19,1563361158471,open,0.0,490.7,0.0005,0.0405,0.00054752,139.26,0.0005,0.0,BTC-27SEP19-2000-P,9359.5,0.0,0.0,0.0,0.001,5.9,149.85,0.32027,-0.31026,-0.05585,0.0,-0.00248
9359.99,SYN.BTC-19JUL19,1563361158468,open,0.41,35.3,0.385,0.4995,0.44224125,0.0,0.2545,0.0,BTC-19JUL19-13500-P,9359.5,0.0,0.05,0.1,0.0,0.0,0.0,0.0,0.0,-0.69375,0.0,-1.0
9373.26,SYN.BTC-30AUG19,1563361158468,open,0.12,40.2,0.087,0.177,0.13193548,112.11,0.133,0.0,BTC-30AUG19-9000-P,9359.5,110.65,0.13,19.3,0.1385,3.0,117.08,12.39843,-15.84051,-5.79643,0.0001,-0.38251
9362.2,SYN.BTC-26JUL19,1563361158471,open,0.0,477.9,0.0005,0.043,0.00301845,137.14,0.0025,0.0,BTC-26JUL19-14000-C,9359.5,132.88,0.0025,10.0,0.0035,2.2,140.71,1.20597,-9.31652,0.07958,4e-05,0.03798
9441.68,BTC-27DEC19,1563361158472,open,0.01,340.0,0.0005,0.047,0.00702923,102.04,0.0065,0.0,BTC-27DEC19-3000-P,9359.5,100.47,0.0065,10.0,0.008,12.0,104.76,3.25257,-1.01887,-1.20395,1e-05,-0.02155
9373.26,SYN.BTC-30AUG19,1563361158468,open,0.05,10.3,0.0015,0.081,0.04100382,116.38,0.0485,0.0,BTC-30AUG19-14000-C,9359.5,113.88,0.0385,19.3,0.043,15.0,118.34,9.47059,-12.56047,1.94951,8e-05,0.21403
9382.17,BTC-27SEP19,1563361158472,open,0.79,28.2,0.7475,0.827,0.78737585,139.22,0.755,0.0,BTC-27SEP19-2000-C,9359.5,0.0,0.01,1.0,0.924,5.0,500.0,0.3197,-0.30962,3.88265,0.0,0.99753
9441.68,BTC-27DEC19,1563361158472,open,2.15,0.2,2.08,2.336,2.20800324,109.81,2.2245,0.0,BTC-27DEC19-30000-P,9359.5,0.0,0.0,0.0,0.0,0.0,0.0,12.11155,-4.08271,-130.38707,3e-05,-0.88672
9362.2,SYN.BTC-26JUL19,1563361158471,open,0.37,1.0,0.3205,0.4,0.36048725,140.46,0.354,0.0,BTC-26JUL19-6000-C,9359.5,0.0,0.0005,0.1,0.0,0.0,0.0,0.58888,-4.65953,1.41916,2e-05,0.98386
9359.99,SYN.BTC-19JUL19,1563361158468,open,0.01,232.0,0.0005,0.0465,0.00677573,140.73,0.0065,0.0,BTC-19JUL19-10500-C,9359.5,138.98,0.0065,2.5,0.0085,11.0,151.16,1.47982,-55.51562,0.06318,0.00023,0.13813
9359.99,SYN.BTC-19JUL19,1563361158468,open,0.0,0.6,0.0005,0.0405,0.00055035,144.97,0.0025,0.0,BTC-19JUL19-7500-P,9359.5,158.87,0.001,23.6,0.0025,0.5,187.66,0.24667,-5.15129,-0.00723,4e-05,-0.01449
9362.2,SYN.BTC-26JUL19,1563361158468,open,0.27,4.8,0.2195,0.299,0.25942491,135.88,0.455,0.0,BTC-26JUL19-7000-C,9359.5,0.0,0.006,3.0,0.0,0.0,0.0,1.95333,-14.95251,1.52736,7e-05,0.93032
9373.26,SYN.BTC-30AUG19,1563361158468,open,0.42,0.0,0.3835,0.498,0.44077612,115.04,None,0.0,BTC-30AUG19-13000-P,9359.5,0.0,0.0,0.0,0.0,0.0,0.0,10.69348,-14.01874,-13.22069,9e-05,-0.73259
9359.99,SYN.BTC-19JUL19,1563361158468,open,0.0,127.8,0.0005,0.04,2e-08,145.01,0.0005,0.0,BTC-19JUL19-15500-C,9359.5,0.0,0.0,0.0,0.0025,10.0,346.84,3e-05,-0.00015,0.0,0.0,0.0
9359.99,SYN.BTC-19JUL19,1563361158468,open,0.0,198.9,0.0005,0.04,6.65e-06,145.02,0.001,0.0,BTC-19JUL19-13500-C,9359.5,0.0,0.0,0.0,0.0035,10.0,284.21,0.00648,-0.06227,0.00012,0.0,0.00026
9362.2,SYN.BTC-26JUL19,1563361158472,open,0.0,560.8,0.0005,0.04,0.00017434,145.01,0.0005,0.0,BTC-26JUL19-18000-C,9359.5,0.0,0.0,0.0,0.0005,3.5,160.99,0.12296,-1.00445,0.00583,0.0,0.00274
9382.17,BTC-27SEP19,1563361158475,open,1.11,0.0,1.0665,1.2385,1.15242695,113.25,None,0.0,BTC-27SEP19-20000-P,9359.5,0.0,0.005,10.0,1.754,0.2,500.0,7.5579,-5.95416,-37.83139,4e-05,-0.89524
9362.2,SYN.BTC-26JUL19,1563361158468,open,0.32,56.6,0.2905,0.3975,0.34420649,133.64,0.3555,0.0,BTC-26JUL19-12500-P,9359.5,0.0,0.333,7.5,0.3715,7.5,204.62,2.55805,-19.25817,-2.83307,9e-05,-0.90022
9373.26,SYN.BTC-30AUG19,1563361158473,open,0.18,0.4,0.132,0.2115,0.17181113,112.15,0.1895,0.0,BTC-30AUG19-9000-C,9359.5,107.38,0.1655,14.4,0.1745,4.0,114.19,12.39831,-15.84607,5.02177,0.0001,0.6175
9373.26,SYN.BTC-30AUG19,1563361158468,open,0.31,0.0,0.259,0.3385,0.29886144,114.55,None,0.0,BTC-30AUG19-7000-C,9359.5,0.0,0.0,0.0,0.0,0.0,0.0,8.38417,-10.94436,5.92559,7e-05,0.82477
9362.2,SYN.BTC-26JUL19,1563361158469,open,0.0,162.8,0.0005,0.04,7.679e-05,145.01,0.001,0.0,BTC-26JUL19-19000-C,9359.5,0.0,0.0,0.0,0.0005,4.6,172.36,0.0615,-0.50241,0.00273,0.0,0.00128
9362.2,SYN.BTC-26JUL19,1563361158470,open,0.52,10.8,0.489,0.6125,0.55076052,137.05,0.166,0.0,BTC-26JUL19-14500-P,9359.5,0.0,0.0,0.0,0.0,0.0,0.0,0.8868,-6.84634,-3.47087,3e-05,-0.97382
9362.2,SYN.BTC-26JUL19,1563361158473,open,0.0,389.3,0.0005,0.042,0.0020608,137.89,0.002,0.0,BTC-26JUL19-14500-C,9359.5,131.52,0.0015,11.0,0.003,3.5,146.44,0.90967,-7.06603,0.05675,3e-05,0.02699
9373.26,SYN.BTC-30AUG19,1563361158468,open,0.02,0.0,0.0005,0.0625,0.02188522,116.83,None,0.0,BTC-30AUG19-6000-P,9359.5,111.82,0.019,37.9,0.0255,13.9,122.77,5.54137,-7.37774,-1.32988,4e-05,-0.09614
9362.2,SYN.BTC-26JUL19,1563361158469,open,0.0,375.4,0.0005,0.04,1.472e-05,145.01,0.0005,0.0,BTC-26JUL19-21000-C,9359.5,0.0,0.0,0.0,0.0005,6.0,193.07,0.01467,-0.11983,0.00058,0.0,0.00027
9362.2,SYN.BTC-26JUL19,1563361158473,open,0.0,57.0,0.0005,0.041,0.00105169,140.99,0.0005,0.0,BTC-26JUL19-15500-C,9359.5,128.81,0.0005,14.4,0.0015,4.3,147.88,0.53734,-4.26775,0.03064,2e-05,0.01451
9359.99,SYN.BTC-19JUL19,1563361158468,open,0.0,282.0,0.0005,0.0405,0.00098926,144.11,0.001,0.0,BTC-19JUL19-11500-C,9359.5,130.33,0.0005,19.4,0.0015,0.4,154.38,0.40656,-9.2595,0.01208,6e-05,0.0261
9373.26,SYN.BTC-30AUG19,1563361158472,open,0.03,26.9,0.0005,0.0635,0.02392497,118.39,0.0235,0.0,BTC-30AUG19-16000-C,9359.5,114.42,0.021,34.0,0.026,15.0,121.08,7.09944,-9.57833,1.26524,6e-05,0.13622
9373.26,SYN.BTC-30AUG19,1563361158473,open,0.8,0.0,0.759,0.9055,0.83222564,119.49,None,0.0,BTC-30AUG19-17000-P,9359.5,0.0,0.0,0.0,0.0,0.0,0.0,6.08502,-8.28568,-19.4122,5e-05,-0.89065
9373.26,SYN.BTC-30AUG19,1563361158471,open,0.7,0.0,0.662,0.8,0.73081271,118.27,None,0.0,BTC-30AUG19-16000-P,9359.5,0.0,0.0,0.0,0.0,0.0,0.0,7.08695,-9.55132,-17.97081,6e-05,-0.86413
9362.2,SYN.BTC-26JUL19,1563361158471,open,0.01,475.8,0.0005,0.047,0.00707305,135.7,0.007,0.0,BTC-26JUL19-7000-P,9359.5,137.72,0.0075,0.1,0.009,7.5,144.44,1.94829,-14.89335,-0.17421,7e-05,-0.06945
9359.99,SYN.BTC-19JUL19,1563361158469,open,0.57,0.0,0.5385,0.6665,0.60248296,0.0,None,0.0,BTC-19JUL19-15000-P,9359.5,0.0,0.001,1.0,0.0,0.0,0.0,0.0,0.0,-0.77083,0.0,-1.0
9362.2,SYN.BTC-26JUL19,1563361158470,open,0.0,313.8,0.0005,0.04,3.366e-05,145.01,0.001,0.0,BTC-26JUL19-20000-C,9359.5,0.0,0.0,0.0,0.0005,5.9,183.02,0.03023,-0.24698,0.00127,0.0,0.00059
9362.2,SYN.BTC-26JUL19,1563361158472,open,0.67,5.0,0.6415,0.778,0.70963769,139.6,0.2255,0.0,BTC-26JUL19-16000-P,9359.5,0.0,0.0,0.0,0.0,0.0,0.0,0.36562,-2.87524,-3.87097,1e-05,-0.99069
9362.2,SYN.BTC-26JUL19,1563361158468,open,0.11,516.2,0.077,0.166,0.12142029,129.2,0.131,0.0,BTC-26JUL19-10000-P,9359.5,129.33,0.1215,18.0,0.13,25.5,143.29,5.67696,-41.31928,-1.61858,0.00021,-0.58954
9373.26,SYN.BTC-30AUG19,1563361158474,open,0.24,0.0,0.1895,0.269,0.2291114,113.43,None,0.0,BTC-30AUG19-8000-C,9359.5,104.64,0.219,4.3,0.23,4.0,114.2,10.83265,-14.00276,5.59373,9e-05,0.72557
9362.2,SYN.BTC-26JUL19,1563361158472,open,0.0,595.5,0.0005,0.0415,0.00158504,140.99,0.0015,0.0,BTC-26JUL19-15000-C,9359.5,132.38,0.001,0.5,0.002,2.8,145.87,0.73586,-5.84444,0.04414,2e-05,0.02097
9362.2,SYN.BTC-26JUL19,1563361158474,open,0.06,303.1,0.0135,0.093,0.05335152,129.29,0.0545,0.0,BTC-26JUL19-10000-C,9359.5,126.24,0.0515,0.1,0.056,1.0,133.65,5.67735,-41.35152,0.81326,0.00021,0.41058
9359.99,SYN.BTC-19JUL19,1563361158479,open,0.02,266.8,0.0005,0.0645,0.02398025,143.86,0.027,0.0,BTC-19JUL19-9000-P,9359.5,143.93,0.024,1.7,0.027,1.1,155.39,2.43847,-93.50842,-0.17167,0.00038,-0.33291
9441.68,BTC-27DEC19,1563361158483,open,0.33,205.5,0.281,0.3605,0.32074319,98.06,0.32,0.0,BTC-27DEC19-8000-C,9359.5,95.07,0.314,11.0,0.323,11.0,99.07,21.26049,-6.40025,16.78791,5e-05,0.7192
9382.07,BTC-27SEP19,1563361158489,open,0.02,387.3,0.0005,0.054,0.01415755,113.68,0.0155,0.0,BTC-27SEP19-22000-C,9359.5,111.81,0.013,39.0,0.015,0.5,115.0,5.91415,-4.67716,1.13046,3e-05,0.07535
9362.2,SYN.BTC-26JUL19,1563361158486,open,0.22,273.8,0.197,0.296,0.24644041,129.88,0.222,0.0,BTC-26JUL19-11500-P,9359.5,125.05,0.2445,7.5,0.257,7.5,153.68,3.83488,-28.05787,-2.42718,0.00014,-0.8197
9362.2,SYN.BTC-26JUL19,1563361158507,open,0.05,132.3,0.0005,0.0775,0.03776869,129.29,0.038,0.0,BTC-26JUL19-10500-C,9359.5,127.01,0.0365,24.0,0.0415,21.5,135.93,5.21995,-38.01878,0.64222,0.00019,0.31986
9441.58,BTC-27DEC19,1563361158500,open,0.36,93.7,0.307,0.3865,0.34665532,98.06,0.346,0.0,BTC-27DEC19-7500-C,9359.5,94.67,0.3395,11.0,0.349,11.0,99.16,19.98152,-6.01478,17.05359,5e-05,0.75142
199.21,SYN.ETH-30AUG19,1563361158514,open,0.22,107.0,0.171,0.25,0.210211,120.5,0.184,0.0,ETH-30AUG19-180-C,199.48,109.07,0.196,120.0,0.22,120.0,128.3,0.24883,-0.34169,0.11111,0.00433,0.67424
9382.07,BTC-27SEP19,1563361158512,open,0.17,806.4,0.12,0.1995,0.15984204,105.42,0.161,0.0,BTC-27SEP19-10000-C,9359.5,103.24,0.156,14.4,0.1635,11.0,107.5,16.53052,-12.12281,7.0024,9e-05,0.53886
9359.99,SYN.BTC-19JUL19,1563361158649,open,0.2,224.5,0.1805,0.2785,0.22955947,142.62,0.245,0.0,BTC-19JUL19-11500-P,9359.5,0.0,0.2255,6.0,0.2405,6.0,247.13,0.38999,-14.82705,-0.57947,6e-05,-0.97516
9382.07,BTC-27SEP19,1563361158651,open,0.4,714.8,0.354,0.4335,0.39357171,105.16,0.434,0.0,BTC-27SEP19-6000-C,9359.5,98.57,0.388,11.0,0.3965,11.0,108.47,8.16891,-5.97564,9.04665,4e-05,0.88324
199.21,SYN.ETH-30AUG19,1563361158666,open,0.04,219.0,0.001,0.078,0.038543,126.02,0.036,0.0,ETH-30AUG19-320-C,199.48,121.12,0.034,266.0,0.042,288.0,129.59,0.18935,-0.27193,0.03703,0.00315,0.19318
9441.58,BTC-27DEC19,1563361158661,open,0.36,93.7,0.307,0.3865,0.34665532,98.06,0.346,0.0,BTC-27DEC19-7500-C,9359.5,94.67,0.3395,11.0,0.3495,11.0,99.4,19.98152,-6.01478,17.05359,5e-05,0.75142
9382.07,BTC-27SEP19,1563361158669,open,0.53,78.2,0.496,0.62,0.55786037,108.44,0.54,0.0,BTC-27SEP19-14000-P,9359.5,105.49,0.5535,6.0,0.572,6.0,117.72,13.94685,-10.52135,-23.66004,7e-05,-0.72278
9359.99,SYN.BTC-19JUL19,1563361158670,open,0.01,232.0,0.0005,0.0465,0.00677573,140.73,0.0065,0.0,BTC-19JUL19-10500-C,9359.5,145.22,0.0075,0.3,0.0085,11.0,151.16,1.47982,-55.51562,0.06318,0.00023,0.13813
9441.58,BTC-27DEC19,1563361158671,open,0.43,83.4,0.393,0.5085,0.45085153,100.06,0.4295,0.0,BTC-27DEC19-12000-P,9359.5,97.49,0.444,6.0,0.458,3.6,102.74,25.15393,-7.72649,-40.47315,6e-05,-0.50978
199.21,SYN.ETH-30AUG19,1563361158675,open,0.16,220.0,0.121,0.213,0.167132,119.98,0.147,0.0,ETH-30AUG19-200-P,199.48,114.77,0.16,400.0,0.178,137.0,128.05,0.27017,-0.3694,-0.1409,0.00472,-0.42132
199.47,SYN.ETH-19JUL19,1563361158688,open,0.0,592.0,0.001,0.047,0.006809,135.04,0.012,0.0,ETH-19JUL19-180-P,199.48,165.3,0.012,102.0,0.016,482.0,185.9,0.03083,-1.10996,-0.00144,0.01117,-0.13366
199.42,SYN.ETH-26JUL19,1563361158696,open,0.01,0.0,0.001,0.047,0.007395,134.96,None,0.0,ETH-26JUL19-150-P,199.48,146.29,0.01,423.0,0.014,250.0,161.41,0.04284,-0.3257,-0.00387,0.00328,-0.07238
199.42,SYN.ETH-26JUL19,1563361158715,open,0.09,151.0,0.043,0.122,0.082501,135.07,0.079,0.0,ETH-26JUL19-200-C,199.48,135.81,0.083,119.0,0.092,313.0,150.34,0.12354,-0.94005,0.02201,0.00946,0.53645
199.22,SYN.ETH-30AUG19,1563361158720,open,0.05,189.0,0.009,0.088,0.048451,124.98,0.046,0.0,ETH-30AUG19-300-C,199.48,120.72,0.044,247.0,0.053,276.0,129.21,0.21139,-0.30108,0.04426,0.00355,0.23328
199.47,SYN.ETH-19JUL19,1563361158727,open,0.03,891.0,0.001,0.081,0.040017,135.09,0.047,0.0,ETH-19JUL19-200-P,199.48,156.02,0.046,93.0,0.052,304.0,177.02,0.05703,-2.0538,-0.00545,0.02065,-0.49164
199.21,SYN.ETH-30AUG19,1563361158734,open,0.22,220.0,0.183,0.28,0.231306,120.61,0.242,0.0,ETH-30AUG19-220-P,199.48,115.37,0.224,252.0,0.245,120.0,130.56,0.27544,-0.37856,-0.17781,0.00479,-0.51128
199.42,SYN.ETH-26JUL19,1563361158740,open,0.02,100.0,0.001,0.056,0.016968,135.04,0.017,0.0,ETH-26JUL19-250-C,199.48,137.62,0.018,130.0,0.023,283.0,149.65,0.07764,-0.5906,0.00725,0.00595,0.16647
199.21,SYN.ETH-30AUG19,1563361158755,open,0.11,473.0,0.058,0.137,0.097765,120.68,0.1,0.0,ETH-30AUG19-240-C,199.48,114.11,0.089,490.0,0.104,223.0,125.28,0.26798,-0.36855,0.07398,0.00465,0.40674
199.42,SYN.ETH-26JUL19,1563361158767,open,0.01,810.0,0.001,0.045,0.005611,135.03,0.006,0.0,ETH-26JUL19-280-C,199.48,131.85,0.005,670.0,0.01,660.0,153.7,0.03988,-0.30339,0.00293,0.00305,0.06597
199.21,SYN.ETH-30AUG19,1563361158776,open,0.08,110.0,0.037,0.116,0.076272,121.67,0.075,0.0,ETH-30AUG19-260-C,199.48,116.66,0.07,498.0,0.083,243.0,126.93,0.25225,-0.34975,0.06246,0.00435,0.33711
199.21,SYN.ETH-30AUG19,1563361158786,open,0.03,50.0,0.001,0.071,0.031279,127.53,0.027,0.0,ETH-30AUG19-340-C,199.48,122.32,0.027,273.0,0.036,297.0,132.92,0.16914,-0.24581,0.0312,0.00278,0.16159
199.21,SYN.ETH-30AUG19,1563361158791,open,0.06,552.0,0.029,0.113,0.070859,120.86,0.075,0.0,ETH-30AUG19-160-P,199.48,115.32,0.065,481.0,0.078,392.0,127.6,0.21069,-0.29018,-0.07249,0.00365,-0.23189
199.43,SYN.ETH-26JUL19,1563361158810,open,0.1,150.0,0.071,0.159,0.115158,135.05,0.121,0.0,ETH-26JUL19-210-P,199.48,138.04,0.117,125.0,0.126,150.0,152.6,0.12285,-0.93465,-0.03253,0.00941,-0.55567
199.42,SYN.ETH-26JUL19,1563361158819,open,0.0,0.0,0.001,0.043,0.003369,134.97,None,0.0,ETH-26JUL19-140-P,199.48,146.54,0.005,434.0,0.009,250.0,168.4,0.02517,-0.19139,-0.00196,0.00193,-0.03704
199.42,SYN.ETH-26JUL19,1563361158846,open,0.03,979.0,0.001,0.063,0.02398,135.04,0.031,0.0,ETH-26JUL19-240-C,199.48,137.2,0.025,150.0,0.03,265.0,147.64,0.09192,-0.69931,0.00947,0.00704,0.21937
199.42,SYN.ETH-26JUL19,1563361158852,open,0.04,0.0,0.001,0.073,0.033435,135.05,None,0.0,ETH-26JUL19-230-C,199.48,136.07,0.034,144.0,0.041,243.0,149.03,0.10533,-0.80128,0.01213,0.00807,0.28359
199.42,SYN.ETH-26JUL19,1563361158862,open,0.07,3238.0,0.043,0.128,0.085419,134.91,0.092,0.0,ETH-26JUL19-200-P,199.48,137.55,0.087,126.0,0.096,294.0,152.09,0.12354,-0.93893,-0.02662,0.00947,-0.46361
199.46,SYN.ETH-19JUL19,1563361158868,open,0.03,502.0,0.001,0.058,0.018663,135.12,0.033,0.0,ETH-19JUL19-210-C,199.48,151.78,0.023,82.0,0.027,214.0,166.9,0.05076,-1.82812,0.00303,0.01837,0.31446
199.46,SYN.ETH-19JUL19,1563361158874,open,0.05,154.0,0.001,0.077,0.037304,135.17,0.046,0.0,ETH-19JUL19-200-C,199.48,147.93,0.041,98.0,0.049,149.0,175.92,0.05703,-2.05485,0.00483,0.02064,0.50818
199.46,SYN.ETH-19JUL19,1563361158884,open,0.0,403.0,0.001,0.04,0.000338,134.95,0.006,0.0,ETH-19JUL19-160-P,199.48,194.09,0.003,85.0,0.006,657.0,228.1,0.0038,-0.06727,-0.00011,0.00138,-0.00998
9382.07,BTC-27SEP19,1563361158891,open,0.59,227.5,0.539,0.6185,0.57864635,109.62,0.7065,0.0,BTC-27SEP19-4000-C,9359.5,0.0,0.5735,11.0,0.581,11.0,118.32,2.26686,-1.72859,7.36003,1e-05,0.97702
199.46,SYN.ETH-19JUL19,1563361158890,open,0.06,166.0,0.029,0.114,0.071511,134.7,0.076,0.0,ETH-19JUL19-210-P,199.48,159.95,0.078,83.0,0.083,262.0,178.64,0.05071,-1.82092,-0.00777,0.01841,-0.68618
199.21,SYN.ETH-30AUG19,1563361158897,open,0.11,941.0,0.07,0.158,0.113763,120.43,0.113,0.0,ETH-30AUG19-180-P,199.48,114.24,0.106,434.0,0.121,180.0,126.25,0.24883,-0.34148,-0.10524,0.00433,-0.32575
199.42,SYN.ETH-26JUL19,1563361158903,open,0.05,711.0,0.006,0.085,0.045932,135.05,0.054,0.0,ETH-26JUL19-220-C,199.48,133.4,0.045,342.0,0.054,336.0,148.71,0.11623,-0.88428,0.01518,0.0089,0.35901
199.42,SYN.ETH-26JUL19,1563361158909,open,0.05,711.0,0.006,0.085,0.045932,135.05,0.054,0.0,ETH-26JUL19-220-C,199.48,133.4,0.045,342.0,0.054,337.0,148.71,0.11623,-0.88428,0.01518,0.0089,0.35901
9382.07,BTC-27SEP19,1563361158909,open,0.4,714.8,0.354,0.4335,0.39357171,105.16,0.434,0.0,BTC-27SEP19-6000-C,9359.5,99.78,0.389,11.0,0.3965,11.0,108.47,8.16891,-5.97564,9.04665,4e-05,0.88324
9441.58,BTC-27DEC19,1563361158921,open,0.36,93.7,0.307,0.3865,0.34665532,98.06,0.346,0.0,BTC-27DEC19-7500-C,9359.5,94.67,0.3395,11.0,0.348,11.0,98.69,19.98152,-6.01478,17.05359,5e-05,0.75142
199.21,SYN.ETH-30AUG19,1563361158932,open,0.03,494.0,0.001,0.065,0.025954,129.47,0.027,0.0,ETH-30AUG19-360-C,199.48,122.62,0.021,572.0,0.03,300.0,134.6,0.15149,-0.22351,0.02659,0.00245,0.13702
9382.07,BTC-27SEP19,1563361158933,open,0.53,78.2,0.496,0.62,0.55786037,108.44,0.54,0.0,BTC-27SEP19-14000-P,9359.5,105.49,0.5535,6.0,0.571,6.0,117.08,13.94685,-10.52135,-23.66004,7e-05,-0.72278
9441.68,BTC-27DEC19,1563361158939,open,0.25,452.1,0.1975,0.277,0.23747816,98.73,0.238,0.0,BTC-27DEC19-10000-C,9359.5,96.81,0.2325,3.6,0.2425,11.0,100.68,24.43169,-7.40518,15.09978,6e-05,0.59587
9382.07,BTC-27SEP19,1563361158975,open,0.59,227.5,0.539,0.6185,0.57864635,109.62,0.7065,0.0,BTC-27SEP19-4000-C,9359.5,0.0,0.5735,11.0,0.58,11.0,114.85,2.26686,-1.72859,7.36003,1e-05,0.97702
9441.68,BTC-27DEC19,1563361158981,open,0.25,452.1,0.1975,0.277,0.23747816,98.73,0.238,0.0,BTC-27DEC19-10000-C,9359.5,96.81,0.2325,3.6,0.241,11.0,100.1,24.43169,-7.40518,15.09978,6e-05,0.59587
201.0,ETH-27DEC19,1563361159077,open,1.23,0.0,1.177,1.357,1.266755,110.66,None,0.0,ETH-27DEC19-440-P,199.5,0.0,1.172,110.0,0.0,0.0,0.0,0.42212,-0.1434,-1.81336,0.00212,-0.75498
201.0,ETH-27DEC19,1563361159077,open,0.08,555.0,0.038,0.117,0.077583,110.61,0.081,0.0,ETH-27DEC19-440-C,199.5,106.93,0.07,390.0,0.084,320.0,113.62,0.42191,-0.14325,0.14998,0.00212,0.24479
201.0,ETH-27DEC19,1563361159077,open,2.54,0.0,2.47,2.758,2.614038,118.49,None,0.0,ETH-27DEC19-720-P,199.5,0.0,0.003,5.0,0.0,0.0,0.0,0.25568,-0.09301,-3.14113,0.0012,-0.88804
199.05,ETH-27SEP19,1563361159077,open,0.55,868.0,0.517,0.642,0.579185,114.11,0.566,0.0,ETH-27SEP19-300-P,199.5,100.23,0.559,110.0,0.601,30.0,128.05,0.30176,-0.23954,-0.5058,0.00339,-0.71121
201.0,ETH-27DEC19,1563361159077,open,0.18,209.0,0.132,0.211,0.171151,107.06,0.178,0.0,ETH-27DEC19-280-C,199.5,103.23,0.161,350.0,0.18,230.0,110.4,0.53266,-0.17507,0.25714,0.00276,0.45784
199.47,SYN.ETH-19JUL19,1563361159077,open,0.0,90.0,0.001,0.04,0.0,134.99,0.002,0.0,ETH-19JUL19-360-C,199.5,0.0,0.0,0.0,0.001,300.0,347.97,0.0,0.0,0.0,0.0,0.0
199.43,SYN.ETH-26JUL19,1563361159077,open,0.38,867.0,0.354,0.466,0.409696,135.29,0.42,0.0,ETH-26JUL19-280-P,199.5,0.0,0.392,30.0,0.447,30.0,238.86,0.0401,-0.30563,-0.06514,0.00306,-0.93357
199.47,SYN.ETH-19JUL19,1563361159077,open,0.37,617.0,0.348,0.459,0.403804,163.17,0.407,0.0,ETH-19JUL19-280-P,199.5,0.0,0.383,10.0,0.438,10.0,478.48,0.00101,-0.04386,-0.01437,0.0003,-0.99775
201.02,ETH-27DEC19,1563361159078,open,1.59,37.0,1.538,1.749,1.643632,112.68,0.707,0.0,ETH-27DEC19-520-P,199.5,0.0,0.001,500.0,0.0,0.0,0.0,0.36171,-0.12512,-2.20299,0.00178,-0.81227
199.05,ETH-27SEP19,1563361159078,open,0.02,1792.0,0.001,0.054,0.014156,124.01,0.016,0.0,ETH-27SEP19-520-C,199.5,122.04,0.013,500.0,0.016,200.0,126.98,0.11965,-0.10322,0.02221,0.00124,0.07081
199.07,ETH-27SEP19,1563361159079,open,0.19,3341.0,0.151,0.246,0.198903,111.91,0.198,0.0,ETH-27SEP19-200-P,199.5,108.48,0.193,334.0,0.205,120.0,115.46,0.3425,-0.26664,-0.23696,0.00392,-0.40558
199.07,ETH-27SEP19,1563361159079,open,0.11,1655.0,0.065,0.144,0.104809,112.32,0.112,0.0,ETH-27SEP19-260-C,199.5,108.89,0.099,233.0,0.111,160.0,115.95,0.33825,-0.26428,0.11071,0.00386,0.38724
201.02,ETH-27DEC19,1563361159079,open,0.07,1057.0,0.03,0.115,0.072853,106.68,0.068,0.0,ETH-27DEC19-120-P,199.5,102.72,0.067,312.0,0.079,312.0,110.79,0.2989,-0.09789,-0.19095,0.00155,-0.14001
201.02,ETH-27DEC19,1563361159079,open,2.16,0.0,2.095,2.352,2.223825,116.82,None,0.0,ETH-27DEC19-640-P,199.5,0.0,0.0,0.0,0.0,0.0,0.0,0.29452,-0.10562,-2.76894,0.0014,-0.86299
199.07,ETH-27SEP19,1563361159080,open,0.47,981.0,0.433,0.552,0.492434,112.74,0.48,0.0,ETH-27SEP19-280-P,199.5,84.54,0.45,110.0,0.0,0.0,0.0,0.32106,-0.2518,-0.45452,0.00365,-0.66703
199.07,ETH-27SEP19,1563361159080,open,0.09,1914.0,0.046,0.125,0.085694,112.62,0.087,0.0,ETH-27SEP19-280-C,199.5,109.06,0.08,247.0,0.092,160.0,116.5,0.32092,-0.25141,0.09679,0.00365,0.3326
199.07,ETH-27SEP19,1563361159080,open,1.19,0.0,1.144,1.322,1.233324,119.85,None,0.0,ETH-27SEP19-440-P,199.5,0.0,0.0,0.0,0.0,0.0,0.0,0.16636,-0.1387,-0.83227,0.00178,-0.88977
199.43,SYN.ETH-26JUL19,1563361159078,open,0.15,50.0,0.098,0.177,0.137652,134.95,0.138,0.0,ETH-26JUL19-180-C,199.5,131.78,0.136,50.0,0.147,50.0,152.63,0.10411,-0.79145,0.02839,0.00798,0.72316
199.43,SYN.ETH-26JUL19,1563361159078,open,0.0,2384.0,0.001,0.04,0.0,134.99,0.001,0.0,ETH-26JUL19-500-C,199.5,0.0,0.0,0.0,0.001,571.0,232.06,1e-05,-9e-05,0.0,0.0,1e-05
199.22,SYN.ETH-30AUG19,1563361159077,open,0.61,0.0,0.58,0.71,0.644859,126.04,None,0.0,ETH-30AUG19-320-P,199.5,0.0,0.0,0.0,0.0,0.0,0.0,0.18938,-0.272,-0.34763,0.00315,-0.80677
199.47,SYN.ETH-19JUL19,1563361159077,open,0.0,315.0,0.001,0.04,0.0,134.99,0.001,0.0,ETH-19JUL19-380-C,199.5,0.0,0.0,0.0,0.001,300.0,374.58,0.0,0.0,0.0,0.0,0.0
199.43,SYN.ETH-26JUL19,1563361159080,open,0.76,1047.0,0.734,0.877,0.805462,139.31,0.2,0.0,ETH-26JUL19-360-P,199.5,0.0,0.0,0.0,0.0,0.0,0.0,0.00411,-0.03227,-0.08734,0.00031,-0.99548
199.47,SYN.ETH-19JUL19,1563361159079,open,0.0,459.0,0.001,0.04,0.0,134.99,0.001,0.0,ETH-19JUL19-340-C,199.5,0.0,0.0,0.0,0.001,300.0,319.43,0.0,0.0,0.0,0.0,0.0
199.47,SYN.ETH-19JUL19,1563361159078,open,0.0,1033.0,0.001,0.04,7e-06,134.98,0.001,0.0,ETH-19JUL19-280-C,199.5,0.0,0.0,0.0,0.001,183.0,218.54,0.00015,-0.00131,0.0,5e-05,0.00027
199.07,ETH-27SEP19,1563361159084,open,0.25,1828.0,0.214,0.314,0.263571,112.2,0.254,0.0,ETH-27SEP19-220-P,199.5,108.49,0.257,200.0,0.27,120.0,115.84,0.35201,-0.27475,-0.2918,0.00402,-0.48079
9382.17,BTC-27SEP19,1563361159157,open,0.49,793.2,0.4415,0.521,0.48120866,105.99,0.5945,0.0,BTC-27SEP19-5000-C,9359.5,94.77,0.476,11.0,0.4835,11.0,110.31,4.81831,-3.55278,8.51641,3e-05,0.94217
9441.68,BTC-27DEC19,1563361159160,open,0.39,54.4,0.335,0.4145,0.37474864,98.05,0.3805,0.0,BTC-27DEC19-7000-C,9359.5,94.35,0.3675,11.0,0.3775,11.0,99.46,18.49943,-5.5685,17.22524,5e-05,0.78358
9441.68,BTC-27DEC19,1563361159173,open,0.21,426.5,0.167,0.2465,0.20651238,99.52,0.206,0.0,BTC-27DEC19-11000-C,9359.5,97.63,0.2015,11.0,0.211,11.0,101.22,25.02964,-7.64676,14.08738,6e-05,0.54087
9382.07,BTC-27SEP19,1563361159194,open,0.59,227.5,0.539,0.6185,0.57864466,109.62,0.7065,0.0,BTC-27SEP19-4000-C,9359.5,0.0,0.573,11.0,0.58,11.0,114.85,2.26686,-1.72859,7.36003,1e-05,0.97702
9441.58,BTC-27DEC19,1563361159205,open,0.45,122.9,0.398,0.4775,0.43788268,98.06,0.439,0.0,BTC-27DEC19-6000-C,9359.5,94.64,0.4325,11.0,0.4405,11.0,99.71,14.96167,-4.50388,17.19667,4e-05,0.84605
9441.68,BTC-27DEC19,1563361159211,open,0.39,54.4,0.335,0.4145,0.37474864,98.05,0.3805,0.0,BTC-27DEC19-7000-C,9359.5,94.35,0.3675,11.0,0.376,11.0,98.7,18.49943,-5.5685,17.22524,5e-05,0.78358
199.43,SYN.ETH-26JUL19,1563361159237,open,0.05,10.0,0.018,0.102,0.060379,135.03,0.05,0.0,ETH-26JUL19-190-P,199.5,137.79,0.062,130.0,0.07,200.0,151.36,0.11729,-0.89217,-0.02081,0.00898,-0.36872
199.22,SYN.ETH-30AUG19,1563361159261,open,0.07,260.0,0.021,0.1,0.060789,123.54,0.056,0.0,ETH-30AUG19-280-C,199.5,119.4,0.056,244.0,0.066,261.0,127.96,0.23282,-0.32776,0.05268,0.00395,0.28077
199.43,SYN.ETH-26JUL19,1563361159272,open,0.07,216.0,0.023,0.102,0.062111,134.97,0.066,0.0,ETH-26JUL19-210-C,199.5,134.82,0.062,144.0,0.071,190.0,149.4,0.12285,-0.9341,0.01853,0.00941,0.44425
199.43,SYN.ETH-26JUL19,1563361159281,open,0.13,2700.0,0.104,0.195,0.149107,135.06,0.155,0.0,ETH-26JUL19-220-P,199.5,129.65,0.146,259.0,0.163,100.0,158.48,0.11624,-0.88443,-0.03831,0.0089,-0.6409
199.43,SYN.ETH-26JUL19,1563361159288,open,0.02,545.0,0.001,0.051,0.011865,134.98,0.012,0.0,ETH-26JUL19-260-C,199.5,135.42,0.012,381.0,0.017,297.0,149.86,0.06369,-0.4843,0.00544,0.00488,0.12408
9382.17,BTC-27SEP19,1563361159296,open,0.21,218.1,0.177,0.2745,0.22569617,105.42,0.2285,0.0,BTC-27SEP19-10000-P,9359.5,104.17,0.2235,14.4,0.231,4.6,108.43,16.53065,-12.12309,-12.68941,9e-05,-0.46113
9382.07,BTC-27SEP19,1563361159298,open,0.13,406.8,0.088,0.1675,0.12787315,106.52,0.13,0.0,BTC-27SEP19-11000-C,9359.5,104.04,0.1235,26.4,0.132,23.0,108.86,16.52619,-12.24636,6.13772,9e-05,0.46009
9362.3,SYN.BTC-26JUL19,1563361159336,open,0.08,392.1,0.045,0.1315,0.08844154,129.27,0.0975,0.0,BTC-26JUL19-9500-P,9359.5,129.37,0.0885,18.0,0.096,25.5,141.43,5.82201,-42.39836,-1.3139,0.00021,-0.48869
9382.07,BTC-27SEP19,1563361159423,open,0.59,227.5,0.539,0.6185,0.57864466,109.62,0.7065,0.0,BTC-27SEP19-4000-C,9359.5,83.17,0.5745,11.0,0.58,11.0,114.85,2.26686,-1.72859,7.36003,1e-05,0.97702
9362.2,SYN.BTC-26JUL19,1563361159426,open,0.22,273.8,0.197,0.296,0.24649633,129.88,0.222,0.0,BTC-26JUL19-11500-P,9359.5,123.77,0.244,7.5,0.257,7.5,153.68,3.83488,-28.05787,-2.42718,0.00014,-0.8197
9382.17,BTC-27SEP19,1563361159432,open,0.11,586.4,0.063,0.1425,0.10258258,107.5,0.1,0.0,BTC-27SEP19-12000-C,9359.5,105.98,0.1,23.8,0.106,11.0,109.5,15.98278,-11.95216,5.32401,9e-05,0.39075
9382.17,BTC-27SEP19,1563361159444,open,0.11,586.4,0.063,0.1425,0.10258258,107.5,0.1,0.0,BTC-27SEP19-12000-C,9359.5,105.98,0.1,23.8,0.106,23.6,109.5,15.98278,-11.95216,5.32401,9e-05,0.39075
9382.07,BTC-27SEP19,1563361159456,open,0.53,78.2,0.496,0.62,0.55786586,108.44,0.54,0.0,BTC-27SEP19-14000-P,9359.5,105.14,0.553,6.0,0.571,6.0,117.08,13.94685,-10.52135,-23.66004,7e-05,-0.72278
9382.17,BTC-27SEP19,1563361159458,open,0.11,586.4,0.063,0.1425,0.10258258,107.5,0.1,0.0,BTC-27SEP19-12000-C,9359.5,105.98,0.1,23.8,0.105,11.0,108.92,15.98278,-11.95216,5.32401,9e-05,0.39075
9441.68,BTC-27DEC19,1563361159465,open,0.51,58.3,0.4735,0.5955,0.53444695,100.68,0.537,0.0,BTC-27DEC19-13000-P,9359.5,98.03,0.5275,6.0,0.542,3.6,103.52,24.9189,-7.70144,-45.91814,6e-05,-0.55538
9382.13,BTC-27SEP19,1563361159468,open,0.74,55.9,0.6945,0.774,0.73430329,124.53,0.689,0.0,BTC-27SEP19-2500-C,9359.7,0.0,0.005,10.0,0.9125,5.0,500.0,0.47076,-0.4078,4.83866,0.0,0.9962
9382.13,BTC-27SEP19,1563361159470,open,0.0,49.2,0.0005,0.042,0.00216198,116.24,0.0025,0.0,BTC-27SEP19-3250-P,9359.7,110.16,0.0015,19.7,0.003,25.0,122.41,1.1439,-0.92495,-0.23125,1e-05,-0.01035
9442.03,BTC-27DEC19,1563361159472,open,1.74,0.0,1.6835,1.9065,1.79512768,107.95,None,0.0,BTC-27DEC19-26000-P,9359.7,0.0,0.005,10.0,2.6015,0.2,500.0,14.58997,-4.83507,-111.52341,3e-05,-0.85177
9442.03,BTC-27DEC19,1563361159472,open,0.78,7.1,0.7315,0.8755,0.80336618,102.39,0.491,0.0,BTC-27DEC19-16000-P,9359.7,0.0,0.005,5.0,1.572,0.2,499.93,22.94898,-7.21307,-61.91378,6e-05,-0.6661
9442.03,BTC-27DEC19,1563361159474,open,1.54,0.0,1.4875,1.6945,1.59089171,106.98,None,0.0,BTC-27DEC19-24000-P,9359.7,0.0,0.0065,1.0,2.395,0.2,500.0,16.05339,-5.27204,-101.93603,4e-05,-0.82846
9362.3,SYN.BTC-26JUL19,1563361159473,open,0.02,542.0,0.0005,0.0525,0.01271263,131.53,0.015,0.0,BTC-26JUL19-12000-C,9359.7,129.39,0.012,30.0,0.0145,0.1,136.69,3.15387,-23.36884,0.27615,0.00011,0.13401
9362.3,SYN.BTC-26JUL19,1563361159474,open,0.78,0.0,0.744,0.8885,0.81619853,145.49,None,0.0,BTC-26JUL19-17000-P,9359.7,0.0,0.0,0.0,0.0,0.0,0.0,0.24591,-2.01544,-4.12129,1e-05,-0.99406
9373.34,SYN.BTC-30AUG19,1563361159474,open,0.33,1.0,0.298,0.406,0.35204551,114.14,0.3045,0.0,BTC-30AUG19-12000-P,9359.7,106.08,0.342,3.0,0.3785,3.0,134.55,11.8383,-15.39804,-11.46053,0.0001,-0.66509
9382.13,BTC-27SEP19,1563361159491,open,0.02,387.3,0.0005,0.054,0.01415724,113.68,0.0155,0.0,BTC-27SEP19-22000-C,9359.7,111.8,0.013,39.0,0.0155,0.5,115.76,5.91414,-4.67711,1.13046,3e-05,0.07534
9442.03,BTC-27DEC19,1563361159518,open,0.96,12.4,0.914,1.073,0.99373059,103.7,0.559,0.0,BTC-27DEC19-18000-P,9359.7,0.0,0.005,5.0,1.777,0.2,500.0,21.20537,-6.75076,-72.23616,5e-05,-0.72072
9382.13,BTC-27SEP19,1563361159617,open,0.01,288.9,0.0005,0.0505,0.01063702,115.75,0.009,0.0,BTC-27SEP19-24000-C,9359.7,112.41,0.009,39.0,0.0125,11.0,119.2,4.82939,-3.88862,0.87505,2e-05,0.058
199.47,SYN.ETH-19JUL19,1563361159670,open,0.08,0.0,0.027,0.106,0.066067,134.87,None,0.0,ETH-19JUL19-190-C,199.5,142.81,0.068,150.0,0.079,150.0,185.86,0.049,-1.76173,0.00659,0.01777,0.70931
9360.09,SYN.BTC-19JUL19,1563361159676,open,0.04,547.1,0.0065,0.0895,0.04805472,139.37,0.053,0.0,BTC-19JUL19-9500-P,9359.7,146.2,0.05,1.8,0.054,15.5,160.24,2.66389,-98.96913,-0.2825,0.00042,-0.53925
201.0,ETH-27DEC19,1563361159672,open,0.39,693.0,0.355,0.467,0.410694,106.43,0.423,0.0,ETH-27DEC19-240-P,199.5,102.0,0.399,30.0,0.423,30.0,111.06,0.53266,-0.17403,-0.779,0.00278,-0.45778
9362.3,SYN.BTC-26JUL19,1563361159679,open,0.01,451.5,0.0005,0.0545,0.01408376,134.91,0.0115,0.0,BTC-26JUL19-7500-P,9359.7,131.45,0.013,30.0,0.0165,47.5,142.3,2.97407,-22.60327,-0.31242,0.0001,-0.12314
201.0,ETH-27DEC19,1563361159682,open,0.54,441.0,0.502,0.626,0.564214,107.1,0.561,0.0,ETH-27DEC19-280-P,199.5,102.08,0.551,30.0,0.577,30.0,111.89,0.53268,-0.17513,-0.99231,0.00276,-0.54207
9362.3,SYN.BTC-26JUL19,1563361159687,open,0.02,443.2,0.0005,0.065,0.02449814,132.49,0.024,0.0,BTC-26JUL19-8000-P,9359.7,131.33,0.024,24.0,0.028,41.5,140.54,4.00863,-29.91964,-0.49672,0.00014,-0.19368
9382.13,BTC-27SEP19,1563361159697,open,0.01,297.6,0.0005,0.0515,0.01108343,106.57,0.005,0.0,BTC-27SEP19-4750-P,9359.7,104.01,0.01,21.0,0.0125,24.0,109.73,4.0788,-3.02368,-1.07103,2e-05,-0.04689
9362.3,SYN.BTC-26JUL19,1563361159699,open,0.05,733.2,0.02,0.1045,0.06214183,131.39,0.067,0.0,BTC-26JUL19-9000-P,9359.7,129.47,0.061,24.1,0.067,17.5,139.54,5.57624,-41.27303,-1.01563,0.0002,-0.38397
9373.34,SYN.BTC-30AUG19,1563361159709,open,0.1,27.6,0.056,0.1355,0.09582663,113.11,0.09,0.0,BTC-30AUG19-11000-C,9359.7,109.9,0.0915,24.4,0.0995,15.0,115.82,12.67683,-16.33963,3.60814,0.00011,0.41605
9442.03,BTC-27DEC19,1563361159722,open,0.39,54.4,0.335,0.4145,0.37474864,98.05,0.3805,0.0,BTC-27DEC19-7000-C,9359.7,94.09,0.367,11.0,0.376,11.0,98.69,18.49926,-5.56835,17.22611,5e-05,0.78359
9360.09,SYN.BTC-19JUL19,1563361159724,open,0.2,224.5,0.1805,0.2785,0.22962143,144.37,0.245,0.0,BTC-19JUL19-11500-P,9359.7,0.0,0.225,6.0,0.2405,6.0,247.2,0.40958,-15.76272,-0.57879,6e-05,-0.97367
9382.13,BTC-27SEP19,1563361159726,open,0.45,35.9,0.4085,0.5255,0.46703526,107.66,0.391,0.0,BTC-27SEP19-13000-P,9359.7,105.13,0.463,6.0,0.4795,6.0,115.32,15.05171,-11.27254,-21.03305,8e-05,-0.67141
9382.13,BTC-27SEP19,1563361159722,open,0.09,208.8,0.0415,0.121,0.08141617,107.65,0.083,0.0,BTC-27SEP19-13000-C,9359.7,105.52,0.078,43.4,0.0855,24.1,110.19,15.05149,-11.27197,4.56641,8e-05,0.32858
9382.13,BTC-27SEP19,1563361159731,open,0.01,92.2,0.0005,0.048,0.00802516,117.34,0.007,0.0,BTC-27SEP19-26000-C,9359.7,114.79,0.007,16.7,0.009,11.0,119.58,3.93434,-3.21146,0.67998,2e-05,0.04483
9441.83,BTC-27DEC19,1563361159745,open,0.19,196.8,0.14,0.2195,0.17991757,100.07,0.1905,0.0,BTC-27DEC19-12000-C,9359.7,98.23,0.175,21.0,0.1845,21.0,101.79,25.15467,-7.72764,13.07574,6e-05,0.49026
199.07,ETH-27SEP19,1563361159745,open,0.2,1291.0,0.155,0.234,0.194171,111.85,0.194,0.0,ETH-27SEP19-200-C,199.5,107.71,0.187,120.0,0.201,120.0,115.85,0.34251,-0.26651,0.15689,0.00392,0.59436
199.07,ETH-27SEP19,1563361159766,open,0.2,1291.0,0.155,0.234,0.194171,111.85,0.194,0.0,ETH-27SEP19-200-C,199.5,107.71,0.187,120.0,0.202,120.0,116.43,0.34251,-0.26651,0.15689,0.00392,0.59436
199.07,ETH-27SEP19,1563361159772,open,0.32,2398.0,0.281,0.387,0.33425,112.19,0.345,0.0,ETH-27SEP19-240-P,199.5,105.71,0.323,120.0,0.341,120.0,115.98,0.3496,-0.27284,-0.34682,0.00399,-0.5504
201.02,ETH-27DEC19,1563361159792,open,0.26,1838.0,0.224,0.325,0.274257,106.37,0.273,0.0,ETH-27DEC19-200-P,199.5,101.82,0.263,40.0,0.285,40.0,110.63,0.50166,-0.16381,-0.56772,0.00262,-0.35851
9360.09,SYN.BTC-19JUL19,1563361159819,open,0.08,24.0,0.0225,0.102,0.06245948,143.9,0.056,0.0,BTC-19JUL19-9000-C,9359.7,134.41,0.06,1.0,0.0655,29.0,155.51,2.4385,-93.53964,0.29083,0.00038,0.66708
199.07,ETH-27SEP19,1563361159812,open,0.01,4168.0,0.001,0.048,0.008842,126.59,0.008,0.0,ETH-27SEP19-600-C,199.5,119.17,0.006,440.0,0.012,200.0,133.28,0.08549,-0.07529,0.01464,0.00087,0.04618
9442.03,BTC-27DEC19,1563361159822,open,0.51,58.3,0.4735,0.5955,0.53444695,100.68,0.537,0.0,BTC-27DEC19-13000-P,9359.7,98.04,0.5275,6.0,0.5415,3.6,103.35,24.92011,-7.70209,-45.91714,6e-05,-0.55535
9373.34,SYN.BTC-30AUG19,1563361159827,open,0.18,0.4,0.132,0.2115,0.17178641,112.13,0.1895,0.0,BTC-30AUG19-9000-C,9359.7,107.76,0.166,14.4,0.1745,4.0,114.18,12.3984,-15.84316,5.0221,0.0001,0.6175
9362.3,SYN.BTC-26JUL19,1563361159886,open,0.14,265.8,0.113,0.2055,0.15928506,129.28,0.141,0.0,BTC-26JUL19-10500-P,9359.7,129.66,0.1595,18.0,0.1685,18.0,145.52,5.22,-38.01598,-1.91105,0.00019,-0.68014
9362.3,SYN.BTC-26JUL19,1563361159904,open,0.14,265.8,0.113,0.2055,0.15928506,129.28,0.141,0.0,BTC-26JUL19-10500-P,9359.7,129.66,0.1595,18.0,0.168,18.0,144.65,5.22,-38.01598,-1.91105,0.00019,-0.68014
9441.83,BTC-27DEC19,1563361159912,open,0.19,196.8,0.14,0.2195,0.17991757,100.07,0.1905,0.0,BTC-27DEC19-12000-C,9359.7,98.23,0.175,24.6,0.1845,21.0,101.79,25.15467,-7.72764,13.07574,6e-05,0.49026
9360.09,SYN.BTC-19JUL19,1563361159914,open,0.07,372.8,0.041,0.127,0.08408898,139.39,0.093,0.0,BTC-19JUL19-10000-P,9359.7,136.89,0.0835,6.0,0.091,6.0,167.48,2.21988,-82.48186,-0.39143,0.00035,-0.72969
9442.03,BTC-27DEC19,1563361159916,open,0.28,189.9,0.245,0.348,0.29662205,98.75,0.279,0.0,BTC-27DEC19-10000-P,9359.7,96.39,0.2905,10.9,0.303,4.9,101.22,24.43191,-7.4063,-29.52334,6e-05,-0.40409
9442.03,BTC-27DEC19,1563361159918,open,0.6,17.7,0.5565,0.6855,0.62103909,101.11,0.6235,0.0,BTC-27DEC19-14000-P,9359.7,97.99,0.613,6.0,0.629,3.6,104.18,24.41613,-7.57874,-51.31784,6e-05,-0.59694
9362.3,SYN.BTC-26JUL19,1563361159966,open,0.18,381.0,0.1535,0.249,0.20113296,129.28,0.215,0.0,BTC-26JUL19-11000-P,9359.7,125.9,0.1995,7.5,0.2125,7.5,151.55,4.56255,-33.22916,-2.18282,0.00017,-0.75766
9382.13,BTC-27SEP19,1563361159982,open,0.45,224.0,0.396,0.4755,0.43594728,105.35,0.5225,0.0,BTC-27SEP19-5500-C,9359.7,96.98,0.4305,11.0,0.4385,11.0,108.99,6.44378,-4.72242,8.86186,4e-05,0.91561
9362.3,SYN.BTC-26JUL19,1563361159991,open,0.47,11.0,0.4385,0.558,0.498391,137.24,0.1845,0.0,BTC-26JUL19-14000-P,9359.7,0.0,0.4935,7.5,0.5285,7.5,241.27,1.20923,-9.34855,-3.32454,4e-05,-0.9619
9373.34,SYN.BTC-30AUG19,1563361159998,open,0.04,52.8,0.0005,0.071,0.03120312,117.39,0.036,0.0,BTC-30AUG19-15000-C,9359.7,114.26,0.0285,19.3,0.033,5.0,119.41,8.24251,-11.02604,1.57069,7e-05,0.1706
9373.34,SYN.BTC-30AUG19,1563361160000,open,0.04,52.8,0.0005,0.071,0.03120312,117.39,0.036,0.0,BTC-30AUG19-15000-C,9359.7,114.26,0.0285,19.3,0.033,15.0,119.41,8.24251,-11.02604,1.57069,7e-05,0.1706
9382.13,BTC-27SEP19,1563361160085,open,0.45,224.0,0.396,0.4755,0.43594533,105.35,0.5225,0.0,BTC-27SEP19-5500-C,9359.7,98.59,0.4315,11.0,0.4385,11.0,108.99,6.44378,-4.72242,8.86186,4e-05,0.91561
199.07,ETH-27SEP19,1563361160104,open,0.13,4995.0,0.098,0.188,0.14274,112.03,0.139,0.0,ETH-27SEP19-180-P,199.5,107.81,0.136,167.0,0.149,460.0,115.94,0.31832,-0.24807,-0.18373,0.00364,-0.32595
199.45,SYN.ETH-26JUL19,1563361160131,open,0.03,1358.0,0.001,0.081,0.040264,135.06,0.036,0.0,ETH-26JUL19-180-P,199.5,138.38,0.042,130.0,0.049,200.0,151.59,0.10411,-0.7921,-0.01538,0.00797,-0.27679
199.24,SYN.ETH-30AUG19,1563361160132,open,0.16,220.0,0.121,0.213,0.167121,120.07,0.147,0.0,ETH-30AUG19-200-P,199.5,114.82,0.16,263.0,0.178,137.0,128.1,0.27018,-0.36968,-0.14089,0.00472,-0.42114
9373.34,SYN.BTC-30AUG19,1563361160229,open,0.04,52.8,0.0005,0.071,0.03120411,117.39,0.036,0.0,BTC-30AUG19-15000-C,9359.7,114.26,0.0285,19.3,0.032,5.0,118.29,8.24251,-11.02604,1.57069,7e-05,0.1706
9360.09,SYN.BTC-19JUL19,1563361160269,open,0.46,16.4,0.436,0.5555,0.49571345,169.11,0.495,0.0,BTC-19JUL19-14000-P,9359.7,0.0,0.488,6.0,0.526,6.0,500.0,0.01316,-0.59336,-0.71919,0.0,-0.99944
199.45,SYN.ETH-26JUL19,1563361160340,open,1.16,0.0,1.119,1.294,1.206328,175.67,None,0.0,ETH-26JUL19-440-P,199.5,0.0,0.0,0.0,0.0,0.0,0.0,0.00282,-0.02788,-0.10686,0.00017,-0.99703
199.07,ETH-27SEP19,1563361160358,open,2.54,0.0,2.478,2.766,2.622007,131.48,None,0.0,ETH-27SEP19-720-P,199.5,0.0,0.0,0.0,0.0,0.0,0.0,0.05668,-0.05184,-1.4089,0.00055,-0.97204
201.02,ETH-27DEC19,1563361160373,open,1.41,21.0,1.356,1.551,1.453366,111.4,0.629,0.0,ETH-27DEC19-480-P,199.5,0.0,1.347,110.0,0.0,0.0,0.0,0.38978,-0.1333,-2.01004,0.00194,-0.78743
9442.16,BTC-27DEC19,1563361160467,open,4.41,1.0,4.2965,4.7375,4.51688235,118.49,4.454,0.0,BTC-27DEC19-52000-P,9359.83,0.0,0.001,1.0,0.0,0.0,0.0,5.34954,-1.94578,-230.79673,1e-05,-0.96078
9382.27,BTC-27SEP19,1563361160469,open,0.02,383.6,0.0005,0.0605,0.02071052,113.23,0.021,0.0,BTC-27SEP19-20000-C,9359.83,111.06,0.019,22.0,0.0225,11.0,115.41,7.55556,-5.95139,1.55197,4e-05,0.10471
9442.16,BTC-27DEC19,1563361160469,open,0.05,88.4,0.0135,0.0975,0.05569292,98.06,0.0495,0.0,BTC-27DEC19-5500-P,9359.83,95.72,0.0525,16.0,0.0575,6.0,99.38,12.95148,-3.89894,-7.59444,3e-05,-0.12455
9382.27,BTC-27SEP19,1563361160469,open,0.06,441.1,0.0135,0.093,0.05325487,109.23,0.055,0.0,BTC-27SEP19-15000-C,9359.83,107.19,0.0505,33.3,0.0565,11.0,111.59,12.76451,-9.69909,3.33957,7e-05,0.23401
9442.29,BTC-27DEC19,1563361160470,open,0.36,74.2,0.317,0.426,0.37152841,99.53,0.3645,0.0,BTC-27DEC19-11000-P,9359.83,96.88,0.3645,6.0,0.378,3.6,101.97,25.03083,-7.64806,-34.99703,6e-05,-0.45907
9382.27,BTC-27SEP19,1563361160470,open,0.54,289.7,0.489,0.5685,0.52891465,107.21,0.588,0.0,BTC-27SEP19-4500-C,9359.83,0.0,0.002,1.1,0.669,5.0,298.58,3.39327,-2.53075,8.01341,2e-05,0.96265
9382.4,BTC-27SEP19,1563361160471,open,1.93,0.0,1.8705,2.1095,1.99010325,117.72,None,0.0,BTC-27SEP19-28000-P,9359.83,0.0,0.0,0.0,0.0,0.0,0.0,3.10277,-2.54095,-54.62574,2e-05,-0.96651
9442.29,BTC-27DEC19,1563361160471,open,3.99,0.0,3.8915,4.2985,4.09494952,117.18,None,0.0,BTC-27DEC19-48000-P,9359.83,0.0,0.0,0.0,0.0,0.0,0.0,6.07584,-2.1856,-212.74014,1e-05,-0.95409
9360.29,SYN.BTC-19JUL19,1563361160471,open,0.62,0.0,0.59,0.722,0.65596673,218.81,None,0.0,BTC-19JUL19-15500-P,9359.83,0.0,0.001,1.0,0.0,0.0,0.0,0.01953,-1.13924,-0.79613,0.0,-0.99915
9362.49,SYN.BTC-26JUL19,1563361160471,open,0.43,0.0,0.3735,0.453,0.41307803,144.59,0.4,0.0,BTC-26JUL19-5500-C,9359.83,0.0,0.0005,0.1,0.0,0.0,0.0,0.27432,-2.23442,1.32094,1e-05,0.99328
9362.49,SYN.BTC-26JUL19,1563361160469,open,1.19,0.0,1.1535,1.3325,1.24305343,160.34,None,0.0,BTC-26JUL19-21000-P,9359.83,0.0,0.0,0.0,0.0,0.0,0.0,0.04685,-0.42321,-5.10454,0.0,-0.99905
9362.49,SYN.BTC-26JUL19,1563361160467,open,0.08,103.8,0.034,0.1135,0.07372807,129.25,0.087,0.0,BTC-26JUL19-9500-C,9359.83,124.86,0.071,18.0,0.0755,0.3,132.1,5.82212,-42.39145,0.99631,0.00021,0.51134
9362.49,SYN.BTC-26JUL19,1563361160472,open,1.09,0.0,1.051,1.2215,1.13626099,154.55,None,0.0,BTC-26JUL19-20000-P,9359.83,0.0,0.0,0.0,0.0,0.0,0.0,0.05931,-0.5164,-4.86078,0.0,-0.99877
9362.49,SYN.BTC-26JUL19,1563361160471,open,0.88,0.0,0.846,0.9995,0.92277884,147.81,None,0.0,BTC-26JUL19-18000-P,9359.83,0.0,0.0,0.0,0.0,0.0,0.0,0.14386,-1.19791,-4.37013,0.0,-0.99674
9362.49,SYN.BTC-26JUL19,1563361160470,open,0.57,10.0,0.54,0.6675,0.60375469,141.39,0.17,0.0,BTC-26JUL19-15000-P,9359.83,0.0,0.0,0.0,0.0,0.0,0.0,0.74577,-5.94007,-3.60272,2e-05,-0.9787
9360.29,SYN.BTC-19JUL19,1563361160482,open,0.46,16.4,0.436,0.5555,0.49571345,177.71,0.495,0.0,BTC-19JUL19-14000-P,9359.83,0.0,0.4895,6.0,0.526,6.0,500.0,0.02216,-1.04974,-0.71899,0.0,-0.99902
9442.29,BTC-27DEC19,1563361160491,open,0.13,243.3,0.083,0.1625,0.12265608,101.86,0.133,0.0,BTC-27DEC19-15000-C,9359.83,100.4,0.119,11.0,0.127,21.0,103.58,23.74984,-7.42619,10.29169,6e-05,0.36691
9442.29,BTC-27DEC19,1563361160504,open,1.74,0.0,1.6835,1.9065,1.79502973,107.94,None,0.0,BTC-27DEC19-26000-P,9359.83,0.0,0.005,10.0,2.601,0.2,500.0,14.58691,-4.83334,-111.52457,3e-05,-0.85182
9362.49,SYN.BTC-26JUL19,1563361160507,open,0.05,132.3,0.0005,0.0775,0.03775752,129.25,0.038,0.0,BTC-26JUL19-10500-C,9359.83,126.99,0.0365,29.0,0.0415,21.5,135.92,5.22004,-38.00888,0.64224,0.00019,0.31985
9442.29,BTC-27DEC19,1563361160517,open,1.54,0.0,1.4875,1.694,1.59080216,106.97,None,0.0,BTC-27DEC19-24000-P,9359.83,0.0,0.0065,1.0,2.3945,0.2,500.0,16.05123,-5.27067,-101.9369,4e-05,-0.8285
9360.29,SYN.BTC-19JUL19,1563361160561,open,0.0,282.0,0.0005,0.0405,0.00098826,144.07,0.001,0.0,BTC-19JUL19-11500-C,9359.83,130.31,0.0005,19.3,0.0015,0.4,154.37,0.40635,-9.25039,0.01207,6e-05,0.02608
9360.29,SYN.BTC-19JUL19,1563361160580,open,0.0,282.0,0.0005,0.0405,0.00098826,144.07,0.001,0.0,BTC-19JUL19-11500-C,9359.83,130.31,0.0005,19.4,0.0015,0.4,154.37,0.40635,-9.25039,0.01207,6e-05,0.02608
9373.51,SYN.BTC-30AUG19,1563361160581,open,0.08,28.3,0.032,0.1115,0.07181035,114.13,0.082,0.0,BTC-30AUG19-12000-C,9359.83,111.1,0.068,19.3,0.075,15.0,116.64,11.83838,-15.39673,2.96439,0.0001,0.3349
9382.4,BTC-27SEP19,1563361160701,open,1.52,0.2,1.466,1.671,1.56869187,115.89,1.6,0.0,BTC-27SEP19-24000-P,9359.83,0.0,0.0,0.0,0.0,0.0,0.0,4.8492,-3.90932,-46.38146,2e-05,-0.9417
199.49,SYN.ETH-19JUL19,1563361160733,open,0.01,0.0,0.001,0.059,0.018597,135.13,None,0.0,ETH-19JUL19-190-P,199.5,160.68,0.025,103.0,0.03,429.0,180.12,0.049,-1.76505,-0.00317,0.01773,-0.29063
9362.49,SYN.BTC-26JUL19,1563361160763,open,0.02,542.0,0.0005,0.0525,0.01271401,131.53,0.015,0.0,BTC-26JUL19-12000-C,9359.83,129.38,0.012,30.0,0.015,11.7,138.08,3.15417,-23.37044,0.27619,0.00011,0.13403
199.45,SYN.ETH-26JUL19,1563361160765,open,1.74,0.0,1.696,1.92,1.808046,225.75,None,0.0,ETH-26JUL19-560-P,199.5,0.0,0.0,0.0,0.0,0.0,0.0,0.00278,-0.03532,-0.13605,0.00013,-0.99708
9362.49,SYN.BTC-26JUL19,1563361160784,open,0.02,542.0,0.0005,0.0525,0.01271401,131.53,0.015,0.0,BTC-26JUL19-12000-C,9359.83,129.38,0.012,30.0,0.0145,0.1,136.68,3.15417,-23.37044,0.27619,0.00011,0.13403
199.07,ETH-27SEP19,1563361160799,open,0.0,389.0,0.001,0.042,0.002518,133.67,0.002,0.0,ETH-27SEP19-60-P,199.5,129.05,0.002,248.0,0.004,500.0,144.26,0.02398,-0.0223,-0.00499,0.00023,-0.01021
199.07,ETH-27SEP19,1563361160803,open,0.01,4110.0,0.001,0.055,0.015027,116.11,0.012,0.0,ETH-27SEP19-100-P,199.5,109.69,0.012,566.0,0.018,500.0,121.84,0.09895,-0.07993,-0.02764,0.00109,-0.05549
9360.29,SYN.BTC-19JUL19,1563361160821,open,0.0,459.3,0.0005,0.04,0.0003293,144.99,0.0005,0.0,BTC-19JUL19-12000-C,9359.83,0.0,0.0,0.0,0.001,0.9,168.63,0.17392,-3.0823,0.0045,3e-05,0.00969
9442.29,BTC-27DEC19,1563361160830,open,3.58,0.0,3.487,3.8605,3.67382318,116.05,None,0.0,BTC-27DEC19-44000-P,9359.83,0.0,0.0,0.0,0.0,0.0,0.0,7.02327,-2.50207,-194.61032,2e-05,-0.94493
199.07,ETH-27SEP19,1563361160811,open,0.03,4141.0,0.001,0.07,0.030869,118.08,0.026,0.0,ETH-27SEP19-400-C,199.5,115.16,0.028,590.0,0.033,200.0,120.2,0.19888,-0.16337,0.04372,0.00216,0.14238
199.07,ETH-27SEP19,1563361160844,open,0.04,1726.0,0.001,0.077,0.037021,118.08,0.025,0.0,ETH-27SEP19-380-C,199.5,118.08,0.037,1.0,0.039,160.0,119.87,0.21978,-0.18054,0.0504,0.00239,0.16558
9442.16,BTC-27DEC19,1563361160850,open,0.09,221.5,0.05,0.137,0.09354054,98.06,0.094,0.0,BTC-27DEC19-6500-P,9359.83,95.79,0.0895,10.0,0.096,10.9,99.44,16.82053,-5.06355,-11.72425,4e-05,-0.18472
9362.49,SYN.BTC-26JUL19,1563361160890,open,0.03,281.8,0.0005,0.066,0.02619848,129.26,0.026,0.0,BTC-26JUL19-11000-C,9359.83,127.82,0.0255,24.0,0.0295,11.5,135.93,4.56234,-33.22027,0.49201,0.00017,0.24231
9362.49,SYN.BTC-26JUL19,1563361160892,open,0.03,281.8,0.0005,0.066,0.02619848,129.26,0.026,0.0,BTC-26JUL19-11000-C,9359.83,127.82,0.0255,24.0,0.0295,21.5,135.93,4.56234,-33.22027,0.49201,0.00017,0.24231
9362.49,SYN.BTC-26JUL19,1563361160909,open,0.03,281.8,0.0005,0.066,0.02619848,129.26,0.026,0.0,BTC-26JUL19-11000-C,9359.83,127.82,0.0255,24.0,0.029,0.1,134.93,4.56234,-33.22027,0.49201,0.00017,0.24231
9382.4,BTC-27SEP19,1563361160954,open,1.31,0.2,1.265,1.453,1.35904096,113.79,1.391,0.0,BTC-27SEP19-22000-P,9359.83,0.0,0.005,10.0,1.8,0.1,398.79,5.93,-4.69398,-42.18825,3e-05,-0.92439
9442.29,BTC-27DEC19,1563361161018,open,0.14,161.0,0.0955,0.1865,0.14100262,98.07,0.132,0.0,BTC-27DEC19-7500-P,9359.83,95.7,0.136,10.0,0.1435,6.0,99.25,19.98149,-6.01529,-16.41327,5e-05,-0.24854
9360.29,SYN.BTC-19JUL19,1563361161021,open,0.25,83.2,0.2315,0.3335,0.28236804,146.41,0.2865,0.0,BTC-19JUL19-12000-P,9359.83,0.0,0.277,6.0,0.3065,6.0,352.49,0.18382,-7.17425,-0.61187,3e-05,-0.98968
199.49,SYN.ETH-19JUL19,1563361161023,open,0.86,0.0,0.829,0.981,0.90506,314.14,None,0.0,ETH-19JUL19-380-P,199.5,0.0,0.0,0.0,0.0,0.0,0.0,0.0013,-0.10919,-0.0195,0.0002,-0.99701
9362.49,SYN.BTC-26JUL19,1563361161025,open,0.27,315.8,0.243,0.346,0.29445042,131.61,0.284,0.0,BTC-26JUL19-12000-P,9359.83,122.37,0.2915,7.5,0.3205,7.5,192.69,3.15693,-23.40501,-2.64152,0.00011,-0.8658
9360.29,SYN.BTC-19JUL19,1563361161030,open,0.31,62.5,0.2825,0.3885,0.33555371,148.73,0.3,0.0,BTC-19JUL19-12500-P,9359.83,0.0,0.3295,6.0,0.361,6.0,392.8,0.07792,-3.08954,-0.64054,1e-05,-0.99609
201.02,ETH-27DEC19,1563361161077,open,0.05,435.0,0.003,0.082,0.042607,114.2,0.045,0.0,ETH-27DEC19-600-C,199.52,110.42,0.037,601.0,0.047,50.0,117.0,0.30802,-0.10798,0.09309,0.0015,0.14638
201.02,ETH-27DEC19,1563361161077,open,1.78,0.0,1.722,1.948,1.834663,113.37,0.845,0.0,ETH-27DEC19-560-P,199.52,0.0,0.0,0.0,0.0,0.0,0.0,0.33332,-0.11601,-2.39475,0.00163,-0.83501
201.02,ETH-27DEC19,1563361161077,open,0.04,424.0,0.001,0.079,0.039592,116.5,0.04,0.0,ETH-27DEC19-640-C,199.52,116.09,0.039,1.0,0.042,50.0,118.13,0.29286,-0.10473,0.08637,0.00139,0.13588
199.06,ETH-27SEP19,1563361161077,open,0.01,1984.0,0.001,0.044,0.004827,130.18,0.004,0.0,ETH-27SEP19-720-C,199.52,122.35,0.003,300.0,0.007,100.0,137.23,0.05403,-0.04893,0.00845,0.00053,0.0264
201.02,ETH-27DEC19,1563361161077,open,0.03,782.0,0.001,0.071,0.031774,118.35,0.032,0.0,ETH-27DEC19-720-C,199.52,117.74,0.031,1.0,0.034,50.0,120.07,0.25499,-0.09264,0.07153,0.00119,0.11152
201.02,ETH-27DEC19,1563361161077,open,0.12,219.0,0.073,0.152,0.112842,109.1,0.118,0.0,ETH-27DEC19-360-C,199.52,107.09,0.108,2.0,0.12,299.0,112.03,0.48732,-0.16321,0.19635,0.00248,0.33173
199.06,ETH-27SEP19,1563361161077,open,2.74,0.0,2.67,2.975,2.822434,133.16,None,0.0,ETH-27SEP19-760-P,199.52,0.0,0.0,0.0,0.0,0.0,0.0,0.05044,-0.04673,-1.48882,0.00049,-0.97568
201.04,ETH-27DEC19,1563361161077,open,0.29,194.0,0.24,0.319,0.279331,106.3,0.275,0.0,ETH-27DEC19-200-C,199.52,101.78,0.268,30.0,0.29,30.0,110.59,0.50172,-0.16373,0.32487,0.00262,0.64146
201.04,ETH-27DEC19,1563361161077,open,2.35,0.0,2.282,2.555,2.418436,117.93,None,0.0,ETH-27DEC19-680-P,199.52,0.0,0.0,0.0,0.0,0.0,0.0,0.27559,-0.09977,-2.95507,0.0013,-0.87556
199.06,ETH-27SEP19,1563361161077,open,2.35,0.0,2.286,2.558,2.42209,129.65,None,0.0,ETH-27SEP19-680-P,199.52,0.0,0.0,0.0,0.0,0.0,0.0,0.06395,-0.05768,-1.32874,0.00063,-0.96766
201.04,ETH-27DEC19,1563361161078,open,0.48,0.0,0.436,0.515,0.475856,106.63,None,0.0,ETH-27DEC19-120-C,199.52,0.0,0.001,1100.0,2.47,1.0,500.0,0.29883,-0.09782,0.34467,0.00155,0.86006
199.08,ETH-27SEP19,1563361161077,open,1.76,24.0,1.711,1.936,1.823692,124.62,1.356,0.0,ETH-27SEP19-560-P,199.52,0.0,0.0,0.0,0.0,0.0,0.0,0.09898,-0.08581,-1.08521,0.00102,-0.9445
201.04,ETH-27DEC19,1563361161077,open,0.07,624.0,0.026,0.105,0.065321,111.28,0.068,0.0,ETH-27DEC19-480-C,199.52,107.41,0.058,738.0,0.071,40.0,114.17,0.38933,-0.133,0.13169,0.00194,0.21212
199.08,ETH-27SEP19,1563361161077,open,1.96,27.0,1.902,2.143,2.022857,126.95,1.044,0.0,ETH-27SEP19-600-P,199.52,0.0,0.0,0.0,0.0,0.0,0.0,0.08641,-0.07631,-1.1667,0.00087,-0.9532
201.04,ETH-27DEC19,1563361161078,open,1.05,16.0,1.0,1.165,1.082383,109.72,1.195,0.0,ETH-27DEC19-400-P,199.52,61.78,1.001,110.0,1.49,1.0,270.05,0.45485,-0.1532,-1.61372,0.0023,-0.71641
199.08,ETH-27SEP19,1563361161078,open,0.71,0.0,0.662,0.741,0.701117,133.55,0.01,0.0,ETH-27SEP19-60-C,199.52,0.0,0.003,10.0,0.0,0.0,0.0,0.02389,-0.02219,0.11318,0.00023,0.98983
199.49,SYN.ETH-19JUL19,1563361161077,open,0.67,742.0,0.637,0.772,0.704527,263.16,0.144,0.0,ETH-19JUL19-340-P,199.52,0.0,0.035,10.0,0.0,0.0,0.0,0.00137,-0.09584,-0.01744,0.00025,-0.99685
199.45,SYN.ETH-26JUL19,1563361161077,open,1.94,0.0,1.888,2.128,2.008319,135.7,None,0.0,ETH-26JUL19-600-P,199.52,0.0,0.0,0.0,0.0,0.0,0.0,0.0,0.0,-0.1459,0.0,-1.0
199.49,SYN.ETH-19JUL19,1563361161077,open,0.0,262.0,0.001,0.041,0.001138,134.94,0.003,0.0,ETH-19JUL19-240-C,199.52,132.09,0.001,461.0,0.003,108.0,161.85,0.01006,-0.22702,0.00031,0.00365,0.03124
199.45,SYN.ETH-26JUL19,1563361161077,open,0.0,1236.0,0.001,0.04,0.0,134.99,0.003,0.0,ETH-26JUL19-520-C,199.52,0.0,0.0,0.0,0.001,300.0,240.32,1e-05,-4e-05,0.0,0.0,0.0
199.49,SYN.ETH-19JUL19,1563361161077,open,0.18,1552.0,0.157,0.252,0.204334,137.26,0.18,0.0,ETH-19JUL19-240-P,199.52,0.0,0.012,4.0,0.9,10.0,500.0,0.0107,-0.39138,-0.012,0.00381,-0.96636
199.08,ETH-27SEP19,1563361161079,open,1.57,12.0,1.522,1.731,1.626311,124.23,1.193,0.0,ETH-27SEP19-520-P,199.52,0.0,0.0,0.0,0.0,0.0,0.0,0.12034,-0.104,-1.00162,0.00124,-0.92867
199.45,SYN.ETH-26JUL19,1563361161077,open,0.0,2011.0,0.001,0.041,0.001138,135.0,0.002,0.0,ETH-26JUL19-320-C,199.52,0.0,0.0,0.0,0.003,111.0,155.81,0.01255,-0.09547,0.00073,0.00096,0.01616
199.08,ETH-27SEP19,1563361161079,open,0.25,779.0,0.199,0.278,0.238488,111.98,0.227,0.0,ETH-27SEP19-180-C,199.52,107.3,0.231,120.0,0.246,120.0,116.68,0.31833,-0.24798,0.17076,0.00364,0.67408
199.24,SYN.ETH-30AUG19,1563361161077,open,0.44,0.0,0.408,0.524,0.466288,123.64,None,0.0,ETH-30AUG19-280-P,199.52,0.0,0.0,0.0,0.0,0.0,0.0,0.23299,-0.32829,-0.28384,0.00395,-0.71886
199.45,SYN.ETH-26JUL19,1563361161077,open,0.0,1248.0,0.001,0.04,0.0,135.0,0.001,0.0,ETH-26JUL19-560-C,199.52,0.0,0.0,0.0,0.001,389.0,255.82,0.0,-1e-05,0.0,0.0,0.0
199.08,ETH-27SEP19,1563361161080,open,2.15,0.0,2.094,2.351,2.222162,128.46,None,0.0,ETH-27SEP19-640-P,199.52,0.0,0.0,0.0,0.0,0.0,0.0,0.07444,-0.06653,-1.24792,0.00074,-0.96108
199.49,SYN.ETH-19JUL19,1563361161077,open,0.57,282.0,0.54,0.668,0.6041,135.22,0.4,0.0,ETH-19JUL19-320-P,199.52,0.0,0.003,25.0,0.0,0.0,0.0,0.0,-2e-05,-0.01644,0.0,-1.0
199.08,ETH-27SEP19,1563361161080,open,0.06,1846.0,0.021,0.1,0.060398,115.1,0.06,0.0,ETH-27SEP19-320-C,199.52,114.11,0.059,1.0,0.064,160.0,117.63,0.28086,-0.22489,0.07441,0.00313,0.25022
201.04,ETH-27DEC19,1563361161080,open,1.97,0.0,1.907,2.148,2.027395,114.39,0.953,0.0,ETH-27DEC19-600-P,199.52,0.0,0.0,0.0,0.0,0.0,0.0,0.30909,-0.10854,-2.58392,0.0015,-0.85288
199.45,SYN.ETH-26JUL19,1563361161077,open,0.96,985.0,0.926,1.085,1.005583,135.0,0.205,0.0,ETH-26JUL19-400-P,199.52,0.0,0.0,0.0,0.0,0.0,0.0,0.00074,-0.00563,-0.09724,6e-05,-0.99931
199.08,ETH-27SEP19,1563361161081,open,0.05,1705.0,0.01,0.089,0.049671,115.1,0.05,0.0,ETH-27SEP19-340-C,199.52,112.23,0.046,580.0,0.052,1.0,116.89,0.25746,-0.20615,0.06444,0.00287,0.21404
199.45,SYN.ETH-26JUL19,1563361161077,open,1.35,0.0,1.311,1.503,1.406898,193.52,None,0.0,ETH-26JUL19-480-P,199.52,0.0,0.0,0.0,0.0,0.0,0.0,0.00276,-0.03005,-0.11659,0.00015,-0.9971
199.49,SYN.ETH-19JUL19,1563361161077,open,0.13,0.0,0.111,0.202,0.156308,136.03,None,0.0,ETH-19JUL19-230-P,199.52,0.0,0.001,30.0,0.0,0.0,0.0,0.02109,-0.76482,-0.01104,0.00758,-0.92084
199.49,SYN.ETH-19JUL19,1563361161078,open,0.0,739.0,0.001,0.04,0.0,135.0,0.003,0.0,ETH-19JUL19-300-C,199.52,0.0,0.0,0.0,0.001,300.0,255.13,1e-05,-6e-05,0.0,0.0,2e-05
199.45,SYN.ETH-26JUL19,1563361161077,open,1.45,0.0,1.407,1.607,1.507185,202.03,None,0.0,ETH-26JUL19-500-P,199.52,0.0,0.0,0.0,0.0,0.0,0.0,0.00275,-0.03134,-0.12146,0.00014,-0.99711
199.49,SYN.ETH-19JUL19,1563361161077,open,0.12,10.0,0.065,0.144,0.104405,134.5,0.116,0.0,ETH-19JUL19-180-C,199.52,144.48,0.106,50.0,0.115,50.0,192.43,0.03066,-1.09936,0.00782,0.01115,0.86744
199.45,SYN.ETH-26JUL19,1563361161077,open,0.0,1872.0,0.001,0.04,0.000494,135.0,0.001,0.0,ETH-26JUL19-340-C,199.52,0.0,0.0,0.0,0.002,121.0,161.37,0.0065,-0.04945,0.00034,0.0005,0.00758
199.49,SYN.ETH-19JUL19,1563361161077,open,0.96,0.0,0.926,1.085,1.005326,337.57,None,0.0,ETH-19JUL19-400-P,199.52,0.0,0.0,0.0,0.0,0.0,0.0,0.00129,-0.11577,-0.02053,0.00019,-0.99706
199.49,SYN.ETH-19JUL19,1563361161079,open,1.06,0.0,1.022,1.189,1.105593,359.84,None,0.0,ETH-19JUL19-420-P,199.52,0.0,0.0,0.0,0.0,0.0,0.0,0.00127,-0.12229,-0.02156,0.00017,-0.99709
199.45,SYN.ETH-26JUL19,1563361161077,open,0.17,0.0,0.14,0.234,0.18666,135.0,None,0.0,ETH-26JUL19-230-P,199.52,98.74,0.169,120.0,0.0,0.0,0.0,0.10537,-0.8013,-0.04379,0.00807,-0.71627
199.24,SYN.ETH-30AUG19,1563361161077,open,0.8,0.0,0.76,0.906,0.833026,129.67,None,0.0,ETH-30AUG19-360-P,199.52,0.0,0.0,0.0,0.0,0.0,0.0,0.15197,-0.22457,-0.40605,0.00246,-0.86238
199.45,SYN.ETH-26JUL19,1563361161079,open,0.12,0.0,0.068,0.147,0.107683,135.0,None,0.0,ETH-26JUL19-190-C,199.52,132.14,0.106,150.0,0.117,150.0,150.81,0.11728,-0.8919,0.0254,0.00898,0.63147
199.49,SYN.ETH-19JUL19,1563361161077,open,0.76,0.0,0.733,0.876,0.804794,289.39,None,0.0,ETH-19JUL19-360-P,199.52,0.0,0.001,25.0,0.0,0.0,0.0,0.00133,-0.10256,-0.01847,0.00022,-0.99695
199.45,SYN.ETH-26JUL19,1563361161077,open,0.0,1074.0,0.001,0.04,1e-06,134.99,0.001,0.0,ETH-26JUL19-480-C,199.52,0.0,0.0,0.0,0.001,300.0,223.35,3e-05,-0.00021,0.0,0.0,2e-05
199.45,SYN.ETH-26JUL19,1563361161077,open,0.19,0.0,0.133,0.212,0.172605,134.85,None,0.0,ETH-26JUL19-170-C,199.52,0.0,0.0,0.0,0.0,0.0,0.0,0.08537,-0.6485,0.03074,0.00654,0.80643
199.45,SYN.ETH-26JUL19,1563361161079,open,0.27,0.0,0.216,0.295,0.255303,135.0,None,0.0,ETH-26JUL19-150-C,199.52,0.0,0.0,0.0,0.0,0.0,0.0,0.04282,-0.32567,0.03261,0.00328,0.92767
199.45,SYN.ETH-26JUL19,1563361161078,open,0.0,1091.0,0.001,0.04,0.0,134.99,0.001,0.0,ETH-26JUL19-600-C,199.52,0.0,0.0,0.0,0.001,300.0,270.07,0.0,0.0,0.0,0.0,0.0
199.49,SYN.ETH-19JUL19,1563361161077,open,0.0,899.0,0.001,0.04,0.000103,134.95,0.001,0.0,ETH-19JUL19-260-C,199.52,0.0,0.0,0.0,0.001,105.0,177.88,0.00153,-0.02057,4e-05,0.00055,0.00357
199.45,SYN.ETH-26JUL19,1563361161079,open,0.86,504.0,0.83,0.981,0.905358,135.0,0.168,0.0,ETH-26JUL19-380-P,199.52,0.0,0.0,0.0,0.0,0.0,0.0,0.00157,-0.01192,-0.09233,0.00012,-0.99845
199.49,SYN.ETH-19JUL19,1563361161078,open,0.0,2.0,0.001,0.04,0.0,134.98,0.002,0.0,ETH-19JUL19-420-C,199.52,0.0,0.0,0.0,0.001,300.0,422.87,0.0,0.0,0.0,0.0,0.0
199.45,SYN.ETH-26JUL19,1563361161079,open,0.0,1780.0,0.001,0.04,3.7e-05,135.0,0.001,0.0,ETH-26JUL19-400-C,199.52,0.0,0.0,0.0,0.001,187.0,183.67,0.00074,-0.00563,3e-05,6e-05,0.00069
199.45,SYN.ETH-26JUL19,1563361161077,open,0.25,0.0,0.22,0.321,0.270567,135.28,None,0.0,ETH-26JUL19-250-P,199.52,0.0,0.247,120.0,0.0,0.0,0.0,0.07786,-0.59337,-0.05351,0.00595,-0.83283
199.45,SYN.ETH-26JUL19,1563361161077,open,1.55,0.0,1.503,1.711,1.60721,135.03,None,0.0,ETH-26JUL19-520-P,199.52,0.0,0.0,0.0,0.0,0.0,0.0,1e-05,-5e-05,-0.12645,0.0,-1.0
199.24,SYN.ETH-30AUG19,1563361161077,open,0.35,0.0,0.298,0.377,0.337798,123.12,None,0.0,ETH-30AUG19-140-C,199.52,0.0,0.0,0.0,0.0,0.0,0.0,0.16045,-0.22512,0.12287,0.00273,0.85084
199.49,SYN.ETH-19JUL19,1563361161077,open,0.22,0.0,0.159,0.238,0.198207,130.44,None,0.0,ETH-19JUL19-160-C,199.52,0.0,0.0,0.0,0.0,0.0,0.0,0.00316,-0.10984,0.00814,0.00118,0.99193
199.24,SYN.ETH-30AUG19,1563361161081,open,0.28,0.0,0.228,0.307,0.267712,120.84,None,0.0,ETH-30AUG19-160-C,199.52,0.0,0.0,0.0,0.0,0.0,0.0,0.21066,-0.2901,0.11987,0.00365,0.76821
199.45,SYN.ETH-26JUL19,1563361161080,open,0.67,1130.0,0.637,0.773,0.705208,135.0,0.6,0.0,ETH-26JUL19-340-P,199.52,0.0,0.666,30.0,0.745,30.0,305.49,0.0065,-0.04945,-0.08233,0.0005,-0.99242
9360.29,SYN.BTC-19JUL19,1563361161221,open,0.04,43.3,0.0005,0.073,0.03311121,139.32,0.032,0.0,BTC-19JUL19-9500-C,9359.83,137.21,0.0325,2.1,0.037,10.0,153.01,2.66398,-98.93559,0.20573,0.00042,0.4608
9360.29,SYN.BTC-19JUL19,1563361161225,open,0.04,547.1,0.0065,0.0895,0.04803698,139.4,0.053,0.0,BTC-19JUL19-9500-P,9359.83,146.25,0.05,1.8,0.054,9.5,160.28,2.66401,-98.99048,-0.28245,0.00042,-0.53915
9360.29,SYN.BTC-19JUL19,1563361161227,open,0.08,24.0,0.0225,0.102,0.06247887,143.88,0.056,0.0,BTC-19JUL19-9000-C,9359.83,134.36,0.06,1.0,0.0655,18.0,155.46,2.43828,-93.51512,0.29088,0.00038,0.66718
9442.4,BTC-27DEC19,1563361161299,open,0.52,68.4,0.4715,0.551,0.51107598,98.05,0.511,0.0,BTC-27DEC19-5000-C,9359.83,93.55,0.506,11.0,0.514,11.0,100.58,10.83488,-3.26119,16.50969,3e-05,0.90289
9382.4,BTC-27SEP19,1563361161317,open,0.33,748.2,0.278,0.3575,0.31771147,104.96,0.3315,0.0,BTC-27SEP19-7000-C,9359.83,99.01,0.3105,11.0,0.3535,11.0,133.29,11.45769,-8.36589,9.01436,6e-05,0.8056
199.08,ETH-27SEP19,1563361161325,open,0.0,389.0,0.001,0.042,0.002518,133.67,0.002,0.0,ETH-27SEP19-60-P,199.52,129.06,0.002,247.0,0.004,500.0,144.27,0.02398,-0.0223,-0.00499,0.00023,-0.01021
199.45,SYN.ETH-26JUL19,1563361161361,open,0.0,1038.0,0.001,0.042,0.002565,135.0,0.005,0.0,ETH-26JUL19-300-C,199.52,129.74,0.002,300.0,0.006,678.0,157.48,0.02309,-0.17557,0.00149,0.00177,0.03333
199.45,SYN.ETH-26JUL19,1563361161372,open,0.09,151.0,0.043,0.122,0.082566,135.0,0.079,0.0,ETH-26JUL19-200-C,199.52,135.7,0.083,118.0,0.092,313.0,150.24,0.12355,-0.93962,0.02202,0.00946,0.53669
9382.35,BTC-27SEP19,1563361161386,open,0.02,319.0,0.0005,0.063,0.02216465,105.35,0.0225,0.0,BTC-27SEP19-5500-P,9359.83,102.89,0.0205,21.0,0.0245,24.0,108.68,6.44338,-4.72207,-1.96853,4e-05,-0.08438
199.45,SYN.ETH-26JUL19,1563361161392,open,0.0,3965.0,0.001,0.04,0.00021,135.0,0.003,0.0,ETH-26JUL19-360-C,199.52,0.0,0.0,0.0,0.002,242.0,175.39,0.00324,-0.02465,0.00016,0.00025,0.00347
199.45,SYN.ETH-26JUL19,1563361161404,open,0.0,1920.0,0.001,0.04,8.9e-05,135.0,0.001,0.0,ETH-26JUL19-380-C,199.52,0.0,0.0,0.0,0.001,152.0,172.22,0.00157,-0.01192,7e-05,0.00012,0.00155
199.45,SYN.ETH-26JUL19,1563361161415,open,0.0,1872.0,0.001,0.04,0.000494,135.0,0.001,0.0,ETH-26JUL19-340-C,199.52,0.0,0.0,0.0,0.002,122.0,161.37,0.0065,-0.04945,0.00034,0.0005,0.00758
199.49,SYN.ETH-19JUL19,1563361161436,open,0.0,152.0,0.001,0.041,0.001829,135.0,0.008,0.0,ETH-19JUL19-170-P,199.52,178.78,0.006,86.0,0.009,550.0,201.49,0.01342,-0.36494,-0.00047,0.00486,-0.04445
199.45,SYN.ETH-26JUL19,1563361161438,open,0.01,810.0,0.001,0.045,0.005619,135.0,0.006,0.0,ETH-26JUL19-280-C,199.52,131.81,0.005,670.0,0.01,661.0,153.65,0.03991,-0.3035,0.00293,0.00306,0.06601
199.24,SYN.ETH-30AUG19,1563361161463,open,0.03,50.0,0.001,0.071,0.031294,127.51,0.027,0.0,ETH-30AUG19-340-C,199.52,122.3,0.027,274.0,0.036,297.0,132.9,0.16918,-0.24584,0.03121,0.00278,0.16162
9442.4,BTC-27DEC19,1563361161468,open,2.35,0.3,2.2795,2.552,2.41575925,110.8,2.435,0.0,BTC-27DEC19-32000-P,9360.86,0.0,0.0,0.0,0.0,0.0,0.0,11.10751,-3.77817,-139.69071,3e-05,-0.89953
9443.43,BTC-27DEC19,1563361161468,open,0.56,6.7,0.512,0.5915,0.55176118,98.23,0.55,0.0,BTC-27DEC19-4500-C,9360.86,0.0,0.0115,0.1,0.97,1.0,500.0,8.69755,-2.62274,15.8353,2e-05,0.92754
9382.35,BTC-27SEP19,1563361161469,open,0.06,296.4,0.0215,0.106,0.06378923,104.97,0.058,0.0,BTC-27SEP19-7000-P,9360.86,103.09,0.0615,19.3,0.067,25.4,107.59,11.45813,-8.36704,-4.77051,6e-05,-0.19442
9443.43,BTC-27DEC19,1563361161469,open,3.17,0.0,3.0835,3.423,3.25330342,115.15,None,0.0,BTC-27DEC19-40000-P,9360.86,0.0,0.0005,3.0,0.0,0.0,0.0,8.26678,-2.92212,-176.37534,2e-05,-0.93217
9360.42,SYN.BTC-19JUL19,1563361161468,open,0.0,163.8,0.0005,0.04,0.0,145.0,0.0005,0.0,BTC-19JUL19-16000-C,9360.86,0.0,0.0,0.0,0.0015,10.0,338.47,1e-05,-3e-05,0.0,0.0,0.0
9382.35,BTC-27SEP19,1563361161468,open,0.84,42.8,0.8005,0.88,0.84028257,144.88,0.815,0.0,BTC-27SEP19-1500-C,9360.86,0.0,0.01,1.0,0.0,0.0,0.0,0.10816,-0.10901,2.93696,0.0,0.99925
9360.42,SYN.BTC-19JUL19,1563361161468,open,0.15,296.3,0.131,0.225,0.17801349,144.25,0.1615,0.0,BTC-19JUL19-11000-P,9360.86,0.0,0.174,0.1,0.2,8.0,275.27,0.85713,-32.95807,-0.53508,0.00013,-0.93438
9382.35,BTC-27SEP19,1563361161469,open,0.0,433.4,0.0005,0.043,0.00295215,114.15,0.002,0.0,BTC-27SEP19-3500-P,9360.86,111.13,0.0025,4.1,0.0035,24.0,117.45,1.4772,-1.17301,-0.31146,1e-05,-0.01391
9382.35,BTC-27SEP19,1563361161469,open,0.56,0.2,0.514,0.5935,0.55365281,108.51,0.65,0.0,BTC-27SEP19-4250-C,9360.86,0.0,0.005,10.1,0.682,5.0,299.32,2.8087,-2.12016,7.69801,1e-05,0.97031
9382.35,BTC-27SEP19,1563361161469,open,0.0,122.0,0.0005,0.0435,0.00383095,111.62,0.0015,0.0,BTC-27SEP19-3750-P,9360.86,107.06,0.003,19.7,0.005,24.0,117.14,1.83443,-1.42436,-0.40151,1e-05,-0.0179
9382.35,BTC-27SEP19,1563361161469,open,0.07,163.5,0.026,0.1055,0.06566534,108.45,0.069,0.0,BTC-27SEP19-14000-C,9360.86,106.31,0.0625,43.9,0.069,11.0,110.68,13.94814,-10.52276,3.90925,7e-05,0.27725
9443.43,BTC-27DEC19,1563361161469,open,0.85,0.0,0.8025,0.882,0.84241027,121.91,None,0.0,BTC-27DEC19-1500-C,9360.86,0.0,0.021,10.0,0.984,0.5,500.0,0.71924,-0.26916,6.47931,0.0,0.99617
9443.43,BTC-27DEC19,1563361161469,open,3.58,0.0,3.487,3.8605,3.67359821,116.49,None,0.0,BTC-27DEC19-44000-P,9360.86,0.0,0.0,0.0,0.0,0.0,0.0,7.12782,-2.54903,-194.58085,2e-05,-0.9439
9362.62,SYN.BTC-26JUL19,1563361161468,open,0.0,213.0,0.0005,0.041,0.00132881,139.94,0.0015,0.0,BTC-26JUL19-6000-P,9360.86,134.14,0.001,1.0,0.0015,4.7,142.6,0.57972,-4.57011,-0.03911,2e-05,-0.01585
9360.42,SYN.BTC-19JUL19,1563361161468,open,0.02,115.8,0.0005,0.0555,0.01572095,139.34,0.015,0.0,BTC-19JUL19-10000-C,9360.86,138.41,0.0155,2.1,0.0165,0.1,142.61,2.2201,-82.4619,0.12248,0.00035,0.27035
9360.42,SYN.BTC-19JUL19,1563361161468,open,0.72,0.0,0.6925,0.833,0.76276581,236.51,None,0.0,BTC-19JUL19-16500-P,9360.86,0.0,0.0,0.0,0.0,0.0,0.0,0.01323,-0.83431,-0.84766,0.0,-0.99944
9443.43,BTC-27DEC19,1563361161469,open,0.08,539.9,0.0315,0.111,0.07143991,105.01,0.071,0.0,BTC-27DEC19-20000-C,9360.86,103.33,0.068,4.9,0.0745,21.0,106.49,19.43391,-6.26481,6.93732,5e-05,0.23607
9383.38,BTC-27SEP19,1563361161470,open,0.91,1.0,0.8705,1.026,0.94835611,112.09,1.5815,0.0,BTC-27SEP19-18000-P,9360.86,0.0,0.005,0.3,1.5575,0.3,500.0,9.46145,-7.37724,-33.33411,5e-05,-0.85566
9362.62,SYN.BTC-26JUL19,1563361161468,open,0.23,17.0,0.1735,0.253,0.21301131,134.88,0.246,0.0,BTC-26JUL19-7500-C,9360.86,0.0,0.005,0.1,0.0,0.0,0.0,2.97287,-22.58905,1.51155,0.0001,0.87693
9383.38,BTC-27SEP19,1563361161470,open,0.0,442.4,0.0005,0.043,0.00336238,119.56,0.0025,0.0,BTC-27SEP19-32000-C,9360.86,112.15,0.002,39.0,0.005,30.0,126.1,2.04409,-1.70008,0.31348,1e-05,0.02033
9383.38,BTC-27SEP19,1563361161470,open,0.64,261.1,0.59,0.6695,0.62991303,113.91,0.714,0.0,BTC-27SEP19-3500-C,9360.86,0.0,0.161,1.0,0.7215,10.0,298.44,1.46519,-1.16104,6.58387,1e-05,0.98623
9443.43,BTC-27DEC19,1563361161470,open,2.76,1.3,2.6805,2.9865,2.83360533,113.09,2.792,0.0,BTC-27DEC19-36000-P,9360.86,0.0,0.0005,1.0,0.0,0.0,0.0,9.52971,-3.30846,-158.10415,2e-05,-0.91828
9443.43,BTC-27DEC19,1563361161470,open,0.07,278.2,0.0305,0.116,0.07335245,98.08,0.0645,0.0,BTC-27DEC19-6000-P,9360.86,95.63,0.0695,10.0,0.0755,4.9,99.43,14.96102,-4.50447,-9.57622,4e-05,-0.1539
9443.43,BTC-27DEC19,1563361161471,open,3.99,0.0,3.8915,4.2985,4.09481053,117.9,None,0.0,BTC-27DEC19-48000-P,9360.86,0.0,0.0,0.0,0.0,0.0,0.0,6.23441,-2.25646,-212.69714,1e-05,-0.9526
9443.43,BTC-27DEC19,1563361161471,open,1.94,0.1,1.881,2.1205,2.00070651,109.05,2.02,0.0,BTC-27DEC19-28000-P,9360.86,0.0,0.001,1.0,2.5,0.1,316.8,13.32289,-4.45989,-120.98422,3e-05,-0.87031
9443.43,BTC-27DEC19,1563361161471,open,0.0,148.7,0.0005,0.041,0.00127215,122.18,0.0005,0.0,BTC-27DEC19-1500-P,9360.86,0.0,0.0,0.0,0.0025,16.0,134.77,0.72735,-0.27282,-0.21714,0.0,-0.00388
9383.38,BTC-27SEP19,1563361161471,open,2.35,0.0,2.2775,2.5505,2.4140506,121.34,None,0.0,BTC-27SEP19-32000-P,9360.86,0.0,0.0,0.0,0.0,0.0,0.0,2.2073,-1.86316,-62.67256,1e-05,-0.97774
9360.42,SYN.BTC-19JUL19,1563361161469,open,0.12,6.1,0.0615,0.141,0.1013428,144.86,0.109,0.0,BTC-19JUL19-8500-C,9360.86,121.27,0.0975,6.0,0.104,6.0,159.31,1.6554,-63.92473,0.35366,0.00025,0.83657
9383.38,BTC-27SEP19,1563361161471,open,0.0,421.0,0.0005,0.045,0.00498921,109.62,0.0045,0.0,BTC-27SEP19-4000-P,9360.86,105.27,0.004,19.7,0.006,24.0,113.59,2.2663,-1.72826,-0.51659,1e-05,-0.02297
9443.43,BTC-27DEC19,1563361161472,open,0.01,463.2,0.0005,0.0495,0.00959278,118.35,0.008,0.0,BTC-27DEC19-52000-C,9360.86,115.35,0.008,46.1,0.0105,11.0,119.91,5.32351,-1.93403,1.23854,1e-05,0.03898
9443.43,BTC-27DEC19,1563361161472,open,0.69,5.6,0.643,0.7795,0.71126058,101.92,0.7075,0.0,BTC-27DEC19-15000-P,9360.86,0.0,0.005,10.0,1.4705,0.2,500.0,23.75957,-7.43414,-56.63716,6e-05,-0.63277
9383.38,BTC-27SEP19,1563361161472,open,0.66,0.0,0.616,0.6955,0.65576835,115.95,None,0.0,BTC-27SEP19-3250-C,9360.86,0.0,0.005,10.0,0.8975,5.0,500.0,1.13161,-0.91274,6.17167,1e-05,0.98977
9362.62,SYN.BTC-26JUL19,1563361161471,open,0.0,126.8,0.0005,0.0405,0.0005404,145.0,0.001,0.0,BTC-26JUL19-5500-P,9360.86,0.0,0.0,0.0,0.002,40.0,174.76,0.27865,-2.27613,-0.0168,1e-05,-0.00684
9360.42,SYN.BTC-19JUL19,1563361161468,open,0.01,356.7,0.0005,0.0495,0.00943427,144.93,0.0095,0.0,BTC-19JUL19-8500-P,9360.86,150.86,0.0105,0.1,0.012,0.1,158.9,1.65609,-63.98254,-0.0832,0.00025,-0.16354
9443.43,BTC-27DEC19,1563361161473,open,2.15,0.2,2.0795,2.336,2.20771541,110.03,2.2245,0.0,BTC-27DEC19-30000-P,9360.86,0.0,0.0,0.0,0.0,0.0,0.0,12.17501,-4.1124,-130.36524,3e-05,-0.88592
9360.42,SYN.BTC-19JUL19,1563361161471,open,0.0,170.4,0.0005,0.04,0.0,145.0,0.0005,0.0,BTC-19JUL19-16500-C,9360.86,0.0,0.0,0.0,0.0035,10.0,401.67,0.0,-1e-05,0.0,0.0,0.0
9362.62,SYN.BTC-26JUL19,1563361161471,open,0.01,630.9,0.0005,0.046,0.00623823,134.63,0.0065,0.0,BTC-26JUL19-13000-C,9360.86,131.07,0.0055,40.0,0.0075,0.1,140.22,2.01068,-15.24894,0.15052,7e-05,0.07235
9362.62,SYN.BTC-26JUL19,1563361161470,open,0.42,32.3,0.389,0.504,0.44646876,137.23,0.29,0.0,BTC-26JUL19-13500-P,9360.86,0.0,0.435,7.5,0.476,7.5,229.85,1.6112,-12.45551,-3.16922,6e-05,-0.94555
9383.38,BTC-27SEP19,1563361161473,open,0.69,225.7,0.6425,0.722,0.68212327,121.5,0.693,0.0,BTC-27SEP19-3000-C,9360.86,0.0,0.005,20.0,0.902,5.0,500.0,0.96747,-0.8177,5.71568,0.0,0.99145
9362.62,SYN.BTC-26JUL19,1563361161471,open,0.32,0.0,0.2695,0.349,0.30925763,139.68,0.3665,0.0,BTC-26JUL19-6500-C,9360.86,0.0,0.005,0.1,0.0,0.0,0.0,1.18562,-9.32936,1.48795,4e-05,0.96281
9373.61,SYN.BTC-30AUG19,1563361161468,open,0.08,41.1,0.0395,0.1255,0.08256597,113.41,0.079,0.0,BTC-30AUG19-8000-P,9360.86,110.32,0.079,19.3,0.087,16.9,117.24,10.83219,-13.99963,-4.0221,9e-05,-0.27439
9360.42,SYN.BTC-19JUL19,1563361161468,open,0.0,239.0,0.0005,0.04,9.675e-05,144.99,0.0005,0.0,BTC-19JUL19-12500-C,9360.86,0.0,0.0,0.0,0.001,1.2,191.37,0.06432,-0.9056,0.00147,1e-05,0.00316
9373.61,SYN.BTC-30AUG19,1563361161472,open,0.06,1.1,0.014,0.0935,0.05392329,115.09,0.063,0.0,BTC-30AUG19-13000-C,9360.86,112.07,0.0505,19.3,0.0565,15.0,117.34,10.69772,-14.03103,2.40772,9e-05,0.2676
9362.62,SYN.BTC-26JUL19,1563361161468,open,0.62,0.0,0.5905,0.7225,0.65659306,141.35,None,0.0,BTC-26JUL19-15500-P,9360.86,0.0,0.0,0.0,0.0,0.0,0.0,0.5448,-4.33802,-3.738,2e-05,-0.98526
9362.62,SYN.BTC-26JUL19,1563361161468,open,0.98,0.0,0.9485,1.1105,1.02945047,148.58,None,0.0,BTC-26JUL19-19000-P,9360.86,0.0,0.0,0.0,0.0,0.0,0.0,0.07765,-0.64996,-4.61671,0.0,-0.99835
9360.42,SYN.BTC-19JUL19,1563361161468,open,0.67,0.0,0.641,0.7775,0.70934866,224.32,None,0.0,BTC-19JUL19-16000-P,9360.86,0.0,0.0,0.0,0.0,0.0,0.0,0.01347,-0.80527,-0.82196,0.0,-0.99943
9373.61,SYN.BTC-30AUG19,1563361161473,open,0.02,0.5,0.0005,0.0585,0.01865423,119.63,0.019,0.0,BTC-30AUG19-17000-C,9360.86,114.57,0.0155,34.0,0.0205,15.0,122.4,6.10088,-8.3174,1.0264,5e-05,0.10975
9373.61,SYN.BTC-30AUG19,1563361161468,open,0.6,0.0,0.5665,0.6965,0.63146007,117.4,None,0.0,BTC-30AUG19-15000-P,9360.86,0.0,0.0,0.0,0.0,0.0,0.0,8.24487,-11.03085,-16.45981,7e-05,-0.82933
9360.42,SYN.BTC-19JUL19,1563361161468,open,0.51,0.0,0.4875,0.611,0.54909758,185.42,None,0.0,BTC-19JUL19-14500-P,9360.86,0.0,0.001,1.0,0.0,0.0,0.0,0.01471,-0.72695,-0.74485,0.0,-0.99937
9362.62,SYN.BTC-26JUL19,1563361161471,open,0.11,60.3,0.061,0.1405,0.10084672,131.37,0.1,0.0,BTC-26JUL19-9000-C,9360.86,124.07,0.0965,18.0,0.1035,11.5,135.82,5.57613,-41.26686,1.17307,0.0002,0.6161
9362.62,SYN.BTC-26JUL19,1563361161471,open,0.0,625.7,0.0005,0.04,0.00038702,144.77,0.0005,0.0,BTC-26JUL19-17000-C,9360.86,0.0,0.0,0.0,0.001,5.5,161.34,0.23775,-1.93904,0.01213,1e-05,0.00572
9373.61,SYN.BTC-30AUG19,1563361161473,open,0.9,0.0,0.858,1.012,0.93496246,120.85,None,0.0,BTC-30AUG19-18000-P,9360.86,0.0,0.0,0.0,0.0,0.0,0.0,5.22807,-7.19985,-20.80138,4e-05,-0.91113
9360.42,SYN.BTC-19JUL19,1563361161468,open,0.11,415.7,0.0835,0.1735,0.1285336,140.78,0.137,0.0,BTC-19JUL19-10500-P,9360.86,137.35,0.128,6.0,0.135,6.0,176.55,1.48124,-55.58673,-0.47632,0.00023,-0.86169
9360.42,SYN.BTC-19JUL19,1563361161468,open,0.36,82.8,0.3335,0.444,0.38887205,151.65,0.348,0.0,BTC-19JUL19-13000-P,9360.86,0.0,0.3795,6.0,0.4165,6.0,436.34,0.03281,-1.3262,-0.66735,0.0,-0.9985
9362.62,SYN.BTC-26JUL19,1563361161473,open,0.0,262.6,0.0005,0.0435,0.00351705,139.75,0.0025,0.0,BTC-26JUL19-6500-P,9360.86,130.96,0.0025,40.0,0.005,37.5,150.34,1.18732,-9.34754,-0.09283,4e-05,-0.03726
9360.42,SYN.BTC-19JUL19,1563361161474,open,0.0,297.0,0.0005,0.04,1.58e-06,145.0,0.0005,0.0,BTC-19JUL19-14000-C,9360.86,0.0,0.0,0.0,0.0015,21.0,267.13,0.00181,-0.0148,3e-05,0.0,7e-05
9362.62,SYN.BTC-26JUL19,1563361161472,open,0.02,342.6,0.0005,0.058,0.01815877,130.01,0.02,0.0,BTC-26JUL19-11500-C,9360.86,128.39,0.0175,24.0,0.021,11.5,136.77,3.83981,-28.12264,0.36996,0.00014,0.18066
9443.43,BTC-27DEC19,1563361161483,open,0.01,463.2,0.0005,0.0495,0.00959278,118.35,0.008,0.0,BTC-27DEC19-52000-C,9360.86,115.35,0.008,46.1,0.011,11.0,120.73,5.32351,-1.93403,1.23854,1e-05,0.03898
9443.43,BTC-27DEC19,1563361161487,open,0.01,463.2,0.0005,0.0495,0.00959278,118.35,0.008,0.0,BTC-27DEC19-52000-C,9360.86,115.35,0.008,46.1,0.011,21.0,120.73,5.32351,-1.93403,1.23854,1e-05,0.03898
199.08,ETH-27SEP19,1563361161489,open,0.03,4141.0,0.001,0.07,0.030874,118.09,0.026,0.0,ETH-27SEP19-400-C,199.52,115.16,0.028,591.0,0.033,200.0,120.19,0.19893,-0.16342,0.04373,0.00216,0.14242
199.45,SYN.ETH-26JUL19,1563361161495,open,0.03,1358.0,0.001,0.081,0.040232,135.0,0.036,0.0,ETH-26JUL19-180-P,199.52,138.38,0.042,129.0,0.049,200.0,151.59,0.1041,-0.79166,-0.01537,0.00797,-0.27673
9383.38,BTC-27SEP19,1563361161487,open,0.33,748.2,0.278,0.3575,0.31771147,104.93,0.3315,0.0,BTC-27SEP19-7000-C,9360.86,99.8,0.3115,11.0,0.3535,11.0,133.26,11.45555,-8.36192,9.01676,6e-05,0.80569
9383.38,BTC-27SEP19,1563361161502,open,0.62,29.6,0.586,0.718,0.6519982,109.34,0.601,0.0,BTC-27SEP19-15000-P,9360.86,0.0,0.005,10.0,1.265,0.3,500.0,12.77963,-9.72044,-26.19284,7e-05,-0.76554
199.45,SYN.ETH-26JUL19,1563361161505,open,0.04,0.0,0.001,0.073,0.033471,135.0,None,0.0,ETH-26JUL19-230-C,199.52,136.0,0.034,143.0,0.041,243.0,148.96,0.10537,-0.8013,0.01214,0.00807,0.28373
199.45,SYN.ETH-26JUL19,1563361161512,open,0.0,1117.0,0.001,0.04,6e-06,135.0,0.001,0.0,ETH-26JUL19-440-C,199.52,0.0,0.0,0.0,0.001,283.0,204.6,0.00016,-0.00119,1e-05,1e-05,0.00013
199.49,SYN.ETH-19JUL19,1563361161515,open,0.0,403.0,0.001,0.04,0.000337,135.05,0.006,0.0,ETH-19JUL19-160-P,199.52,194.2,0.003,84.0,0.006,657.0,228.22,0.00381,-0.06739,-0.00011,0.00138,-0.00999
199.45,SYN.ETH-26JUL19,1563361161517,open,0.02,2.0,0.001,0.066,0.025025,135.05,0.032,0.0,ETH-26JUL19-170-P,199.52,139.57,0.027,405.0,0.033,200.0,153.01,0.08544,-0.65,-0.01062,0.00654,-0.19383
199.49,SYN.ETH-19JUL19,1563361161525,open,0.0,1033.0,0.001,0.04,7e-06,134.96,0.001,0.0,ETH-19JUL19-280-C,199.52,0.0,0.0,0.0,0.001,184.0,218.49,0.00015,-0.00131,0.0,5e-05,0.00027
9383.38,BTC-27SEP19,1563361161526,open,0.91,1.0,0.8705,1.026,0.94835611,112.09,1.5815,0.0,BTC-27SEP19-18000-P,9360.86,0.0,0.005,0.3,1.557,0.3,500.0,9.46145,-7.37724,-33.33411,5e-05,-0.85566
9383.38,BTC-27SEP19,1563361161558,open,0.21,218.1,0.177,0.2745,0.22567974,105.46,0.2285,0.0,BTC-27SEP19-10000-P,9360.86,104.22,0.2235,14.4,0.231,4.7,108.48,16.53212,-12.1286,-12.68765,9e-05,-0.46097
9360.42,SYN.BTC-19JUL19,1563361161619,open,0.04,547.1,0.0065,0.0895,0.04803698,139.38,0.053,0.0,BTC-19JUL19-9500-P,9360.86,146.28,0.05,1.7,0.054,9.5,160.31,2.66408,-98.98312,-0.28243,0.00042,-0.53911
9362.62,SYN.BTC-26JUL19,1563361162026,open,0.37,28.7,0.339,0.4505,0.39475707,134.71,0.284,0.0,BTC-26JUL19-13000-P,9360.86,0.0,0.384,7.5,0.423,7.5,216.22,2.01376,-15.28185,-3.0104,7e-05,-0.9275
9443.43,BTC-27DEC19,1563361162034,open,0.6,27.6,0.5555,0.635,0.59521242,98.82,0.6525,0.0,BTC-27DEC19-4000-C,9360.86,0.0,0.0155,10.0,0.642,0.2,149.93,6.65164,-2.01789,14.89135,2e-05,0.94859
199.08,ETH-27SEP19,1563361162077,open,0.39,1374.0,0.355,0.467,0.410859,112.34,0.42,0.0,ETH-27SEP19-260-P,199.51,89.36,0.373,110.0,0.0,0.0,0.0,0.33828,-0.26435,-0.40126,0.00386,-0.61268
199.08,ETH-27SEP19,1563361162077,open,0.91,259.0,0.868,1.023,0.945808,118.1,0.94,0.0,ETH-27SEP19-380-P,199.51,0.0,0.008,12.0,0.0,0.0,0.0,0.21985,-0.18061,-0.69788,0.00239,-0.83436
201.03,ETH-27DEC19,1563361162078,open,0.7,82.0,0.661,0.798,0.729298,107.9,0.64,0.0,ETH-27DEC19-320-P,199.51,84.07,0.671,110.0,1.58,1.0,500.0,0.51448,-0.17041,-1.20324,0.00264,-0.61201
199.07,ETH-27SEP19,1563361162078,open,0.72,345.0,0.688,0.827,0.757536,115.05,0.76,0.0,ETH-27SEP19-340-P,199.51,0.0,0.697,110.0,1.19,1.0,374.53,0.2573,-0.20593,-0.60514,0.00287,-0.78617
201.03,ETH-27DEC19,1563361162078,open,0.87,241.0,0.828,0.979,0.903731,109.14,0.986,0.0,ETH-27DEC19-360-P,199.51,76.41,0.833,110.0,1.59,1.0,428.84,0.48745,-0.16332,-1.41002,0.00248,-0.66808
201.03,ETH-27DEC19,1563361162079,open,0.05,163.0,0.009,0.088,0.048616,113.21,0.051,0.0,ETH-27DEC19-560-C,199.51,109.09,0.042,710.0,0.053,40.0,115.81,0.33258,-0.11559,0.10388,0.00163,0.16441
199.07,ETH-27SEP19,1563361162079,open,0.3,392.0,0.253,0.332,0.292181,112.46,0.51,0.0,ETH-27SEP19-160-C,199.51,0.0,0.1,10.0,0.0,0.0,0.0,0.27828,-0.21771,0.18106,0.00317,0.75406
199.07,ETH-27SEP19,1563361162079,open,0.81,233.0,0.777,0.924,0.850213,115.85,0.763,0.0,ETH-27SEP19-360-P,199.51,0.0,0.0,0.0,0.99,1.0,206.37,0.23605,-0.19024,-0.65266,0.00261,-0.81469
199.07,ETH-27SEP19,1563361162080,open,0.37,191.0,0.316,0.395,0.355703,113.13,0.5,0.0,ETH-27SEP19-140-C,199.51,0.0,0.01,50.0,0.0,0.0,0.0,0.22396,-0.17626,0.18573,0.00254,0.8295
199.07,ETH-27SEP19,1563361162080,open,0.14,1653.0,0.089,0.168,0.128627,112.13,0.127,0.0,ETH-27SEP19-240-C,199.51,107.78,0.121,337.0,0.135,120.0,115.75,0.34959,-0.27268,0.12577,0.004,0.44947
199.07,ETH-27SEP19,1563361162080,open,0.64,496.0,0.602,0.734,0.667802,115.06,0.67,0.0,ETH-27SEP19-320-P,199.51,0.0,0.041,30.0,1.39,1.0,500.0,0.28074,-0.22471,-0.55577,0.00313,-0.74996
199.07,ETH-27SEP19,1563361162080,open,0.03,8193.0,0.001,0.072,0.03131,113.1,0.031,0.0,ETH-27SEP19-120-P,199.51,108.89,0.028,490.0,0.033,200.0,115.19,0.15945,-0.12545,-0.05302,0.00181,-0.10393
199.51,SYN.ETH-19JUL19,1563361162077,open,0.27,789.0,0.252,0.355,0.303435,147.08,0.297,0.0,ETH-19JUL19-260-P,199.51,0.0,0.283,10.0,0.33,10.0,378.23,0.00278,-0.10883,-0.01329,0.00092,-0.99303
199.47,SYN.ETH-26JUL19,1563361162077,open,0.32,0.0,0.262,0.341,0.301422,134.5,None,0.0,ETH-26JUL19-140-C,199.51,0.0,0.0,0.0,0.0,0.0,0.0,0.02488,-0.18855,0.03211,0.00191,0.96349
199.51,SYN.ETH-19JUL19,1563361162077,open,0.17,0.0,0.11,0.189,0.149651,133.8,None,0.0,ETH-19JUL19-170-C,199.51,0.0,0.0,0.0,0.0,0.0,0.0,0.01307,-0.46623,0.00828,0.00478,0.95698
199.25,SYN.ETH-30AUG19,1563361162077,open,0.36,0.0,0.327,0.436,0.381279,121.71,None,0.0,ETH-30AUG19-260-P,199.51,86.64,0.34,120.0,0.0,0.0,0.0,0.25237,-0.35003,-0.25003,0.00434,-0.66263
199.47,SYN.ETH-26JUL19,1563361162079,open,0.23,0.0,0.173,0.252,0.212088,134.8,None,0.0,ETH-26JUL19-160-C,199.51,0.0,0.0,0.0,0.0,0.0,0.0,0.06377,-0.48427,0.03219,0.00489,0.87573
199.47,SYN.ETH-26JUL19,1563361162077,open,0.57,519.0,0.542,0.669,0.605575,137.28,0.183,0.0,ETH-26JUL19-320-P,199.51,0.0,0.051,5.0,0.0,0.0,0.0,0.01365,-0.10556,-0.07701,0.00103,-0.98218
199.51,SYN.ETH-19JUL19,1563361162077,open,0.0,142.0,0.001,0.04,0.0,134.98,0.001,0.0,ETH-19JUL19-400-C,199.51,0.0,0.0,0.0,0.001,300.0,399.39,0.0,0.0,0.0,0.0,0.0
9382.35,BTC-27SEP19,1563361162093,open,0.45,35.9,0.4085,0.5255,0.46700156,107.66,0.391,0.0,BTC-27SEP19-13000-P,9360.86,105.15,0.463,6.0,0.48,6.0,115.64,15.05249,-11.27329,-21.03268,8e-05,-0.67139
9383.38,BTC-27SEP19,1563361162102,open,0.49,793.2,0.4415,0.521,0.48127331,105.91,0.5945,0.0,BTC-27SEP19-5000-C,9360.86,93.39,0.4755,11.0,0.4835,11.0,110.2,4.81023,-3.54401,8.51965,3e-05,0.9423
9442.4,BTC-27DEC19,1563361162117,open,0.03,255.2,0.0005,0.0705,0.03052121,109.74,0.0325,0.0,BTC-27DEC19-30000-C,9360.86,108.54,0.029,6.0,0.0335,21.0,112.01,12.0958,-4.07479,3.47794,3e-05,0.11306
9443.43,BTC-27DEC19,1563361162111,open,0.33,205.5,0.281,0.3605,0.32080819,98.04,0.32,0.0,BTC-27DEC19-8000-C,9360.86,94.82,0.3135,11.0,0.323,11.0,99.03,21.2612,-6.39865,16.79427,5e-05,0.71929
9382.35,BTC-27SEP19,1563361162122,open,0.4,714.8,0.354,0.4335,0.3935847,105.15,0.434,0.0,BTC-27SEP19-6000-C,9360.86,99.76,0.389,11.0,0.397,11.0,109.02,8.16808,-5.97465,9.04716,4e-05,0.88326
9382.35,BTC-27SEP19,1563361162133,open,0.26,901.1,0.214,0.2935,0.25395645,104.97,0.25,0.0,BTC-27SEP19-8000-C,9360.86,99.33,0.2455,11.0,0.2565,11.0,106.67,14.07835,-10.28021,8.56218,8e-05,0.71738
9361.45,SYN.BTC-19JUL19,1563361162221,open,0.0,3.0,0.0005,0.0425,0.0027444,145.08,0.0025,0.0,BTC-19JUL19-8000-P,9360.86,153.5,0.0035,2.1,0.0055,46.0,172.27,0.7891,-25.69157,-0.02971,0.00012,-0.05901
9363.64,SYN.BTC-26JUL19,1563361162264,open,0.01,194.6,0.0005,0.049,0.0091202,133.84,0.01,0.0,BTC-26JUL19-12500-C,9360.86,129.63,0.008,40.0,0.011,11.5,140.4,2.56827,-19.36436,0.20762,9e-05,0.10031
201.03,ETH-27DEC19,1563361162305,open,0.15,584.0,0.113,0.205,0.159292,106.31,0.1,0.0,ETH-27DEC19-160-P,199.51,102.41,0.151,229.0,0.167,2.0,109.96,0.42615,-0.13908,-0.36656,0.00222,-0.24935
199.47,SYN.ETH-26JUL19,1563361162307,open,0.01,0.0,0.001,0.047,0.007376,135.03,None,0.0,ETH-26JUL19-150-P,199.51,146.39,0.01,123.0,0.014,250.0,161.51,0.04282,-0.32573,-0.00387,0.00328,-0.07231
9383.38,BTC-27SEP19,1563361162326,open,0.49,793.2,0.4415,0.521,0.48127331,106.01,0.5945,0.0,BTC-27SEP19-5000-C,9360.86,96.99,0.477,11.0,0.4835,11.0,110.2,4.81765,-3.55263,8.51667,3e-05,0.94219
9443.43,BTC-27DEC19,1563361162329,open,0.29,181.6,0.235,0.3145,0.27483125,98.04,0.287,0.0,BTC-27DEC19-9000-C,9360.86,96.1,0.27,3.6,0.279,11.0,99.76,23.22324,-6.98935,16.05404,6e-05,0.65575
9383.25,BTC-27SEP19,1563361162341,open,0.4,714.8,0.354,0.4335,0.3935847,105.1,0.434,0.0,BTC-27SEP19-6000-C,9360.86,99.71,0.389,11.0,0.396,11.0,107.85,8.16357,-5.96857,9.04992,4e-05,0.88337
9382.35,BTC-27SEP19,1563361162358,open,0.21,379.0,0.1615,0.241,0.2012975,104.85,0.2015,0.0,BTC-27SEP19-9000-C,9360.86,102.3,0.197,14.4,0.2045,11.0,106.76,15.77039,-11.50309,7.85215,9e-05,0.6263
9383.25,BTC-27SEP19,1563361162361,open,0.26,901.1,0.214,0.2935,0.25395645,104.94,0.25,0.0,BTC-27SEP19-8000-C,9360.86,100.3,0.247,11.0,0.2565,11.0,106.64,14.07781,-10.27718,8.56439,8e-05,0.71746
9443.43,BTC-27DEC19,1563361162381,open,0.52,68.4,0.4715,0.551,0.51111869,98.02,0.511,0.0,BTC-27DEC19-5000-C,9360.86,93.51,0.506,11.0,0.5145,11.0,100.97,10.83152,-3.25939,16.51318,3e-05,0.90294
9383.25,BTC-27SEP19,1563361162393,open,0.45,224.0,0.3965,0.476,0.43600942,105.36,0.5225,0.0,BTC-27SEP19-5500-C,9360.86,98.5,0.4315,11.0,0.439,11.0,109.61,6.44283,-4.72204,8.86233,4e-05,0.91564
9443.43,BTC-27DEC19,1563361162400,open,0.45,122.9,0.398,0.4775,0.43796266,98.03,0.439,0.0,BTC-27DEC19-6000-C,9360.86,94.27,0.432,11.0,0.4405,11.0,99.66,14.95844,-4.50161,17.20258,4e-05,0.84614
9443.43,BTC-27DEC19,1563361162411,open,0.29,181.6,0.235,0.3145,0.27483125,98.04,0.287,0.0,BTC-27DEC19-9000-C,9360.86,96.1,0.27,3.6,0.278,11.0,99.35,23.22324,-6.98935,16.05404,6e-05,0.65575
9383.25,BTC-27SEP19,1563361162417,open,0.26,901.1,0.214,0.2935,0.25395645,104.94,0.25,0.0,BTC-27SEP19-8000-C,9360.86,100.3,0.247,11.0,0.257,11.0,106.97,14.07781,-10.27718,8.56439,8e-05,0.71746
9443.43,BTC-27DEC19,1563361162436,open,3.99,0.0,3.8905,4.2975,4.09420104,116.96,None,0.0,BTC-27DEC19-48000-P,9360.86,0.0,0.0,0.0,0.0,0.0,0.0,6.03142,-2.16561,-212.75215,1e-05,-0.95451
9382.35,BTC-27SEP19,1563361162437,open,0.21,379.0,0.1615,0.241,0.2012975,104.85,0.2015,0.0,BTC-27SEP19-9000-C,9360.86,102.3,0.197,14.4,0.2035,11.0,106.16,15.77039,-11.50309,7.85215,9e-05,0.6263
9443.43,BTC-27DEC19,1563361162468,open,3.17,0.0,3.083,3.4225,3.25274038,114.5,None,0.0,BTC-27DEC19-40000-P,9361.69,0.0,0.0005,3.0,0.0,0.0,0.0,8.10958,-2.85038,-176.42169,2e-05,-0.93383
9443.43,BTC-27DEC19,1563361162468,open,0.06,105.1,0.019,0.0985,0.05851073,105.84,0.059,0.0,BTC-27DEC19-22000-C,9361.69,104.49,0.056,4.9,0.0615,21.0,107.42,17.64525,-5.73313,5.95,4e-05,0.19971
9383.25,BTC-27SEP19,1563361162468,open,1.73,0.0,1.6685,1.89,1.77918698,117.96,None,0.0,BTC-27SEP19-26000-P,9361.69,0.0,0.0,0.0,0.0,0.0,0.0,4.0147,-3.29435,-50.50303,2e-05,-0.95404
9444.26,BTC-27DEC19,1563361162468,open,0.03,76.4,0.0005,0.069,0.02833346,98.29,0.0285,0.0,BTC-27DEC19-4500-P,9361.69,96.28,0.0265,16.0,0.03,6.0,100.08,8.70328,-2.62619,-4.25004,2e-05,-0.07251
9444.26,BTC-27DEC19,1563361162469,open,0.01,78.3,0.0005,0.051,0.01130213,116.96,0.0145,0.0,BTC-27DEC19-48000-C,9361.69,114.84,0.01,6.0,0.013,11.0,119.5,6.03208,-2.16576,1.44072,1e-05,0.04549
9444.26,BTC-27DEC19,1563361162469,open,0.02,227.9,0.0005,0.0595,0.01884256,98.91,0.0135,0.0,BTC-27DEC19-4000-P,9361.69,96.98,0.0175,16.0,0.0205,6.0,101.22,6.66007,-2.02222,-2.96384,2e-05,-0.05148
9374.61,SYN.BTC-30AUG19,1563361162468,open,0.39,0.0,0.342,0.4215,0.38179279,116.75,None,0.0,BTC-30AUG19-6000-C,9361.69,0.0,0.0,0.0,0.0,0.0,0.0,5.53502,-7.36409,5.88501,4e-05,0.90402
9444.26,BTC-27DEC19,1563361162469,open,3.58,0.0,3.4865,3.8595,3.67304067,116.29,None,0.0,BTC-27DEC19-44000-P,9361.69,0.0,0.0,0.0,0.0,0.0,0.0,7.08337,-2.52875,-194.59339,2e-05,-0.94435
9361.45,SYN.BTC-19JUL19,1563361162468,open,0.0,146.9,0.0005,0.04,2.628e-05,144.96,0.0005,0.0,BTC-19JUL19-13000-C,9361.69,0.0,0.0,0.0,0.001,2.0,212.72,0.02139,-0.246,0.00044,0.0,0.00094
9444.26,BTC-27DEC19,1563361162469,open,4.41,1.0,4.2965,4.737,4.51666757,120.2,4.454,0.0,BTC-27DEC19-52000-P,9361.69,0.0,0.001,1.0,0.0,0.0,0.0,5.70421,-2.1048,-230.70339,1e-05,-0.95756
9384.08,BTC-27SEP19,1563361162469,open,0.01,1054.8,0.0005,0.0465,0.00663466,108.55,0.0045,0.0,BTC-27SEP19-4250-P,9361.69,106.37,0.006,15.0,0.008,24.0,112.88,2.80956,-2.12148,-0.67135,1e-05,-0.0297
9384.08,BTC-27SEP19,1563361162470,open,2.14,0.0,2.0735,2.3295,2.20156129,119.66,None,0.0,BTC-27SEP19-30000-P,9361.69,0.0,0.0,0.0,0.0,0.0,0.0,2.61404,-2.17595,-58.6588,1e-05,-0.97277
9444.26,BTC-27DEC19,1563361162471,open,0.16,237.6,0.1215,0.2145,0.16795801,98.08,0.1565,0.0,BTC-27DEC19-8000-P,9361.69,95.65,0.1625,14.9,0.1725,10.9,100.1,21.26102,-6.4013,-18.90609,5e-05,-0.28065
9384.08,BTC-27SEP19,1563361162471,open,0.01,318.1,0.0005,0.0485,0.00854386,107.24,0.007,0.0,BTC-27SEP19-4500-P,9361.69,104.26,0.0075,21.0,0.01,29.0,111.11,3.39352,-2.53158,-0.84806,2e-05,-0.03735
9444.26,BTC-27DEC19,1563361162471,open,0.42,63.0,0.3655,0.445,0.40519008,98.04,0.4965,0.0,BTC-27DEC19-6500-C,9361.69,61.53,0.345,1.0,0.963,2.0,500.0,16.8183,-5.06173,17.28713,4e-05,0.81539
9444.26,BTC-27DEC19,1563361162472,open,0.65,4.0,0.6015,0.681,0.64129517,100.14,0.64,0.0,BTC-27DEC19-3500-C,9361.69,0.0,0.0075,0.2,0.78,1.0,256.82,4.81794,-1.48108,13.66302,1e-05,0.9655
9444.26,BTC-27DEC19,1563361162471,open,0.79,0.0,0.751,0.8305,0.79054395,112.41,None,0.0,BTC-27DEC19-2000-C,9361.69,0.0,0.0155,3.0,0.981,0.5,500.0,1.27411,-0.43965,8.52003,0.0,0.99271
9444.26,BTC-27DEC19,1563361162472,open,0.03,58.2,0.0005,0.0665,0.02671424,110.73,0.03,0.0,BTC-27DEC19-32000-C,9361.69,109.24,0.025,6.0,0.0295,21.0,113.04,11.09352,-3.77078,3.09979,3e-05,0.10027
9384.08,BTC-27SEP19,1563361162472,open,1.93,0.0,1.8705,2.109,1.98970936,118.13,None,0.0,BTC-27SEP19-28000-P,9361.69,0.0,0.0,0.0,0.0,0.0,0.0,3.15157,-2.58981,-54.61653,2e-05,-0.96587
9444.26,BTC-27DEC19,1563361162473,open,0.05,172.4,0.009,0.0885,0.04899431,106.92,0.0485,0.0,BTC-27DEC19-24000-C,9361.69,105.74,0.047,4.9,0.052,21.0,108.67,16.04829,-5.26747,5.15827,4e-05,0.17139
9444.26,BTC-27DEC19,1563361162473,open,1.35,3.9,1.293,1.4835,1.38817273,105.94,0.752,0.0,BTC-27DEC19-22000-P,9361.69,0.0,0.0065,2.0,2.1885,0.3,500.0,17.67102,-5.74709,-92.21054,4e-05,-0.79984
9444.26,BTC-27DEC19,1563361162473,open,0.04,90.6,0.0005,0.075,0.03533563,108.79,0.0355,0.0,BTC-27DEC19-28000-C,9361.69,107.47,0.0335,6.0,0.0385,21.0,111.0,13.26132,-4.42902,3.93937,3e-05,0.12881
9363.64,SYN.BTC-26JUL19,1563361162472,open,0.0,511.1,0.0005,0.0405,0.00072753,141.74,0.0005,0.0,BTC-26JUL19-16000-C,9361.69,0.0,0.0,0.0,0.001,3.7,147.41,0.40104,-3.20224,0.02191,1e-05,0.01035
9384.08,BTC-27SEP19,1563361162474,open,0.51,13.5,0.465,0.5445,0.5048613,106.49,0.382,0.0,BTC-27SEP19-4750-C,9361.69,0.0,0.005,10.0,0.6575,5.0,299.05,4.07066,-3.01545,8.28566,2e-05,0.95324
9363.64,SYN.BTC-26JUL19,1563361162468,open,0.03,450.9,0.0005,0.082,0.04051433,131.98,0.042,0.0,BTC-26JUL19-8500-P,9361.69,130.06,0.0395,24.1,0.045,41.5,140.43,4.94304,-36.75203,-0.7373,0.00018,-0.2833
9374.61,SYN.BTC-30AUG19,1563361162472,open,0.51,0.0,0.4735,0.5955,0.53455541,116.51,None,0.0,BTC-30AUG19-14000-P,9361.69,0.0,0.0,0.0,0.0,0.0,0.0,9.48458,-12.59301,-14.87546,8e-05,-0.78548
9361.45,SYN.BTC-19JUL19,1563361162471,open,0.01,198.9,0.0005,0.0425,0.00283717,144.01,0.003,0.0,BTC-19JUL19-11000-C,9361.69,140.19,0.0025,2.8,0.004,11.2,155.61,0.8551,-26.55999,0.0301,0.00013,0.06541
9361.45,SYN.BTC-19JUL19,1563361162472,open,0.17,0.0,0.1085,0.188,0.1480818,143.96,None,0.0,BTC-19JUL19-8000-C,9361.69,0.0,0.0,0.0,0.0,0.0,0.0,0.77512,-29.74455,0.38208,0.00012,0.94231
9374.61,SYN.BTC-30AUG19,1563361162473,open,0.02,0.5,0.0005,0.0545,0.01465867,120.8,0.02,0.0,BTC-30AUG19-18000-C,9361.69,114.77,0.0115,34.0,0.0165,15.0,124.0,5.22552,-7.19352,0.83545,4e-05,0.0888
9363.64,SYN.BTC-26JUL19,1563361162472,open,0.19,35.6,0.1305,0.21,0.17002765,132.33,0.1785,0.0,BTC-26JUL19-8000-C,9361.69,0.0,0.0005,5.0,0.0,0.0,0.0,4.00395,-29.8474,1.44975,0.00014,0.80673
9383.25,BTC-27SEP19,1563361162494,open,0.36,60.1,0.3265,0.4365,0.38158529,107.56,0.395,0.0,BTC-27SEP19-12000-P,9361.69,105.74,0.3785,2.7,0.3915,6.0,113.35,15.98745,-11.96198,-18.30361,9e-05,-0.60901
9444.26,BTC-27DEC19,1563361162498,open,0.21,426.5,0.167,0.2465,0.20657413,99.51,0.206,0.0,BTC-27DEC19-11000-C,9361.69,97.6,0.2015,11.5,0.211,11.0,101.18,25.03553,-7.64797,14.09438,6e-05,0.54101
9444.26,BTC-27DEC19,1563361162506,open,1.74,0.0,1.683,1.906,1.79463764,108.04,None,0.0,BTC-27DEC19-26000-P,9361.69,0.0,0.005,10.0,2.6005,0.2,500.0,14.62013,-4.84899,-111.512,3e-05,-0.85136
9444.26,BTC-27DEC19,1563361162517,open,0.69,5.6,0.643,0.7795,0.71109839,101.91,0.7075,0.0,BTC-27DEC19-15000-P,9361.69,0.0,0.005,10.0,1.4695,0.2,500.0,23.76128,-7.4334,-56.63604,6e-05,-0.63278
9444.26,BTC-27DEC19,1563361162613,open,0.02,186.2,0.0005,0.0605,0.02097801,112.64,0.031,0.0,BTC-27DEC19-36000-C,9361.69,110.6,0.019,6.0,0.023,11.0,114.61,9.4167,-3.25602,2.50529,2e-05,0.08042
9444.26,BTC-27DEC19,1563361162637,open,0.52,68.4,0.4715,0.551,0.51111869,98.03,0.511,0.0,BTC-27DEC19-5000-C,9361.69,93.48,0.506,11.0,0.5135,11.0,100.09,10.83125,-3.25954,16.51347,3e-05,0.90296
9383.25,BTC-27SEP19,1563361162651,open,0.45,224.0,0.3965,0.476,0.43600942,105.36,0.5225,0.0,BTC-27SEP19-5500-C,9361.69,98.5,0.4315,11.0,0.438,11.0,108.21,6.44283,-4.72204,8.86233,4e-05,0.91564
9384.08,BTC-27SEP19,1563361162662,open,0.26,901.1,0.214,0.2935,0.25395645,104.92,0.25,0.0,BTC-27SEP19-8000-C,9361.69,100.27,0.247,11.0,0.255,11.0,105.61,14.07728,-10.27411,8.56651,8e-05,0.71753
9444.26,BTC-27DEC19,1563361162671,open,0.02,186.2,0.0005,0.0605,0.02097801,112.64,0.031,0.0,BTC-27DEC19-36000-C,9361.69,110.6,0.019,6.0,0.022,11.0,113.65,9.4167,-3.25602,2.50529,2e-05,0.08042
199.47,SYN.ETH-26JUL19,1563361162680,open,0.01,0.0,0.001,0.047,0.007376,135.03,None,0.0,ETH-26JUL19-150-P,199.51,146.39,0.01,423.0,0.014,250.0,161.51,0.04282,-0.32573,-0.00387,0.00328,-0.07231
9374.61,SYN.BTC-30AUG19,1563361162841,open,0.25,14.6,0.219,0.32,0.26934574,113.17,0.2625,0.0,BTC-30AUG19-11000-P,9361.69,111.81,0.2675,14.4,0.2805,3.0,121.39,12.68045,-16.35427,-9.61259,0.00011,-0.58367
9383.25,BTC-27SEP19,1563361162842,open,0.36,60.1,0.3265,0.4365,0.38158529,107.56,0.395,0.0,BTC-27SEP19-12000-P,9361.69,105.74,0.3785,2.7,0.392,6.0,113.64,15.98745,-11.96198,-18.30361,9e-05,-0.60901
9384.08,BTC-27SEP19,1563361162969,open,0.01,408.5,0.0005,0.0545,0.01413034,106.02,0.012,0.0,BTC-27SEP19-5000-P,9361.69,103.77,0.013,15.0,0.016,24.0,109.56,4.81763,-3.55297,-1.32931,3e-05,-0.05781
199.07,ETH-27SEP19,1563361162999,open,0.0,1735.0,0.001,0.046,0.006589,122.9,0.006,0.0,ETH-27SEP19-80-P,199.51,116.5,0.005,300.0,0.008,500.0,127.9,0.05324,-0.04552,-0.01275,0.00056,-0.02593
9384.08,BTC-27SEP19,1563361163007,open,0.15,179.3,0.1145,0.2065,0.16054545,104.91,0.151,0.0,BTC-27SEP19-9000-P,9361.69,103.99,0.159,0.3,0.1655,4.8,107.86,15.77089,-11.50975,-9.86908,9e-05,-0.37352
9384.08,BTC-27SEP19,1563361163017,open,0.0,490.7,0.0005,0.0405,0.00054705,139.26,0.0005,0.0,BTC-27SEP19-2000-P,9361.69,0.0,0.0,0.0,0.001,6.0,149.87,0.3201,-0.31011,-0.05582,0.0,-0.00247
9384.08,BTC-27SEP19,1563361163020,open,0.01,297.6,0.0005,0.0515,0.01108184,106.59,0.005,0.0,BTC-27SEP19-4750-P,9361.69,104.04,0.01,21.0,0.013,24.0,110.83,4.0785,-3.02414,-1.07092,2e-05,-0.04687
199.07,ETH-27SEP19,1563361163076,open,0.0,3606.0,0.001,0.044,0.004301,132.4,0.005,0.0,ETH-27SEP19-760-C,199.54,126.46,0.003,10.0,0.006,116.0,138.55,0.04901,-0.04514,0.00752,0.00047,0.0235
201.03,ETH-27DEC19,1563361163077,open,0.22,381.0,0.177,0.256,0.216713,106.41,0.231,0.0,ETH-27DEC19-240-C,199.54,102.37,0.206,364.0,0.227,214.0,110.3,0.53273,-0.17402,0.29205,0.00278,0.54227
201.03,ETH-27DEC19,1563361163076,open,0.14,129.0,0.098,0.177,0.137562,107.93,0.144,0.0,ETH-27DEC19-320-C,199.54,104.17,0.128,356.0,0.146,246.0,111.21,0.51452,-0.17047,0.22474,0.00264,0.38809
201.06,ETH-27DEC19,1563361163077,open,0.37,0.0,0.324,0.403,0.363391,106.29,None,0.0,ETH-27DEC19-160-C,199.54,0.0,0.001,1000.0,1.6,1.0,500.0,0.42616,-0.13905,0.3475,0.00222,0.75071
199.07,ETH-27SEP19,1563361163078,open,0.02,2417.0,0.001,0.062,0.022833,119.6,0.017,0.0,ETH-27SEP19-440-C,199.54,116.08,0.02,601.0,0.026,200.0,123.28,0.1656,-0.13777,0.03399,0.00177,0.10953
201.06,ETH-27DEC19,1563361163078,open,0.04,150.0,0.001,0.075,0.035364,117.44,0.036,0.0,ETH-27DEC19-680-C,199.54,117.17,0.035,1.0,0.037,50.0,118.63,0.27309,-0.09845,0.07846,0.00129,0.12282
201.06,ETH-27DEC19,1563361163078,open,0.1,488.0,0.053,0.132,0.09254,109.62,0.091,0.0,ETH-27DEC19-400-C,199.54,105.79,0.084,381.0,0.099,271.0,112.45,0.45465,-0.153,0.17112,0.0023,0.28326
199.07,ETH-27SEP19,1563361163078,open,1.38,0.0,1.332,1.525,1.428652,121.36,None,0.0,ETH-27SEP19-480-P,199.54,0.0,0.0,0.0,0.0,0.0,0.0,0.13881,-0.11718,-0.91829,0.00147,-0.91389
199.07,ETH-27SEP19,1563361163078,open,0.52,0.0,0.473,0.552,0.512692,116.1,None,0.0,ETH-27SEP19-100-C,199.54,0.0,0.003,10.0,0.0,0.0,0.0,0.09893,-0.0799,0.16928,0.00109,0.94453
199.07,ETH-27SEP19,1563361163079,open,0.61,0.0,0.565,0.644,0.604721,122.9,None,0.0,ETH-27SEP19-80-C,199.54,0.0,0.003,10.0,0.0,0.0,0.0,0.05324,-0.04552,0.14479,0.00056,0.97407
199.24,SYN.ETH-30AUG19,1563361163076,open,0.52,0.0,0.492,0.616,0.554121,124.92,None,0.0,ETH-30AUG19-300-P,199.54,0.0,0.0,0.0,0.0,0.0,0.0,0.21138,-0.30091,-0.31637,0.00355,-0.76681
199.1,ETH-27SEP19,1563361163080,open,0.05,7577.0,0.017,0.101,0.05895,113.14,0.057,0.0,ETH-27SEP19-140-P,199.54,109.6,0.055,257.0,0.063,160.0,116.72,0.22394,-0.17625,-0.08993,0.00254,-0.17043
199.1,ETH-27SEP19,1563361163080,open,0.44,47.0,0.389,0.468,0.428537,113.05,0.689,0.0,ETH-27SEP19-120-C,199.54,0.0,0.0,0.0,0.0,0.0,0.0,0.15934,-0.12531,0.18335,0.00181,0.89618
199.5,SYN.ETH-19JUL19,1563361163076,open,0.0,573.0,0.001,0.04,0.0,135.01,0.001,0.0,ETH-19JUL19-320-C,199.54,0.0,0.0,0.0,0.001,300.0,288.56,0.0,0.0,0.0,0.0,0.0
199.1,ETH-27SEP19,1563361163083,open,0.02,2676.0,0.001,0.057,0.01744,121.34,0.023,0.0,ETH-27SEP19-480-C,199.54,117.7,0.015,600.0,0.02,200.0,124.88,0.13884,-0.11719,0.02693,0.00147,0.08612
199.5,SYN.ETH-19JUL19,1563361163076,open,0.09,1115.0,0.067,0.155,0.111006,134.74,0.11,0.0,ETH-19JUL19-220-P,199.54,0.0,0.095,10.0,0.147,10.0,286.85,0.03583,-1.28703,-0.00967,0.013,-0.8326
199.5,SYN.ETH-19JUL19,1563361163076,open,0.47,211.0,0.444,0.563,0.503696,0.0,0.495,0.0,ETH-19JUL19-300-P,199.54,0.0,0.002,25.0,0.0,0.0,0.0,0.0,0.0,-0.01542,0.0,-1.0
199.24,SYN.ETH-30AUG19,1563361163077,open,0.28,0.0,0.251,0.354,0.302333,120.63,None,0.0,ETH-30AUG19-240-P,199.54,112.15,0.291,120.0,0.318,120.0,132.2,0.26802,-0.36843,-0.2145,0.00466,-0.59325
199.46,SYN.ETH-26JUL19,1563361163078,open,0.47,659.0,0.447,0.566,0.506586,134.36,0.34,0.0,ETH-26JUL19-300-P,199.54,0.0,0.03,1.0,3.4,5.0,500.0,0.02268,-0.17169,-0.07149,0.00175,-0.96737
199.24,SYN.ETH-30AUG19,1563361163076,open,0.7,0.0,0.669,0.807,0.73769,127.42,None,0.0,ETH-30AUG19-340-P,199.54,0.0,0.0,0.0,0.0,0.0,0.0,0.16902,-0.24542,-0.37753,0.00278,-0.83863
199.24,SYN.ETH-30AUG19,1563361163099,open,0.04,219.0,0.001,0.078,0.038572,126.01,0.036,0.0,ETH-30AUG19-320-C,199.54,121.09,0.034,267.0,0.042,288.0,129.56,0.18941,-0.272,0.03704,0.00315,0.19324
9444.21,BTC-27DEC19,1563361163105,open,0.51,58.3,0.473,0.5955,0.53414939,100.66,0.537,0.0,BTC-27DEC19-13000-P,9361.69,98.14,0.5275,6.0,0.542,3.6,103.63,24.92657,-7.70275,-45.91183,6e-05,-0.55527
199.24,SYN.ETH-30AUG19,1563361163113,open,0.16,220.0,0.121,0.213,0.167022,120.01,0.147,0.0,ETH-30AUG19-200-P,199.54,114.83,0.16,259.0,0.178,137.0,128.11,0.27019,-0.3695,-0.14087,0.00472,-0.42117
199.5,SYN.ETH-19JUL19,1563361163125,open,0.01,101.0,0.001,0.043,0.00326,135.04,0.011,0.0,ETH-19JUL19-230-C,199.54,141.78,0.004,250.0,0.008,411.0,171.06,0.02078,-0.65033,0.00076,0.00752,0.07761
9374.61,SYN.BTC-30AUG19,1563361163107,open,0.18,0.4,0.132,0.2115,0.17185116,112.1,0.1895,0.0,BTC-30AUG19-9000-C,9361.69,107.34,0.1655,14.4,0.1745,4.0,114.14,12.39888,-15.83914,5.02397,0.0001,0.61763
9363.64,SYN.BTC-26JUL19,1563361163138,open,0.14,265.8,0.113,0.2055,0.15915764,129.43,0.141,0.0,BTC-26JUL19-10500-P,9361.69,130.77,0.16,18.0,0.168,18.0,144.86,5.22438,-38.09239,-1.91003,0.00019,-0.6796
199.5,SYN.ETH-19JUL19,1563361163132,open,0.0,592.0,0.001,0.047,0.006774,134.95,0.012,0.0,ETH-19JUL19-180-P,199.54,165.46,0.012,99.0,0.016,482.0,186.06,0.03076,-1.10666,-0.00143,0.01115,-0.13318
9361.45,SYN.BTC-19JUL19,1563361163156,open,0.07,372.8,0.041,0.127,0.0839641,139.73,0.093,0.0,BTC-19JUL19-10000-P,9361.69,139.51,0.084,6.0,0.091,6.0,167.92,2.22455,-82.85994,-0.39096,0.00035,-0.72863
199.46,SYN.ETH-26JUL19,1563361163156,open,0.01,0.0,0.001,0.047,0.007376,134.98,None,0.0,ETH-26JUL19-150-P,199.54,146.37,0.01,421.0,0.014,250.0,161.49,0.0428,-0.32546,-0.00386,0.00328,-0.07228
199.46,SYN.ETH-26JUL19,1563361163173,open,0.01,2051.0,0.001,0.054,0.014294,134.98,0.013,0.0,ETH-26JUL19-160-P,199.54,143.17,0.017,405.0,0.022,250.0,157.25,0.06387,-0.48567,-0.00674,0.00489,-0.12457
9384.08,BTC-27SEP19,1563361163202,open,0.26,901.1,0.2145,0.294,0.25404209,104.92,0.25,0.0,BTC-27SEP19-8000-C,9361.69,100.27,0.247,11.0,0.2555,11.0,105.94,14.07728,-10.27411,8.56651,8e-05,0.71753
199.46,SYN.ETH-26JUL19,1563361163192,open,0.0,1038.0,0.001,0.042,0.002568,135.01,0.005,0.0,ETH-26JUL19-300-C,199.54,129.73,0.002,300.0,0.006,677.0,157.47,0.0231,-0.17573,0.00149,0.00177,0.03336
199.46,SYN.ETH-26JUL19,1563361163208,open,0.09,151.0,0.043,0.122,0.082609,135.04,0.079,0.0,ETH-26JUL19-200-C,199.54,135.67,0.083,122.0,0.092,313.0,150.21,0.12355,-0.93989,0.02203,0.00946,0.53679
199.24,SYN.ETH-30AUG19,1563361163218,open,0.05,189.0,0.009,0.088,0.048486,124.99,0.046,0.0,ETH-30AUG19-300-C,199.54,120.7,0.044,248.0,0.053,276.0,129.19,0.21148,-0.30123,0.04429,0.00355,0.2334
199.07,ETH-27SEP19,1563361163231,open,0.01,1992.0,0.001,0.046,0.006208,130.18,0.005,0.0,ETH-27SEP19-680-C,199.54,122.45,0.004,300.0,0.009,550.0,137.72,0.06514,-0.05899,0.01053,0.00064,0.03306
199.5,SYN.ETH-19JUL19,1563361163233,open,0.03,891.0,0.001,0.081,0.039885,134.91,0.047,0.0,ETH-19JUL19-200-P,199.54,156.3,0.046,87.0,0.052,304.0,177.29,0.05704,-2.05125,-0.00544,0.02067,-0.49107
199.24,SYN.ETH-30AUG19,1563361163241,open,0.22,220.0,0.182,0.28,0.231166,120.63,0.242,0.0,ETH-30AUG19-220-P,199.54,114.72,0.223,276.0,0.245,120.0,130.64,0.27548,-0.3787,-0.17778,0.00479,-0.51111
199.46,SYN.ETH-26JUL19,1563361163249,open,0.02,100.0,0.001,0.057,0.017004,135.02,0.017,0.0,ETH-26JUL19-250-C,199.54,137.55,0.018,131.0,0.023,283.0,149.57,0.07771,-0.59104,0.00726,0.00595,0.16665
199.5,SYN.ETH-19JUL19,1563361163269,open,0.01,463.0,0.001,0.048,0.008288,135.04,0.011,0.0,ETH-19JUL19-220-C,199.54,144.2,0.01,200.0,0.014,355.0,163.97,0.03592,-1.29297,0.00164,0.013,0.16801
199.46,SYN.ETH-26JUL19,1563361163281,open,0.0,1872.0,0.001,0.04,0.000494,135.01,0.001,0.0,ETH-26JUL19-340-C,199.54,0.0,0.0,0.0,0.002,121.0,161.36,0.00651,-0.04951,0.00034,0.0005,0.00759
9375.36,SYN.BTC-30AUG19,1563361163286,open,0.04,20.2,0.004,0.087,0.04560567,114.53,0.0445,0.0,BTC-30AUG19-7000-P,9361.69,111.6,0.043,19.3,0.0485,13.0,117.75,8.38117,-10.93922,-2.48698,7e-05,-0.17507
199.5,SYN.ETH-19JUL19,1563361163282,open,0.01,0.0,0.001,0.059,0.018551,134.94,None,0.0,ETH-19JUL19-190-P,199.54,160.74,0.025,99.0,0.03,429.0,180.19,0.04897,-1.76155,-0.00317,0.01775,-0.29024
199.24,SYN.ETH-30AUG19,1563361163298,open,0.11,473.0,0.058,0.137,0.097809,120.67,0.1,0.0,ETH-30AUG19-240-C,199.54,114.08,0.089,492.0,0.104,223.0,125.25,0.26804,-0.36859,0.07401,0.00465,0.40684
199.46,SYN.ETH-26JUL19,1563361163324,open,0.05,711.0,0.006,0.085,0.045991,135.03,0.054,0.0,ETH-26JUL19-220-C,199.54,133.3,0.045,342.0,0.054,218.0,148.61,0.11628,-0.88452,0.0152,0.0089,0.35931
199.46,SYN.ETH-26JUL19,1563361163336,open,0.13,2700.0,0.104,0.194,0.148993,134.93,0.155,0.0,ETH-26JUL19-220-P,199.54,128.11,0.145,286.0,0.163,100.0,158.66,0.11627,-0.88377,-0.03831,0.00891,-0.64084
9443.43,BTC-27DEC19,1563361163360,open,0.36,93.7,0.307,0.3865,0.34674191,98.06,0.346,0.0,BTC-27DEC19-7500-C,9361.69,94.4,0.339,11.0,0.348,11.0,98.65,19.98138,-6.01495,17.05727,5e-05,0.75152
9363.64,SYN.BTC-26JUL19,1563361163362,open,0.18,381.0,0.153,0.249,0.20098705,129.48,0.215,0.0,BTC-26JUL19-11000-P,9361.69,126.19,0.1995,7.5,0.213,7.5,152.74,4.56982,-33.33279,-2.18156,0.00017,-0.75701
9444.21,BTC-27DEC19,1563361163373,open,1.54,0.0,1.487,1.6935,1.5902313,106.92,None,0.0,BTC-27DEC19-24000-P,9361.69,0.0,0.0065,1.0,2.3945,0.2,500.0,16.04782,-5.26726,-101.93827,4e-05,-0.82861
9384.08,BTC-27SEP19,1563361163419,open,0.05,184.1,0.0035,0.083,0.04339944,109.92,0.045,0.0,BTC-27SEP19-16000-C,9361.69,108.38,0.0415,19.3,0.046,11.0,112.02,11.57625,-8.85201,2.851,6e-05,0.19767
9384.08,BTC-27SEP19,1563361163429,open,0.01,297.6,0.0005,0.0515,0.01107127,106.59,0.005,0.0,BTC-27SEP19-4750-P,9361.69,104.04,0.01,21.0,0.0125,24.0,109.76,4.0785,-3.02414,-1.07092,2e-05,-0.04687
9384.11,BTC-27SEP19,1563361163445,open,2.14,0.0,2.073,2.329,2.20097559,117.5,None,0.0,BTC-27SEP19-30000-P,9361.69,0.0,0.0,0.0,0.0,0.0,0.0,2.39511,-1.95778,-58.69811,1e-05,-0.97547
9444.21,BTC-27DEC19,1563361163468,open,0.7,0.0,0.6495,0.729,0.68934225,101.97,None,0.0,BTC-27DEC19-3000-C,9361.22,0.0,0.0055,0.1,0.976,0.5,500.0,3.24472,-1.01571,12.187,1e-05,0.97852
9444.21,BTC-27DEC19,1563361163468,open,2.35,0.3,2.279,2.5515,2.41531365,110.96,2.435,0.0,BTC-27DEC19-32000-P,9361.22,0.0,0.0,0.0,0.0,0.0,0.0,11.15498,-3.79983,-139.675,3e-05,-0.89897
9444.21,BTC-27DEC19,1563361163468,open,0.0,184.7,0.0005,0.044,0.00399803,105.66,0.003,0.0,BTC-27DEC19-2500-P,9361.22,103.3,0.0035,10.0,0.005,12.0,109.95,2.06656,-0.67033,-0.70278,0.0,-0.01268
9384.11,BTC-27SEP19,1563361163468,open,0.0,1657.1,0.0005,0.04,0.0001585,145.01,0.0005,0.0,BTC-27SEP19-1500-P,9361.22,0.0,0.0,0.0,0.001,21.1,177.56,0.10883,-0.10978,-0.01696,0.0,-0.00076
9384.11,BTC-27SEP19,1563361163468,open,0.61,0.0,0.5645,0.644,0.60418047,111.44,None,0.0,BTC-27SEP19-3750-C,9361.22,0.0,0.005,10.0,0.708,10.0,299.01,1.82346,-1.41358,6.98601,1e-05,0.98223
9444.21,BTC-27DEC19,1563361163468,open,0.02,246.9,0.0005,0.0565,0.01699136,114.49,0.0165,0.0,BTC-27DEC19-40000-C,9361.22,112.09,0.015,6.0,0.0195,21.0,117.3,8.11044,-2.85057,2.07247,2e-05,0.06617
9444.21,BTC-27DEC19,1563361163468,open,0.48,60.5,0.4335,0.513,0.47324688,98.04,0.567,0.0,BTC-27DEC19-5500-C,9361.22,95.65,0.47,1.0,0.966,5.0,500.0,12.94716,-3.89649,16.95428,3e-05,0.87555
9444.21,BTC-27DEC19,1563361163468,open,0.74,0.0,0.6995,0.779,0.73926518,105.57,None,0.0,BTC-27DEC19-2500-C,9361.22,0.0,0.0155,3.0,0.978,0.5,500.0,2.06032,-0.66771,10.45581,0.0,0.98737
9443.74,BTC-27DEC19,1563361163469,open,1.94,0.1,1.8805,2.12,2.00010781,108.69,2.02,0.0,BTC-27DEC19-28000-P,9361.22,0.0,0.001,1.0,2.5,0.1,316.84,13.23206,-4.41491,-121.01688,3e-05,-0.87159
9443.74,BTC-27DEC19,1563361163469,open,0.14,217.3,0.0985,0.178,0.13832443,101.1,0.141,0.0,BTC-27DEC19-14000-C,9361.22,99.43,0.134,14.6,0.1425,0.2,102.71,24.42151,-7.57952,11.15893,6e-05,0.40312
9384.11,BTC-27SEP19,1563361163469,open,0.72,34.4,0.6785,0.818,0.74841474,109.94,0.3735,0.0,BTC-27SEP19-16000-P,9361.22,0.0,0.005,10.0,1.362,0.2,500.0,11.57795,-8.85439,-28.65559,6e-05,-0.80228
9443.74,BTC-27DEC19,1563361163470,open,0.04,139.4,0.0015,0.081,0.04141027,107.89,0.0455,0.0,BTC-27DEC19-26000-C,9361.22,106.64,0.0395,6.0,0.0445,21.0,109.86,14.58166,-4.82967,4.49448,3e-05,0.14806
9443.74,BTC-27DEC19,1563361163470,open,0.02,181.3,0.0005,0.0535,0.01372032,115.75,0.0125,0.0,BTC-27DEC19-44000-C,9361.22,113.32,0.012,6.0,0.016,21.0,118.7,6.95762,-2.47227,1.71452,2e-05,0.05441
9443.74,BTC-27DEC19,1563361163470,open,0.04,234.7,0.0005,0.082,0.0405752,98.05,0.041,0.0,BTC-27DEC19-5000-P,9361.22,96.23,0.0385,10.0,0.0425,6.0,99.72,10.834,-3.26115,-5.80112,3e-05,-0.09708
9443.74,BTC-27DEC19,1563361163470,open,4.41,1.0,4.295,4.736,4.51558874,117.81,4.454,0.0,BTC-27DEC19-52000-P,9361.22,0.0,0.001,1.0,0.0,0.0,0.0,5.21628,-1.88652,-230.83155,1e-05,-0.96198
9384.11,BTC-27SEP19,1563361163471,open,0.01,190.2,0.0005,0.0455,0.00571204,117.46,0.006,0.0,BTC-27SEP19-28000-C,9361.22,113.48,0.0045,39.0,0.007,3.0,121.14,3.07595,-2.51344,0.50673,2e-05,0.03313
9443.74,BTC-27DEC19,1563361163471,open,2.76,1.3,2.68,2.986,2.83282225,112.43,2.792,0.0,BTC-27DEC19-36000-P,9361.22,0.0,0.0005,1.0,0.0,0.0,0.0,9.36403,-3.23198,-158.15556,2e-05,-0.92016
9375.36,SYN.BTC-30AUG19,1563361163468,open,0.02,0.0,0.0005,0.0625,0.02187539,116.86,None,0.0,BTC-30AUG19-6000-P,9361.22,111.87,0.019,37.9,0.0255,13.9,122.82,5.54018,-7.37792,-1.32942,4e-05,-0.09609
9383.64,BTC-27SEP19,1563361163471,open,2.35,0.0,2.277,2.5495,2.4133961,118.83,None,0.0,BTC-27SEP19-32000-P,9361.22,0.0,0.0,0.0,0.0,0.0,0.0,1.97863,-1.63555,-62.71207,1e-05,-0.98044
9375.36,SYN.BTC-30AUG19,1563361163468,open,0.42,0.0,0.3835,0.498,0.44067274,115.18,None,0.0,BTC-30AUG19-13000-P,9361.22,0.0,0.0,0.0,0.0,0.0,0.0,10.70775,-14.05441,-13.21583,9e-05,-0.732
9384.08,BTC-27SEP19,1563361163467,open,0.28,127.7,0.2485,0.352,0.30014365,106.61,0.2865,0.0,BTC-27SEP19-11000-P,9361.69,104.74,0.297,14.4,0.3085,14.4,111.26,16.53126,-12.26021,-15.51953,9e-05,-0.53954
9375.36,SYN.BTC-30AUG19,1563361163468,open,0.31,0.0,0.259,0.3385,0.29890771,114.47,None,0.0,BTC-30AUG19-7000-C,9361.22,0.0,0.0,0.0,0.0,0.0,0.0,8.37871,-10.92962,5.92912,7e-05,0.82501
9443.74,BTC-27DEC19,1563361163473,open,2.15,0.2,2.079,2.335,2.20707029,109.61,2.2245,0.0,BTC-27DEC19-30000-P,9361.22,0.0,0.0,0.0,0.0,0.0,0.0,12.06631,-4.06,-130.40262,3e-05,-0.88735
9362.27,SYN.BTC-19JUL19,1563361163468,open,0.0,275.5,0.0005,0.04,8e-08,144.97,0.0005,0.0,BTC-19JUL19-15000-C,9361.22,0.0,0.0,0.0,0.0035,10.0,346.9,0.00012,-0.00072,0.0,0.0,0.0
9364.45,SYN.BTC-26JUL19,1563361163472,open,0.0,313.8,0.0005,0.04,3.372e-05,144.99,0.001,0.0,BTC-26JUL19-20000-C,9361.22,0.0,0.0,0.0,0.0005,5.9,182.97,0.03029,-0.24739,0.00127,0.0,0.00059
9364.45,SYN.BTC-26JUL19,1563361163470,open,0.0,162.8,0.0005,0.04,7.691e-05,144.98,0.001,0.0,BTC-26JUL19-19000-C,9361.22,0.0,0.0,0.0,0.0005,4.6,172.31,0.06161,-0.50319,0.00274,0.0,0.00128
9364.45,SYN.BTC-26JUL19,1563361163468,open,0.11,516.2,0.0765,0.166,0.12135018,129.37,0.131,0.0,BTC-26JUL19-10000-P,9361.22,129.61,0.1215,18.0,0.13,25.5,143.56,5.68055,-41.39856,-1.61727,0.00021,-0.58887
9364.45,SYN.BTC-26JUL19,1563361163468,open,0.32,56.6,0.2905,0.3975,0.34408109,134.27,0.3555,0.0,BTC-26JUL19-12500-P,9361.22,0.0,0.333,7.5,0.3715,7.5,205.2,2.58552,-19.55699,-2.83019,9e-05,-0.89878
9362.27,SYN.BTC-19JUL19,1563361163468,open,0.0,415.6,0.0005,0.04,3.6e-07,144.97,0.0005,0.0,BTC-19JUL19-14500-C,9361.22,0.0,0.0,0.0,0.0025,10.0,309.18,0.00047,-0.00335,1e-05,0.0,2e-05
9375.36,SYN.BTC-30AUG19,1563361163472,open,0.7,0.0,0.6615,0.7995,0.73067242,118.55,None,0.0,BTC-30AUG19-16000-P,9361.22,0.0,0.0,0.0,0.0,0.0,0.0,7.12106,-9.62041,-17.96297,6e-05,-0.86322
9364.45,SYN.BTC-26JUL19,1563361163473,open,0.0,389.3,0.0005,0.042,0.00206357,137.85,0.002,0.0,BTC-26JUL19-14500-C,9361.22,131.46,0.0015,11.0,0.003,3.5,146.37,0.91094,-7.07426,0.05684,3e-05,0.02703
9362.27,SYN.BTC-19JUL19,1563361163468,open,0.0,127.8,0.0005,0.04,2e-08,144.98,0.0005,0.0,BTC-19JUL19-15500-C,9361.22,0.0,0.0,0.0,0.0025,10.0,346.71,3e-05,-0.00015,0.0,0.0,0.0
9364.45,SYN.BTC-26JUL19,1563361163471,open,0.01,280.7,0.0005,0.0445,0.00455154,137.1,0.006,0.0,BTC-26JUL19-13500-C,9361.22,133.77,0.004,10.1,0.0055,3.3,142.33,1.60942,-12.42988,0.11342,6e-05,0.05436
9443.74,BTC-27DEC19,1563361163480,open,0.21,426.5,0.167,0.2465,0.20660346,99.53,0.206,0.0,BTC-27DEC19-11000-C,9361.22,97.61,0.2015,11.0,0.211,11.0,101.19,25.0341,-7.64892,14.09269,6e-05,0.54102
9383.64,BTC-27SEP19,1563361163486,open,1.11,0.0,1.066,1.238,1.15199713,113.11,None,0.0,BTC-27SEP19-20000-P,9361.22,0.0,0.005,10.0,1.754,0.2,500.0,7.54208,-5.9346,-37.83538,4e-05,-0.89557
9443.74,BTC-27DEC19,1563361163488,open,1.74,0.0,1.683,1.906,1.79440521,107.8,None,0.0,BTC-27DEC19-26000-P,9361.22,0.0,0.005,10.0,2.601,0.2,500.0,14.55715,-4.81716,-111.53583,3e-05,-0.85231
9443.74,BTC-27DEC19,1563361163479,open,0.33,205.5,0.281,0.3605,0.32084319,98.07,0.32,0.0,BTC-27DEC19-8000-C,9361.22,94.81,0.3135,11.0,0.3235,11.0,99.25,21.26096,-6.40077,16.79216,5e-05,0.71932
9364.45,SYN.BTC-26JUL19,1563361163495,open,0.22,273.8,0.1965,0.296,0.24633401,130.24,0.222,0.0,BTC-26JUL19-11500-P,9361.22,124.43,0.244,7.5,0.2575,7.5,155.25,3.85092,-28.25431,-2.42494,0.00014,-0.81856
9364.45,SYN.BTC-26JUL19,1563361163500,open,0.37,1.0,0.321,0.4005,0.36055027,139.05,0.354,0.0,BTC-26JUL19-6000-C,9361.22,0.0,0.0005,0.1,0.0,0.0,0.0,0.56344,-4.41344,1.42122,2e-05,0.98467
9364.45,SYN.BTC-26JUL19,1563361163510,open,0.08,103.8,0.034,0.1135,0.07379189,129.21,0.087,0.0,BTC-26JUL19-9500-C,9361.22,124.72,0.071,18.0,0.076,0.3,132.76,5.82317,-42.38445,0.99726,0.00021,0.51173
199.5,SYN.ETH-19JUL19,1563361163513,open,0.0,152.0,0.001,0.041,0.001827,134.97,0.008,0.0,ETH-19JUL19-170-P,199.54,178.82,0.006,84.0,0.009,550.0,201.53,0.0134,-0.36404,-0.00047,0.00485,-0.04436
199.46,SYN.ETH-26JUL19,1563361163516,open,0.01,810.0,0.001,0.045,0.005622,135.02,0.006,0.0,ETH-26JUL19-280-C,199.54,131.79,0.005,671.0,0.01,661.0,153.63,0.03993,-0.30373,0.00293,0.00306,0.06606
199.46,SYN.ETH-26JUL19,1563361163526,open,0.01,810.0,0.001,0.045,0.005622,135.02,0.006,0.0,ETH-26JUL19-280-C,199.54,131.79,0.005,671.0,0.01,660.0,153.63,0.03993,-0.30373,0.00293,0.00306,0.06606
199.24,SYN.ETH-30AUG19,1563361163531,open,0.08,110.0,0.037,0.116,0.076309,121.66,0.075,0.0,ETH-30AUG19-260-C,199.54,116.63,0.07,500.0,0.083,243.0,126.9,0.25231,-0.34981,0.06248,0.00435,0.33721
9364.45,SYN.BTC-26JUL19,1563361163536,open,0.67,5.0,0.6415,0.7775,0.70946562,144.99,0.2255,0.0,BTC-26JUL19-16000-P,9361.22,0.0,0.0,0.0,0.0,0.0,0.0,0.45707,-3.73319,-3.86532,1e-05,-0.98797
9443.74,BTC-27DEC19,1563361163541,open,0.01,340.0,0.0005,0.047,0.00702092,102.04,0.0065,0.0,BTC-27DEC19-3000-P,9361.22,100.49,0.0065,10.0,0.008,12.0,104.78,3.25066,-1.01821,-1.203,1e-05,-0.02153
199.07,ETH-27SEP19,1563361163545,open,0.03,4141.0,0.001,0.07,0.030869,118.1,0.026,0.0,ETH-27SEP19-400-C,199.54,115.16,0.028,592.0,0.033,200.0,120.2,0.19892,-0.16342,0.04373,0.00216,0.14242
199.24,SYN.ETH-30AUG19,1563361163551,open,0.06,552.0,0.028,0.113,0.070818,120.87,0.075,0.0,ETH-30AUG19-160-P,199.54,115.36,0.065,478.0,0.078,392.0,127.64,0.21067,-0.29019,-0.07247,0.00365,-0.2318
199.46,SYN.ETH-26JUL19,1563361163564,open,0.1,150.0,0.071,0.159,0.115032,134.95,0.121,0.0,ETH-26JUL19-210-P,199.54,138.19,0.117,119.0,0.126,150.0,152.76,0.12288,-0.93413,-0.03252,0.00941,-0.55551
9364.45,SYN.BTC-26JUL19,1563361163632,open,0.06,303.1,0.0135,0.093,0.05338952,129.22,0.0545,0.0,BTC-26JUL19-10000-C,9361.22,126.1,0.0515,0.1,0.056,1.0,133.51,5.67991,-41.3449,0.81419,0.00021,0.41094
9362.27,SYN.BTC-19JUL19,1563361163638,open,0.02,266.8,0.0005,0.0645,0.02394357,144.05,0.027,0.0,BTC-19JUL19-9000-P,9361.22,142.34,0.0235,2.4,0.027,1.1,155.73,2.43704,-93.57876,-0.17135,0.00038,-0.33222
9375.36,SYN.BTC-30AUG19,1563361163673,open,0.18,0.4,0.132,0.2115,0.17185116,112.11,0.1895,0.0,BTC-30AUG19-9000-C,9361.22,107.31,0.1655,14.4,0.175,4.3,114.49,12.39908,-15.84069,5.02475,0.0001,0.61771
9443.74,BTC-27DEC19,1563361163710,open,0.36,93.7,0.307,0.3865,0.34674191,98.05,0.346,0.0,BTC-27DEC19-7500-C,9361.22,94.39,0.339,11.0,0.3485,11.0,98.88,19.98134,-6.01455,17.05852,5e-05,0.75154
9362.27,SYN.BTC-19JUL19,1563361163712,open,0.2,224.5,0.1805,0.2785,0.22943442,146.44,0.245,0.0,BTC-19JUL19-11500-P,9361.22,0.0,0.225,6.0,0.241,6.0,251.84,0.43489,-16.97635,-0.57789,7e-05,-0.97171
9443.74,BTC-27DEC19,1563361163714,open,0.33,205.5,0.281,0.3605,0.32084319,98.07,0.32,0.0,BTC-27DEC19-8000-C,9361.22,94.81,0.3135,11.0,0.3225,11.0,98.81,21.26096,-6.40077,16.79216,5e-05,0.71932
9384.11,BTC-27SEP19,1563361163727,open,0.53,78.2,0.4955,0.62,0.5577049,108.53,0.54,0.0,BTC-27SEP19-14000-P,9361.22,105.33,0.553,6.0,0.5715,6.0,117.58,13.96033,-10.53955,-23.65446,7e-05,-0.72236
9384.11,BTC-27SEP19,1563361163731,open,0.17,806.4,0.12,0.1995,0.15988912,105.4,0.161,0.0,BTC-27SEP19-10000-C,9361.22,103.19,0.156,14.4,0.164,11.0,107.74,16.53348,-12.12267,7.00595,9e-05,0.53902
9375.36,SYN.BTC-30AUG19,1563361163760,open,0.8,0.0,0.759,0.905,0.83207382,119.84,None,0.0,BTC-30AUG19-17000-P,9361.22,0.0,0.0,0.0,0.0,0.0,0.0,6.1272,-8.3681,-19.40329,5e-05,-0.88962
9362.27,SYN.BTC-19JUL19,1563361163782,open,0.2,224.5,0.1805,0.2785,0.22943442,146.44,0.245,0.0,BTC-19JUL19-11500-P,9361.22,0.0,0.225,6.0,0.2385,6.0,236.03,0.43489,-16.97635,-0.57789,7e-05,-0.97171
9384.11,BTC-27SEP19,1563361163796,open,0.4,714.8,0.354,0.4335,0.3936318,105.1,0.434,0.0,BTC-27SEP19-6000-C,9361.22,99.04,0.3885,11.0,0.396,11.0,107.8,8.16258,-5.96798,9.05053,4e-05,0.8834
9384.11,BTC-27SEP19,1563361163809,open,0.17,806.4,0.12,0.1995,0.15988912,105.4,0.161,0.0,BTC-27SEP19-10000-C,9361.22,103.19,0.156,14.4,0.162,11.0,106.6,16.53348,-12.12267,7.00595,9e-05,0.53902
9375.36,SYN.BTC-30AUG19,1563361163986,open,0.24,0.0,0.1895,0.269,0.22915554,113.37,None,0.0,BTC-30AUG19-8000-C,9361.22,104.53,0.219,4.3,0.23,4.0,114.1,10.83069,-13.99309,5.59702,9e-05,0.72579
9384.11,BTC-27SEP19,1563361163990,open,0.59,227.5,0.539,0.6185,0.57873,109.61,0.7065,0.0,BTC-27SEP19-4000-C,9361.22,81.96,0.5745,11.0,0.5805,11.0,116.32,2.26457,-1.72665,7.36071,1e-05,0.97705
9444.21,BTC-27DEC19,1563361163993,open,0.43,83.4,0.393,0.5085,0.45069492,100.1,0.4295,0.0,BTC-27DEC19-12000-P,9361.22,97.4,0.4435,6.0,0.458,3.6,102.84,25.16136,-7.732,-40.46598,6e-05,-0.5095
9443.74,BTC-27DEC19,1563361164007,open,0.25,452.1,0.198,0.2775,0.23755518,98.73,0.238,0.0,BTC-27DEC19-10000-C,9361.22,96.78,0.2325,3.6,0.2415,11.0,100.26,24.43506,-7.40618,15.1052,6e-05,0.596
9444.21,BTC-27DEC19,1563361164009,open,0.43,83.4,0.393,0.5085,0.45069492,100.1,0.4295,0.0,BTC-27DEC19-12000-P,9361.22,97.78,0.4445,6.0,0.458,3.6,102.84,25.16136,-7.732,-40.46598,6e-05,-0.5095
199.24,SYN.ETH-30AUG19,1563361164030,open,0.16,220.0,0.121,0.213,0.167052,120.01,0.147,0.0,ETH-30AUG19-200-P,199.54,114.83,0.16,254.0,0.178,137.0,128.11,0.27019,-0.3695,-0.14087,0.00472,-0.42117
199.53,SYN.ETH-19JUL19,1563361164040,open,0.01,101.0,0.001,0.043,0.003256,134.89,0.011,0.0,ETH-19JUL19-230-C,199.54,141.67,0.004,250.0,0.008,409.0,170.94,0.02078,-0.64968,0.00076,0.00753,0.0776
199.5,SYN.ETH-19JUL19,1563361164047,open,0.0,592.0,0.001,0.047,0.006781,134.95,0.012,0.0,ETH-19JUL19-180-P,199.54,165.46,0.012,96.0,0.016,482.0,186.06,0.03076,-1.10666,-0.00143,0.01115,-0.13318
199.46,SYN.ETH-26JUL19,1563361164053,open,0.01,0.0,0.001,0.047,0.00738,134.98,None,0.0,ETH-26JUL19-150-P,199.54,146.37,0.01,419.0,0.014,250.0,161.49,0.0428,-0.32546,-0.00386,0.00328,-0.07228
199.46,SYN.ETH-26JUL19,1563361164067,open,0.01,810.0,0.001,0.045,0.005622,135.02,0.006,0.0,ETH-26JUL19-280-C,199.54,131.79,0.005,671.0,0.01,550.0,153.63,0.03993,-0.30373,0.00293,0.00306,0.06606
201.06,ETH-27DEC19,1563361164077,open,1.23,0.0,1.176,1.357,1.266352,110.76,None,0.0,ETH-27DEC19-440-P,199.53,0.0,1.172,110.0,0.0,0.0,0.0,0.42272,-0.14372,-1.81308,0.00212,-0.75447
201.06,ETH-27DEC19,1563361164077,open,0.08,555.0,0.038,0.117,0.077624,110.6,0.081,0.0,ETH-27DEC19-440-C,199.53,106.91,0.07,390.0,0.084,320.0,113.6,0.42213,-0.14332,0.15008,0.00212,0.2449
201.06,ETH-27DEC19,1563361164078,open,0.06,513.0,0.017,0.096,0.056341,112.4,0.059,0.0,ETH-27DEC19-520-C,199.53,108.77,0.05,595.0,0.061,40.0,114.95,0.36054,-0.1244,0.11695,0.00178,0.18669
201.06,ETH-27DEC19,1563361164078,open,2.54,0.0,2.469,2.757,2.613342,118.77,None,0.0,ETH-27DEC19-720-P,199.53,0.0,0.003,5.0,0.0,0.0,0.0,0.25732,-0.09382,-3.14058,0.0012,-0.88709
199.09,ETH-27SEP19,1563361164078,open,0.02,1792.0,0.001,0.054,0.014173,124.02,0.016,0.0,ETH-27SEP19-520-C,199.53,122.02,0.013,500.0,0.016,200.0,126.96,0.11977,-0.10333,0.02223,0.00124,0.07088
199.53,SYN.ETH-19JUL19,1563361164077,open,0.37,617.0,0.348,0.459,0.403526,181.09,0.407,0.0,ETH-19JUL19-280-P,199.53,0.0,0.383,10.0,0.438,10.0,480.27,0.00224,-0.10801,-0.01434,0.0006,-0.99454
199.08,ETH-27SEP19,1563361164079,open,1.0,79.0,0.959,1.121,1.040213,118.19,0.351,0.0,ETH-27SEP19-400-P,199.53,0.0,0.01,1.0,0.0,0.0,0.0,0.19922,-0.1638,-0.74387,0.00216,-0.85727
199.08,ETH-27SEP19,1563361164079,open,0.11,1655.0,0.065,0.144,0.104838,112.33,0.112,0.0,ETH-27SEP19-260-C,199.53,108.88,0.099,233.0,0.111,160.0,115.94,0.33828,-0.26433,0.11073,0.00386,0.3873
199.08,ETH-27SEP19,1563361164080,open,1.19,0.0,1.144,1.322,1.233111,119.73,None,0.0,ETH-27SEP19-440-P,199.53,0.0,0.0,0.0,0.0,0.0,0.0,0.16601,-0.13826,-0.83236,0.00178,-0.8901
201.05,ETH-27DEC19,1563361164080,open,0.18,209.0,0.132,0.211,0.171222,107.06,0.178,0.0,ETH-27DEC19-280-C,199.53,103.2,0.161,350.0,0.18,230.0,110.37,0.53282,-0.17512,0.25726,0.00276,0.45797
201.05,ETH-27DEC19,1563361164080,open,0.07,1057.0,0.03,0.115,0.072769,106.65,0.068,0.0,ETH-27DEC19-120-P,199.53,102.74,0.067,312.0,0.079,312.0,110.81,0.29884,-0.09784,-0.19083,0.00155,-0.13994
199.08,ETH-27SEP19,1563361164080,open,0.17,1106.0,0.119,0.198,0.15832,112.13,0.158,0.0,ETH-27SEP19-220-C,199.53,108.55,0.152,201.0,0.165,120.0,115.91,0.35203,-0.27459,0.14145,0.00402,0.51913
199.08,ETH-27SEP19,1563361164080,open,0.55,868.0,0.516,0.642,0.578863,114.03,0.566,0.0,ETH-27SEP19-300-P,199.53,100.38,0.559,110.0,0.601,30.0,128.17,0.30172,-0.23934,-0.50581,0.00339,-0.71138
199.27,SYN.ETH-30AUG19,1563361164077,open,0.11,941.0,0.07,0.158,0.113702,120.51,0.113,0.0,ETH-30AUG19-180-P,199.53,114.34,0.106,434.0,0.121,180.0,126.36,0.24882,-0.34172,-0.10521,0.00433,-0.32551
199.53,SYN.ETH-19JUL19,1563361164078,open,0.03,502.0,0.001,0.058,0.018722,134.82,0.033,0.0,ETH-19JUL19-210-C,199.53,151.37,0.023,82.0,0.027,214.0,166.47,0.05083,-1.82687,0.00304,0.01843,0.31529
199.08,ETH-27SEP19,1563361164081,open,0.08,3015.0,0.033,0.112,0.072082,114.13,0.063,0.0,ETH-27SEP19-300-C,199.53,112.75,0.07,1.0,0.076,160.0,116.69,0.30188,-0.23967,0.08501,0.00339,0.28894
199.49,SYN.ETH-26JUL19,1563361164080,open,0.76,1047.0,0.733,0.877,0.805123,146.91,0.2,0.0,ETH-26JUL19-360-P,199.53,0.0,0.0,0.0,0.0,0.0,0.0,0.00599,-0.04954,-0.08723,0.00042,-0.9931
199.08,ETH-27SEP19,1563361164081,open,0.19,3341.0,0.151,0.246,0.198752,111.84,0.198,0.0,ETH-27SEP19-200-P,199.53,108.5,0.193,334.0,0.205,120.0,115.47,0.34253,-0.26649,-0.23693,0.00392,-0.40561
199.49,SYN.ETH-26JUL19,1563361164079,open,0.15,50.0,0.098,0.177,0.137762,134.83,0.138,0.0,ETH-26JUL19-180-C,199.53,131.44,0.136,50.0,0.147,50.0,152.32,0.10403,-0.79017,0.02843,0.00797,0.72374
199.53,SYN.ETH-19JUL19,1563361164079,open,0.0,459.0,0.001,0.04,0.0,134.96,0.001,0.0,ETH-19JUL19-340-C,199.53,0.0,0.0,0.0,0.001,300.0,319.28,0.0,0.0,0.0,0.0,0.0
199.49,SYN.ETH-26JUL19,1563361164079,open,0.0,0.0,0.001,0.043,0.003361,135.05,None,0.0,ETH-26JUL19-140-P,199.53,146.65,0.005,434.0,0.009,250.0,168.53,0.02515,-0.19134,-0.00196,0.00192,-0.03699
199.49,SYN.ETH-26JUL19,1563361164078,open,0.29,867.0,0.263,0.368,0.315429,135.56,0.303,0.0,ETH-26JUL19-260-P,199.53,107.52,0.308,120.0,0.352,30.0,219.32,0.06424,-0.49054,-0.05772,0.0049,-0.87444
199.27,SYN.ETH-30AUG19,1563361164078,open,0.22,107.0,0.171,0.25,0.210275,120.41,0.184,0.0,ETH-30AUG19-180-C,199.53,108.96,0.196,120.0,0.22,120.0,128.19,0.24882,-0.34141,0.1112,0.00433,0.6745
199.49,SYN.ETH-26JUL19,1563361164078,open,0.38,867.0,0.354,0.465,0.409443,136.0,0.42,0.0,ETH-26JUL19-280-P,199.53,0.0,0.392,30.0,0.447,30.0,239.61,0.04073,-0.31207,-0.06508,0.0031,-0.93224
199.27,SYN.ETH-30AUG19,1563361164077,open,0.61,0.0,0.579,0.71,0.644656,126.24,None,0.0,ETH-30AUG19-320-P,199.53,0.0,0.0,0.0,0.0,0.0,0.0,0.18987,-0.27314,-0.3475,0.00315,-0.80604
199.27,SYN.ETH-30AUG19,1563361164078,open,0.03,494.0,0.001,0.065,0.025969,129.43,0.027,0.0,ETH-30AUG19-360-C,199.53,122.58,0.021,572.0,0.03,300.0,134.56,0.15157,-0.22356,0.02661,0.00245,0.13706
199.53,SYN.ETH-19JUL19,1563361164077,open,0.0,315.0,0.001,0.04,0.0,134.97,0.001,0.0,ETH-19JUL19-380-C,199.53,0.0,0.0,0.0,0.001,300.0,374.43,0.0,0.0,0.0,0.0,0.0
199.53,SYN.ETH-19JUL19,1563361164077,open,0.0,90.0,0.001,0.04,0.0,134.97,0.002,0.0,ETH-19JUL19-360-C,199.53,0.0,0.0,0.0,0.001,300.0,347.82,0.0,0.0,0.0,0.0,0.0
199.49,SYN.ETH-26JUL19,1563361164080,open,0.21,1338.0,0.179,0.276,0.227292,135.33,0.189,0.0,ETH-26JUL19-240-P,199.53,121.1,0.221,120.0,0.0,0.0,0.0,0.09222,-0.70302,-0.04884,0.00704,-0.77954
199.53,SYN.ETH-19JUL19,1563361164080,open,0.05,154.0,0.001,0.077,0.037398,134.75,0.046,0.0,ETH-19JUL19-200-C,199.53,147.35,0.041,98.0,0.049,149.0,175.35,0.05705,-2.04913,0.00484,0.02069,0.50952
199.46,SYN.ETH-26JUL19,1563361164075,open,0.1,150.0,0.071,0.159,0.115032,134.95,0.121,0.0,ETH-26JUL19-210-P,199.54,136.57,0.116,146.0,0.126,150.0,152.76,0.12288,-0.93413,-0.03252,0.00941,-0.55551
199.49,SYN.ETH-26JUL19,1563361164097,open,0.1,150.0,0.071,0.159,0.115032,135.16,0.121,0.0,ETH-26JUL19-210-P,199.53,136.73,0.116,146.0,0.126,272.0,152.92,0.12292,-0.93594,-0.0325,0.0094,-0.555
199.49,SYN.ETH-26JUL19,1563361164097,open,0.07,3238.0,0.042,0.128,0.085316,135.13,0.092,0.0,ETH-26JUL19-200-P,199.53,136.24,0.086,149.0,0.096,294.0,152.4,0.12356,-0.94064,-0.02659,0.00945,-0.46289
9362.27,SYN.BTC-19JUL19,1563361164108,open,0.0,0.6,0.0005,0.0405,0.00054747,145.05,0.0025,0.0,BTC-19JUL19-7500-P,9361.22,159.02,0.001,23.5,0.0025,0.5,187.83,0.24608,-5.13793,-0.00721,4e-05,-0.01445
9443.74,BTC-27DEC19,1563361164125,open,0.51,58.3,0.473,0.5955,0.53420941,100.64,0.537,0.0,BTC-27DEC19-13000-P,9361.22,98.12,0.5275,6.0,0.5415,3.6,103.42,24.9245,-7.70054,-45.91353,6e-05,-0.55537
9375.36,SYN.BTC-30AUG19,1563361164127,open,0.18,0.4,0.132,0.2115,0.17188707,112.11,0.1895,0.0,BTC-30AUG19-9000-C,9361.22,107.69,0.166,14.4,0.175,4.3,114.49,12.39908,-15.84069,5.02475,0.0001,0.61771
9364.45,SYN.BTC-26JUL19,1563361164145,open,0.14,265.8,0.113,0.205,0.15908509,129.4,0.141,0.0,BTC-26JUL19-10500-P,9361.22,130.01,0.1595,18.0,0.168,18.0,144.98,5.22547,-38.09054,-1.90978,0.00019,-0.67951
9384.11,BTC-27SEP19,1563361164163,open,0.1,463.4,0.0625,0.1505,0.10654869,104.97,0.103,0.0,BTC-27SEP19-8000-P,9361.22,103.27,0.104,19.3,0.1105,10.7,107.6,14.07776,-10.28014,-7.18901,8e-05,-0.28248
9383.64,BTC-27SEP19,1563361164173,open,0.28,127.7,0.2485,0.352,0.30018337,106.5,0.2865,0.0,BTC-27SEP19-11000-P,9361.22,104.72,0.297,14.4,0.308,14.4,110.96,16.52934,-12.24614,-15.52101,9e-05,-0.53982
9383.64,BTC-27SEP19,1563361164177,open,0.21,218.1,0.177,0.2745,0.22558952,105.4,0.2285,0.0,BTC-27SEP19-10000-P,9361.22,104.24,0.2235,14.4,0.231,4.8,108.49,16.53281,-12.12235,-12.68682,9e-05,-0.46102
9361.8,SYN.BTC-19JUL19,1563361164192,open,0.07,372.8,0.041,0.127,0.08389271,139.19,0.093,0.0,BTC-19JUL19-10000-P,9361.22,137.53,0.0835,6.0,0.091,6.0,168.04,2.22139,-82.41982,-0.39128,0.00035,-0.72942
9443.74,BTC-27DEC19,1563361164197,open,0.28,189.9,0.245,0.348,0.29646953,98.72,0.279,0.0,BTC-27DEC19-10000-P,9361.22,96.43,0.2905,6.0,0.303,4.9,101.27,24.43532,-7.40548,-29.51787,6e-05,-0.40402
9444.21,BTC-27DEC19,1563361164199,open,0.43,83.4,0.393,0.5085,0.45061565,100.1,0.4295,0.0,BTC-27DEC19-12000-P,9361.22,97.78,0.4445,6.0,0.4575,3.6,102.66,25.16136,-7.732,-40.46598,6e-05,-0.5095
9364.45,SYN.BTC-26JUL19,1563361164201,open,0.11,516.2,0.0765,0.166,0.12128885,129.37,0.131,0.0,BTC-26JUL19-10000-P,9361.22,129.61,0.1215,18.0,0.1295,18.0,142.74,5.68055,-41.39856,-1.61727,0.00021,-0.58887
9362.27,SYN.BTC-19JUL19,1563361164207,open,0.08,24.0,0.023,0.1025,0.0626073,143.72,0.056,0.0,BTC-19JUL19-9000-C,9361.22,133.86,0.06,1.1,0.0655,18.0,154.98,2.43625,-93.33651,0.29132,0.00038,0.66806
9362.27,SYN.BTC-19JUL19,1563361164217,open,0.04,547.1,0.006,0.0895,0.04791407,139.54,0.053,0.0,BTC-19JUL19-9500-P,9361.22,146.68,0.05,1.6,0.054,9.5,160.71,2.66518,-99.13542,-0.28203,0.00042,-0.53823
9362.27,SYN.BTC-19JUL19,1563361164241,open,0.0,3.0,0.0005,0.0425,0.00273218,145.06,0.0025,0.0,BTC-19JUL19-8000-P,9361.22,153.56,0.0035,2.0,0.0055,46.0,172.34,0.78793,-25.63034,-0.02965,0.00012,-0.0589
9443.74,BTC-27DEC19,1563361164257,open,0.39,54.4,0.335,0.4145,0.37483778,98.05,0.3805,0.0,BTC-27DEC19-7000-C,9361.22,94.05,0.367,11.0,0.3765,11.0,98.91,18.49862,-5.56821,17.22944,5e-05,0.78367
9375.36,SYN.BTC-30AUG19,1563361164254,open,0.18,5.1,0.1485,0.2435,0.19605516,113.13,0.1915,0.0,BTC-30AUG19-10000-P,9361.22,111.24,0.1935,14.4,0.2035,3.0,118.48,12.96122,-16.70949,-7.70272,0.00011,-0.48737
9375.36,SYN.BTC-30AUG19,1563361164261,open,0.18,5.1,0.1485,0.2435,0.19605516,113.13,0.1915,0.0,BTC-30AUG19-10000-P,9361.22,111.24,0.1935,14.4,0.203,4.0,118.11,12.96122,-16.70949,-7.70272,0.00011,-0.48737
9443.74,BTC-27DEC19,1563361164261,open,0.21,426.5,0.167,0.2465,0.20658499,99.53,0.206,0.0,BTC-27DEC19-11000-C,9361.22,97.61,0.2015,11.0,0.2115,11.0,101.38,25.0341,-7.64892,14.09269,6e-05,0.54102
9363.99,SYN.BTC-26JUL19,1563361164272,open,0.0,375.4,0.0005,0.04,1.477e-05,145.01,0.0005,0.0,BTC-26JUL19-21000-C,9361.22,0.0,0.0,0.0,0.0005,6.0,193.03,0.01471,-0.1202,0.00058,0.0,0.00027
9363.99,SYN.BTC-26JUL19,1563361164303,open,0.15,53.1,0.093,0.1725,0.13276401,131.97,0.1405,0.0,BTC-26JUL19-8500-C,9361.22,122.88,0.128,6.0,0.135,11.5,136.2,4.94263,-36.74612,1.32982,0.00018,0.71678
9384.11,BTC-27SEP19,1563361164297,open,0.49,793.2,0.4415,0.521,0.48130938,106.0,0.5945,0.0,BTC-27SEP19-5000-C,9361.22,96.91,0.477,11.0,0.484,11.0,111.04,4.81656,-3.55174,8.51711,3e-05,0.94221
199.49,SYN.ETH-26JUL19,1563361164311,open,0.01,2051.0,0.001,0.054,0.01428,135.07,0.013,0.0,ETH-26JUL19-160-P,199.53,143.24,0.017,403.0,0.022,250.0,157.32,0.06387,-0.486,-0.00674,0.00489,-0.12455
9443.73,BTC-27DEC19,1563361164307,open,0.45,122.9,0.398,0.4775,0.43797558,98.07,0.439,0.0,BTC-27DEC19-6000-C,9361.22,94.26,0.432,11.0,0.441,11.0,99.96,14.96059,-4.50421,17.19865,4e-05,0.84612
9443.73,BTC-27DEC19,1563361164314,open,0.21,426.5,0.167,0.2465,0.20658499,99.52,0.206,0.0,BTC-27DEC19-11000-C,9361.22,97.61,0.2015,11.0,0.2105,11.0,101.0,25.03418,-7.64842,14.09278,6e-05,0.541
9363.99,SYN.BTC-26JUL19,1563361164448,open,0.01,475.8,0.0005,0.047,0.0070597,135.7,0.007,0.0,BTC-26JUL19-7000-P,9361.22,137.79,0.0075,0.1,0.009,7.5,144.51,1.94622,-14.87819,-0.17395,7e-05,-0.06933
9443.74,BTC-27DEC19,1563361164462,open,0.01,463.2,0.0005,0.0495,0.00959722,118.35,0.008,0.0,BTC-27DEC19-52000-C,9361.22,115.35,0.008,46.1,0.011,11.0,120.73,5.32591,-1.93505,1.23917,1e-05,0.039
9383.92,BTC-27SEP19,1563361164463,open,0.0,383.8,0.0005,0.0405,0.00076799,124.56,0.0005,0.0,BTC-27SEP19-2500-P,9361.22,0.0,0.0,0.0,0.0015,0.1,135.97,0.47108,-0.40817,-0.08439,0.0,-0.0038
9383.92,BTC-27SEP19,1563361164468,open,0.0,437.8,0.0005,0.044,0.00407197,117.47,0.004,0.0,BTC-27SEP19-30000-C,9361.88,112.82,0.003,69.0,0.005,1.0,120.86,2.39107,-1.95384,0.37708,1e-05,0.02448
9383.92,BTC-27SEP19,1563361164469,open,0.74,55.9,0.6945,0.774,0.73434709,124.4,0.689,0.0,BTC-27SEP19-2500-C,9361.88,0.0,0.005,10.0,0.9125,5.0,500.0,0.46778,-0.40482,4.83929,0.0,0.99623
9361.8,SYN.BTC-19JUL19,1563361164468,open,0.0,198.9,0.0005,0.04,6.7e-06,145.02,0.001,0.0,BTC-19JUL19-13500-C,9361.88,0.0,0.0,0.0,0.0035,10.0,284.09,0.00652,-0.06274,0.00012,0.0,0.00026
9361.8,SYN.BTC-19JUL19,1563361164468,open,0.57,0.0,0.5385,0.666,0.6021749,0.0,None,0.0,BTC-19JUL19-15000-P,9361.88,0.0,0.001,1.0,0.0,0.0,0.0,0.0,0.0,-0.77083,0.0,-1.0
9363.99,SYN.BTC-26JUL19,1563361164468,open,1.19,0.0,1.153,1.332,1.24253721,0.0,None,0.0,BTC-26JUL19-21000-P,9361.88,0.0,0.0,0.0,0.0,0.0,0.0,0.0,0.0,-5.10656,0.0,-1.0
9361.8,SYN.BTC-19JUL19,1563361164468,open,0.41,35.3,0.3845,0.4995,0.44196404,0.0,0.2545,0.0,BTC-19JUL19-13500-P,9361.88,0.0,0.05,0.1,0.0,0.0,0.0,0.0,0.0,-0.69375,0.0,-1.0
9363.99,SYN.BTC-26JUL19,1563361164469,open,0.0,477.9,0.0005,0.043,0.00302528,137.14,0.0025,0.0,BTC-26JUL19-14000-C,9361.88,132.83,0.0025,10.0,0.0035,2.2,140.66,1.20815,-9.33344,0.07975,4e-05,0.03805
9444.39,BTC-27DEC19,1563361164470,open,3.99,0.0,3.8905,4.2975,4.09378417,117.11,None,0.0,BTC-27DEC19-48000-P,9361.88,0.0,0.0,0.0,0.0,0.0,0.0,6.06578,-2.18075,-212.74286,1e-05,-0.9542
9384.58,BTC-27SEP19,1563361164471,open,0.0,49.2,0.0005,0.042,0.00216001,116.25,0.0025,0.0,BTC-27SEP19-3250-P,9361.88,110.19,0.0015,19.7,0.003,25.0,122.44,1.1433,-0.92455,-0.2311,1e-05,-0.01035
9384.58,BTC-27SEP19,1563361164471,open,0.79,28.2,0.7475,0.827,0.78742056,138.94,0.755,0.0,BTC-27SEP19-2000-C,9361.88,0.0,0.01,1.0,0.924,5.0,500.0,0.31555,-0.305,3.88349,0.0,0.99757
9363.99,SYN.BTC-26JUL19,1563361164471,open,0.0,57.0,0.0005,0.041,0.00105413,140.99,0.0005,0.0,BTC-26JUL19-15500-C,9361.88,128.76,0.0005,14.4,0.0015,4.3,147.84,0.53841,-4.27625,0.03071,2e-05,0.01454
9444.39,BTC-27DEC19,1563361164473,open,0.78,7.1,0.731,0.875,0.80304593,102.41,0.491,0.0,BTC-27DEC19-16000-P,9361.88,0.0,0.005,5.0,1.572,0.2,500.0,22.96038,-7.21801,-61.90694,6e-05,-0.66589
9363.99,SYN.BTC-26JUL19,1563361164471,open,0.52,10.8,0.4885,0.612,0.55047415,137.09,0.166,0.0,BTC-26JUL19-14500-P,9361.88,0.0,0.0,0.0,0.0,0.0,0.0,0.88968,-6.87071,-3.47066,3e-05,-0.97373
9363.99,SYN.BTC-26JUL19,1563361164471,open,0.0,560.8,0.0005,0.04,0.00017482,145.01,0.0005,0.0,BTC-26JUL19-18000-C,9361.88,0.0,0.0,0.0,0.0005,3.5,160.95,0.12327,-1.00697,0.00585,0.0,0.00274
9363.99,SYN.BTC-26JUL19,1563361164468,open,0.27,4.8,0.22,0.2995,0.25955223,135.88,0.455,0.0,BTC-26JUL19-7000-C,9361.88,0.0,0.006,3.0,0.0,0.0,0.0,1.95104,-14.93467,1.52764,7e-05,0.93044
9363.99,SYN.BTC-26JUL19,1563361164471,open,0.0,595.5,0.0005,0.0415,0.00158855,140.98,0.0015,0.0,BTC-26JUL19-15000-C,9361.88,132.34,0.001,0.5,0.002,2.8,145.82,0.73724,-5.8553,0.04423,2e-05,0.02101
9383.92,BTC-27SEP19,1563361164480,open,0.59,227.5,0.539,0.6185,0.57873128,109.64,0.7065,0.0,BTC-27SEP19-4000-C,9361.88,72.57,0.574,11.0,0.5805,11.0,116.35,2.26713,-1.72921,7.35995,1e-05,0.97702
9384.58,BTC-27SEP19,1563361164483,open,0.61,0.0,0.5645,0.644,0.60421515,111.52,None,0.0,BTC-27SEP19-3750-C,9361.88,0.0,0.005,10.0,0.7085,10.0,299.7,1.82764,-1.41785,6.98486,1e-05,0.98218
9444.39,BTC-27DEC19,1563361164498,open,0.21,426.5,0.167,0.2465,0.20658499,99.51,0.206,0.0,BTC-27DEC19-11000-C,9361.88,97.6,0.2015,11.5,0.2105,11.0,100.99,25.03579,-7.64823,14.09469,6e-05,0.54102
9384.58,BTC-27SEP19,1563361164484,open,0.49,793.2,0.4415,0.521,0.48130938,105.96,0.5945,0.0,BTC-27SEP19-5000-C,9361.88,96.85,0.477,11.0,0.483,11.0,109.17,4.81269,-3.54748,8.51867,3e-05,0.94227
9444.39,BTC-27DEC19,1563361164505,open,1.74,0.0,1.683,1.906,1.79455109,108.01,None,0.0,BTC-27DEC19-26000-P,9361.88,0.0,0.005,10.0,2.6005,0.2,500.0,14.61255,-4.84502,-111.51487,3e-05,-0.85148
9443.73,BTC-27DEC19,1563361164511,open,0.06,105.1,0.019,0.0985,0.05852252,105.84,0.059,0.0,BTC-27DEC19-22000-C,9361.88,104.75,0.0565,4.9,0.0615,21.0,107.42,17.64733,-5.73402,5.9509,4e-05,0.19974
9444.39,BTC-27DEC19,1563361164501,open,0.45,122.9,0.398,0.4775,0.43797558,98.04,0.439,0.0,BTC-27DEC19-6000-C,9361.88,94.24,0.432,11.0,0.44,11.0,99.32,14.95816,-4.50199,17.20309,4e-05,0.84617
9444.39,BTC-27DEC19,1563361164524,open,0.51,58.3,0.473,0.5955,0.53420941,100.69,0.537,0.0,BTC-27DEC19-13000-P,9361.88,97.96,0.527,6.0,0.5415,3.6,103.45,24.928,-7.70553,-45.91065,6e-05,-0.55516
9363.99,SYN.BTC-26JUL19,1563361164523,open,0.02,342.6,0.0005,0.058,0.01819369,130.04,0.02,0.0,BTC-26JUL19-11500-C,9361.88,129.56,0.018,24.0,0.021,11.5,136.71,3.84372,-28.15713,0.37051,0.00014,0.18091
9374.91,SYN.BTC-30AUG19,1563361164545,open,0.18,5.1,0.1485,0.2435,0.19605516,113.06,0.1915,0.0,BTC-30AUG19-10000-P,9361.88,111.22,0.1935,14.4,0.2025,3.0,117.73,12.96072,-16.6995,-7.70319,0.00011,-0.4875
9384.58,BTC-27SEP19,1563361164572,open,0.49,793.2,0.4415,0.521,0.48130938,105.96,0.5945,0.0,BTC-27SEP19-5000-C,9361.88,96.85,0.477,11.0,0.4835,11.0,110.09,4.81269,-3.54748,8.51867,3e-05,0.94227
199.49,SYN.ETH-26JUL19,1563361164596,open,0.0,1038.0,0.001,0.042,0.002571,134.96,0.005,0.0,ETH-26JUL19-300-C,199.53,129.69,0.002,300.0,0.006,676.0,157.43,0.0231,-0.17566,0.00149,0.00177,0.03336
9384.58,BTC-27SEP19,1563361164593,open,0.11,586.4,0.063,0.1425,0.10262757,107.48,0.1,0.0,BTC-27SEP19-12000-C,9361.88,105.94,0.1,23.8,0.1055,11.0,109.17,15.98877,-11.95487,5.32754,9e-05,0.39091
9363.99,SYN.BTC-26JUL19,1563361164600,open,0.22,273.8,0.1965,0.296,0.2462417,129.89,0.222,0.0,BTC-26JUL19-11500-P,9361.88,123.01,0.2435,7.5,0.2575,7.5,155.14,3.83923,-28.09204,-2.42657,0.00014,-0.81943
9383.92,BTC-27SEP19,1563361164602,open,0.53,78.2,0.4955,0.6195,0.55758757,108.43,0.54,0.0,BTC-27SEP19-14000-P,9361.88,104.97,0.5525,6.0,0.5715,6.0,117.56,13.95186,-10.5238,-23.65797,7e-05,-0.72269
199.49,SYN.ETH-26JUL19,1563361164611,open,0.09,151.0,0.043,0.122,0.082655,134.89,0.079,0.0,ETH-26JUL19-200-C,199.53,135.56,0.083,121.0,0.092,313.0,150.1,0.12357,-0.93896,0.02204,0.00947,0.53702
9443.73,BTC-27DEC19,1563361164627,open,0.11,238.8,0.0715,0.1605,0.11606954,98.06,0.1195,0.0,BTC-27DEC19-7000-P,9361.88,95.72,0.1115,14.9,0.1185,10.9,99.3,18.49875,-5.56862,-14.00767,5e-05,-0.21633
199.52,SYN.ETH-19JUL19,1563361164627,open,0.03,891.0,0.001,0.081,0.039832,134.9,0.047,0.0,ETH-19JUL19-200-P,199.53,156.48,0.046,77.0,0.052,304.0,177.48,0.05704,-2.05137,-0.00544,0.02067,-0.49066
199.27,SYN.ETH-30AUG19,1563361164635,open,0.22,220.0,0.182,0.28,0.231092,120.74,0.242,0.0,ETH-30AUG19-220-P,199.53,114.81,0.223,266.0,0.245,120.0,130.72,0.27553,-0.37911,-0.17774,0.00478,-0.5108
199.53,SYN.ETH-19JUL19,1563361164649,open,0.01,463.0,0.001,0.048,0.008312,134.87,0.011,0.0,ETH-19JUL19-220-C,199.53,144.07,0.01,200.0,0.014,351.0,163.83,0.03593,-1.29166,0.00164,0.01302,0.16805
199.49,SYN.ETH-26JUL19,1563361164664,open,0.0,1872.0,0.001,0.04,0.000495,134.97,0.001,0.0,ETH-26JUL19-340-C,199.53,0.0,0.0,0.0,0.002,120.0,161.33,0.00651,-0.04948,0.00034,0.0005,0.00759
199.53,SYN.ETH-19JUL19,1563361164665,open,0.01,0.0,0.001,0.059,0.018505,135.19,None,0.0,ETH-19JUL19-190-P,199.53,160.94,0.025,91.0,0.03,429.0,180.39,0.04896,-1.76442,-0.00316,0.0177,-0.29
199.53,SYN.ETH-19JUL19,1563361164690,open,0.03,502.0,0.001,0.058,0.018766,134.82,0.033,0.0,ETH-19JUL19-210-C,199.53,151.37,0.023,85.0,0.027,214.0,166.47,0.05083,-1.82687,0.00304,0.01843,0.31529
199.53,SYN.ETH-19JUL19,1563361164709,open,0.06,166.0,0.029,0.114,0.071247,135.45,0.076,0.0,ETH-19JUL19-210-P,199.53,157.14,0.077,101.0,0.083,262.0,179.56,0.0509,-1.83762,-0.00774,0.01837,-0.68377
199.27,SYN.ETH-30AUG19,1563361164716,open,0.11,941.0,0.07,0.158,0.113636,120.51,0.113,0.0,ETH-30AUG19-180-P,199.53,114.34,0.106,180.0,0.121,180.0,126.36,0.24882,-0.34172,-0.10521,0.00433,-0.32551
9361.8,SYN.BTC-19JUL19,1563361164805,open,0.2,224.5,0.1805,0.2785,0.2293282,142.67,0.245,0.0,BTC-19JUL19-11500-P,9361.88,0.0,0.2245,6.0,0.2385,6.0,235.66,0.39204,-14.90961,-0.5794,6e-05,-0.97501
9383.92,BTC-27SEP19,1563361164807,open,0.53,78.2,0.4955,0.6195,0.55758757,108.43,0.54,0.0,BTC-27SEP19-14000-P,9361.88,105.66,0.5535,6.0,0.5715,6.0,117.56,13.95186,-10.5238,-23.65797,7e-05,-0.72269
9383.92,BTC-27SEP19,1563361164832,open,0.45,224.0,0.3965,0.476,0.43604693,105.36,0.5225,0.0,BTC-27SEP19-5500-C,9361.88,97.64,0.431,11.0,0.438,11.0,108.16,6.4423,-4.72187,8.86259,4e-05,0.91566
9443.73,BTC-27DEC19,1563361164834,open,0.39,54.4,0.335,0.4145,0.37483778,98.06,0.3805,0.0,BTC-27DEC19-7000-C,9361.88,93.79,0.3665,11.0,0.3765,11.0,98.91,18.49876,-5.56865,17.22873,5e-05,0.78367
9361.8,SYN.BTC-19JUL19,1563361164842,open,0.2,224.5,0.1805,0.2785,0.2293282,142.67,0.245,0.0,BTC-19JUL19-11500-P,9361.88,0.0,0.2255,6.0,0.2385,6.0,235.66,0.39204,-14.90961,-0.5794,6e-05,-0.97501
9383.92,BTC-27SEP19,1563361164854,open,0.45,35.9,0.4085,0.525,0.46678822,107.64,0.391,0.0,BTC-27SEP19-13000-P,9361.88,104.95,0.4625,6.0,0.48,6.0,115.76,15.05619,-11.27394,-21.03089,8e-05,-0.67132
9443.73,BTC-27DEC19,1563361164912,open,0.11,238.8,0.0715,0.1605,0.11606954,98.06,0.1195,0.0,BTC-27DEC19-7000-P,9361.88,95.72,0.1115,14.9,0.1185,6.0,99.3,18.49875,-5.56862,-14.00767,5e-05,-0.21633
9383.92,BTC-27SEP19,1563361165059,open,0.15,179.3,0.1145,0.2065,0.16045665,104.85,0.151,0.0,BTC-27SEP19-9000-P,9361.88,103.99,0.159,0.3,0.165,4.6,107.56,15.77125,-11.50291,-9.86795,9e-05,-0.37357
9443.73,BTC-27DEC19,1563361165075,open,0.39,54.4,0.335,0.4145,0.3748373,98.06,0.3805,0.0,BTC-27DEC19-7000-C,9361.88,94.31,0.3675,11.0,0.3765,11.0,98.91,18.49876,-5.56865,17.22873,5e-05,0.78367
201.05,ETH-27DEC19,1563361165077,open,2.16,0.0,2.094,2.351,2.222751,116.4,None,0.0,ETH-27DEC19-640-P,199.57,0.0,0.0,0.0,0.0,0.0,0.0,0.29245,-0.1045,-2.76967,0.00139,-0.86442
199.08,ETH-27SEP19,1563361165077,open,0.2,1291.0,0.155,0.234,0.194212,111.89,0.194,0.0,ETH-27SEP19-200-C,199.57,107.7,0.187,120.0,0.202,120.0,116.42,0.34252,-0.26659,0.1569,0.00392,0.59443
199.08,ETH-27SEP19,1563361165078,open,0.09,1914.0,0.046,0.125,0.085744,112.64,0.087,0.0,ETH-27SEP19-280-C,199.57,109.05,0.08,247.0,0.092,160.0,116.5,0.32098,-0.25151,0.09682,0.00365,0.33271
201.09,ETH-27DEC19,1563361165078,open,1.59,37.0,1.537,1.748,1.642653,112.61,0.707,0.0,ETH-27DEC19-520-P,199.57,0.0,0.001,500.0,0.0,0.0,0.0,0.36166,-0.12503,-2.20301,0.00178,-0.81241
199.08,ETH-27SEP19,1563361165079,open,0.32,2398.0,0.281,0.387,0.334205,112.14,0.345,0.0,ETH-27SEP19-240-P,199.57,105.74,0.323,120.0,0.341,120.0,116.0,0.34961,-0.27272,-0.34682,0.00399,-0.55047
199.47,SYN.ETH-26JUL19,1563361165077,open,0.0,2384.0,0.001,0.04,0.0,135.01,0.001,0.0,ETH-26JUL19-500-C,199.57,0.0,0.0,0.0,0.001,571.0,232.01,1e-05,-9e-05,0.0,0.0,1e-05
199.52,SYN.ETH-19JUL19,1563361165077,open,0.08,0.0,0.027,0.106,0.06626,135.13,None,0.0,ETH-19JUL19-190-C,199.57,142.18,0.068,150.0,0.079,150.0,185.3,0.04897,-1.76396,0.0066,0.01771,0.70988
199.12,ETH-27SEP19,1563361165080,open,0.47,981.0,0.433,0.551,0.492201,112.78,0.48,0.0,ETH-27SEP19-280-P,199.57,84.77,0.45,110.0,0.0,0.0,0.0,0.32125,-0.25203,-0.45443,0.00365,-0.66674
199.47,SYN.ETH-26JUL19,1563361165077,open,0.05,10.0,0.018,0.102,0.060234,134.96,0.05,0.0,ETH-26JUL19-190-P,199.57,137.96,0.062,130.0,0.07,200.0,151.53,0.11727,-0.89154,-0.02078,0.00898,-0.36827
199.12,ETH-27SEP19,1563361165080,open,0.25,1828.0,0.213,0.313,0.263422,112.22,0.254,0.0,ETH-27SEP19-220-P,199.57,108.59,0.257,200.0,0.27,120.0,115.94,0.35209,-0.27486,-0.29172,0.00402,-0.48056
199.47,SYN.ETH-26JUL19,1563361165079,open,0.03,979.0,0.001,0.064,0.024046,135.02,0.031,0.0,ETH-26JUL19-240-C,199.57,137.08,0.025,150.0,0.03,265.0,147.52,0.09204,-0.70006,0.00949,0.00704,0.21972
9383.92,BTC-27SEP19,1563361165095,open,0.45,35.9,0.4085,0.525,0.46681133,107.64,0.391,0.0,BTC-27SEP19-13000-P,9361.88,105.58,0.4635,6.0,0.48,6.0,115.76,15.05619,-11.27394,-21.03089,8e-05,-0.67132
9444.39,BTC-27DEC19,1563361165107,open,0.6,17.7,0.556,0.6855,0.62068953,101.1,0.6235,0.0,BTC-27DEC19-14000-P,9361.88,97.92,0.6125,6.0,0.629,3.6,104.3,24.42398,-7.58054,-51.31214,6e-05,-0.59683
9363.99,SYN.BTC-26JUL19,1563361165115,open,0.18,381.0,0.153,0.2485,0.20095213,129.17,0.215,0.0,BTC-26JUL19-11000-P,9361.88,125.22,0.199,7.5,0.213,7.5,152.81,4.56368,-33.20786,-2.18263,0.00017,-0.75763
9444.39,BTC-27DEC19,1563361165117,open,0.6,17.7,0.556,0.6855,0.62068953,101.1,0.6235,0.0,BTC-27DEC19-14000-P,9361.88,98.5,0.614,6.0,0.629,3.6,104.3,24.42398,-7.58054,-51.31214,6e-05,-0.59683
9374.91,SYN.BTC-30AUG19,1563361165138,open,0.1,27.6,0.056,0.1355,0.09588215,113.12,0.09,0.0,BTC-30AUG19-11000-C,9361.88,110.23,0.092,14.4,0.0995,15.0,115.78,12.68028,-16.34594,3.61012,0.00011,0.41625
9444.39,BTC-27DEC19,1563361165141,open,0.22,301.2,0.179,0.2765,0.22781649,98.08,0.2165,0.0,BTC-27DEC19-9000-P,9361.88,96.1,0.223,4.9,0.234,10.9,100.58,23.22327,-6.99198,-24.10702,6e-05,-0.34416
9444.39,BTC-27DEC19,1563361165156,open,0.16,164.1,0.118,0.1975,0.15765593,100.66,0.1555,0.0,BTC-27DEC19-13000-C,9361.88,98.9,0.153,14.6,0.1625,21.0,102.5,24.92699,-7.70248,12.09904,6e-05,0.44472
9444.39,BTC-27DEC19,1563361165158,open,0.22,301.2,0.179,0.2765,0.22781649,98.08,0.2165,0.0,BTC-27DEC19-9000-P,9361.88,95.9,0.2225,10.9,0.234,10.9,100.58,23.22327,-6.99198,-24.10702,6e-05,-0.34416
9374.91,SYN.BTC-30AUG19,1563361165160,open,0.12,40.2,0.087,0.177,0.1318755,112.12,0.133,0.0,BTC-30AUG19-9000-P,9361.88,110.34,0.1295,19.3,0.1385,3.0,117.15,12.39892,-15.84167,-5.79454,0.0001,-0.38234
199.26,SYN.ETH-30AUG19,1563361165164,open,0.16,220.0,0.121,0.213,0.166964,119.99,0.147,0.0,ETH-30AUG19-200-P,199.57,114.86,0.16,250.0,0.178,137.0,128.14,0.2702,-0.36947,-0.14086,0.00472,-0.42111
199.52,SYN.ETH-19JUL19,1563361165175,open,0.01,101.0,0.001,0.043,0.003267,135.04,0.011,0.0,ETH-19JUL19-230-C,199.57,141.71,0.004,250.0,0.008,407.0,170.98,0.02081,-0.65188,0.00076,0.00753,0.07776
199.52,SYN.ETH-19JUL19,1563361165185,open,0.0,592.0,0.001,0.047,0.00676,134.95,0.012,0.0,ETH-19JUL19-180-P,199.57,165.56,0.012,93.0,0.016,482.0,186.17,0.03073,-1.10549,-0.00143,0.01113,-0.13296
199.47,SYN.ETH-26JUL19,1563361165206,open,0.01,0.0,0.001,0.047,0.007368,134.98,None,0.0,ETH-26JUL19-150-P,199.57,146.4,0.01,418.0,0.014,250.0,161.53,0.04278,-0.32526,-0.00386,0.00328,-0.07221
199.47,SYN.ETH-26JUL19,1563361165224,open,0.01,2051.0,0.001,0.054,0.01428,134.98,0.013,0.0,ETH-26JUL19-160-P,199.57,143.21,0.017,401.0,0.022,250.0,157.29,0.06384,-0.48545,-0.00673,0.00489,-0.12447
199.47,SYN.ETH-26JUL19,1563361165233,open,0.0,1038.0,0.001,0.042,0.002571,135.01,0.005,0.0,ETH-26JUL19-300-C,199.57,129.7,0.002,300.0,0.006,675.0,157.44,0.02313,-0.1759,0.0015,0.00177,0.0334
199.26,SYN.ETH-30AUG19,1563361165242,open,0.11,473.0,0.058,0.137,0.097856,120.68,0.1,0.0,ETH-30AUG19-240-C,199.57,114.07,0.089,491.0,0.104,223.0,125.23,0.26807,-0.36866,0.07403,0.00465,0.40692
199.52,SYN.ETH-19JUL19,1563361165250,open,0.0,152.0,0.001,0.041,0.00182,134.96,0.008,0.0,ETH-19JUL19-170-P,199.57,178.9,0.006,79.0,0.009,550.0,201.62,0.01338,-0.36316,-0.00047,0.00485,-0.04426
199.08,ETH-27SEP19,1563361165259,open,0.01,4110.0,0.001,0.055,0.015024,116.1,0.012,0.0,ETH-27SEP19-100-P,199.57,109.7,0.012,564.0,0.018,500.0,121.85,0.09892,-0.07989,-0.02763,0.00109,-0.05546
199.26,SYN.ETH-30AUG19,1563361165280,open,0.08,110.0,0.037,0.116,0.076327,121.67,0.075,0.0,ETH-30AUG19-260-C,199.57,116.62,0.07,499.0,0.083,243.0,126.88,0.25235,-0.34988,0.0625,0.00435,0.33728
199.26,SYN.ETH-30AUG19,1563361165305,open,0.06,552.0,0.028,0.113,0.070797,120.87,0.075,0.0,ETH-30AUG19-160-P,199.57,115.38,0.065,473.0,0.078,392.0,127.66,0.21066,-0.29015,-0.07246,0.00365,-0.23174
199.51,SYN.ETH-26JUL19,1563361165320,open,1.94,0.0,1.888,2.128,2.007904,256.3,None,0.0,ETH-26JUL19-600-P,199.57,0.0,0.0,0.0,0.0,0.0,0.0,0.00475,-0.06852,-0.14567,0.00019,-0.99469
199.47,SYN.ETH-26JUL19,1563361165324,open,0.0,2011.0,0.001,0.041,0.00114,135.01,0.002,0.0,ETH-26JUL19-320-C,199.57,0.0,0.0,0.0,0.003,109.0,155.77,0.01258,-0.09568,0.00073,0.00096,0.01619
199.47,SYN.ETH-26JUL19,1563361165329,open,0.1,150.0,0.071,0.159,0.114968,134.94,0.121,0.0,ETH-26JUL19-210-P,199.57,136.67,0.116,141.0,0.126,272.0,152.86,0.1229,-0.93422,-0.03251,0.00941,-0.55534
199.51,SYN.ETH-26JUL19,1563361165335,open,0.0,0.0,0.001,0.043,0.003357,135.06,None,0.0,ETH-26JUL19-140-P,199.57,146.7,0.005,429.0,0.009,250.0,168.58,0.02513,-0.19122,-0.00196,0.00192,-0.03695
9364.68,SYN.BTC-26JUL19,1563361165351,open,0.18,381.0,0.153,0.2485,0.20095213,129.41,0.215,0.0,BTC-26JUL19-11000-P,9361.88,127.45,0.2,7.5,0.213,7.5,152.94,4.5706,-33.32114,-2.18143,0.00017,-0.75699
199.47,SYN.ETH-26JUL19,1563361165354,open,0.03,1358.0,0.001,0.081,0.040188,134.97,0.036,0.0,ETH-26JUL19-180-P,199.57,138.46,0.042,120.0,0.049,200.0,151.68,0.10407,-0.79122,-0.01536,0.00797,-0.27648
9363.99,SYN.BTC-26JUL19,1563361165365,open,0.47,11.0,0.4385,0.558,0.49811298,136.56,0.1845,0.0,BTC-26JUL19-14000-P,9361.88,0.0,0.493,7.5,0.5285,7.5,241.84,1.19011,-9.15512,-3.32604,4e-05,-0.96264
199.52,SYN.ETH-19JUL19,1563361165371,open,0.27,789.0,0.252,0.355,0.303243,122.74,0.297,0.0,ETH-19JUL19-260-P,199.57,0.0,0.282,10.0,0.33,10.0,378.51,0.0007,-0.02301,-0.01335,0.00028,-0.99849
199.47,SYN.ETH-26JUL19,1563361165364,open,0.03,979.0,0.001,0.064,0.024035,135.02,0.031,0.0,ETH-26JUL19-240-C,199.57,137.08,0.025,152.0,0.03,265.0,147.52,0.09204,-0.70006,0.00949,0.00704,0.21972
199.12,ETH-27SEP19,1563361165381,open,2.35,0.0,2.286,2.558,2.421921,132.19,None,0.0,ETH-27SEP19-680-P,199.57,0.0,0.0,0.0,0.0,0.0,0.0,0.06971,-0.0641,-1.32768,0.00068,-0.9641
199.51,SYN.ETH-26JUL19,1563361165385,open,0.04,0.0,0.001,0.073,0.033505,134.9,None,0.0,ETH-26JUL19-230-C,199.57,135.84,0.034,145.0,0.041,243.0,148.79,0.10546,-0.8015,0.01216,0.00808,0.28409
9444.49,BTC-27DEC19,1563361165468,open,0.19,196.8,0.1405,0.22,0.1800051,100.07,0.1905,0.0,BTC-27DEC19-12000-C,9362.67,98.19,0.175,24.6,0.1845,21.0,101.76,25.16201,-7.72989,13.08282,6e-05,0.49043
9384.8,BTC-27SEP19,1563361165468,open,0.02,387.3,0.0005,0.054,0.01416945,113.68,0.0155,0.0,BTC-27SEP19-22000-C,9362.67,111.78,0.013,39.0,0.0155,0.5,115.73,5.91941,-4.68094,1.13166,3e-05,0.0754
9384.8,BTC-27SEP19,1563361165468,open,0.0,609.1,0.0005,0.0415,0.00186858,121.81,0.002,0.0,BTC-27SEP19-3000-P,9362.67,111.73,0.001,19.9,0.003,15.0,131.08,0.97803,-0.82877,-0.19446,0.0,-0.00865
9384.8,BTC-27SEP19,1563361165469,open,1.52,0.2,1.4655,1.6705,1.5682131,116.2,1.6,0.0,BTC-27SEP19-24000-P,9362.67,0.0,0.0,0.0,0.0,0.0,0.0,4.89724,-3.95875,-46.37122,2e-05,-0.94098
9384.8,BTC-27SEP19,1563361165470,open,0.02,383.6,0.0005,0.0605,0.02073249,113.23,0.021,0.0,BTC-27SEP19-20000-C,9362.67,111.03,0.019,22.0,0.0225,11.0,115.38,7.56257,-5.95686,1.55373,4e-05,0.10481
9445.28,BTC-27DEC19,1563361165470,open,3.58,0.0,3.486,3.859,3.67257142,116.33,None,0.0,BTC-27DEC19-44000-P,9362.67,0.0,0.0,0.0,0.0,0.0,0.0,7.0947,-2.53365,-194.59019,2e-05,-0.94425
9385.59,BTC-27SEP19,1563361165470,open,0.01,92.2,0.0005,0.048,0.00803496,117.33,0.007,0.0,BTC-27SEP19-26000-C,9362.67,114.76,0.007,16.7,0.009,11.0,119.55,3.93939,-3.21533,0.68099,2e-05,0.04488
9385.59,BTC-27SEP19,1563361165470,open,0.54,289.7,0.489,0.5685,0.52899767,107.02,0.588,0.0,BTC-27SEP19-4500-C,9362.67,0.0,0.002,1.1,0.669,5.0,298.48,3.37557,-2.51296,8.01941,2e-05,0.9629
9364.68,SYN.BTC-26JUL19,1563361165470,open,0.57,10.0,0.5395,0.6675,0.60346906,142.43,0.17,0.0,BTC-26JUL19-15000-P,9362.67,0.0,0.0,0.0,0.0,0.0,0.0,0.77266,-6.19942,-3.60085,3e-05,-0.97779
9445.28,BTC-27DEC19,1563361165471,open,0.36,74.2,0.317,0.426,0.37137853,99.57,0.3645,0.0,BTC-27DEC19-11000-P,9362.67,96.98,0.3645,6.0,0.378,3.6,102.07,25.0369,-7.65319,-34.98981,6e-05,-0.45878
9385.59,BTC-27SEP19,1563361165472,open,1.31,0.2,1.2645,1.4525,1.35860547,114.32,1.391,0.0,BTC-27SEP19-22000-P,9362.67,0.0,0.005,10.0,1.8,0.1,399.24,6.01534,-4.78391,-42.1687,3e-05,-0.92299
9445.28,BTC-27DEC19,1563361165472,open,2.76,1.3,2.6795,2.986,2.83277033,112.99,2.792,0.0,BTC-27DEC19-36000-P,9362.67,0.0,0.0005,1.0,0.0,0.0,0.0,9.50995,-3.2987,-158.11029,2e-05,-0.91853
9445.28,BTC-27DEC19,1563361165473,open,0.96,12.4,0.914,1.0725,0.99323891,103.75,0.559,0.0,BTC-27DEC19-18000-P,9362.67,0.0,0.005,5.0,1.777,0.2,500.0,21.2255,-6.76001,-72.22563,5e-05,-0.72038
9375.74,SYN.BTC-30AUG19,1563361165473,open,0.33,1.0,0.298,0.4055,0.35186669,114.2,0.3045,0.0,BTC-30AUG19-12000-P,9362.67,106.29,0.342,3.0,0.3785,3.0,134.74,11.84692,-15.41795,-11.45689,0.0001,-0.66469
9385.59,BTC-27SEP19,1563361165474,open,0.09,208.8,0.0415,0.121,0.08148017,107.64,0.083,0.0,BTC-27SEP19-13000-C,9362.67,105.46,0.078,43.4,0.0855,24.1,110.13,15.06123,-11.27749,4.5711,8e-05,0.32881
9445.28,BTC-27DEC19,1563361165474,open,2.15,0.2,2.079,2.335,2.20699534,109.94,2.2245,0.0,BTC-27DEC19-30000-P,9362.67,0.0,0.0,0.0,0.0,0.0,0.0,12.15838,-4.10348,-130.37097,3e-05,-0.88617
9364.68,SYN.BTC-26JUL19,1563361165472,open,1.09,0.0,1.0505,1.221,1.13587575,166.76,None,0.0,BTC-26JUL19-20000-P,9362.67,0.0,0.0,0.0,0.0,0.0,0.0,0.11959,-1.12351,-4.85779,0.0,-0.99735
9364.68,SYN.BTC-26JUL19,1563361165472,open,0.43,0.0,0.3735,0.453,0.41318267,143.51,0.4,0.0,BTC-26JUL19-5500-C,9362.67,0.0,0.0005,0.1,0.0,0.0,0.0,0.26241,-2.1214,1.32176,1e-05,0.99361
9364.68,SYN.BTC-26JUL19,1563361165472,open,0.78,0.0,0.7435,0.888,0.81585358,149.49,None,0.0,BTC-26JUL19-17000-P,9362.67,0.0,0.0,0.0,0.0,0.0,0.0,0.29596,-2.49239,-4.11841,1e-05,-0.99268
9364.68,SYN.BTC-26JUL19,1563361165473,open,0.05,733.2,0.02,0.1045,0.06205984,131.44,0.067,0.0,BTC-26JUL19-9000-P,9362.67,129.66,0.061,24.1,0.067,17.5,139.73,5.57567,-41.28545,-1.01466,0.0002,-0.38351
9364.68,SYN.BTC-26JUL19,1563361165473,open,0.88,0.0,0.846,0.999,0.9224325,153.51,None,0.0,BTC-26JUL19-18000-P,9362.67,0.0,0.0,0.0,0.0,0.0,0.0,0.19328,-1.67142,-4.36747,1e-05,-0.99547
9362.47,SYN.BTC-19JUL19,1563361165475,open,0.62,0.0,0.5895,0.7215,0.65566364,241.99,None,0.0,BTC-19JUL19-15500-P,9362.67,0.0,0.001,1.0,0.0,0.0,0.0,0.05032,-3.24585,-0.79543,0.0,-0.99759
9445.28,BTC-27DEC19,1563361165501,open,0.78,7.1,0.731,0.875,0.80294487,102.42,0.491,0.0,BTC-27DEC19-16000-P,9362.67,0.0,0.005,5.0,1.5715,0.2,500.0,22.96554,-7.22072,-61.90384,6e-05,-0.66578
9384.8,BTC-27SEP19,1563361165602,open,0.06,441.1,0.0135,0.093,0.05328966,109.22,0.055,0.0,BTC-27SEP19-15000-C,9362.67,107.15,0.0505,33.3,0.0565,11.0,111.56,12.77205,-9.70392,3.34234,7e-05,0.23415
9362.47,SYN.BTC-19JUL19,1563361165614,open,0.04,43.3,0.0005,0.073,0.03318235,139.25,0.032,0.0,BTC-19JUL19-9500-C,9362.67,136.86,0.0325,2.2,0.037,10.0,152.65,2.66518,-98.93262,0.20617,0.00042,0.46169
9375.74,SYN.BTC-30AUG19,1563361165625,open,0.08,41.1,0.0395,0.1255,0.08251354,113.44,0.079,0.0,BTC-30AUG19-8000-P,9362.67,110.39,0.079,19.3,0.087,17.0,117.31,10.83119,-14.0014,-4.02042,9e-05,-0.27421
9362.47,SYN.BTC-19JUL19,1563361165651,open,0.0,239.0,0.0005,0.04,9.724e-05,144.97,0.0005,0.0,BTC-19JUL19-12500-C,9362.67,0.0,0.0,0.0,0.0005,0.1,173.95,0.06462,-0.91045,0.00148,1e-05,0.00317
9445.28,BTC-27DEC19,1563361165679,open,0.05,88.4,0.0135,0.0975,0.055644,98.07,0.0495,0.0,BTC-27DEC19-5500-P,9362.67,95.76,0.0525,10.0,0.0575,6.0,99.42,12.94882,-3.89844,-7.59086,3e-05,-0.12446
9445.28,BTC-27DEC19,1563361165681,open,0.07,278.2,0.0305,0.116,0.07330185,98.07,0.0645,0.0,BTC-27DEC19-6000-P,9362.67,95.66,0.0695,10.0,0.075,6.0,99.14,14.95917,-4.50374,-9.57284,4e-05,-0.15382
9384.8,BTC-27SEP19,1563361165692,open,0.45,224.0,0.3965,0.476,0.43603732,105.28,0.5225,0.0,BTC-27SEP19-5500-C,9362.67,97.56,0.431,11.0,0.4385,11.0,108.8,6.43503,-4.71298,8.86613,4e-05,0.91579
9362.47,SYN.BTC-19JUL19,1563361165707,open,0.2,224.5,0.1805,0.2785,0.22938851,146.0,0.245,0.0,BTC-19JUL19-11500-P,9362.67,0.0,0.225,6.0,0.2385,6.0,236.18,0.43001,-16.73531,-0.57807,7e-05,-0.97209
9384.8,BTC-27SEP19,1563361165709,open,0.4,714.8,0.354,0.4335,0.39366701,105.1,0.434,0.0,BTC-27SEP19-6000-C,9362.67,99.0,0.3885,11.0,0.3965,11.0,108.32,8.16158,-5.9672,9.05113,4e-05,0.88343
9375.74,SYN.BTC-30AUG19,1563361165722,open,0.33,1.0,0.298,0.4055,0.35186669,114.2,0.3045,0.0,BTC-30AUG19-12000-P,9362.67,105.88,0.3415,3.0,0.3785,3.0,134.74,11.84692,-15.41795,-11.45689,0.0001,-0.66469
9384.8,BTC-27SEP19,1563361165725,open,0.45,35.9,0.4085,0.525,0.46681133,107.72,0.391,0.0,BTC-27SEP19-13000-P,9362.67,105.34,0.463,6.0,0.48,6.0,115.82,15.06353,-11.28791,-21.02736,8e-05,-0.671
9362.47,SYN.BTC-19JUL19,1563361165726,open,0.46,16.4,0.436,0.555,0.4954397,196.51,0.495,0.0,BTC-19JUL19-14000-P,9362.67,0.0,0.489,6.0,0.526,6.0,500.0,0.05528,-2.8956,-0.71821,1e-05,-0.99733
9445.28,BTC-27DEC19,1563361165728,open,0.28,189.9,0.245,0.348,0.29642142,98.76,0.279,0.0,BTC-27DEC19-10000-P,9362.67,96.48,0.2905,6.0,0.3025,6.0,101.12,24.43683,-7.40897,-29.51546,6e-05,-0.40386
9385.59,BTC-27SEP19,1563361165735,open,0.53,78.2,0.4955,0.6195,0.5576135,108.6,0.54,0.0,BTC-27SEP19-14000-P,9362.67,105.47,0.553,6.0,0.5715,6.0,117.71,13.97125,-10.55501,-23.64993,7e-05,-0.722
9445.28,BTC-27DEC19,1563361165737,open,0.43,83.4,0.393,0.5085,0.45066448,100.13,0.4295,0.0,BTC-27DEC19-12000-P,9362.67,97.63,0.444,6.0,0.4575,3.6,102.7,25.16444,-7.73521,-40.46302,6e-05,-0.50935
199.47,SYN.ETH-26JUL19,1563361165807,open,0.07,3238.0,0.042,0.128,0.085264,134.95,0.092,0.0,ETH-26JUL19-200-P,199.57,136.19,0.086,145.0,0.096,294.0,152.34,0.12356,-0.93935,-0.0266,0.00946,-0.46306
199.52,SYN.ETH-19JUL19,1563361165818,open,0.0,262.0,0.001,0.041,0.001146,135.03,0.003,0.0,ETH-19JUL19-240-C,199.57,132.01,0.001,461.0,0.003,104.0,161.75,0.01012,-0.22886,0.00031,0.00366,0.03144
199.08,ETH-27SEP19,1563361165826,open,0.05,1732.0,0.002,0.081,0.041895,115.93,0.043,0.0,ETH-27SEP19-360-C,199.57,113.45,0.039,589.0,0.045,161.0,118.51,0.23626,-0.19053,0.05632,0.00261,0.18557
199.52,SYN.ETH-19JUL19,1563361165832,open,0.05,154.0,0.001,0.077,0.037444,135.08,0.046,0.0,ETH-19JUL19-200-C,199.57,147.44,0.041,102.0,0.049,149.0,175.43,0.05704,-2.0541,0.00484,0.02064,0.50938
9444.49,BTC-27DEC19,1563361165844,open,0.11,238.8,0.0715,0.1605,0.11606985,98.07,0.1195,0.0,BTC-27DEC19-7000-P,9362.67,95.74,0.1115,14.9,0.1185,10.9,99.31,18.49872,-5.5694,-14.00752,5e-05,-0.2163
199.52,SYN.ETH-19JUL19,1563361165843,open,0.0,403.0,0.001,0.04,0.000335,134.97,0.006,0.0,ETH-19JUL19-160-P,199.57,194.31,0.003,79.0,0.006,657.0,228.34,0.00378,-0.06679,-0.00011,0.00137,-0.00991
199.52,SYN.ETH-19JUL19,1563361165853,open,0.0,403.0,0.001,0.04,0.000335,134.97,0.006,0.0,ETH-19JUL19-160-P,199.57,194.31,0.003,79.0,0.006,659.0,228.34,0.00378,-0.06679,-0.00011,0.00137,-0.00991
199.47,SYN.ETH-26JUL19,1563361165861,open,0.05,711.0,0.007,0.086,0.04602,135.03,0.054,0.0,ETH-26JUL19-220-C,199.57,133.25,0.045,344.0,0.054,218.0,148.56,0.11631,-0.88477,0.0152,0.0089,0.35948
199.26,SYN.ETH-30AUG19,1563361165868,open,0.04,150.0,0.001,0.082,0.040512,123.16,0.041,0.0,ETH-30AUG19-140-P,199.57,118.77,0.037,232.0,0.044,475.0,127.47,0.16047,-0.22523,-0.04543,0.00273,-0.14916
199.47,SYN.ETH-26JUL19,1563361165881,open,0.02,2.0,0.001,0.065,0.024995,134.97,0.032,0.0,ETH-26JUL19-170-P,199.57,139.64,0.027,398.0,0.033,200.0,153.09,0.08537,-0.64912,-0.0106,0.00654,-0.19355
199.47,SYN.ETH-26JUL19,1563361165892,open,0.05,10.0,0.018,0.102,0.060258,134.96,0.05,0.0,ETH-26JUL19-190-P,199.57,137.96,0.062,119.0,0.07,200.0,151.53,0.11727,-0.89154,-0.02078,0.00898,-0.36827
9362.47,SYN.BTC-19JUL19,1563361165919,open,0.04,547.1,0.0065,0.0895,0.04794393,139.51,0.053,0.0,BTC-19JUL19-9500-P,9362.67,144.97,0.0495,2.3,0.054,9.5,160.75,2.66527,-99.11654,-0.28199,0.00042,-0.53816
9385.59,BTC-27SEP19,1563361165935,open,0.01,318.1,0.0005,0.0485,0.00853817,107.24,0.007,0.0,BTC-27SEP19-4500-P,9362.67,104.28,0.0075,15.0,0.01,29.0,111.13,3.39236,-2.53083,-0.84767,2e-05,-0.03733
9375.74,SYN.BTC-30AUG19,1563361165937,open,0.04,52.8,0.0005,0.071,0.03122606,117.37,0.036,0.0,BTC-30AUG19-15000-C,9362.67,114.22,0.0285,19.3,0.0325,5.0,118.81,8.24823,-11.03234,1.57215,7e-05,0.17072
9364.68,SYN.BTC-26JUL19,1563361165944,open,0.18,381.0,0.153,0.2485,0.20095213,129.41,0.215,0.0,BTC-26JUL19-11000-P,9362.67,126.42,0.1995,7.5,0.213,7.5,152.94,4.5706,-33.32114,-2.18143,0.00017,-0.75699
9384.8,BTC-27SEP19,1563361165948,open,0.17,806.4,0.12,0.1995,0.15991641,105.4,0.161,0.0,BTC-27SEP19-10000-C,9362.67,103.18,0.156,14.4,0.1625,11.0,106.87,16.53444,-12.12334,7.00711,9e-05,0.53908
9445.28,BTC-27DEC19,1563361165959,open,0.22,301.2,0.179,0.2765,0.22781649,98.08,0.2165,0.0,BTC-27DEC19-9000-P,9362.67,95.92,0.2225,4.9,0.234,10.9,100.6,23.22397,-6.99261,-24.10516,6e-05,-0.3441
9385.59,BTC-27SEP19,1563361166032,open,0.09,208.8,0.0415,0.121,0.08148017,107.64,0.083,0.0,BTC-27SEP19-13000-C,9362.67,105.46,0.078,43.4,0.0855,11.0,110.13,15.06123,-11.27749,4.5711,8e-05,0.32881
9444.49,BTC-27DEC19,1563361166033,open,0.19,196.8,0.1405,0.22,0.1800051,100.07,0.1905,0.0,BTC-27DEC19-12000-C,9362.67,98.19,0.175,24.6,0.1845,11.0,101.76,25.16201,-7.72989,13.08282,6e-05,0.49043
9385.59,BTC-27SEP19,1563361166035,open,0.13,406.8,0.088,0.1675,0.12796397,106.5,0.13,0.0,BTC-27SEP19-11000-C,9362.67,103.97,0.1235,26.4,0.132,11.0,108.79,16.53352,-12.24951,6.1434,9e-05,0.46036
199.12,ETH-27SEP19,1563361166092,open,0.71,0.0,0.662,0.741,0.701131,133.18,0.01,0.0,ETH-27SEP19-60-C,199.57,0.0,0.003,10.0,0.0,0.0,0.0,0.02361,-0.02188,0.11325,0.00023,0.98997
199.12,ETH-27SEP19,1563361166104,open,0.13,4995.0,0.097,0.188,0.142669,112.06,0.139,0.0,ETH-27SEP19-180-P,199.57,107.89,0.136,167.0,0.149,460.0,116.02,0.31833,-0.24814,-0.18368,0.00364,-0.32576
201.09,ETH-27DEC19,1563361166137,open,0.07,624.0,0.026,0.105,0.065371,111.28,0.068,0.0,ETH-27DEC19-480-C,199.57,107.39,0.058,738.0,0.071,40.0,114.15,0.38956,-0.13308,0.13179,0.00194,0.21224
9445.28,BTC-27DEC19,1563361166204,open,0.52,68.4,0.4715,0.551,0.51119535,98.03,0.511,0.0,BTC-27DEC19-5000-C,9362.67,92.98,0.5055,11.0,0.5135,11.0,100.05,10.82989,-3.25906,16.51487,3e-05,0.90299
9445.28,BTC-27DEC19,1563361166214,open,0.14,161.0,0.0955,0.1865,0.14086844,98.08,0.132,0.0,BTC-27DEC19-7500-P,9362.67,95.76,0.136,10.0,0.144,6.0,99.54,19.9813,-6.01598,-16.40795,5e-05,-0.24839
9362.47,SYN.BTC-19JUL19,1563361166215,open,0.25,83.2,0.231,0.333,0.28204442,149.45,0.2865,0.0,BTC-19JUL19-12000-P,9362.67,0.0,0.2765,6.0,0.3065,6.0,353.8,0.2068,-8.23876,-0.61119,3e-05,-0.98819
9364.68,SYN.BTC-26JUL19,1563361166217,open,0.27,315.8,0.2425,0.3455,0.29415592,131.79,0.284,0.0,BTC-26JUL19-12000-P,9362.67,121.62,0.291,7.5,0.3205,7.5,193.2,3.16809,-23.52072,-2.64019,0.00011,-0.86516
9362.47,SYN.BTC-19JUL19,1563361166218,open,0.31,62.5,0.282,0.3885,0.3352149,155.48,0.3,0.0,BTC-19JUL19-12500-P,9362.67,0.0,0.329,6.0,0.361,6.0,394.22,0.10705,-4.43685,-0.63977,2e-05,-0.99442
199.26,SYN.ETH-30AUG19,1563361166227,open,0.03,494.0,0.001,0.065,0.025976,129.46,0.027,0.0,ETH-30AUG19-360-C,199.57,122.59,0.021,573.0,0.03,300.0,134.57,0.15159,-0.22365,0.02662,0.00245,0.13711
199.51,SYN.ETH-26JUL19,1563361166241,open,0.0,1248.0,0.001,0.04,0.0,134.98,0.001,0.0,ETH-26JUL19-560-C,199.57,0.0,0.0,0.0,0.001,389.0,255.75,0.0,-1e-05,0.0,0.0,0.0
199.26,SYN.ETH-30AUG19,1563361166242,open,0.07,260.0,0.021,0.1,0.060831,123.56,0.056,0.0,ETH-30AUG19-280-C,199.57,119.37,0.056,245.0,0.066,261.0,127.92,0.23294,-0.32799,0.05272,0.00395,0.28097
201.09,ETH-27DEC19,1563361166253,open,0.26,1838.0,0.224,0.325,0.274162,106.37,0.273,0.0,ETH-27DEC19-200-P,199.57,101.91,0.263,40.0,0.285,40.0,110.72,0.50174,-0.16384,-0.56756,0.00261,-0.35833
199.47,SYN.ETH-26JUL19,1563361166269,open,0.07,216.0,0.023,0.102,0.062202,135.03,0.066,0.0,ETH-26JUL19-210-C,199.57,134.67,0.062,146.0,0.071,190.0,149.25,0.1229,-0.93492,0.01856,0.00941,0.44476
199.51,SYN.ETH-26JUL19,1563361166278,open,0.13,2700.0,0.103,0.194,0.14876,135.27,0.155,0.0,ETH-26JUL19-220-P,199.57,128.52,0.145,273.0,0.163,100.0,159.04,0.11642,-0.88715,-0.03826,0.00889,-0.63979
199.51,SYN.ETH-26JUL19,1563361166283,open,0.02,545.0,0.001,0.051,0.011914,134.93,0.012,0.0,ETH-26JUL19-260-C,199.57,135.27,0.012,382.0,0.017,297.0,149.69,0.06383,-0.48517,0.00546,0.00489,0.1244
199.56,SYN.ETH-19JUL19,1563361166304,open,0.67,742.0,0.636,0.772,0.704105,281.88,0.144,0.0,ETH-19JUL19-340-P,199.57,0.0,0.035,10.0,0.0,0.0,0.0,0.00229,-0.17212,-0.01742,0.0004,-0.99439
9385.59,BTC-27SEP19,1563361166337,open,0.0,442.4,0.0005,0.043,0.00336833,119.56,0.0025,0.0,BTC-27SEP19-32000-C,9362.67,112.14,0.002,39.0,0.005,29.9,126.08,2.04647,-1.70207,0.31389,1e-05,0.02035
199.51,SYN.ETH-26JUL19,1563361166340,open,1.16,0.0,1.118,1.294,1.205803,187.49,None,0.0,ETH-26JUL19-440-P,199.57,0.0,0.0,0.0,0.0,0.0,0.0,0.0047,-0.04962,-0.10676,0.00026,-0.99475
199.12,ETH-27SEP19,1563361166360,open,2.54,0.0,2.477,2.766,2.621465,132.72,None,0.0,ETH-27SEP19-720-P,199.57,0.0,0.0,0.0,0.0,0.0,0.0,0.05931,-0.05476,-1.40843,0.00057,-0.97049
9445.28,BTC-27DEC19,1563361166360,open,0.52,68.4,0.4715,0.551,0.51119535,98.03,0.511,0.0,BTC-27DEC19-5000-C,9362.67,94.34,0.507,11.0,0.5135,11.0,100.05,10.82989,-3.25906,16.51487,3e-05,0.90299
201.09,ETH-27DEC19,1563361166374,open,1.41,21.0,1.355,1.55,1.452807,111.51,0.629,0.0,ETH-27DEC19-480-P,199.57,0.0,1.347,110.0,0.0,0.0,0.0,0.39055,-0.1337,-2.00971,0.00194,-0.78683
9445.28,BTC-27DEC19,1563361166373,open,0.14,161.0,0.0955,0.1865,0.14086844,98.08,0.132,0.0,BTC-27DEC19-7500-P,9362.67,95.76,0.136,10.0,0.143,6.0,99.07,19.9813,-6.01598,-16.40795,5e-05,-0.24839
9375.74,SYN.BTC-30AUG19,1563361166408,open,0.24,0.0,0.1895,0.269,0.22921581,113.37,None,0.0,BTC-30AUG19-8000-C,9362.67,104.52,0.219,4.3,0.2305,4.3,114.52,10.83042,-13.99231,5.59747,9e-05,0.72583
9362.47,SYN.BTC-19JUL19,1563361166441,open,0.11,415.7,0.0835,0.173,0.12830352,141.14,0.137,0.0,BTC-19JUL19-10500-P,9362.67,138.77,0.128,6.0,0.1345,6.0,175.07,1.48997,-56.05809,-0.47579,0.00023,-0.86053
9385.78,BTC-27SEP19,1563361166445,open,2.14,0.0,2.073,2.3285,2.20073191,118.73,None,0.0,BTC-27SEP19-30000-P,9362.67,0.0,0.0,0.0,0.0,0.0,0.0,2.52094,-2.08216,-58.67559,1e-05,-0.97393
9375.74,SYN.BTC-30AUG19,1563361166443,open,0.25,14.6,0.2185,0.3195,0.2691516,113.16,0.2625,0.0,BTC-30AUG19-11000-P,9362.67,111.52,0.267,14.4,0.2805,3.0,121.46,12.68264,-16.35541,-9.61133,0.00011,-0.58357
9362.47,SYN.BTC-19JUL19,1563361166452,open,0.11,415.7,0.0835,0.173,0.12830352,141.14,0.137,0.0,BTC-19JUL19-10500-P,9362.67,135.5,0.1275,6.0,0.1345,6.0,175.07,1.48997,-56.05809,-0.47579,0.00023,-0.86053
9364.68,SYN.BTC-26JUL19,1563361166454,open,0.06,303.1,0.0135,0.093,0.05343056,129.22,0.0545,0.0,BTC-26JUL19-10000-C,9362.67,126.08,0.0515,18.1,0.056,1.0,133.5,5.68024,-41.35015,0.81431,0.00021,0.411
9385.78,BTC-27SEP19,1563361166467,open,0.02,319.0,0.0005,0.063,0.02213644,105.36,0.0225,0.0,BTC-27SEP19-5500-P,9363.17,102.94,0.0205,21.0,0.0245,24.0,108.74,6.44,-4.72028,-1.96687,4e-05,-0.08428
9445.42,BTC-27DEC19,1563361166468,open,0.56,6.7,0.512,0.5915,0.55185377,98.24,0.55,0.0,BTC-27DEC19-4500-C,9363.17,0.0,0.0115,0.1,0.97,1.0,500.0,8.69682,-2.62291,15.83591,2e-05,0.92757
9445.42,BTC-27DEC19,1563361166468,open,2.35,0.3,2.2785,2.551,2.41466479,110.77,2.435,0.0,BTC-27DEC19-32000-P,9363.17,0.0,0.0,0.0,0.0,0.0,0.0,11.10961,-3.77788,-139.69002,3e-05,-0.89955
9385.78,BTC-27SEP19,1563361166468,open,2.35,0.0,2.277,2.5495,2.41313589,121.14,None,0.0,BTC-27SEP19-32000-P,9363.17,0.0,0.0,0.0,0.0,0.0,0.0,2.19116,-1.84646,-62.67537,1e-05,-0.97794
9385.78,BTC-27SEP19,1563361166469,open,0.0,122.0,0.0005,0.0435,0.00382351,111.62,0.0015,0.0,BTC-27SEP19-3750-P,9363.17,107.09,0.003,19.7,0.005,24.0,117.18,1.8324,-1.42282,-0.40095,1e-05,-0.01787
9445.92,BTC-27DEC19,1563361166469,open,3.17,0.0,3.0825,3.422,3.25227078,115.23,None,0.0,BTC-27DEC19-40000-P,9363.17,0.0,0.0005,3.0,0.0,0.0,0.0,8.29274,-2.93335,-176.36767,2e-05,-0.93192
9385.78,BTC-27SEP19,1563361166469,open,0.91,1.0,0.87,1.0255,0.94771758,111.91,1.5815,0.0,BTC-27SEP19-18000-P,9363.17,0.0,0.005,0.3,1.557,0.3,500.0,9.44444,-7.35242,-33.33895,5e-05,-0.8561
9445.92,BTC-27DEC19,1563361166469,open,4.41,1.0,4.295,4.736,4.51545529,119.78,4.454,0.0,BTC-27DEC19-52000-P,9363.17,0.0,0.001,1.0,0.0,0.0,0.0,5.62132,-2.06701,-230.72529,1e-05,-0.95833
9445.92,BTC-27DEC19,1563361166469,open,0.13,243.3,0.083,0.1625,0.12274065,101.85,0.133,0.0,BTC-27DEC19-15000-C,9363.17,100.36,0.119,11.0,0.127,21.0,103.54,23.76323,-7.43011,10.30046,6e-05,0.36711
9445.92,BTC-27DEC19,1563361166470,open,0.08,539.9,0.0315,0.111,0.07149399,105.02,0.071,0.0,BTC-27DEC19-20000-C,9363.17,103.3,0.068,4.9,0.0745,21.0,106.47,19.44527,-6.26878,6.94266,5e-05,0.2362
9385.78,BTC-27SEP19,1563361166470,open,1.73,0.0,1.6675,1.8895,1.77847312,118.01,None,0.0,BTC-27SEP19-26000-P,9363.17,0.0,0.0,0.0,0.0,0.0,0.0,4.02604,-3.30515,-50.50075,2e-05,-0.95389
9385.78,BTC-27SEP19,1563361166470,open,0.56,0.2,0.514,0.5935,0.55380071,108.5,0.65,0.0,BTC-27SEP19-4250-C,9363.17,0.0,0.005,10.1,0.682,5.0,299.22,2.80471,-2.11686,7.69927,1e-05,0.97037
9445.92,BTC-27DEC19,1563361166470,open,1.94,0.1,1.88,2.1195,1.99979829,108.94,2.02,0.0,BTC-27DEC19-28000-P,9363.17,0.0,0.001,1.0,2.5,0.1,317.12,13.30437,-4.4493,-120.99089,3e-05,-0.87062
9445.92,BTC-27DEC19,1563361166470,open,3.99,0.0,3.8895,4.2965,4.09321239,117.49,None,0.0,BTC-27DEC19-48000-P,9363.17,0.0,0.0,0.0,0.0,0.0,0.0,6.15105,-2.21858,-212.71977,1e-05,-0.9534
9385.78,BTC-27SEP19,1563361166470,open,0.84,42.8,0.8005,0.88,0.84032543,143.51,0.815,0.0,BTC-27SEP19-1500-C,9363.17,0.0,0.01,1.0,0.0,0.0,0.0,0.09996,-0.09979,2.93839,0.0,0.99931
9363.27,SYN.BTC-19JUL19,1563361166467,open,0.0,459.3,0.0005,0.04,0.00033168,144.95,0.0005,0.0,BTC-19JUL19-12000-C,9363.17,0.0,0.0,0.0,0.001,0.9,168.45,0.175,-3.10564,0.00453,3e-05,0.00975
9385.78,BTC-27SEP19,1563361166472,open,1.93,0.0,1.8695,2.1085,1.98901322,117.65,None,0.0,BTC-27SEP19-28000-P,9363.17,0.0,0.0,0.0,0.0,0.0,0.0,3.09911,-2.5363,-54.62643,2e-05,-0.96657
9365.5,SYN.BTC-26JUL19,1563361166468,open,0.62,0.0,0.59,0.722,0.65620922,143.36,None,0.0,BTC-26JUL19-15500-P,9363.17,0.0,0.0,0.0,0.0,0.0,0.0,0.58773,-4.74635,-3.73519,2e-05,-0.9839
9445.92,BTC-27DEC19,1563361166474,open,0.0,148.7,0.0005,0.041,0.00127049,122.18,0.0005,0.0,BTC-27DEC19-1500-P,9363.17,0.0,0.0,0.0,0.0025,16.0,134.79,0.72681,-0.2726,-0.21694,0.0,-0.00388
9376.66,SYN.BTC-30AUG19,1563361166469,open,0.9,0.0,0.8575,1.0115,0.93452385,121.14,None,0.0,BTC-30AUG19-18000-P,9363.17,0.0,0.0,0.0,0.0,0.0,0.0,5.26514,-7.26834,-20.79409,4e-05,-0.91032
9363.27,SYN.BTC-19JUL19,1563361166468,open,0.36,82.8,0.3335,0.444,0.38854861,168.72,0.348,0.0,BTC-19JUL19-13000-P,9363.17,0.0,0.3795,6.0,0.4165,6.0,438.28,0.07939,-3.57062,-0.6662,1e-05,-0.99601
9363.27,SYN.BTC-19JUL19,1563361166467,open,0.72,0.0,0.692,0.8325,0.76235501,274.24,None,0.0,BTC-19JUL19-16500-P,9363.17,0.0,0.0,0.0,0.0,0.0,0.0,0.05561,-4.06505,-0.8467,0.0,-0.99731
9376.66,SYN.BTC-30AUG19,1563361166467,open,0.6,0.0,0.566,0.696,0.63111246,117.55,None,0.0,BTC-30AUG19-15000-P,9363.17,0.0,0.0,0.0,0.0,0.0,0.0,8.26702,-11.07417,-16.45415,7e-05,-0.8287
9365.5,SYN.BTC-26JUL19,1563361166468,open,0.98,0.0,0.948,1.11,1.02897646,160.96,None,0.0,BTC-26JUL19-19000-P,9363.17,0.0,0.0,0.0,0.0,0.0,0.0,0.15515,-1.40681,-4.61274,0.0,-0.99646
9363.27,SYN.BTC-19JUL19,1563361166470,open,0.67,0.0,0.641,0.777,0.70895032,260.3,None,0.0,BTC-19JUL19-16000-P,9363.17,0.0,0.0,0.0,0.0,0.0,0.0,0.05648,-3.91935,-0.82098,0.0,-0.99727
9376.66,SYN.BTC-30AUG19,1563361166467,open,0.08,28.3,0.032,0.1115,0.07187707,114.11,0.082,0.0,BTC-30AUG19-12000-C,9363.17,111.03,0.068,19.3,0.075,15.0,116.57,11.84601,-15.40435,2.96761,0.0001,0.33516
9365.5,SYN.BTC-26JUL19,1563361166468,open,0.23,17.0,0.1735,0.253,0.21316745,134.73,0.246,0.0,BTC-26JUL19-7500-C,9363.17,0.0,0.005,0.1,0.0,0.0,0.0,2.96503,-22.504,1.51284,0.0001,0.87745
9363.27,SYN.BTC-19JUL19,1563361166471,open,0.0,170.4,0.0005,0.04,0.0,144.98,0.0005,0.0,BTC-19JUL19-16500-C,9363.17,0.0,0.0,0.0,0.0035,10.0,401.5,0.0,-1e-05,0.0,0.0,0.0
199.56,SYN.ETH-19JUL19,1563361166477,open,0.37,617.0,0.347,0.459,0.403106,186.67,0.407,0.0,ETH-19JUL19-280-P,199.57,0.0,0.382,10.0,0.438,10.0,481.16,0.00274,-0.13642,-0.01432,0.00072,-0.99313
9364.68,SYN.BTC-26JUL19,1563361166465,open,0.03,450.9,0.0005,0.082,0.04044466,131.96,0.042,0.0,BTC-26JUL19-8500-P,9362.67,130.13,0.0395,0.1,0.045,41.5,140.5,4.9419,-36.73827,-0.73682,0.00018,-0.28309
9386.28,BTC-27SEP19,1563361166486,open,1.11,0.0,1.066,1.2375,1.15166779,113.42,None,0.0,BTC-27SEP19-20000-P,9363.17,0.0,0.005,10.0,1.754,0.2,500.0,7.59451,-5.99199,-37.82214,4e-05,-0.8946
9445.92,BTC-27DEC19,1563361166493,open,0.14,161.0,0.0955,0.1865,0.14086844,98.07,0.132,0.0,BTC-27DEC19-7500-P,9363.17,95.53,0.1355,14.9,0.143,6.0,99.08,19.98123,-6.01566,-16.40612,5e-05,-0.24835
9445.42,BTC-27DEC19,1563361166493,open,0.6,17.7,0.556,0.6855,0.6206766,101.14,0.6235,0.0,BTC-27DEC19-14000-P,9363.17,98.36,0.6135,6.0,0.629,3.6,104.35,24.42965,-7.5851,-51.30803,6e-05,-0.59663
9385.78,BTC-27SEP19,1563361166495,open,0.03,553.4,0.0005,0.074,0.03303214,105.16,0.0305,0.0,BTC-27SEP19-6000-P,9363.17,103.38,0.0315,6.0,0.0355,24.0,107.96,8.16405,-5.97221,-2.76555,4e-05,-0.1166
9365.5,SYN.BTC-26JUL19,1563361166486,open,0.05,733.2,0.02,0.1045,0.06202729,131.45,0.067,0.0,BTC-26JUL19-9000-P,9363.17,129.73,0.061,0.1,0.067,17.5,139.8,5.57546,-41.28727,-1.01431,0.0002,-0.38335
9376.66,SYN.BTC-30AUG19,1563361166499,open,0.18,5.1,0.1485,0.2435,0.19602752,113.14,0.1915,0.0,BTC-30AUG19-10000-P,9363.17,110.95,0.193,14.4,0.2025,3.0,117.82,12.96286,-16.71296,-7.70114,0.00011,-0.48722
9385.78,BTC-27SEP19,1563361166495,open,0.33,748.2,0.278,0.3575,0.31783696,104.93,0.3315,0.0,BTC-27SEP19-7000-C,9363.17,99.27,0.311,11.0,0.3535,11.0,133.17,11.45307,-8.36016,9.01953,6e-05,0.80584
9445.92,BTC-27DEC19,1563361166513,open,1.35,3.9,1.2925,1.483,1.38774448,105.92,0.752,0.0,BTC-27DEC19-22000-P,9363.17,0.0,0.0065,2.0,2.1875,0.3,500.0,17.67273,-5.74637,-92.2098,4e-05,-0.79986
9385.78,BTC-27SEP19,1563361166519,open,0.72,34.4,0.6785,0.818,0.74829606,110.06,0.3735,0.0,BTC-27SEP19-16000-P,9363.17,0.0,0.005,10.0,1.3615,0.2,500.0,11.59882,-8.88062,-28.64866,6e-05,-0.80175
201.09,ETH-27DEC19,1563361166656,open,0.39,693.0,0.354,0.466,0.410306,106.41,0.423,0.0,ETH-27DEC19-240-P,199.57,102.15,0.399,30.0,0.423,30.0,111.21,0.53286,-0.17407,-0.77877,0.00278,-0.45756
199.56,SYN.ETH-19JUL19,1563361166656,open,0.76,0.0,0.733,0.876,0.804346,309.75,None,0.0,ETH-19JUL19-360-P,199.57,0.0,0.001,25.0,0.0,0.0,0.0,0.00223,-0.18435,-0.01845,0.00035,-0.99455
199.3,SYN.ETH-30AUG19,1563361166701,open,0.35,0.0,0.298,0.377,0.337896,123.05,None,0.0,ETH-30AUG19-140-C,199.57,0.0,0.0,0.0,0.0,0.0,0.0,0.16033,-0.22484,0.12294,0.00273,0.85108
9385.78,BTC-27SEP19,1563361166716,open,0.26,901.1,0.2145,0.294,0.25407824,104.94,0.25,0.0,BTC-27SEP19-8000-C,9363.17,99.88,0.2465,11.0,0.2555,11.0,105.89,14.07689,-10.27631,8.56808,8e-05,0.71766
9385.78,BTC-27SEP19,1563361166722,open,0.45,35.9,0.408,0.525,0.46660892,107.67,0.391,0.0,BTC-27SEP19-13000-P,9363.17,105.41,0.463,6.0,0.4805,6.0,116.2,15.06359,-11.2825,-21.02733,8e-05,-0.67108
9385.78,BTC-27SEP19,1563361166740,open,0.49,793.2,0.4415,0.521,0.48138227,105.99,0.5945,0.0,BTC-27SEP19-5000-C,9363.17,95.53,0.4765,11.0,0.4835,11.0,109.99,4.8134,-3.54891,8.51838,3e-05,0.94227
9445.92,BTC-27DEC19,1563361166751,open,0.33,205.5,0.281,0.3605,0.32088606,98.05,0.32,0.0,BTC-27DEC19-8000-C,9363.17,94.55,0.313,11.0,0.3225,11.0,98.77,21.26172,-6.39958,16.799,5e-05,0.71943
199.51,SYN.ETH-26JUL19,1563361166763,open,1.74,0.0,1.696,1.919,1.807377,240.92,None,0.0,ETH-26JUL19-560-P,199.57,0.0,0.0,0.0,0.0,0.0,0.0,0.00469,-0.0637,-0.13595,0.0002,-0.99476
9385.78,BTC-27SEP19,1563361166765,open,0.26,901.1,0.2145,0.294,0.25407824,104.94,0.25,0.0,BTC-27SEP19-8000-C,9363.17,100.55,0.2475,11.0,0.2555,11.0,105.89,14.07689,-10.27631,8.56808,8e-05,0.71766
9385.78,BTC-27SEP19,1563361166780,open,0.4,714.8,0.354,0.4335,0.39371305,105.1,0.434,0.0,BTC-27SEP19-6000-C,9363.17,98.94,0.3885,11.0,0.397,11.0,108.82,8.15986,-5.96561,9.05219,4e-05,0.88349
9385.78,BTC-27SEP19,1563361166795,open,0.45,35.9,0.408,0.525,0.46660892,107.67,0.391,0.0,BTC-27SEP19-13000-P,9363.17,105.41,0.463,6.0,0.479,6.0,115.29,15.06359,-11.2825,-21.02733,8e-05,-0.67108
9363.27,SYN.BTC-19JUL19,1563361166804,open,0.46,16.4,0.436,0.555,0.49533312,199.72,0.495,0.0,BTC-19JUL19-14000-P,9363.17,0.0,0.4885,6.0,0.526,6.0,500.0,0.06306,-3.35709,-0.71802,1e-05,-0.99691
199.51,SYN.ETH-26JUL19,1563361166810,open,0.0,1074.0,0.001,0.04,1e-06,134.97,0.001,0.0,ETH-26JUL19-480-C,199.57,0.0,0.0,0.0,0.001,300.0,223.28,3e-05,-0.00021,0.0,0.0,2e-05
199.51,SYN.ETH-26JUL19,1563361166833,open,0.19,0.0,0.133,0.212,0.172756,134.7,None,0.0,ETH-26JUL19-170-C,199.57,0.0,0.0,0.0,0.0,0.0,0.0,0.08522,-0.64669,0.03077,0.00654,0.80707
199.26,SYN.ETH-30AUG19,1563361166835,open,0.04,219.0,0.001,0.078,0.038574,126.02,0.036,0.0,ETH-30AUG19-320-C,199.57,121.08,0.034,269.0,0.042,288.0,129.55,0.18946,-0.27208,0.03706,0.00315,0.1933
199.3,SYN.ETH-30AUG19,1563361166845,open,0.16,220.0,0.121,0.213,0.166894,120.11,0.147,0.0,ETH-30AUG19-200-P,199.57,114.95,0.16,249.0,0.178,137.0,128.23,0.27021,-0.36987,-0.14083,0.00471,-0.42084
199.56,SYN.ETH-19JUL19,1563361166863,open,0.01,101.0,0.001,0.043,0.003263,134.86,0.011,0.0,ETH-19JUL19-230-C,199.57,141.56,0.004,250.0,0.008,408.0,170.81,0.02082,-0.65125,0.00076,0.00754,0.07777
199.51,SYN.ETH-26JUL19,1563361166870,open,0.01,0.0,0.001,0.047,0.007356,135.07,None,0.0,ETH-26JUL19-150-P,199.57,146.48,0.01,417.0,0.014,250.0,161.61,0.04278,-0.32552,-0.00386,0.00327,-0.0722
199.51,SYN.ETH-26JUL19,1563361166892,open,0.09,151.0,0.043,0.122,0.08272,134.85,0.079,0.0,ETH-26JUL19-200-C,199.57,135.45,0.083,128.0,0.092,313.0,149.99,0.12358,-0.93878,0.02206,0.00947,0.53728
199.26,SYN.ETH-30AUG19,1563361166898,open,0.05,189.0,0.009,0.088,0.048489,125.0,0.046,0.0,ETH-30AUG19-300-C,199.57,120.69,0.044,251.0,0.053,276.0,129.18,0.21152,-0.30131,0.0443,0.00355,0.23346
199.51,SYN.ETH-26JUL19,1563361166923,open,0.02,545.0,0.001,0.051,0.011914,134.93,0.012,0.0,ETH-26JUL19-260-C,199.57,135.27,0.012,385.0,0.017,297.0,149.69,0.06383,-0.48517,0.00546,0.00489,0.1244
201.09,ETH-27DEC19,1563361166928,open,0.15,584.0,0.113,0.205,0.15917,106.32,0.1,0.0,ETH-27DEC19-160-P,199.57,102.46,0.151,189.0,0.167,2.0,110.01,0.42616,-0.13909,-0.36646,0.00222,-0.24922
201.09,ETH-27DEC19,1563361166930,open,0.29,194.0,0.24,0.319,0.279456,106.29,0.275,0.0,ETH-27DEC19-200-C,199.57,101.74,0.268,30.0,0.291,30.0,110.96,0.50179,-0.16373,0.325,0.00262,0.64157
9445.92,BTC-27DEC19,1563361166966,open,0.33,205.5,0.281,0.3605,0.32088606,98.05,0.32,0.0,BTC-27DEC19-8000-C,9363.17,94.99,0.314,11.0,0.3225,11.0,98.77,21.26172,-6.39958,16.799,5e-05,0.71943
9365.5,SYN.BTC-26JUL19,1563361166978,open,0.42,32.3,0.3885,0.5035,0.44614367,137.82,0.29,0.0,BTC-26JUL19-13500-P,9363.17,0.0,0.435,7.5,0.476,7.5,230.75,1.63582,-12.70068,-3.16711,6e-05,-0.94452
199.51,SYN.ETH-26JUL19,1563361166975,open,0.09,151.0,0.043,0.122,0.08272,134.85,0.079,0.0,ETH-26JUL19-200-C,199.57,135.45,0.083,128.0,0.092,163.0,149.99,0.12358,-0.93878,0.02206,0.00947,0.53728
199.51,SYN.ETH-26JUL19,1563361166983,open,0.01,2051.0,0.001,0.054,0.01426,135.09,0.013,0.0,ETH-26JUL19-160-P,199.57,143.3,0.017,401.0,0.021,250.0,154.66,0.06384,-0.48585,-0.00673,0.00488,-0.12444
199.51,SYN.ETH-26JUL19,1563361166991,open,0.12,0.0,0.068,0.147,0.10786,134.82,None,0.0,ETH-26JUL19-190-C,199.57,131.83,0.106,150.0,0.118,150.0,152.21,0.11725,-0.89048,0.02544,0.00898,0.63214
201.09,ETH-27DEC19,1563361167003,open,0.54,441.0,0.502,0.626,0.563718,107.16,0.561,0.0,ETH-27DEC19-280-P,199.57,101.89,0.55,150.0,0.577,30.0,112.08,0.53298,-0.17533,-0.99207,0.00276,-0.54163
9385.78,BTC-27SEP19,1563361166986,open,0.45,224.0,0.3965,0.476,0.43608239,105.28,0.5225,0.0,BTC-27SEP19-5500-C,9363.17,97.48,0.431,11.0,0.439,11.0,109.43,6.43316,-4.71128,8.86705,4e-05,0.91584
199.51,SYN.ETH-26JUL19,1563361167006,open,0.05,711.0,0.007,0.086,0.046083,134.89,0.054,0.0,ETH-26JUL19-220-C,199.57,134.86,0.046,200.0,0.054,218.0,148.45,0.11635,-0.88416,0.01521,0.00891,0.35962
9446.12,BTC-27DEC19,1563361167013,open,0.52,68.4,0.4715,0.551,0.51119535,98.03,0.511,0.0,BTC-27DEC19-5000-C,9363.17,94.31,0.507,11.0,0.514,11.0,100.45,10.82911,-3.25889,16.51569,3e-05,0.90301
199.56,SYN.ETH-19JUL19,1563361167023,open,0.86,0.0,0.829,0.98,0.904588,336.05,None,0.0,ETH-19JUL19-380-P,199.57,0.0,0.0,0.0,0.0,0.0,0.0,0.00219,-0.19641,-0.01948,0.00032,-0.99466
201.09,ETH-27DEC19,1563361167026,open,0.12,219.0,0.073,0.152,0.112942,109.1,0.118,0.0,ETH-27DEC19-360-C,199.57,107.06,0.108,2.0,0.12,259.0,112.0,0.48758,-0.16329,0.1965,0.00248,0.33189
199.12,ETH-27SEP19,1563361167036,open,0.25,779.0,0.199,0.278,0.238597,112.0,0.227,0.0,ETH-27SEP19-180-C,199.57,107.87,0.232,120.0,0.246,120.0,116.63,0.31833,-0.24801,0.17081,0.00364,0.67423
199.51,SYN.ETH-26JUL19,1563361167046,open,0.15,50.0,0.098,0.177,0.137935,134.77,0.138,0.0,ETH-26JUL19-180-C,199.57,133.2,0.137,50.0,0.147,50.0,152.16,0.10399,-0.78955,0.02844,0.00797,0.72402
199.52,SYN.ETH-19JUL19,1563361167051,open,0.12,10.0,0.065,0.144,0.104594,135.25,0.116,0.0,ETH-19JUL19-180-C,199.57,149.76,0.107,50.0,0.115,50.0,191.95,0.03081,-1.11074,0.00781,0.01113,0.86656
199.52,SYN.ETH-19JUL19,1563361167063,open,0.12,10.0,0.065,0.144,0.104594,135.25,0.116,0.0,ETH-19JUL19-180-C,199.57,149.76,0.107,50.0,0.116,50.0,196.79,0.03081,-1.11074,0.00781,0.01113,0.86656
199.3,SYN.ETH-30AUG19,1563361167070,open,0.28,0.0,0.251,0.354,0.302316,120.79,None,0.0,ETH-30AUG19-240-P,199.57,111.58,0.29,120.0,0.318,120.0,132.37,0.26819,-0.36918,-0.2144,0.00465,-0.59265
201.09,ETH-27DEC19,1563361167076,open,0.04,424.0,0.001,0.079,0.039618,116.49,0.04,0.0,ETH-27DEC19-640-C,199.64,116.07,0.039,1.0,0.042,50.0,118.1,0.29307,-0.10481,0.08645,0.00139,0.13596
201.09,ETH-27DEC19,1563361167076,open,0.05,435.0,0.003,0.082,0.042632,114.19,0.045,0.0,ETH-27DEC19-600-C,199.64,110.39,0.037,601.0,0.047,50.0,116.97,0.30824,-0.10805,0.09317,0.0015,0.14646
201.09,ETH-27DEC19,1563361167076,open,1.78,0.0,1.721,1.947,1.833997,113.53,0.845,0.0,ETH-27DEC19-560-P,199.64,0.0,0.0,0.0,0.0,0.0,0.0,0.33437,-0.11653,-2.39435,0.00163,-0.83429
201.09,ETH-27DEC19,1563361167076,open,0.03,782.0,0.001,0.071,0.031795,118.35,0.032,0.0,ETH-27DEC19-720-C,199.64,117.71,0.031,1.0,0.034,50.0,120.05,0.25519,-0.09271,0.0716,0.0012,0.11158
201.09,ETH-27DEC19,1563361167076,open,1.05,16.0,0.999,1.165,1.081755,109.64,1.195,0.0,ETH-27DEC19-400-P,199.64,62.29,1.001,110.0,1.49,1.0,270.24,0.45481,-0.15307,-1.61374,0.0023,-0.71662
199.12,ETH-27SEP19,1563361167077,open,2.15,0.0,2.094,2.35,2.222002,129.72,None,0.0,ETH-27SEP19-640-P,199.64,0.0,0.0,0.0,0.0,0.0,0.0,0.07752,-0.06995,-1.24733,0.00077,-0.95911
199.12,ETH-27SEP19,1563361167077,open,0.01,1984.0,0.001,0.044,0.004833,130.18,0.004,0.0,ETH-27SEP19-720-C,199.64,122.32,0.003,300.0,0.007,100.0,137.21,0.0541,-0.04899,0.00847,0.00053,0.02643
201.16,ETH-27DEC19,1563361167077,open,0.48,0.0,0.436,0.515,0.47599,106.57,None,0.0,ETH-27DEC19-120-C,199.64,0.0,0.001,1100.0,2.47,1.0,500.0,0.29866,-0.09771,0.34497,0.00155,0.86029
199.12,ETH-27SEP19,1563361167077,open,1.96,27.0,1.902,2.142,2.02211,126.6,1.044,0.0,ETH-27SEP19-600-P,199.64,0.0,0.0,0.0,0.0,0.0,0.0,0.0856,-0.07539,-1.16686,0.00087,-0.95376
199.12,ETH-27SEP19,1563361167077,open,0.05,1705.0,0.01,0.089,0.049714,115.11,0.05,0.0,ETH-27SEP19-340-C,199.64,112.2,0.046,580.0,0.052,1.0,116.86,0.25761,-0.20628,0.06449,0.00287,0.21418
201.16,ETH-27DEC19,1563361167077,open,2.16,0.0,2.094,2.351,2.222291,117.24,None,0.0,ETH-27DEC19-640-P,199.64,0.0,0.0,0.0,0.0,0.0,0.0,0.29717,-0.10695,-2.76799,0.0014,-0.86132
201.16,ETH-27DEC19,1563361167077,open,2.35,0.0,2.281,2.554,2.417617,118.75,None,0.0,ETH-27DEC19-680-P,199.64,0.0,0.0,0.0,0.0,0.0,0.0,0.28032,-0.10219,-2.95344,0.00131,-0.87259
199.12,ETH-27SEP19,1563361167077,open,2.74,0.0,2.669,2.974,2.821862,135.33,None,0.0,ETH-27SEP19-760-P,199.64,0.0,0.0,0.0,0.0,0.0,0.0,0.05473,-0.05152,-1.48807,0.00052,-0.97321
201.16,ETH-27DEC19,1563361167077,open,2.54,0.0,2.469,2.757,2.612994,119.84,None,0.0,ETH-27DEC19-720-P,199.64,0.0,0.003,5.0,0.0,0.0,0.0,0.26328,-0.09686,-3.13859,0.00122,-0.88348
201.16,ETH-27DEC19,1563361167077,open,1.23,0.0,1.176,1.356,1.265748,110.95,None,0.0,ETH-27DEC19-440-P,199.64,0.0,1.172,110.0,0.0,0.0,0.0,0.42384,-0.14435,-1.81255,0.00212,-0.75348
199.12,ETH-27SEP19,1563361167077,open,0.39,1374.0,0.355,0.467,0.410654,112.34,0.42,0.0,ETH-27SEP19-260-P,199.64,89.49,0.373,110.0,0.0,0.0,0.0,0.33839,-0.26444,-0.4012,0.00386,-0.61253
199.12,ETH-27SEP19,1563361167077,open,1.57,12.0,1.521,1.73,1.62567,124.02,1.193,0.0,ETH-27SEP19-520-P,199.64,0.0,0.0,0.0,0.0,0.0,0.0,0.11982,-0.10337,-1.00174,0.00124,-0.92909
199.12,ETH-27SEP19,1563361167077,open,1.76,24.0,1.711,1.935,1.822997,124.34,1.356,0.0,ETH-27SEP19-560-P,199.64,0.0,0.0,0.0,0.0,0.0,0.0,0.0983,-0.08503,-1.08535,0.00101,-0.945
201.16,ETH-27DEC19,1563361167078,open,1.97,0.0,1.906,2.148,2.026964,115.22,0.953,0.0,ETH-27DEC19-600-P,199.64,0.0,0.0,0.0,0.0,0.0,0.0,0.31378,-0.11099,-2.58219,0.00151,-0.84966
199.19,ETH-27SEP19,1563361167078,open,1.19,0.0,1.144,1.321,1.232577,120.49,None,0.0,ETH-27SEP19-440-P,199.64,0.0,0.0,0.0,0.0,0.0,0.0,0.16858,-0.1413,-0.83171,0.00179,-0.8878
199.19,ETH-27SEP19,1563361167078,open,1.0,79.0,0.959,1.121,1.039737,118.76,0.351,0.0,ETH-27SEP19-400-P,199.64,0.0,0.01,1.0,0.0,0.0,0.0,0.20118,-0.16621,-0.74332,0.00217,-0.8553
199.51,SYN.ETH-26JUL19,1563361167076,open,1.55,0.0,1.503,1.71,1.606328,135.03,None,0.0,ETH-26JUL19-520-P,199.64,0.0,0.0,0.0,0.0,0.0,0.0,1e-05,-5e-05,-0.12645,0.0,-1.0
199.51,SYN.ETH-26JUL19,1563361167077,open,0.96,985.0,0.925,1.085,1.004905,135.0,0.205,0.0,ETH-26JUL19-400-P,199.64,0.0,0.0,0.0,0.0,0.0,0.0,0.00074,-0.00566,-0.09724,6e-05,-0.99931
199.19,ETH-27SEP19,1563361167078,open,0.81,233.0,0.776,0.923,0.849879,116.42,0.763,0.0,ETH-27SEP19-360-P,199.64,0.0,0.0,0.0,0.99,1.0,206.92,0.23787,-0.19264,-0.65208,0.00262,-0.81255
199.19,ETH-27SEP19,1563361167078,open,0.06,1846.0,0.021,0.1,0.060448,115.06,0.06,0.0,ETH-27SEP19-320-C,199.64,114.03,0.059,1.0,0.064,160.0,117.56,0.28115,-0.22504,0.07452,0.00313,0.25043
199.56,SYN.ETH-19JUL19,1563361167077,open,0.17,0.0,0.11,0.189,0.14977,132.52,None,0.0,ETH-19JUL19-170-C,199.64,0.0,0.0,0.0,0.0,0.0,0.0,0.01267,-0.44758,0.00829,0.00467,0.95863
199.51,SYN.ETH-26JUL19,1563361167076,open,1.35,0.0,1.311,1.502,1.406324,206.63,None,0.0,ETH-26JUL19-480-P,199.64,0.0,0.0,0.0,0.0,0.0,0.0,0.00464,-0.05406,-0.11649,0.00023,-0.99482
199.19,ETH-27SEP19,1563361167079,open,0.91,259.0,0.868,1.023,0.945452,118.66,0.94,0.0,ETH-27SEP19-380-P,199.64,0.0,0.008,12.0,0.0,0.0,0.0,0.22171,-0.18302,-0.69732,0.00239,-0.83232
199.51,SYN.ETH-26JUL19,1563361167077,open,1.45,0.0,1.407,1.606,1.506587,215.69,None,0.0,ETH-26JUL19-500-P,199.64,0.0,0.0,0.0,0.0,0.0,0.0,0.00465,-0.05645,-0.12136,0.00022,-0.99482
199.56,SYN.ETH-19JUL19,1563361167077,open,0.22,0.0,0.159,0.238,0.198404,124.66,None,0.0,ETH-19JUL19-160-C,199.64,0.0,0.0,0.0,0.0,0.0,0.0,0.0024,-0.07984,0.00816,0.00094,0.99408
199.51,SYN.ETH-26JUL19,1563361167078,open,0.86,504.0,0.829,0.98,0.904713,135.0,0.168,0.0,ETH-26JUL19-380-P,199.64,0.0,0.0,0.0,0.0,0.0,0.0,0.00158,-0.01198,-0.09233,0.00012,-0.99844
199.56,SYN.ETH-19JUL19,1563361167077,open,0.0,899.0,0.001,0.04,0.000104,134.91,0.001,0.0,ETH-19JUL19-260-C,199.64,0.0,0.0,0.0,0.001,105.0,177.69,0.00154,-0.02075,4e-05,0.00056,0.0036
199.51,SYN.ETH-26JUL19,1563361167076,open,0.0,1236.0,0.001,0.04,0.0,134.97,0.003,0.0,ETH-26JUL19-520-C,199.64,0.0,0.0,0.0,0.001,300.0,240.25,1e-05,-4e-05,0.0,0.0,0.0
199.3,SYN.ETH-30AUG19,1563361167077,open,0.8,0.0,0.76,0.906,0.832704,129.9,None,0.0,ETH-30AUG19-360-P,199.64,0.0,0.0,0.0,0.0,0.0,0.0,0.15255,-0.22582,-0.40591,0.00246,-0.86166
199.56,SYN.ETH-19JUL19,1563361167078,open,1.06,0.0,1.021,1.189,1.105071,384.61,None,0.0,ETH-19JUL19-420-P,199.64,0.0,0.0,0.0,0.0,0.0,0.0,0.00215,-0.2202,-0.02153,0.00027,-0.99478
199.19,ETH-27SEP19,1563361167081,open,0.3,392.0,0.253,0.332,0.292273,112.33,0.51,0.0,ETH-27SEP19-160-C,199.64,0.0,0.1,10.0,0.0,0.0,0.0,0.27817,-0.21737,0.18131,0.00317,0.75451
199.56,SYN.ETH-19JUL19,1563361167077,open,0.13,0.0,0.11,0.202,0.15604,137.03,None,0.0,ETH-19JUL19-230-P,199.64,0.0,0.001,30.0,0.0,0.0,0.0,0.02154,-0.78667,-0.01102,0.00768,-0.91866
199.51,SYN.ETH-26JUL19,1563361167076,open,0.0,1091.0,0.001,0.04,0.0,134.98,0.001,0.0,ETH-26JUL19-600-C,199.64,0.0,0.0,0.0,0.001,300.0,270.01,0.0,0.0,0.0,0.0,0.0
199.51,SYN.ETH-26JUL19,1563361167078,open,0.67,1130.0,0.637,0.772,0.704633,135.0,0.6,0.0,ETH-26JUL19-340-P,199.64,0.0,0.666,30.0,0.745,30.0,306.74,0.00653,-0.04966,-0.08233,0.0005,-0.99239
199.51,SYN.ETH-26JUL19,1563361167079,open,0.23,0.0,0.173,0.252,0.212313,135.0,None,0.0,ETH-26JUL19-160-C,199.64,0.0,0.0,0.0,0.0,0.0,0.0,0.0638,-0.4852,0.03218,0.00488,0.87569
199.51,SYN.ETH-26JUL19,1563361167079,open,0.0,3965.0,0.001,0.04,0.000212,135.0,0.003,0.0,ETH-26JUL19-360-C,199.64,0.0,0.0,0.0,0.002,242.0,175.31,0.00326,-0.02476,0.00016,0.00025,0.00348
199.51,SYN.ETH-26JUL19,1563361167076,open,0.0,1117.0,0.001,0.04,6e-06,135.0,0.001,0.0,ETH-26JUL19-440-C,199.64,0.0,0.0,0.0,0.001,283.0,204.53,0.00016,-0.0012,1e-05,1e-05,0.00013
199.51,SYN.ETH-26JUL19,1563361167077,open,0.17,0.0,0.139,0.233,0.186354,135.0,None,0.0,ETH-26JUL19-230-P,199.64,99.5,0.169,120.0,0.0,0.0,0.0,0.1055,-0.80231,-0.04377,0.00807,-0.71572
199.51,SYN.ETH-26JUL19,1563361167077,open,0.32,0.0,0.262,0.341,0.301513,133.93,None,0.0,ETH-26JUL19-140-C,199.64,0.0,0.0,0.0,0.0,0.0,0.0,0.02454,-0.18514,0.03215,0.00189,0.96411
199.3,SYN.ETH-30AUG19,1563361167077,open,0.36,0.0,0.326,0.436,0.381186,121.82,None,0.0,ETH-30AUG19-260-P,199.64,86.87,0.34,120.0,0.0,0.0,0.0,0.25256,-0.3506,-0.24995,0.00434,-0.66217
199.56,SYN.ETH-19JUL19,1563361167077,open,0.0,739.0,0.001,0.04,0.0,135.0,0.003,0.0,ETH-19JUL19-300-C,199.64,0.0,0.0,0.0,0.001,300.0,254.95,1e-05,-6e-05,0.0,0.0,2e-05
199.51,SYN.ETH-26JUL19,1563361167079,open,0.25,0.0,0.22,0.321,0.270304,135.57,None,0.0,ETH-26JUL19-250-P,199.64,0.0,0.247,120.0,0.0,0.0,0.0,0.07819,-0.59713,-0.05347,0.00596,-0.83181
199.56,SYN.ETH-19JUL19,1563361167078,open,0.96,0.0,0.925,1.085,1.004829,360.95,None,0.0,ETH-19JUL19-400-P,199.64,0.0,0.0,0.0,0.0,0.0,0.0,0.00217,-0.20836,-0.02051,0.00029,-0.99474
199.56,SYN.ETH-19JUL19,1563361167077,open,0.0,2.0,0.001,0.04,0.0,134.96,0.002,0.0,ETH-19JUL19-420-C,199.64,0.0,0.0,0.0,0.001,300.0,422.7,0.0,0.0,0.0,0.0,0.0
199.56,SYN.ETH-19JUL19,1563361167078,open,0.57,282.0,0.54,0.667,0.603542,135.23,0.4,0.0,ETH-19JUL19-320-P,199.64,0.0,0.003,25.0,0.0,0.0,0.0,0.0,-2e-05,-0.01644,0.0,-1.0
199.51,SYN.ETH-26JUL19,1563361167077,open,0.57,519.0,0.541,0.669,0.605037,135.0,0.183,0.0,ETH-26JUL19-320-P,199.64,0.0,0.051,5.0,0.0,0.0,0.0,0.0126,-0.09583,-0.07708,0.00096,-0.98378
199.51,SYN.ETH-26JUL19,1563361167077,open,0.27,0.0,0.216,0.295,0.255531,135.0,None,0.0,ETH-26JUL19-150-C,199.64,0.0,0.0,0.0,0.0,0.0,0.0,0.04274,-0.32502,0.03262,0.00327,0.92789
199.56,SYN.ETH-19JUL19,1563361167076,open,0.18,1552.0,0.156,0.252,0.204043,139.36,0.18,0.0,ETH-19JUL19-240-P,199.64,0.0,0.012,4.0,0.9,10.0,500.0,0.01135,-0.42174,-0.01198,0.00398,-0.96384
199.51,SYN.ETH-26JUL19,1563361167078,open,0.0,1780.0,0.001,0.04,3.7e-05,135.0,0.001,0.0,ETH-26JUL19-400-C,199.64,0.0,0.0,0.0,0.001,187.0,183.6,0.00074,-0.00566,3e-05,6e-05,0.00069
199.3,SYN.ETH-30AUG19,1563361167078,open,0.28,0.0,0.228,0.307,0.267808,120.8,None,0.0,ETH-30AUG19-160-C,199.64,0.0,0.0,0.0,0.0,0.0,0.0,0.2106,-0.2899,0.11994,0.00365,0.76846
199.3,SYN.ETH-30AUG19,1563361167077,open,0.44,0.0,0.408,0.524,0.466064,123.75,None,0.0,ETH-30AUG19-280-P,199.64,0.0,0.0,0.0,0.0,0.0,0.0,0.23326,-0.32894,-0.28375,0.00395,-0.71835
199.56,SYN.ETH-19JUL19,1563361167080,open,0.0,142.0,0.001,0.04,0.0,134.96,0.001,0.0,ETH-19JUL19-400-C,199.64,0.0,0.0,0.0,0.001,300.0,399.27,0.0,0.0,0.0,0.0,0.0
201.16,ETH-27DEC19,1563361167087,open,0.39,693.0,0.354,0.466,0.410306,106.53,0.423,0.0,ETH-27DEC19-240-P,199.64,101.89,0.398,30.0,0.423,30.0,111.32,0.53298,-0.17429,-0.77863,0.00277,-0.45711
199.19,ETH-27SEP19,1563361167103,open,0.25,1828.0,0.213,0.313,0.263272,112.28,0.254,0.0,ETH-27SEP19-220-P,199.64,108.74,0.257,200.0,0.269,120.0,115.53,0.3522,-0.2751,-0.29161,0.00401,-0.48018
201.16,ETH-27DEC19,1563361167128,open,0.29,194.0,0.24,0.319,0.279456,106.27,0.275,0.0,ETH-27DEC19-200-C,199.64,102.09,0.269,30.0,0.291,30.0,110.91,0.50189,-0.16373,0.32519,0.00262,0.64173
201.16,ETH-27DEC19,1563361167153,open,0.18,209.0,0.132,0.211,0.171307,107.04,0.178,0.0,ETH-27DEC19-280-C,199.64,103.14,0.161,380.0,0.18,230.0,110.31,0.53314,-0.17518,0.25752,0.00276,0.45819
199.19,ETH-27SEP19,1563361167168,open,0.32,2398.0,0.281,0.387,0.334028,112.31,0.345,0.0,ETH-27SEP19-240-P,199.64,106.02,0.323,120.0,0.34,120.0,115.71,0.3499,-0.27338,-0.34661,0.00399,-0.54964
199.19,ETH-27SEP19,1563361167187,open,0.13,4995.0,0.097,0.188,0.142575,112.1,0.139,0.0,ETH-27SEP19-180-P,199.64,107.99,0.136,167.0,0.148,160.0,115.5,0.31834,-0.24824,-0.1836,0.00363,-0.3255
199.19,ETH-27SEP19,1563361167209,open,0.08,3015.0,0.033,0.112,0.072105,114.06,0.063,0.0,ETH-27SEP19-300-C,199.64,112.67,0.07,1.0,0.077,160.0,117.26,0.30213,-0.23973,0.08512,0.00339,0.28911
9366.02,SYN.BTC-26JUL19,1563361167245,open,0.32,0.0,0.2695,0.349,0.30946778,139.46,0.3665,0.0,BTC-26JUL19-6500-C,9363.17,0.0,0.005,0.1,0.0,0.0,0.0,1.17733,-9.24957,1.48877,4e-05,0.96314
9363.27,SYN.BTC-19JUL19,1563361167245,open,0.04,547.1,0.006,0.0895,0.04785329,139.54,0.053,0.0,BTC-19JUL19-9500-P,9363.17,145.15,0.0495,2.0,0.054,9.5,160.93,2.66573,-99.15452,-0.28183,0.00042,-0.53781
9446.12,BTC-27DEC19,1563361167258,open,0.45,122.9,0.3985,0.478,0.4380787,98.04,0.439,0.0,BTC-27DEC19-6000-C,9363.17,93.87,0.4315,11.0,0.44,11.0,99.27,14.95635,-4.50122,17.2064,4e-05,0.84624
9376.66,SYN.BTC-30AUG19,1563361167251,open,0.04,20.2,0.004,0.087,0.04555754,114.54,0.0445,0.0,BTC-30AUG19-7000-P,9363.17,111.07,0.0425,19.3,0.0485,13.0,117.78,8.37976,-10.93783,-2.48608,7e-05,-0.17499
9445.92,BTC-27DEC19,1563361167266,open,0.09,358.7,0.0475,0.127,0.08737674,103.67,0.087,0.0,BTC-27DEC19-18000-C,9363.17,102.16,0.084,11.0,0.091,21.0,105.28,21.2163,-6.75203,8.09181,5e-05,0.27934
9446.12,BTC-27DEC19,1563361167262,open,0.29,181.6,0.235,0.3145,0.2749313,98.06,0.287,0.0,BTC-27DEC19-9000-C,9363.17,96.05,0.27,3.6,0.2785,11.0,99.51,23.22538,-6.99124,16.05968,6e-05,0.65593
9365.5,SYN.BTC-26JUL19,1563361167268,open,0.02,443.2,0.0005,0.065,0.02442429,132.54,0.024,0.0,BTC-26JUL19-8000-P,9363.17,130.32,0.0235,24.0,0.028,41.5,140.72,4.00504,-29.90305,-0.49587,0.00014,-0.19329
9445.92,BTC-27DEC19,1563361167280,open,0.01,113.5,0.0005,0.052,0.01191108,100.2,0.0095,0.0,BTC-27DEC19-3500-P,9363.17,98.38,0.011,10.0,0.013,6.0,102.28,4.82273,-1.48348,-1.95798,1e-05,-0.03454
9445.42,BTC-27DEC19,1563361167283,open,0.09,221.5,0.05,0.137,0.09344048,98.06,0.094,0.0,BTC-27DEC19-6500-P,9363.17,95.84,0.0895,10.0,0.0955,4.9,99.22,16.81838,-5.06291,-11.71834,4e-05,-0.18458
9386.28,BTC-27SEP19,1563361167275,open,0.21,379.0,0.1615,0.241,0.20147633,104.81,0.2015,0.0,BTC-27SEP19-9000-C,9363.17,102.19,0.197,14.4,0.204,11.0,106.36,15.7727,-11.50031,7.85933,9e-05,0.62662
9446.12,BTC-27DEC19,1563361167284,open,0.11,238.8,0.0715,0.1605,0.11601022,98.07,0.1195,0.0,BTC-27DEC19-7000-P,9363.17,95.77,0.1115,10.0,0.1185,10.9,99.34,18.49807,-5.56914,-14.00415,5e-05,-0.21622
9363.27,SYN.BTC-19JUL19,1563361167291,open,0.02,266.8,0.0005,0.0645,0.02387466,144.04,0.027,0.0,BTC-19JUL19-9000-P,9363.17,142.49,0.0235,2.1,0.027,1.1,155.88,2.4362,-93.54418,-0.17117,0.00038,-0.33184
9446.12,BTC-27DEC19,1563361167304,open,0.45,122.9,0.3985,0.478,0.4380787,98.04,0.439,0.0,BTC-27DEC19-6000-C,9363.17,94.51,0.4325,11.0,0.44,11.0,99.27,14.95635,-4.50122,17.2064,4e-05,0.84624
9385.78,BTC-27SEP19,1563361167325,open,0.03,553.4,0.0005,0.074,0.03302924,105.16,0.0305,0.0,BTC-27SEP19-6000-P,9363.17,103.38,0.0315,20.6,0.0355,24.0,107.96,8.16405,-5.97221,-2.76555,4e-05,-0.1166
9386.42,BTC-27SEP19,1563361167327,open,0.66,0.0,0.616,0.6955,0.65588873,116.05,None,0.0,BTC-27SEP19-3250-C,9363.17,0.0,0.005,10.0,0.8975,5.0,500.0,1.13445,-0.91584,6.17097,1e-05,0.98975
9445.92,BTC-27DEC19,1563361167327,open,0.14,217.3,0.0985,0.178,0.13837088,101.09,0.141,0.0,BTC-27DEC19-14000-C,9363.17,99.4,0.134,24.6,0.1425,0.2,102.69,24.42851,-7.58075,11.16401,6e-05,0.40321
9376.66,SYN.BTC-30AUG19,1563361167356,open,0.02,0.0,0.0005,0.0625,0.02184999,116.86,None,0.0,BTC-30AUG19-6000-P,9363.17,111.89,0.019,37.8,0.0255,13.9,122.85,5.5387,-7.37623,-1.32885,4e-05,-0.09603
9376.66,SYN.BTC-30AUG19,1563361167358,open,0.02,0.0,0.0005,0.0625,0.02184999,116.86,None,0.0,BTC-30AUG19-6000-P,9363.17,111.89,0.019,37.8,0.0255,14.0,122.85,5.5387,-7.37623,-1.32885,4e-05,-0.09603
9365.5,SYN.BTC-26JUL19,1563361167383,open,0.05,132.3,0.0005,0.0775,0.03785653,129.22,0.038,0.0,BTC-26JUL19-10500-C,9363.17,126.83,0.0365,29.0,0.0415,21.5,135.75,5.22523,-38.03788,0.64345,0.00019,0.32037
9365.5,SYN.BTC-26JUL19,1563361167386,open,0.0,213.0,0.0005,0.041,0.00132318,139.96,0.0015,0.0,BTC-26JUL19-6000-P,9363.17,134.22,0.001,1.0,0.0015,4.7,142.69,0.57846,-4.56085,-0.03901,2e-05,-0.0158
199.19,ETH-27SEP19,1563361167397,open,2.15,0.0,2.093,2.35,2.221363,130.93,None,0.0,ETH-27SEP19-640-P,199.64,0.0,0.0,0.0,0.0,0.0,0.0,0.08055,-0.07336,-1.24675,0.00079,-0.95715
199.63,SYN.ETH-19JUL19,1563361167434,open,0.03,891.0,0.001,0.081,0.039753,135.65,0.047,0.0,ETH-19JUL19-200-P,199.64,157.51,0.046,76.0,0.052,304.0,178.51,0.05707,-2.06349,-0.00542,0.02054,-0.48824
9446.12,BTC-27DEC19,1563361167467,open,3.58,0.0,3.485,3.8585,3.67182355,115.88,None,0.0,BTC-27DEC19-44000-P,9363.18,0.0,0.0,0.0,0.0,0.0,0.0,6.99275,-2.48753,-194.61891,2e-05,-0.94526
9386.42,BTC-27SEP19,1563361167467,open,1.31,0.2,1.264,1.452,1.35803145,113.74,1.391,0.0,BTC-27SEP19-22000-P,9363.18,0.0,0.005,10.0,1.8,0.1,399.35,5.9325,-4.69389,-42.18768,3e-05,-0.92439
9446.12,BTC-27DEC19,1563361167467,open,3.17,0.0,3.082,3.4215,3.25163713,114.6,None,0.0,BTC-27DEC19-40000-P,9363.18,0.0,0.0005,3.0,0.0,0.0,0.0,8.14147,-2.86418,-176.4123,2e-05,-0.93352
9446.12,BTC-27DEC19,1563361167468,open,0.6,27.6,0.5555,0.635,0.59533465,98.85,0.6525,0.0,BTC-27DEC19-4000-C,9363.18,0.0,0.0155,10.0,0.642,0.2,149.86,6.65212,-2.01866,14.89102,2e-05,0.94861
9446.12,BTC-27DEC19,1563361167468,open,0.03,76.4,0.0005,0.069,0.02830678,98.29,0.0285,0.0,BTC-27DEC19-4500-P,9363.18,96.3,0.0265,16.0,0.03,6.0,100.11,8.70042,-2.62513,-4.24766,2e-05,-0.07246
9446.13,BTC-27DEC19,1563361167468,open,0.85,0.0,0.8025,0.882,0.84246329,122.02,None,0.0,BTC-27DEC19-1500-C,9363.18,0.0,0.021,10.0,0.984,0.5,500.0,0.72223,-0.27055,6.47823,0.0,0.99615
9386.43,BTC-27SEP19,1563361167468,open,1.52,0.2,1.465,1.67,1.56758203,115.83,1.6,0.0,BTC-27SEP19-24000-P,9363.18,0.0,0.0,0.0,0.0,0.0,0.0,4.84916,-3.90719,-46.38147,2e-05,-0.94173
9446.13,BTC-27DEC19,1563361167469,open,1.15,1.6,1.1015,1.276,1.18882134,105.04,1.0905,0.0,BTC-27DEC19-20000-P,9363.18,0.0,0.005,5.0,1.466,1.0,214.44,19.45114,-6.27226,-82.30153,5e-05,-0.76368
9366.02,SYN.BTC-26JUL19,1563361167467,open,0.0,625.7,0.0005,0.04,0.00038874,144.77,0.0005,0.0,BTC-26JUL19-17000-C,9363.18,0.0,0.0,0.0,0.001,5.5,161.26,0.23871,-1.94674,0.01218,1e-05,0.00574
9446.13,BTC-27DEC19,1563361167469,open,2.76,1.3,2.679,2.985,2.83216228,112.72,2.792,0.0,BTC-27DEC19-36000-P,9363.18,0.0,0.0005,1.0,0.0,0.0,0.0,9.4443,-3.26812,-158.13068,2e-05,-0.91928
9446.13,BTC-27DEC19,1563361167469,open,4.41,1.0,4.294,4.735,4.51451026,118.36,4.454,0.0,BTC-27DEC19-52000-P,9363.18,0.0,0.001,1.0,0.0,0.0,0.0,5.33172,-1.93728,-230.80139,1e-05,-0.96096
9363.77,SYN.BTC-19JUL19,1563361167468,open,0.0,163.8,0.0005,0.04,0.0,144.99,0.0005,0.0,BTC-19JUL19-16000-C,9363.18,0.0,0.0,0.0,0.0015,10.0,338.28,1e-05,-3e-05,0.0,0.0,0.0
9386.43,BTC-27SEP19,1563361167470,open,0.64,261.1,0.5905,0.67,0.63004139,113.99,0.714,0.0,BTC-27SEP19-3500-C,9363.18,0.0,0.161,1.0,0.7215,10.0,298.34,1.46746,-1.16366,6.58327,1e-05,0.98621
9386.43,BTC-27SEP19,1563361167470,open,0.0,421.0,0.0005,0.045,0.00497879,109.62,0.0045,0.0,BTC-27SEP19-4000-P,9363.18,105.3,0.004,19.7,0.006,24.0,113.63,2.26367,-1.72617,-0.51582,1e-05,-0.02293
9446.13,BTC-27DEC19,1563361167471,open,1.54,0.0,1.4865,1.693,1.58980678,106.96,None,0.0,BTC-27DEC19-24000-P,9363.18,0.0,0.0065,1.0,2.3945,0.2,500.0,16.06476,-5.27477,-101.93146,4e-05,-0.82839
9363.77,SYN.BTC-19JUL19,1563361167467,open,0.51,0.0,0.487,0.6105,0.54860497,206.8,None,0.0,BTC-19JUL19-14500-P,9363.18,0.0,0.001,1.0,0.0,0.0,0.0,0.04286,-2.36261,-0.74421,0.0,-0.99798
9363.77,SYN.BTC-19JUL19,1563361167471,open,0.01,198.9,0.0005,0.0425,0.00285637,144.04,0.003,0.0,BTC-19JUL19-11000-C,9363.18,140.02,0.0025,2.8,0.004,11.2,155.44,0.859,-26.74643,0.03028,0.00013,0.06578
9386.43,BTC-27SEP19,1563361167472,open,0.69,225.7,0.6425,0.722,0.68223484,121.6,0.693,0.0,BTC-27SEP19-3000-C,9363.18,0.0,0.005,20.0,0.902,5.0,500.0,0.97015,-0.82068,5.71503,0.0,0.99143
9366.02,SYN.BTC-26JUL19,1563361167469,open,0.37,28.7,0.339,0.45,0.3943331,134.97,0.284,0.0,BTC-26JUL19-13000-P,9363.18,0.0,0.384,7.5,0.423,7.5,217.2,2.02914,-15.42872,-3.00896,7e-05,-0.92681
9366.02,SYN.BTC-26JUL19,1563361167467,open,0.01,194.6,0.0005,0.049,0.0091488,133.86,0.01,0.0,BTC-26JUL19-12500-C,9363.18,129.55,0.008,40.0,0.011,11.5,140.31,2.57364,-19.40774,0.20819,9e-05,0.10056
9377.28,SYN.BTC-30AUG19,1563361167470,open,0.06,1.1,0.014,0.0935,0.05399426,115.08,0.063,0.0,BTC-30AUG19-13000-C,9363.18,112.0,0.0505,19.3,0.0565,15.0,117.26,10.70777,-14.04285,2.41113,9e-05,0.2679
9363.77,SYN.BTC-19JUL19,1563361167467,open,0.02,115.8,0.0005,0.0555,0.01580446,139.31,0.015,0.0,BTC-19JUL19-10000-C,9363.18,138.02,0.0155,2.1,0.0165,0.1,142.22,2.22553,-82.64384,0.12303,0.00035,0.27148
199.19,ETH-27SEP19,1563361167474,open,2.74,0.0,2.669,2.973,2.821099,137.33,None,0.0,ETH-27SEP19-760-P,199.64,0.0,0.0,0.0,0.0,0.0,0.0,0.05882,-0.05619,-1.48735,0.00055,-0.9708
9366.02,SYN.BTC-26JUL19,1563361167471,open,0.0,126.8,0.0005,0.0405,0.00053803,145.01,0.001,0.0,BTC-26JUL19-5500-P,9363.18,0.0,0.0,0.0,0.002,40.0,174.87,0.27775,-2.26902,-0.01673,1e-05,-0.00681
9366.02,SYN.BTC-26JUL19,1563361167469,open,0.0,262.6,0.0005,0.0435,0.00350438,139.77,0.0025,0.0,BTC-26JUL19-6500-P,9363.18,131.07,0.0025,40.0,0.005,37.5,150.46,1.18463,-9.32742,-0.09256,4e-05,-0.03713
9366.02,SYN.BTC-26JUL19,1563361167473,open,0.01,630.9,0.0005,0.046,0.00625988,134.61,0.0065,0.0,BTC-26JUL19-13000-C,9363.18,130.96,0.0055,40.0,0.0075,0.1,140.11,2.01609,-15.28866,0.15103,7e-05,0.07257
9363.77,SYN.BTC-19JUL19,1563361167467,open,0.12,6.1,0.062,0.1415,0.10157671,144.7,0.109,0.0,BTC-19JUL19-8500-C,9363.18,119.35,0.0975,6.0,0.104,6.0,157.96,1.64873,-63.59344,0.3542,0.00025,0.83767
9366.02,SYN.BTC-26JUL19,1563361167470,open,0.11,60.3,0.0615,0.141,0.10101515,131.34,0.1,0.0,BTC-26JUL19-9000-C,9363.18,123.75,0.0965,18.0,0.1035,11.5,135.51,5.57519,-41.24981,1.17468,0.0002,0.61678
9363.77,SYN.BTC-19JUL19,1563361167469,open,0.0,297.0,0.0005,0.04,1.6e-06,144.98,0.0005,0.0,BTC-19JUL19-14000-C,9363.18,0.0,0.0,0.0,0.0015,21.0,266.93,0.00183,-0.015,3e-05,0.0,7e-05
9377.28,SYN.BTC-30AUG19,1563361167478,open,0.25,14.6,0.2185,0.3195,0.26906748,113.15,0.2625,0.0,BTC-30AUG19-11000-P,9363.18,111.62,0.267,14.4,0.281,3.0,121.93,12.68563,-16.35716,-9.60961,0.00011,-0.58344
9446.13,BTC-27DEC19,1563361167485,open,0.01,78.3,0.0005,0.051,0.01131142,116.96,0.0145,0.0,BTC-27DEC19-48000-C,9363.18,114.83,0.01,6.0,0.013,11.0,119.49,6.0367,-2.16749,1.44197,1e-05,0.04552
9386.43,BTC-27SEP19,1563361167486,open,0.51,13.5,0.465,0.5445,0.50497625,106.49,0.382,0.0,BTC-27SEP19-4750-C,9363.18,0.0,0.005,10.0,0.658,5.0,299.55,4.06854,-3.01406,8.28644,2e-05,0.95329
9446.12,BTC-27DEC19,1563361167488,open,0.09,358.7,0.0475,0.127,0.08737674,103.67,0.087,0.0,BTC-27DEC19-18000-C,9363.18,102.16,0.084,15.9,0.091,21.0,105.28,21.21774,-6.75275,8.09257,5e-05,0.27936
9446.13,BTC-27DEC19,1563361167481,open,0.02,186.2,0.0005,0.0605,0.02099301,112.64,0.031,0.0,BTC-27DEC19-36000-C,9363.18,110.58,0.019,6.0,0.0225,11.0,114.12,9.42286,-3.25824,2.50719,2e-05,0.08047
9366.02,SYN.BTC-26JUL19,1563361167496,open,0.18,381.0,0.153,0.2485,0.2007981,129.38,0.215,0.0,BTC-26JUL19-11000-P,9363.18,126.7,0.1995,7.5,0.2135,7.5,154.12,4.57275,-33.32787,-2.18105,0.00017,-0.75684
9386.43,BTC-27SEP19,1563361167490,open,0.07,163.5,0.026,0.1055,0.06574165,108.44,0.069,0.0,BTC-27SEP19-14000-C,9363.18,106.58,0.063,19.3,0.069,11.0,110.62,13.96079,-10.53128,3.91449,7e-05,0.27752
9363.77,SYN.BTC-19JUL19,1563361167502,open,0.12,6.1,0.062,0.1415,0.10157671,144.7,0.109,0.0,BTC-19JUL19-8500-C,9363.18,119.35,0.0975,6.0,0.1045,6.0,160.6,1.64873,-63.59344,0.3542,0.00025,0.83767
9446.13,BTC-27DEC19,1563361167513,open,1.54,0.0,1.4865,1.693,1.58980678,106.96,None,0.0,BTC-27DEC19-24000-P,9363.18,0.0,0.0065,1.0,2.3935,0.2,500.0,16.06476,-5.27477,-101.93146,4e-05,-0.82839
9386.43,BTC-27SEP19,1563361167503,open,0.09,208.8,0.042,0.1215,0.08151193,107.64,0.083,0.0,BTC-27SEP19-13000-C,9363.18,105.76,0.0785,19.3,0.0855,11.0,110.12,15.06417,-11.28032,4.57251,8e-05,0.32889
9386.42,BTC-27SEP19,1563361167518,open,0.28,127.7,0.248,0.3515,0.2999928,106.56,0.2865,0.0,BTC-27SEP19-11000-P,9363.18,104.57,0.2965,20.4,0.308,14.4,111.1,16.53576,-12.25728,-15.51603,9e-05,-0.53945
9363.77,SYN.BTC-19JUL19,1563361167530,open,0.12,6.1,0.062,0.1415,0.10157671,144.7,0.109,0.0,BTC-19JUL19-8500-C,9363.18,122.77,0.098,6.0,0.1045,6.0,160.6,1.64873,-63.59344,0.3542,0.00025,0.83767
9446.13,BTC-27DEC19,1563361167535,open,0.05,172.4,0.0095,0.089,0.04902726,106.93,0.0485,0.0,BTC-27DEC19-24000-C,9363.18,105.72,0.047,4.9,0.052,21.0,108.65,16.0569,-5.27055,5.16173,4e-05,0.17148
9446.12,BTC-27DEC19,1563361167536,open,0.09,221.5,0.05,0.137,0.09344048,98.07,0.094,0.0,BTC-27DEC19-6500-P,9363.18,95.85,0.0895,10.0,0.095,6.0,98.95,16.81826,-5.06335,-11.71802,4e-05,-0.18455
201.15,ETH-27DEC19,1563361167562,open,0.7,82.0,0.66,0.798,0.728964,108.08,0.64,0.0,ETH-27DEC19-320-P,199.64,84.43,0.671,110.0,1.58,1.0,500.0,0.51516,-0.17093,-1.20279,0.00264,-0.61104
9386.42,BTC-27SEP19,1563361167562,open,0.36,60.1,0.326,0.436,0.38122324,107.54,0.395,0.0,BTC-27SEP19-12000-P,9363.18,105.94,0.3785,2.7,0.3925,6.0,114.12,15.99548,-11.96618,-18.29888,9e-05,-0.60878
9446.13,BTC-27DEC19,1563361167565,open,0.04,90.6,0.0005,0.075,0.03536119,108.8,0.0355,0.0,BTC-27DEC19-28000-C,9363.18,107.46,0.0335,6.0,0.0385,21.0,110.99,13.26932,-4.4319,3.94225,3e-05,0.12889
9366.02,SYN.BTC-26JUL19,1563361167545,open,0.08,392.1,0.045,0.1315,0.08824171,129.32,0.0975,0.0,BTC-26JUL19-9500-P,9363.18,128.93,0.088,18.0,0.096,25.5,141.8,5.82397,-42.42826,-1.31212,0.00021,-0.48787
9446.13,BTC-27DEC19,1563361167595,open,0.36,74.2,0.3165,0.426,0.37118585,99.53,0.3645,0.0,BTC-27DEC19-11000-P,9363.18,97.01,0.3645,6.0,0.3775,3.6,101.91,25.03946,-7.65055,-34.98677,6e-05,-0.45883
9386.43,BTC-27SEP19,1563361167597,open,0.21,218.1,0.1765,0.274,0.2254334,105.45,0.2285,0.0,BTC-27SEP19-10000-P,9363.18,104.07,0.223,14.4,0.231,4.8,108.61,16.53644,-12.13025,-12.68247,9e-05,-0.46071
9446.12,BTC-27DEC19,1563361167616,open,0.6,17.7,0.556,0.685,0.6205567,101.13,0.6235,0.0,BTC-27DEC19-14000-P,9363.18,98.39,0.6135,6.0,0.6285,3.6,104.19,24.43149,-7.58481,-51.30669,6e-05,-0.59663
201.15,ETH-27DEC19,1563361167652,open,1.97,0.0,1.905,2.146,2.025389,114.11,0.953,0.0,ETH-27DEC19-600-P,199.64,0.0,0.0,0.0,0.0,0.0,0.0,0.30805,-0.10791,-2.58431,0.0015,-0.85374
201.15,ETH-27DEC19,1563361167684,open,2.54,0.0,2.467,2.755,2.611079,118.22,None,0.0,ETH-27DEC19-720-P,199.64,0.0,0.003,5.0,0.0,0.0,0.0,0.25473,-0.09244,-3.14145,0.00119,-0.88874
9366.02,SYN.BTC-26JUL19,1563361167728,open,0.05,132.3,0.0005,0.0775,0.03785653,129.24,0.038,0.0,BTC-26JUL19-10500-C,9363.18,126.8,0.0365,29.0,0.0415,11.5,135.72,5.2264,-38.0513,0.64372,0.00019,0.3205
9386.43,BTC-27SEP19,1563361167803,open,0.26,901.1,0.2145,0.294,0.25412686,104.95,0.25,0.0,BTC-27SEP19-8000-C,9363.18,100.53,0.2475,11.0,0.256,11.0,106.2,14.07676,-10.27728,8.56863,8e-05,0.7177
9446.13,BTC-27DEC19,1563361167819,open,0.42,63.0,0.3655,0.445,0.40529798,98.05,0.4965,0.0,BTC-27DEC19-6500-C,9363.18,61.45,0.345,1.0,0.963,2.0,500.0,16.81763,-5.0623,17.28898,4e-05,0.81546
9386.42,BTC-27SEP19,1563361167809,open,0.36,60.1,0.326,0.436,0.38122324,107.54,0.395,0.0,BTC-27SEP19-12000-P,9363.18,105.94,0.3785,2.7,0.391,6.0,113.25,15.99548,-11.96618,-18.29888,9e-05,-0.60878
9446.13,BTC-27DEC19,1563361167826,open,0.14,217.3,0.0985,0.178,0.13837088,101.09,0.141,0.0,BTC-27DEC19-14000-C,9363.18,99.4,0.134,14.6,0.1425,0.2,102.69,24.4295,-7.5814,11.16473,6e-05,0.40324
9377.28,SYN.BTC-30AUG19,1563361167837,open,0.24,0.0,0.1895,0.269,0.22926493,113.38,None,0.0,BTC-30AUG19-8000-C,9363.18,104.88,0.2195,4.1,0.2305,4.3,114.45,10.8296,-13.99251,5.59884,9e-05,0.72596
9446.13,BTC-27DEC19,1563361167833,open,0.33,205.5,0.281,0.3605,0.32091296,98.06,0.32,0.0,BTC-27DEC19-8000-C,9363.18,94.99,0.314,11.0,0.323,11.0,98.98,21.2617,-6.40009,16.7988,5e-05,0.71944
9446.12,BTC-27DEC19,1563361167840,open,0.36,93.7,0.307,0.3865,0.34684837,98.06,0.346,0.0,BTC-27DEC19-7500-C,9363.18,94.11,0.3385,11.0,0.3485,11.0,98.84,19.98116,-6.01463,17.06346,5e-05,0.75166
9377.28,SYN.BTC-30AUG19,1563361167839,open,0.24,0.0,0.1895,0.269,0.22926493,113.38,None,0.0,BTC-30AUG19-8000-C,9363.18,104.88,0.2195,4.1,0.2305,4.2,114.45,10.8296,-13.99251,5.59884,9e-05,0.72596
9377.28,SYN.BTC-30AUG19,1563361167915,open,0.39,0.0,0.342,0.4215,0.38196338,116.79,None,0.0,BTC-30AUG19-6000-C,9363.18,0.0,0.0,0.0,0.0,0.0,0.0,5.53358,-7.36451,5.88557,4e-05,0.9041
9377.28,SYN.BTC-30AUG19,1563361167911,open,0.18,0.4,0.132,0.2115,0.17194977,112.11,0.1895,0.0,BTC-30AUG19-9000-C,9363.18,107.62,0.166,14.4,0.175,4.2,114.42,12.39965,-15.8422,5.02696,0.0001,0.61791
199.19,ETH-27SEP19,1563361167964,open,0.0,389.0,0.001,0.042,0.002511,133.71,0.002,0.0,ETH-27SEP19-60-P,199.64,129.11,0.002,246.0,0.004,500.0,144.33,0.02396,-0.02229,-0.00499,0.00023,-0.0102
199.19,ETH-27SEP19,1563361167969,open,0.09,5948.0,0.052,0.139,0.095689,112.53,0.084,0.0,ETH-27SEP19-160-P,199.64,108.36,0.09,215.0,0.101,160.0,116.24,0.27824,-0.21781,-0.13391,0.00316,-0.2456
199.3,SYN.ETH-30AUG19,1563361167988,open,0.22,220.0,0.182,0.28,0.231003,120.77,0.242,0.0,ETH-30AUG19-220-P,199.64,114.87,0.223,264.0,0.245,120.0,130.78,0.27556,-0.37924,-0.17771,0.00478,-0.51065
9363.77,SYN.BTC-19JUL19,1563361167998,open,0.2,224.5,0.1805,0.278,0.22920054,145.54,0.245,0.0,BTC-19JUL19-11500-P,9363.18,0.0,0.225,6.0,0.239,6.0,240.45,0.42593,-16.52411,-0.57821,6e-05,-0.97242
199.51,SYN.ETH-26JUL19,1563361167995,open,0.02,100.0,0.001,0.057,0.01704,134.92,0.017,0.0,ETH-26JUL19-250-C,199.64,137.44,0.018,134.0,0.023,283.0,149.46,0.07777,-0.59111,0.00727,0.00595,0.16679
9446.12,BTC-27DEC19,1563361168001,open,0.36,93.7,0.307,0.3865,0.34684837,98.06,0.346,0.0,BTC-27DEC19-7500-C,9363.18,94.58,0.3395,11.0,0.3485,11.0,98.84,19.98116,-6.01463,17.06346,5e-05,0.75166
9366.02,SYN.BTC-26JUL19,1563361168009,open,0.22,273.8,0.1965,0.2955,0.24612381,130.17,0.222,0.0,BTC-26JUL19-11500-P,9363.18,123.61,0.2435,7.5,0.258,7.5,156.65,3.85214,-28.24647,-2.42476,0.00014,-0.81852
201.15,ETH-27DEC19,1563361168019,open,0.87,241.0,0.828,0.979,0.903186,109.3,0.986,0.0,ETH-27DEC19-360-P,199.64,76.95,0.833,110.0,1.59,1.0,429.65,0.48828,-0.16384,-1.40955,0.00247,-0.66716
201.15,ETH-27DEC19,1563361168082,open,2.16,0.0,2.093,2.35,2.221218,116.4,None,0.0,ETH-27DEC19-640-P,199.64,0.0,0.0,0.0,0.0,0.0,0.0,0.29281,-0.10463,-2.76955,0.00139,-0.86428
9366.05,SYN.BTC-26JUL19,1563361168090,open,0.0,511.1,0.0005,0.0405,0.00073098,141.76,0.0005,0.0,BTC-26JUL19-16000-C,9363.18,0.0,0.0,0.0,0.001,3.7,147.35,0.4026,-3.21521,0.02201,1e-05,0.01039
9366.05,SYN.BTC-26JUL19,1563361168150,open,0.19,35.6,0.1305,0.21,0.17026132,132.49,0.1785,0.0,BTC-26JUL19-8000-C,9363.18,0.0,0.0005,5.0,0.0,0.0,0.0,4.00348,-29.88073,1.44986,0.00014,0.80685
199.12,ETH-27SEP19,1563361168247,open,0.01,4110.0,0.001,0.055,0.01501,116.1,0.012,0.0,ETH-27SEP19-100-P,199.64,109.73,0.012,563.0,0.018,500.0,121.88,0.09888,-0.07986,-0.02761,0.00109,-0.05542
199.51,SYN.ETH-26JUL19,1563361168249,open,0.01,810.0,0.001,0.045,0.00564,135.0,0.006,0.0,ETH-26JUL19-280-C,199.64,131.71,0.005,673.0,0.01,550.0,153.54,0.04002,-0.30434,0.00294,0.00306,0.06621
199.3,SYN.ETH-30AUG19,1563361168257,open,0.08,110.0,0.037,0.116,0.076379,121.61,0.075,0.0,ETH-30AUG19-260-C,199.64,116.58,0.07,503.0,0.083,243.0,126.84,0.25241,-0.3498,0.06252,0.00435,0.33731
9386.6,BTC-27SEP19,1563361168276,open,2.35,0.0,2.2765,2.549,2.41254679,119.85,None,0.0,BTC-27SEP19-32000-P,9363.18,0.0,0.0,0.0,0.0,0.0,0.0,2.07368,-1.72887,-62.69573,1e-05,-0.97933
199.3,SYN.ETH-30AUG19,1563361168276,open,0.03,50.0,0.001,0.071,0.031333,127.51,0.027,0.0,ETH-30AUG19-340-C,199.64,122.26,0.027,276.0,0.036,297.0,132.85,0.16934,-0.24607,0.03125,0.00278,0.16178
199.19,ETH-27SEP19,1563361168290,open,0.03,4141.0,0.001,0.07,0.030938,118.06,0.026,0.0,ETH-27SEP19-400-C,199.64,115.1,0.028,593.0,0.033,200.0,120.13,0.19917,-0.16357,0.0438,0.00216,0.14256
199.58,SYN.ETH-26JUL19,1563361168304,open,0.1,150.0,0.071,0.159,0.114599,135.38,0.121,0.0,ETH-26JUL19-210-P,199.64,137.27,0.116,140.0,0.126,272.0,153.45,0.12303,-0.93829,-0.03245,0.00938,-0.55386
9366.05,SYN.BTC-26JUL19,1563361168310,open,0.01,194.6,0.0005,0.049,0.009154,133.88,0.01,0.0,BTC-26JUL19-12500-C,9363.18,129.55,0.008,40.0,0.0115,44.4,141.96,2.57435,-19.41569,0.20826,9e-05,0.1006
201.15,ETH-27DEC19,1563361168320,open,0.1,488.0,0.053,0.132,0.092595,109.61,0.091,0.0,ETH-27DEC19-400-C,199.64,105.76,0.084,381.0,0.099,271.0,112.42,0.45497,-0.15309,0.17128,0.0023,0.28341
9366.05,SYN.BTC-26JUL19,1563361168319,open,0.01,194.6,0.0005,0.049,0.009154,133.88,0.01,0.0,BTC-26JUL19-12500-C,9363.18,129.55,0.008,40.0,0.0115,54.4,141.96,2.57435,-19.41569,0.20826,9e-05,0.1006
199.58,SYN.ETH-26JUL19,1563361168320,open,1.94,0.0,1.888,2.127,2.007301,271.49,None,0.0,ETH-26JUL19-600-P,199.64,0.0,0.0,0.0,0.0,0.0,0.0,0.00717,-0.10964,-0.14554,0.00027,-0.99154
9366.02,SYN.BTC-26JUL19,1563361168318,open,0.05,132.3,0.0005,0.0775,0.03787269,129.24,0.038,0.0,BTC-26JUL19-10500-C,9363.18,127.7,0.037,11.5,0.0415,11.5,135.72,5.2264,-38.0513,0.64372,0.00019,0.3205
199.51,SYN.ETH-26JUL19,1563361168328,open,0.03,979.0,0.001,0.064,0.024074,135.0,0.031,0.0,ETH-26JUL19-240-C,199.64,139.12,0.026,118.0,0.03,265.0,147.43,0.09211,-0.7005,0.0095,0.00705,0.21995
9366.02,SYN.BTC-26JUL19,1563361168334,open,0.15,53.1,0.093,0.1725,0.13286365,131.86,0.1405,0.0,BTC-26JUL19-8500-C,9363.18,122.63,0.128,6.0,0.1355,17.5,136.9,4.9398,-36.6932,1.33101,0.00018,0.71724
199.58,SYN.ETH-26JUL19,1563361168341,open,0.04,0.0,0.001,0.073,0.033555,134.83,None,0.0,ETH-26JUL19-230-C,199.64,135.67,0.034,149.0,0.041,243.0,148.62,0.10558,-0.80193,0.01218,0.00808,0.28452
9366.02,SYN.BTC-26JUL19,1563361168347,open,0.08,103.8,0.034,0.1135,0.07390541,129.23,0.087,0.0,BTC-26JUL19-9500-C,9363.18,125.4,0.0715,11.5,0.076,0.3,132.64,5.82399,-42.39851,0.99801,0.00021,0.51208
199.51,SYN.ETH-26JUL19,1563361168356,open,0.07,3238.0,0.042,0.128,0.085154,135.0,0.092,0.0,ETH-26JUL19-200-P,199.64,136.37,0.086,144.0,0.096,294.0,152.52,0.12358,-0.9398,-0.02658,0.00946,-0.46267
199.12,ETH-27SEP19,1563361168363,open,0.05,1732.0,0.002,0.081,0.041924,115.93,0.043,0.0,ETH-27SEP19-360-C,199.64,113.43,0.039,590.0,0.045,161.0,118.48,0.23639,-0.19063,0.05636,0.00261,0.18567
9366.02,SYN.BTC-26JUL19,1563361168367,open,0.05,132.3,0.0005,0.0775,0.03787269,129.24,0.038,0.0,BTC-26JUL19-10500-C,9363.18,127.7,0.037,11.5,0.042,14.2,136.6,5.2264,-38.0513,0.64372,0.00019,0.3205
199.19,ETH-27SEP19,1563361168375,open,0.04,1726.0,0.001,0.077,0.037101,118.06,0.025,0.0,ETH-27SEP19-380-C,199.64,118.01,0.037,1.0,0.039,160.0,119.8,0.22009,-0.18075,0.05049,0.00239,0.16578
199.19,ETH-27SEP19,1563361168381,open,2.35,0.0,2.285,2.558,2.42124,133.61,None,0.0,ETH-27SEP19-680-P,199.64,0.0,0.0,0.0,0.0,0.0,0.0,0.07305,-0.0679,-1.32706,0.0007,-0.962
199.56,SYN.ETH-19JUL19,1563361168382,open,0.03,502.0,0.001,0.058,0.018811,135.0,0.033,0.0,ETH-19JUL19-210-C,199.64,151.19,0.023,91.0,0.027,214.0,166.29,0.05089,-1.83153,0.00305,0.01842,0.31611
9366.02,SYN.BTC-26JUL19,1563361168374,open,0.05,132.3,0.0005,0.0775,0.03787269,129.24,0.038,0.0,BTC-26JUL19-10500-C,9363.18,127.7,0.037,11.5,0.042,24.2,136.6,5.2264,-38.0513,0.64372,0.00019,0.3205
199.56,SYN.ETH-19JUL19,1563361168387,open,0.05,154.0,0.001,0.077,0.037539,134.67,0.046,0.0,ETH-19JUL19-200-C,199.64,150.61,0.042,72.0,0.049,149.0,175.1,0.05705,-2.04809,0.00485,0.0207,0.51012
199.63,SYN.ETH-19JUL19,1563361168394,open,0.0,403.0,0.001,0.04,0.00033,135.19,0.006,0.0,ETH-19JUL19-160-P,199.64,194.7,0.003,79.0,0.006,663.0,228.78,0.00377,-0.06652,-0.0001,0.00136,-0.00986
199.56,SYN.ETH-19JUL19,1563361168399,open,0.06,166.0,0.029,0.113,0.071135,135.0,0.076,0.0,ETH-19JUL19-210-P,199.64,157.55,0.077,100.0,0.083,262.0,179.95,0.05089,-1.83153,-0.00774,0.01842,-0.68389
199.58,SYN.ETH-26JUL19,1563361168421,open,0.02,2.0,0.001,0.065,0.024875,135.18,0.032,0.0,ETH-26JUL19-170-P,199.64,139.93,0.027,397.0,0.033,200.0,153.39,0.0853,-0.64957,-0.01058,0.00651,-0.19311
199.51,SYN.ETH-26JUL19,1563361168436,open,0.05,10.0,0.018,0.102,0.060173,135.0,0.05,0.0,ETH-26JUL19-190-P,199.64,138.11,0.062,118.0,0.07,200.0,151.68,0.11725,-0.89171,-0.02077,0.00897,-0.36792
9446.32,BTC-27DEC19,1563361168467,open,0.0,88.9,0.0005,0.042,0.00232893,112.54,0.003,0.0,BTC-27DEC19-2000-P,9364.73,105.55,0.0015,10.0,0.0035,16.0,120.11,1.2798,-0.44215,-0.40691,0.0,-0.00732
9447.87,BTC-27DEC19,1563361168468,open,0.74,0.0,0.6995,0.779,0.73933616,105.45,None,0.0,BTC-27DEC19-2500-C,9364.73,0.0,0.0155,3.0,0.978,0.5,500.0,2.05086,-0.66392,10.45993,0.0,0.98744
9386.6,BTC-27SEP19,1563361168468,open,0.0,1657.1,0.0005,0.04,0.00015819,145.0,0.0005,0.0,BTC-27SEP19-1500-P,9364.73,0.0,0.0,0.0,0.001,21.1,177.59,0.10868,-0.10962,-0.01693,0.0,-0.00076
9386.6,BTC-27SEP19,1563361168469,open,2.14,0.0,2.0725,2.328,2.20018374,117.7,None,0.0,BTC-27SEP19-30000-P,9364.73,0.0,0.0,0.0,0.0,0.0,0.0,2.41796,-1.97978,-58.69404,1e-05,-0.9752
9447.87,BTC-27DEC19,1563361168468,open,3.17,0.0,3.0815,3.4215,3.25154415,115.38,None,0.0,BTC-27DEC19-40000-P,9364.73,0.0,0.0005,3.0,0.0,0.0,0.0,8.33549,-2.95245,-176.35503,2e-05,-0.93148
9386.6,BTC-27SEP19,1563361168469,open,0.62,29.6,0.5855,0.717,0.65138984,109.25,0.601,0.0,BTC-27SEP19-15000-P,9364.73,0.0,0.005,10.0,1.265,0.3,500.0,12.78139,-9.7138,-26.19219,7e-05,-0.76562
9447.87,BTC-27DEC19,1563361168470,open,0.04,234.7,0.0005,0.082,0.04054787,98.08,0.041,0.0,BTC-27DEC19-5000-P,9364.73,96.28,0.0385,10.0,0.0425,6.0,99.77,10.83198,-3.26149,-5.79903,3e-05,-0.097
9447.87,BTC-27DEC19,1563361168470,open,4.41,1.0,4.294,4.735,4.51450444,120.08,4.454,0.0,BTC-27DEC19-52000-P,9364.73,0.0,0.001,1.0,0.0,0.0,0.0,5.68659,-2.09623,-230.70805,1e-05,-0.95774
9447.87,BTC-27DEC19,1563361168470,open,0.69,5.6,0.6425,0.779,0.71071467,101.96,0.7075,0.0,BTC-27DEC19-15000-P,9364.73,0.0,0.005,10.0,1.4695,0.2,500.0,23.77904,-7.44272,-56.6244,6e-05,-0.63238
9363.79,SYN.BTC-19JUL19,1563361168469,open,0.17,0.0,0.1085,0.188,0.14836588,144.99,None,0.0,BTC-19JUL19-8000-C,9364.73,0.0,0.0,0.0,0.0,0.0,0.0,0.78517,-30.34575,0.38159,0.00012,0.94138
9447.87,BTC-27DEC19,1563361168470,open,1.74,0.0,1.6825,1.9055,1.79388214,108.21,None,0.0,BTC-27DEC19-26000-P,9364.73,0.0,0.005,10.0,2.6005,0.2,500.0,14.67474,-4.87452,-111.4913,3e-05,-0.85062
9447.87,BTC-27DEC19,1563361168470,open,0.65,4.0,0.6015,0.681,0.64138797,100.08,0.64,0.0,BTC-27DEC19-3500-C,9364.73,0.0,0.0075,0.2,0.78,1.0,256.76,4.80863,-1.47732,13.66842,1e-05,0.96559
9447.87,BTC-27DEC19,1563361168470,open,0.79,0.0,0.751,0.8305,0.790602,112.26,None,0.0,BTC-27DEC19-2000-C,9364.73,0.0,0.0155,3.0,0.981,0.5,500.0,1.26632,-0.43641,8.5231,0.0,0.99276
9447.87,BTC-27DEC19,1563361168471,open,3.99,0.0,3.8895,4.296,4.09275828,118.38,None,0.0,BTC-27DEC19-48000-P,9364.73,0.0,0.0,0.0,0.0,0.0,0.0,6.34806,-2.30694,-212.66621,1e-05,-0.95154
9447.87,BTC-27DEC19,1563361168471,open,1.94,0.1,1.88,2.1195,1.99954031,109.18,2.02,0.0,BTC-27DEC19-28000-P,9364.73,0.0,0.001,1.0,2.5,0.1,317.38,13.37196,-4.48163,-120.96656,3e-05,-0.86971
9447.87,BTC-27DEC19,1563361168471,open,0.03,58.2,0.0005,0.0665,0.02673614,110.72,0.03,0.0,BTC-27DEC19-32000-C,9364.73,109.22,0.025,6.0,0.0295,21.0,113.01,11.10373,-3.77407,3.10317,3e-05,0.10034
9447.87,BTC-27DEC19,1563361168472,open,0.96,12.4,0.9135,1.0725,0.99292331,103.82,0.559,0.0,BTC-27DEC19-18000-P,9364.73,0.0,0.005,5.0,1.777,0.2,500.0,21.24668,-6.77123,-72.21455,5e-05,-0.71996
9377.37,SYN.BTC-30AUG19,1563361168470,open,0.51,0.0,0.473,0.595,0.5340382,116.38,None,0.0,BTC-30AUG19-14000-P,9364.73,0.0,0.0,0.0,0.0,0.0,0.0,9.48312,-12.57742,-14.87588,8e-05,-0.78565
9447.87,BTC-27DEC19,1563361168472,open,2.76,1.3,2.679,2.985,2.8320788,113.33,2.792,0.0,BTC-27DEC19-36000-P,9364.73,0.0,0.0005,1.0,0.0,0.0,0.0,9.60144,-3.34025,-158.08184,2e-05,-0.91752
9447.87,BTC-27DEC19,1563361168472,open,2.15,0.2,2.0785,2.3345,2.20639656,110.13,2.2245,0.0,BTC-27DEC19-30000-P,9364.73,0.0,0.0,0.0,0.0,0.0,0.0,12.21715,-4.13055,-130.35072,3e-05,-0.88544
9363.79,SYN.BTC-19JUL19,1563361168467,open,0.0,146.9,0.0005,0.04,2.661e-05,145.0,0.0005,0.0,BTC-19JUL19-13000-C,9364.73,0.0,0.0,0.0,0.001,2.0,212.59,0.02162,-0.24915,0.00045,0.0,0.00095
9377.37,SYN.BTC-30AUG19,1563361168471,open,0.02,0.5,0.0005,0.0545,0.01468656,120.81,0.02,0.0,BTC-30AUG19-18000-C,9364.73,114.73,0.0115,34.0,0.0165,15.0,123.96,5.23314,-7.20465,0.83695,4e-05,0.08893
9366.05,SYN.BTC-26JUL19,1563361168470,open,0.0,162.8,0.0005,0.04,7.722e-05,145.0,0.001,0.0,BTC-26JUL19-19000-C,9364.73,0.0,0.0,0.0,0.0005,4.6,172.27,0.06182,-0.505,0.00275,0.0,0.00128
9377.37,SYN.BTC-30AUG19,1563361168472,open,0.7,0.0,0.6615,0.799,0.7302178,118.4,None,0.0,BTC-30AUG19-16000-P,9364.73,0.0,0.0,0.0,0.0,0.0,0.0,7.11202,-9.59623,-17.96505,6e-05,-0.86352
9447.87,BTC-27DEC19,1563361168500,open,1.74,0.0,1.6825,1.9055,1.79388214,108.21,None,0.0,BTC-27DEC19-26000-P,9364.73,0.0,0.005,10.0,2.5995,0.2,500.0,14.67474,-4.87452,-111.4913,3e-05,-0.85062
9447.87,BTC-27DEC19,1563361168508,open,1.35,3.9,1.2925,1.483,1.38754785,106.06,0.752,0.0,BTC-27DEC19-22000-P,9364.73,0.0,0.0065,2.0,2.187,0.3,500.0,17.71026,-5.76598,-92.19361,4e-05,-0.79922
9447.87,BTC-27DEC19,1563361168512,open,1.54,0.0,1.4865,1.693,1.58975314,107.19,None,0.0,BTC-27DEC19-24000-P,9364.73,0.0,0.0065,1.0,2.393,0.2,500.0,16.12594,-5.30624,-101.90686,4e-05,-0.82741
9447.87,BTC-27DEC19,1563361168514,open,0.96,12.4,0.9135,1.0725,0.99292331,103.82,0.559,0.0,BTC-27DEC19-18000-P,9364.73,0.0,0.005,5.0,1.776,0.2,500.0,21.24668,-6.77123,-72.21455,5e-05,-0.71996
9366.05,SYN.BTC-26JUL19,1563361168525,open,0.0,313.8,0.0005,0.04,3.386e-05,145.0,0.001,0.0,BTC-26JUL19-20000-C,9364.73,0.0,0.0,0.0,0.0005,5.9,182.94,0.0304,-0.24834,0.00127,0.0,0.00059
201.15,ETH-27DEC19,1563361168536,open,0.37,0.0,0.324,0.403,0.363641,106.33,None,0.0,ETH-27DEC19-160-C,199.64,0.0,0.001,1000.0,1.6,1.0,500.0,0.42616,-0.1391,0.34762,0.00222,0.75092
199.37,SYN.ETH-30AUG19,1563361168614,open,0.7,0.0,0.668,0.806,0.737344,128.16,None,0.0,ETH-30AUG19-340-P,199.64,0.0,0.0,0.0,0.0,0.0,0.0,0.17074,-0.24937,-0.37711,0.00279,-0.83625
199.63,SYN.ETH-19JUL19,1563361168620,open,0.47,211.0,0.444,0.563,0.503321,234.83,0.495,0.0,ETH-19JUL19-300-P,199.64,0.0,0.002,25.0,0.0,0.0,0.0,0.00373,-0.23371,-0.01532,0.00078,-0.99024
9377.37,SYN.BTC-30AUG19,1563361168675,open,0.31,0.0,0.2595,0.339,0.2990577,114.51,None,0.0,BTC-30AUG19-7000-C,9364.73,0.0,0.0,0.0,0.0,0.0,0.0,8.37779,-10.93237,5.92971,7e-05,0.8251
9377.37,SYN.BTC-30AUG19,1563361168698,open,0.42,0.0,0.383,0.4975,0.4403381,115.11,None,0.0,BTC-30AUG19-13000-P,9364.73,0.0,0.0,0.0,0.0,0.0,0.0,10.70937,-14.0477,-13.21528,9e-05,-0.73203
199.63,SYN.ETH-19JUL19,1563361168774,open,0.0,573.0,0.001,0.04,0.0,134.9,0.001,0.0,ETH-19JUL19-320-C,199.64,0.0,0.0,0.0,0.001,300.0,288.22,0.0,0.0,0.0,0.0,0.0
199.3,SYN.ETH-30AUG19,1563361168857,open,0.03,494.0,0.001,0.065,0.025998,129.42,0.027,0.0,ETH-30AUG19-360-C,199.64,122.57,0.021,575.0,0.03,300.0,134.54,0.15162,-0.22361,0.02662,0.00245,0.1371
199.3,SYN.ETH-30AUG19,1563361168860,open,0.07,260.0,0.021,0.1,0.060876,123.5,0.056,0.0,ETH-30AUG19-280-C,199.64,119.33,0.056,248.0,0.066,261.0,127.88,0.23299,-0.32792,0.05274,0.00395,0.28098
199.51,SYN.ETH-26JUL19,1563361168870,open,0.07,216.0,0.023,0.102,0.062279,134.88,0.066,0.0,ETH-26JUL19-210-C,199.64,136.17,0.063,120.0,0.071,190.0,149.12,0.12294,-0.93408,0.01857,0.00942,0.44497
199.51,SYN.ETH-26JUL19,1563361168877,open,0.13,2700.0,0.103,0.194,0.14876,135.0,0.155,0.0,ETH-26JUL19-220-P,199.64,128.52,0.145,272.0,0.163,100.0,159.04,0.11637,-0.88501,-0.03828,0.00891,-0.64021
9363.79,SYN.BTC-19JUL19,1563361168903,open,0.01,232.0,0.0005,0.0465,0.00682347,140.7,0.0065,0.0,BTC-19JUL19-10500-C,9364.73,144.88,0.0075,0.3,0.009,11.0,153.68,1.48642,-55.74881,0.06358,0.00023,0.13895
9363.79,SYN.BTC-19JUL19,1563361168908,open,0.01,232.0,0.0005,0.0465,0.00682347,140.7,0.0065,0.0,BTC-19JUL19-10500-C,9364.73,144.88,0.0075,0.3,0.009,21.0,153.68,1.48642,-55.74881,0.06358,0.00023,0.13895
9363.79,SYN.BTC-19JUL19,1563361168912,open,0.02,115.8,0.0005,0.0555,0.01581865,139.36,0.015,0.0,BTC-19JUL19-10000-C,9364.73,138.02,0.0155,2.3,0.0165,0.1,142.22,2.22596,-82.69402,0.12307,0.00035,0.27158
9388.15,BTC-27SEP19,1563361168913,open,0.0,433.4,0.0005,0.043,0.00294478,114.17,0.002,0.0,BTC-27SEP19-3500-P,9364.73,111.19,0.0025,4.0,0.0035,24.0,117.52,1.47509,-1.17152,-0.31091,1e-05,-0.01387
9386.6,BTC-27SEP19,1563361168905,open,0.4,714.8,0.354,0.4335,0.39379783,105.14,0.434,0.0,BTC-27SEP19-6000-C,9364.73,98.27,0.388,11.0,0.397,11.0,108.77,8.162,-5.96992,9.05088,4e-05,0.88346
9386.6,BTC-27SEP19,1563361168917,open,0.53,78.2,0.495,0.6195,0.55727126,108.46,0.54,0.0,BTC-27SEP19-14000-P,9364.73,105.23,0.5525,6.0,0.5715,6.0,117.79,13.96343,-10.53574,-23.65318,7e-05,-0.72238
9386.6,BTC-27SEP19,1563361168922,open,0.53,78.2,0.495,0.6195,0.55727126,108.46,0.54,0.0,BTC-27SEP19-14000-P,9364.73,105.23,0.5525,6.0,0.572,6.0,118.11,13.96343,-10.53574,-23.65318,7e-05,-0.72238
199.19,ETH-27SEP19,1563361168964,open,0.64,496.0,0.601,0.733,0.667022,115.11,0.67,0.0,ETH-27SEP19-320-P,199.64,0.0,0.041,30.0,1.39,1.0,500.0,0.28124,-0.22521,-0.55559,0.00313,-0.74941
199.19,ETH-27SEP19,1563361168974,open,0.44,47.0,0.389,0.468,0.428631,112.9,0.689,0.0,ETH-27SEP19-120-C,199.64,0.0,0.0,0.0,0.0,0.0,0.0,0.15904,-0.12491,0.18353,0.0018,0.89652
199.19,ETH-27SEP19,1563361168978,open,0.61,0.0,0.565,0.644,0.604943,122.9,None,0.0,ETH-27SEP19-80-C,199.64,0.0,0.003,10.0,0.0,0.0,0.0,0.05316,-0.04545,0.14481,0.00055,0.97413
199.58,SYN.ETH-26JUL19,1563361168986,open,0.0,1920.0,0.001,0.04,8.9e-05,134.93,0.001,0.0,ETH-26JUL19-380-C,199.64,0.0,0.0,0.0,0.001,152.0,172.06,0.00158,-0.01198,7e-05,0.00012,0.00156
201.16,ETH-27DEC19,1563361168988,open,0.54,441.0,0.501,0.625,0.563333,107.22,0.561,0.0,ETH-27DEC19-280-P,199.64,102.03,0.55,30.0,0.577,30.0,112.22,0.53322,-0.17551,-0.99187,0.00275,-0.54125
9366.05,SYN.BTC-26JUL19,1563361168991,open,0.01,475.8,0.0005,0.047,0.00704761,135.73,0.007,0.0,BTC-26JUL19-7000-P,9364.73,137.87,0.0075,0.1,0.009,37.5,144.6,1.94426,-14.86571,-0.17371,7e-05,-0.06922
199.19,ETH-27SEP19,1563361169000,open,0.0,1735.0,0.001,0.046,0.006581,122.94,0.006,0.0,ETH-27SEP19-80-P,199.64,116.57,0.005,300.0,0.008,500.0,127.98,0.05321,-0.04551,-0.01274,0.00055,-0.0259
9366.05,SYN.BTC-26JUL19,1563361168993,open,0.01,280.7,0.0005,0.0445,0.00456449,137.12,0.006,0.0,BTC-26JUL19-13500-C,9364.73,133.72,0.004,10.1,0.0055,3.3,142.28,1.61264,-12.4571,0.11369,6e-05,0.05448
199.19,ETH-27SEP19,1563361169041,open,0.02,2417.0,0.001,0.062,0.022855,119.56,0.017,0.0,ETH-27SEP19-440-C,199.64,116.02,0.02,601.0,0.026,200.0,123.22,0.16582,-0.13791,0.03404,0.00178,0.10964
199.19,ETH-27SEP19,1563361169041,open,0.52,0.0,0.473,0.552,0.512952,116.1,None,0.0,ETH-27SEP19-100-C,199.64,0.0,0.003,10.0,0.0,0.0,0.0,0.09881,-0.0798,0.16934,0.00109,0.94466
199.58,SYN.ETH-26JUL19,1563361169041,open,0.47,659.0,0.446,0.566,0.506226,139.19,0.34,0.0,ETH-26JUL19-300-P,199.64,0.0,0.03,1.0,3.4,5.0,500.0,0.02596,-0.20359,-0.07124,0.00193,-0.96156
199.19,ETH-27SEP19,1563361169043,open,1.96,27.0,1.902,2.142,2.02211,128.95,1.044,0.0,ETH-27SEP19-600-P,199.64,0.0,0.0,0.0,0.0,0.0,0.0,0.09176,-0.08231,-1.16563,0.00091,-0.94959
9388.15,BTC-27SEP19,1563361169066,open,0.07,163.5,0.026,0.1055,0.06579526,108.42,0.069,0.0,BTC-27SEP19-14000-C,9364.73,106.56,0.063,32.9,0.069,11.0,110.59,13.96517,-10.53301,3.91631,7e-05,0.2776
9388.15,BTC-27SEP19,1563361169069,open,0.09,208.8,0.042,0.1215,0.08157466,107.63,0.083,0.0,BTC-27SEP19-13000-C,9364.73,105.73,0.0785,32.4,0.0855,11.0,110.09,15.06849,-11.28172,4.5746,8e-05,0.32898
199.19,ETH-27SEP19,1563361169104,open,0.37,191.0,0.316,0.395,0.355965,113.11,0.5,0.0,ETH-27SEP19-140-C,199.64,0.0,0.01,50.0,0.0,0.0,0.0,0.22382,-0.17611,0.18587,0.00253,0.82983
199.19,ETH-27SEP19,1563361169110,open,0.05,7577.0,0.017,0.101,0.058812,113.11,0.057,0.0,ETH-27SEP19-140-P,199.64,109.69,0.055,257.0,0.063,160.0,116.81,0.22382,-0.17611,-0.08982,0.00253,-0.17017
199.19,ETH-27SEP19,1563361169123,open,0.14,1653.0,0.089,0.168,0.128837,112.14,0.127,0.0,ETH-27SEP19-240-C,199.64,107.67,0.121,337.0,0.135,120.0,115.64,0.34986,-0.27291,0.12596,0.00399,0.44997
199.19,ETH-27SEP19,1563361169129,open,0.72,345.0,0.687,0.827,0.757227,115.53,0.76,0.0,ETH-27SEP19-340-P,199.64,0.0,0.697,110.0,1.19,1.0,375.11,0.2588,-0.20799,-0.60463,0.00287,-0.78424
199.19,ETH-27SEP19,1563361169129,open,1.38,0.0,1.331,1.525,1.428064,122.52,None,0.0,ETH-27SEP19-480-P,199.64,0.0,0.0,0.0,0.0,0.0,0.0,0.14256,-0.1215,-0.91742,0.00149,-0.91083
199.63,SYN.ETH-19JUL19,1563361169148,open,0.0,459.0,0.001,0.04,0.0,134.91,0.001,0.0,ETH-19JUL19-340-C,199.64,0.0,0.0,0.0,0.001,300.0,319.02,0.0,0.0,0.0,0.0,0.0
9446.32,BTC-27DEC19,1563361169157,open,0.36,93.7,0.307,0.3865,0.3468654,98.06,0.346,0.0,BTC-27DEC19-7500-C,9364.73,94.58,0.3395,11.0,0.349,11.0,99.07,19.98114,-6.01462,17.06389,5e-05,0.75167
9386.6,BTC-27SEP19,1563361169165,open,0.4,714.8,0.354,0.4335,0.39380735,105.14,0.434,0.0,BTC-27SEP19-6000-C,9364.73,99.49,0.389,11.0,0.397,11.0,108.77,8.162,-5.96992,9.05088,4e-05,0.88346
9386.6,BTC-27SEP19,1563361169177,open,0.53,78.2,0.495,0.6195,0.55724815,108.46,0.54,0.0,BTC-27SEP19-14000-P,9364.73,105.23,0.5525,6.0,0.5705,6.0,117.15,13.96343,-10.53574,-23.65318,7e-05,-0.72238
9446.32,BTC-27DEC19,1563361169192,open,0.36,93.7,0.307,0.3865,0.3468654,98.06,0.346,0.0,BTC-27DEC19-7500-C,9364.73,94.58,0.3395,11.0,0.348,11.0,98.6,19.98114,-6.01462,17.06389,5e-05,0.75167
9446.32,BTC-27DEC19,1563361169214,open,0.19,196.8,0.1405,0.22,0.18006525,100.07,0.1905,0.0,BTC-27DEC19-12000-C,9364.73,98.17,0.175,24.6,0.185,11.0,101.92,25.16706,-7.73145,13.08769,6e-05,0.49055
9447.87,BTC-27DEC19,1563361169225,open,0.43,83.4,0.3925,0.508,0.45024375,100.14,0.4295,0.0,BTC-27DEC19-12000-P,9364.73,97.54,0.4435,6.0,0.4575,3.6,102.8,25.17161,-7.738,-40.4561,6e-05,-0.50917
9446.32,BTC-27DEC19,1563361169227,open,0.19,196.8,0.1405,0.22,0.18006525,100.07,0.1905,0.0,BTC-27DEC19-12000-C,9364.73,98.17,0.175,24.6,0.185,21.0,101.92,25.16706,-7.73145,13.08769,6e-05,0.49055
9388.15,BTC-27SEP19,1563361169243,open,0.36,60.1,0.326,0.436,0.38113677,107.6,0.395,0.0,BTC-27SEP19-12000-P,9364.73,105.75,0.378,2.7,0.391,6.0,113.35,16.00187,-11.97723,-18.29511,9e-05,-0.60848
9367.62,SYN.BTC-26JUL19,1563361169320,open,0.32,56.6,0.2905,0.3975,0.34376173,134.64,0.3555,0.0,BTC-26JUL19-12500-P,9364.73,0.0,0.333,7.5,0.3715,7.5,206.01,2.60494,-19.7572,-2.82814,9e-05,-0.89778
9367.62,SYN.BTC-26JUL19,1563361169351,open,0.57,10.0,0.539,0.667,0.60312049,144.16,0.17,0.0,BTC-26JUL19-15000-P,9364.73,0.0,0.0,0.0,0.0,0.0,0.0,0.81778,-6.64138,-3.59768,3e-05,-0.97625
199.19,ETH-27SEP19,1563361169358,open,2.54,0.0,2.476,2.765,2.620743,134.47,None,0.0,ETH-27SEP19-720-P,199.64,0.0,0.0,0.0,0.0,0.0,0.0,0.06311,-0.05904,-1.40774,0.0006,-0.9682
201.15,ETH-27DEC19,1563361169373,open,1.41,21.0,1.354,1.549,1.451581,111.23,0.629,0.0,ETH-27DEC19-480-P,199.64,0.0,1.347,110.0,0.0,0.0,0.0,0.38955,-0.13301,-2.01014,0.00194,-0.78787
9388.2,BTC-27SEP19,1563361169396,open,0.03,310.3,0.0005,0.0695,0.0298961,111.85,0.0305,0.0,BTC-27SEP19-18000-C,9364.73,109.94,0.028,5.0,0.0315,11.0,113.43,9.44429,-7.34864,2.10656,5e-05,0.14384
199.56,SYN.ETH-19JUL19,1563361169397,open,0.01,0.0,0.001,0.059,0.018459,135.25,None,0.0,ETH-19JUL19-190-P,199.64,161.14,0.025,90.0,0.03,429.0,180.6,0.04893,-1.76421,-0.00316,0.01768,-0.28955
199.3,SYN.ETH-30AUG19,1563361169408,open,0.11,473.0,0.058,0.137,0.097893,120.61,0.1,0.0,ETH-30AUG19-240-C,199.64,114.02,0.089,496.0,0.104,223.0,125.19,0.26813,-0.36855,0.07406,0.00466,0.40697
9388.15,BTC-27SEP19,1563361169425,open,0.59,227.5,0.539,0.6185,0.57890273,109.3,0.7065,0.0,BTC-27SEP19-4000-C,9364.73,63.98,0.574,11.0,0.581,11.0,117.47,2.24283,-1.70539,7.36708,1e-05,0.97733
9388.2,BTC-27SEP19,1563361169445,open,2.14,0.0,2.0725,2.328,2.20012285,119.5,None,0.0,BTC-27SEP19-30000-P,9364.73,0.0,0.0,0.0,0.0,0.0,0.0,2.60251,-2.1634,-58.66089,1e-05,-0.97293
9388.15,BTC-27SEP19,1563361169444,open,0.59,227.5,0.539,0.6185,0.57890273,109.3,0.7065,0.0,BTC-27SEP19-4000-C,9364.73,63.98,0.574,11.0,0.58,11.0,113.91,2.24283,-1.70539,7.36708,1e-05,0.97733
9447.87,BTC-27DEC19,1563361169456,open,0.25,452.1,0.198,0.2775,0.23772406,98.71,0.238,0.0,BTC-27DEC19-10000-C,9364.73,96.72,0.2325,3.6,0.242,11.0,100.39,24.44233,-7.40681,15.11686,6e-05,0.59622
201.15,ETH-27DEC19,1563361169463,open,0.22,381.0,0.177,0.256,0.216811,106.38,0.231,0.0,ETH-27DEC19-240-C,199.64,102.3,0.206,364.0,0.227,214.0,110.23,0.53301,-0.17406,0.29236,0.00278,0.54252
9447.94,BTC-27DEC19,1563361169467,open,0.7,0.0,0.6495,0.729,0.68943109,101.9,None,0.0,BTC-27DEC19-3000-C,9365.81,0.0,0.0055,0.1,0.976,0.5,500.0,3.23581,-1.01218,12.19143,1e-05,0.9786
9447.94,BTC-27DEC19,1563361169467,open,3.17,0.0,3.081,3.4205,3.25077341,114.53,None,0.0,BTC-27DEC19-40000-P,9365.81,0.0,0.0005,3.0,0.0,0.0,0.0,8.12994,-2.85845,-176.4157,2e-05,-0.93366
9447.94,BTC-27DEC19,1563361169467,open,0.48,60.5,0.4335,0.513,0.47343571,98.06,0.567,0.0,BTC-27DEC19-5500-C,9365.81,95.53,0.47,1.0,0.966,5.0,500.0,12.94493,-3.89669,16.95727,3e-05,0.87565
9447.94,BTC-27DEC19,1563361169467,open,2.35,0.3,2.278,2.5505,2.41430033,111.21,2.435,0.0,BTC-27DEC19-32000-P,9365.81,0.0,0.0,0.0,0.0,0.0,0.0,11.23135,-3.83442,-139.64968,3e-05,-0.89807
9447.94,BTC-27DEC19,1563361169467,open,0.0,184.7,0.0005,0.044,0.00399481,105.68,0.003,0.0,BTC-27DEC19-2500-P,9365.81,103.33,0.0035,10.0,0.005,12.0,109.98,2.06582,-0.67019,-0.70246,0.0,-0.01267
9447.94,BTC-27DEC19,1563361169467,open,0.04,139.4,0.0015,0.081,0.04145201,107.89,0.0455,0.0,BTC-27DEC19-26000-C,9365.81,106.61,0.0395,6.0,0.0445,21.0,109.83,14.59662,-4.83446,4.50015,3e-05,0.14819
9447.94,BTC-27DEC19,1563361169467,open,3.58,0.0,3.485,3.858,3.67162818,116.8,None,0.0,BTC-27DEC19-44000-P,9365.81,0.0,0.0,0.0,0.0,0.0,0.0,7.20921,-2.58496,-194.55785,2e-05,-0.94312
9449.02,BTC-27DEC19,1563361169467,open,0.78,7.1,0.7305,0.8745,0.80240399,102.44,0.491,0.0,BTC-27DEC19-16000-P,9365.81,0.0,0.005,5.0,1.5715,0.2,500.0,22.9821,-7.2271,-61.89389,6e-05,-0.6655
9389.28,BTC-27SEP19,1563361169468,open,0.0,383.8,0.0005,0.0405,0.00076676,124.58,0.0005,0.0,BTC-27SEP19-2500-P,9365.81,0.0,0.0,0.0,0.0015,0.1,136.02,0.47063,-0.40788,-0.0843,0.0,-0.00379
9389.28,BTC-27SEP19,1563361169468,open,0.0,490.7,0.0005,0.0405,0.00054593,139.28,0.0005,0.0,BTC-27SEP19-2000-P,9365.81,0.0,0.0,0.0,0.001,6.0,149.92,0.3197,-0.30975,-0.05574,0.0,-0.00247
9389.28,BTC-27SEP19,1563361169468,open,1.73,0.0,1.667,1.889,1.77794889,119.14,None,0.0,BTC-27SEP19-26000-P,9365.81,0.0,0.0,0.0,0.0,0.0,0.0,4.1763,-3.46136,-50.47043,2e-05,-0.95175
9389.28,BTC-27SEP19,1563361169468,open,1.11,0.0,1.0655,1.2375,1.15144755,113.95,None,0.0,BTC-27SEP19-20000-P,9365.81,0.0,0.005,10.0,1.754,0.2,500.0,7.68114,-6.08881,-37.80019,4e-05,-0.89298
9389.28,BTC-27SEP19,1563361169468,open,1.52,0.2,1.465,1.67,1.56749653,117.11,1.6,0.0,BTC-27SEP19-24000-P,9365.81,0.0,0.0,0.0,0.0,0.0,0.0,5.03121,-4.09883,-46.34253,2e-05,-0.93895
9389.28,BTC-27SEP19,1563361169468,open,1.93,0.0,1.8695,2.108,1.9886952,119.92,None,0.0,BTC-27SEP19-28000-P,9365.81,0.0,0.0,0.0,0.0,0.0,0.0,3.36615,-2.80811,-54.57572,2e-05,-0.96304
9449.02,BTC-27DEC19,1563361169468,open,0.01,340.0,0.0005,0.047,0.0070104,102.05,0.0065,0.0,BTC-27DEC19-3000-P,9365.81,100.54,0.0065,10.0,0.008,12.0,104.83,3.24844,-1.01767,-1.20189,1e-05,-0.02149
9449.02,BTC-27DEC19,1563361169469,open,0.12,151.0,0.069,0.1485,0.10890225,102.35,0.1085,0.0,BTC-27DEC19-16000-C,9365.81,100.74,0.105,15.9,0.113,10.0,104.03,22.97312,-7.21834,9.49828,6e-05,0.33417
9365.34,SYN.BTC-19JUL19,1563361169467,open,0.41,35.3,0.3845,0.499,0.44173118,196.14,0.2545,0.0,BTC-19JUL19-13500-P,9365.81,0.0,0.05,0.1,0.0,0.0,0.0,0.10901,-5.69946,-0.69113,1e-05,-0.9943
9389.28,BTC-27SEP19,1563361169469,open,1.31,0.2,1.264,1.452,1.35795367,114.7,1.391,0.0,BTC-27SEP19-22000-P,9365.81,0.0,0.005,10.0,1.8,0.1,399.75,6.07943,-4.85094,-42.15396,3e-05,-0.92195
9449.02,BTC-27DEC19,1563361169469,open,4.41,1.0,4.293,4.734,4.513496,119.51,4.454,0.0,BTC-27DEC19-52000-P,9365.81,0.0,0.001,1.0,0.0,0.0,0.0,5.57043,-2.04358,-230.73871,1e-05,-0.95881
9389.28,BTC-27SEP19,1563361169469,open,0.72,34.4,0.678,0.8175,0.74774307,110.08,0.3735,0.0,BTC-27SEP19-16000-P,9365.81,0.0,0.005,10.0,1.3615,0.2,500.0,11.61304,-8.89313,-28.64394,6e-05,-0.80147
9365.34,SYN.BTC-19JUL19,1563361169467,open,0.0,415.6,0.0005,0.04,3.6e-07,144.95,0.0005,0.0,BTC-19JUL19-14500-C,9365.81,0.0,0.0,0.0,0.0025,10.0,309.0,0.00048,-0.00339,1e-05,0.0,2e-05
9449.02,BTC-27DEC19,1563361169470,open,2.15,0.2,2.078,2.334,2.20588929,110.03,2.2245,0.0,BTC-27DEC19-30000-P,9365.81,0.0,0.0,0.0,0.0,0.0,0.0,12.19484,-4.11921,-130.35841,3e-05,-0.88575
9367.62,SYN.BTC-26JUL19,1563361169468,open,0.88,0.0,0.8455,0.9985,0.92200977,160.78,None,0.0,BTC-26JUL19-18000-P,9365.81,0.0,0.0,0.0,0.0,0.0,0.0,0.26942,-2.44023,-4.36321,1e-05,-0.99342
9449.02,BTC-27DEC19,1563361169470,open,1.94,0.1,1.8795,2.1185,1.9990118,109.05,2.02,0.0,BTC-27DEC19-28000-P,9365.81,0.0,0.001,1.0,2.5,0.1,317.52,13.34368,-4.46696,-120.97674,3e-05,-0.87013
9449.02,BTC-27DEC19,1563361169471,open,2.76,1.3,2.6785,2.9845,2.83138781,113.09,2.792,0.0,BTC-27DEC19-36000-P,9365.81,0.0,0.0005,1.0,0.0,0.0,0.0,9.54628,-3.31427,-158.099,2e-05,-0.91816
9389.28,BTC-27SEP19,1563361169471,open,2.35,0.0,2.276,2.5485,2.41248539,123.63,None,0.0,BTC-27SEP19-32000-P,9365.81,0.0,0.0,0.0,0.0,0.0,0.0,2.43145,-2.09109,-62.63322,1e-05,-0.97505
9367.62,SYN.BTC-26JUL19,1563361169467,open,0.52,10.8,0.4885,0.612,0.55021477,140.4,0.166,0.0,BTC-26JUL19-14500-P,9365.81,0.0,0.0,0.0,0.0,0.0,0.0,0.98422,-7.78443,-3.46374,3e-05,-0.97035
9365.34,SYN.BTC-19JUL19,1563361169467,open,0.0,282.0,0.0005,0.0405,0.00099831,143.99,0.001,0.0,BTC-19JUL19-11500-C,9365.81,130.02,0.0005,19.4,0.0015,0.4,154.04,0.40979,-9.34949,0.01219,6e-05,0.02633
9367.62,SYN.BTC-26JUL19,1563361169468,open,0.37,1.0,0.321,0.4005,0.36071063,138.19,0.354,0.0,BTC-26JUL19-6000-C,9365.81,0.0,0.0005,0.1,0.0,0.0,0.0,0.54723,-4.26008,1.42251,2e-05,0.98519
9367.62,SYN.BTC-26JUL19,1563361169467,open,0.0,375.4,0.0005,0.04,1.481e-05,144.97,0.0005,0.0,BTC-26JUL19-21000-C,9365.81,0.0,0.0,0.0,0.0005,6.0,192.95,0.01476,-0.12056,0.00059,0.0,0.00027
9365.34,SYN.BTC-19JUL19,1563361169467,open,0.0,127.8,0.0005,0.04,2e-08,144.95,0.0005,0.0,BTC-19JUL19-15500-C,9365.81,0.0,0.0,0.0,0.0025,10.0,346.53,3e-05,-0.00015,0.0,0.0,0.0
9367.62,SYN.BTC-26JUL19,1563361169469,open,0.67,5.0,0.641,0.777,0.70902835,147.64,0.2255,0.0,BTC-26JUL19-16000-P,9365.81,0.0,0.0,0.0,0.0,0.0,0.0,0.50679,-4.21501,-3.86217,2e-05,-0.98645
9449.02,BTC-27DEC19,1563361169472,open,3.99,0.0,3.8885,4.2955,4.09182879,117.91,None,0.0,BTC-27DEC19-48000-P,9365.81,0.0,0.0,0.0,0.0,0.0,0.0,6.24735,-2.26126,-212.69362,1e-05,-0.95251
9367.62,SYN.BTC-26JUL19,1563361169468,open,1.09,0.0,1.05,1.2205,1.13540554,178.4,None,0.0,BTC-26JUL19-20000-P,9365.81,0.0,0.0,0.0,0.0,0.0,0.0,0.20508,-2.06105,-4.85327,1e-05,-0.99516
9365.34,SYN.BTC-19JUL19,1563361169467,open,0.57,0.0,0.538,0.6655,0.60191612,246.66,None,0.0,BTC-19JUL19-15000-P,9365.81,0.0,0.001,1.0,0.0,0.0,0.0,0.09717,-6.38924,-0.76855,1e-05,-0.99499
9367.62,SYN.BTC-26JUL19,1563361169468,open,1.19,0.0,1.1525,1.3315,1.24215508,188.21,None,0.0,BTC-26JUL19-21000-P,9365.81,0.0,0.0,0.0,0.0,0.0,0.0,0.19646,-2.083,-5.09695,0.0,-0.99539
9365.34,SYN.BTC-19JUL19,1563361169467,open,0.0,275.5,0.0005,0.04,8e-08,144.95,0.0005,0.0,BTC-19JUL19-15000-C,9365.81,0.0,0.0,0.0,0.0035,10.0,346.71,0.00012,-0.00073,0.0,0.0,0.0
9379.03,SYN.BTC-30AUG19,1563361169469,open,0.8,0.0,0.7585,0.9045,0.83156475,120.1,None,0.0,BTC-30AUG19-17000-P,9365.81,0.0,0.0,0.0,0.0,0.0,0.0,6.16238,-8.43375,-19.39585,5e-05,-0.8888
9367.62,SYN.BTC-26JUL19,1563361169471,open,0.0,560.8,0.0005,0.04,0.00017526,144.97,0.0005,0.0,BTC-26JUL19-18000-C,9365.81,0.0,0.0,0.0,0.0005,3.5,160.87,0.1236,-1.00941,0.00587,0.0,0.00275
9365.34,SYN.BTC-19JUL19,1563361169470,open,0.62,0.0,0.5895,0.7215,0.65531326,262.45,None,0.0,BTC-19JUL19-15500-P,9365.81,0.0,0.001,1.0,0.0,0.0,0.0,0.0951,-6.65348,-0.79431,1e-05,-0.99511
9367.62,SYN.BTC-26JUL19,1563361169472,open,0.78,0.0,0.743,0.888,0.81545498,154.29,None,0.0,BTC-26JUL19-17000-P,9365.81,0.0,0.0,0.0,0.0,0.0,0.0,0.36271,-3.15262,-4.11446,1e-05,-0.99078
9367.62,SYN.BTC-26JUL19,1563361169471,open,0.0,595.5,0.0005,0.0415,0.00159173,140.93,0.0015,0.0,BTC-26JUL19-15000-C,9365.81,132.24,0.001,0.5,0.002,2.8,145.73,0.73885,-5.86577,0.04434,2e-05,0.02106
199.63,SYN.ETH-19JUL19,1563361169488,open,0.0,90.0,0.001,0.04,0.0,134.92,0.002,0.0,ETH-19JUL19-360-C,199.64,0.0,0.0,0.0,0.001,300.0,347.57,0.0,0.0,0.0,0.0,0.0
9389.28,BTC-27SEP19,1563361169492,open,0.54,289.7,0.4895,0.569,0.52912173,106.89,0.588,0.0,BTC-27SEP19-4500-C,9365.81,0.0,0.002,1.1,0.67,5.0,299.57,3.36234,-2.50007,8.02388,2e-05,0.9631
9389.28,BTC-27SEP19,1563361169496,open,0.62,29.6,0.5855,0.717,0.65136422,109.53,0.601,0.0,BTC-27SEP19-15000-P,9365.81,0.0,0.005,10.0,1.264,0.3,500.0,12.81886,-9.76705,-26.17843,7e-05,-0.7645
9389.28,BTC-27SEP19,1563361169479,open,0.1,463.4,0.0625,0.1505,0.10644658,105.05,0.103,0.0,BTC-27SEP19-8000-P,9365.81,103.41,0.104,19.3,0.1105,10.8,107.75,14.07656,-10.28651,-7.18416,8e-05,-0.28211
9449.02,BTC-27DEC19,1563361169502,open,0.51,58.3,0.4725,0.595,0.53373329,100.72,0.537,0.0,BTC-27DEC19-13000-P,9365.81,98.16,0.527,6.0,0.541,3.6,103.46,24.94333,-7.71194,-45.89802,6e-05,-0.55481
9389.28,BTC-27SEP19,1563361169509,open,1.11,0.0,1.0655,1.2375,1.15144755,113.95,None,0.0,BTC-27SEP19-20000-P,9365.81,0.0,0.005,10.0,1.7525,0.2,500.0,7.68114,-6.08881,-37.80019,4e-05,-0.89298
9389.28,BTC-27SEP19,1563361169503,open,0.21,218.1,0.1765,0.274,0.22526042,105.47,0.2285,0.0,BTC-27SEP19-10000-P,9365.81,104.19,0.223,14.4,0.2305,4.7,108.44,16.54028,-12.13537,-12.67784,9e-05,-0.46042
9388.2,BTC-27SEP19,1563361169518,open,0.21,379.0,0.1615,0.241,0.20149122,104.81,0.2015,0.0,BTC-27SEP19-9000-C,9365.81,102.44,0.1975,14.4,0.204,11.0,106.3,15.7737,-11.50072,7.86247,9e-05,0.62678
9367.62,SYN.BTC-26JUL19,1563361169529,open,0.11,516.2,0.0765,0.166,0.12116988,129.47,0.131,0.0,BTC-26JUL19-10000-P,9365.81,129.19,0.121,18.0,0.1295,18.0,143.13,5.68501,-41.46259,-1.61563,0.00021,-0.58809
9367.62,SYN.BTC-26JUL19,1563361169540,open,0.0,477.9,0.0005,0.043,0.00303145,137.08,0.0025,0.0,BTC-26JUL19-14000-C,9365.81,132.72,0.0025,10.0,0.0035,2.1,140.55,1.21072,-9.34938,0.07996,4e-05,0.03813
9449.02,BTC-27DEC19,1563361169552,open,0.45,122.9,0.3985,0.478,0.43808726,97.99,0.439,0.0,BTC-27DEC19-6000-C,9365.81,94.43,0.4325,11.0,0.4405,11.0,99.51,14.95088,-4.49724,17.21638,4e-05,0.8464
9367.62,SYN.BTC-26JUL19,1563361169556,open,0.14,265.8,0.113,0.205,0.15894408,129.52,0.141,0.0,BTC-26JUL19-10500-P,9365.81,130.52,0.1595,18.0,0.1675,18.0,144.59,5.23288,-38.18146,-1.90804,0.00019,-0.67868
9449.02,BTC-27DEC19,1563361169555,open,0.39,54.4,0.3355,0.415,0.37501624,98.03,0.3805,0.0,BTC-27DEC19-7000-C,9365.81,94.19,0.3675,11.0,0.377,11.0,99.05,18.4962,-5.56641,17.24185,5e-05,0.78393
9365.34,SYN.BTC-19JUL19,1563361169578,open,0.07,372.8,0.0405,0.127,0.08376344,139.93,0.093,0.0,BTC-19JUL19-10000-P,9365.81,138.83,0.0835,6.0,0.0905,6.0,167.23,2.23245,-83.27388,-0.39016,0.00035,-0.72691
9449.02,BTC-27DEC19,1563361169573,open,0.21,426.5,0.167,0.2465,0.20673073,99.51,0.206,0.0,BTC-27DEC19-11000-C,9365.81,97.54,0.2015,11.5,0.211,11.0,101.12,25.04625,-7.6509,14.10714,6e-05,0.5413
9447.94,BTC-27DEC19,1563361169577,open,0.06,105.1,0.019,0.0985,0.05857789,105.84,0.059,0.0,BTC-27DEC19-22000-C,9365.81,104.72,0.0565,4.9,0.0615,21.0,107.39,17.66368,-5.73911,5.95795,4e-05,0.1999
9447.94,BTC-27DEC19,1563361169583,open,0.25,452.1,0.198,0.2775,0.23772406,98.74,0.238,0.0,BTC-27DEC19-10000-C,9365.81,96.72,0.2325,3.6,0.241,11.0,100.0,24.44183,-7.4085,15.11606,6e-05,0.59626
9367.62,SYN.BTC-26JUL19,1563361169593,open,0.08,392.1,0.045,0.1315,0.08820869,129.43,0.0975,0.0,BTC-26JUL19-9500-P,9365.81,129.09,0.088,18.0,0.0955,18.0,141.15,5.82479,-42.46865,-1.31138,0.00021,-0.48748
9388.2,BTC-27SEP19,1563361169599,open,0.06,296.4,0.0215,0.106,0.06367494,105.01,0.058,0.0,BTC-27SEP19-7000-P,9365.81,103.22,0.0615,19.3,0.067,25.4,107.72,11.45348,-8.36668,-4.7653,6e-05,-0.19409
9367.62,SYN.BTC-26JUL19,1563361169627,open,0.15,53.1,0.093,0.1725,0.13286579,131.74,0.1405,0.0,BTC-26JUL19-8500-C,9365.81,122.43,0.128,6.0,0.1355,11.5,136.71,4.93731,-36.64068,1.33206,0.00018,0.71764
9388.2,BTC-27SEP19,1563361169698,open,0.59,227.5,0.539,0.6185,0.57890273,109.6,0.7065,0.0,BTC-27SEP19-4000-C,9365.81,0.0,0.5735,11.0,0.58,11.0,113.9,2.2613,-1.7241,7.36167,1e-05,0.97711
199.56,SYN.ETH-19JUL19,1563361169728,open,0.09,1115.0,0.067,0.155,0.110771,136.04,0.11,0.0,ETH-19JUL19-220-P,199.64,0.0,0.094,10.0,0.147,10.0,287.74,0.0363,-1.3165,-0.00964,0.01304,-0.82925
9388.2,BTC-27SEP19,1563361169745,open,0.59,227.5,0.539,0.6185,0.57890273,109.6,0.7065,0.0,BTC-27SEP19-4000-C,9365.81,85.82,0.575,11.0,0.58,11.0,113.9,2.2613,-1.7241,7.36167,1e-05,0.97711
9449.02,BTC-27DEC19,1563361169754,open,0.01,463.2,0.0005,0.0495,0.00960994,118.34,0.008,0.0,BTC-27DEC19-52000-C,9365.81,115.32,0.008,46.1,0.0115,11.0,121.5,5.33361,-1.93769,1.24119,1e-05,0.03905
9367.62,SYN.BTC-26JUL19,1563361169763,open,0.22,273.8,0.1965,0.2955,0.24606187,130.46,0.222,0.0,BTC-26JUL19-11500-P,9365.81,122.8,0.243,7.5,0.258,7.5,157.01,3.86441,-28.39974,-2.42304,0.00014,-0.81765
9449.02,BTC-27DEC19,1563361169765,open,0.01,463.2,0.0005,0.0495,0.00960994,118.34,0.008,0.0,BTC-27DEC19-52000-C,9365.81,115.32,0.008,46.1,0.0115,21.0,121.5,5.33361,-1.93769,1.24119,1e-05,0.03905
9388.2,BTC-27SEP19,1563361169769,open,0.59,227.5,0.539,0.6185,0.57890273,109.6,0.7065,0.0,BTC-27SEP19-4000-C,9365.81,85.82,0.575,11.0,0.5805,11.0,115.72,2.2613,-1.7241,7.36167,1e-05,0.97711
201.15,ETH-27DEC19,1563361169802,open,1.59,37.0,1.536,1.747,1.641431,112.34,0.707,0.0,ETH-27DEC19-520-P,199.64,0.0,0.001,500.0,0.0,0.0,0.0,0.36062,-0.12437,-2.20344,0.00178,-0.81338
199.63,SYN.ETH-19JUL19,1563361169813,open,0.0,315.0,0.001,0.04,0.0,134.93,0.001,0.0,ETH-19JUL19-380-C,199.64,0.0,0.0,0.0,0.001,300.0,374.18,0.0,0.0,0.0,0.0,0.0
9449.02,BTC-27DEC19,1563361169830,open,3.58,0.0,3.485,3.858,3.67162818,117.49,None,0.0,BTC-27DEC19-44000-P,9365.81,0.0,0.0,0.0,0.0,0.0,0.0,7.36959,-2.65794,-194.5124,2e-05,-0.94152
199.18,ETH-27SEP19,1563361169928,open,0.0,3606.0,0.001,0.044,0.004305,132.38,0.005,0.0,ETH-27SEP19-760-C,199.64,126.41,0.003,10.0,0.006,116.0,138.51,0.04908,-0.04519,0.00754,0.00047,0.02352
9389.28,BTC-27SEP19,1563361169939,open,0.74,55.9,0.6945,0.774,0.73442964,123.01,0.689,0.0,BTC-27SEP19-2500-C,9365.81,0.0,0.005,10.0,0.9125,5.0,500.0,0.43762,-0.37448,4.84556,0.0,0.9965
9389.28,BTC-27SEP19,1563361169966,open,0.49,793.2,0.442,0.5215,0.48150827,105.9,0.5945,0.0,BTC-27SEP19-5000-C,9365.81,95.1,0.4765,11.0,0.484,11.0,110.59,4.80211,-3.5376,8.52291,3e-05,0.94247
9365.34,SYN.BTC-19JUL19,1563361169968,open,0.2,224.5,0.18,0.278,0.22913394,148.38,0.245,0.0,BTC-19JUL19-11500-P,9365.81,0.0,0.2245,6.0,0.239,6.0,241.64,0.45987,-18.1891,-0.577,7e-05,-0.96976
9388.2,BTC-27SEP19,1563361169972,open,0.45,35.9,0.408,0.5245,0.46629902,107.66,0.391,0.0,BTC-27SEP19-13000-P,9365.81,105.28,0.4625,6.0,0.479,6.0,115.46,15.07048,-11.28657,-21.02401,8e-05,-0.67092
9449.02,BTC-27DEC19,1563361169974,open,0.51,58.3,0.4725,0.595,0.53373329,100.72,0.537,0.0,BTC-27DEC19-13000-P,9365.81,97.97,0.5265,6.0,0.541,3.6,103.46,24.94333,-7.71194,-45.89802,6e-05,-0.55481
9389.28,BTC-27SEP19,1563361169992,open,0.45,224.0,0.3965,0.476,0.43617469,105.15,0.5225,0.0,BTC-27SEP19-5500-C,9365.81,96.36,0.4305,11.0,0.439,11.0,109.19,6.41878,-4.6951,8.87405,4e-05,0.91613
9365.34,SYN.BTC-19JUL19,1563361169993,open,0.08,24.0,0.023,0.1025,0.0627055,143.54,0.056,0.0,BTC-19JUL19-9000-C,9365.81,135.01,0.0605,0.7,0.0655,18.0,154.24,2.43322,-93.10383,0.29197,0.00038,0.66936
9389.28,BTC-27SEP19,1563361169995,open,0.11,586.4,0.063,0.1425,0.10276622,107.48,0.1,0.0,BTC-27SEP19-12000-C,9365.81,105.85,0.1,23.8,0.106,11.0,109.37,16.00132,-11.96387,5.33492,9e-05,0.39131
9389.28,BTC-27SEP19,1563361170012,open,0.11,586.4,0.063,0.1425,0.10276622,107.48,0.1,0.0,BTC-27SEP19-12000-C,9365.81,105.85,0.1,23.8,0.106,23.6,109.37,16.00132,-11.96387,5.33492,9e-05,0.39131
201.15,ETH-27DEC19,1563361170017,open,0.05,163.0,0.009,0.088,0.048683,113.21,0.051,0.0,ETH-27DEC19-560-C,199.64,109.04,0.042,710.0,0.053,40.0,115.77,0.33303,-0.11574,0.10405,0.00163,0.1646
9449.02,BTC-27DEC19,1563361170012,open,0.51,58.3,0.4725,0.595,0.53373329,100.72,0.537,0.0,BTC-27DEC19-13000-P,9365.81,98.35,0.5275,6.0,0.541,3.6,103.46,24.94333,-7.71194,-45.89802,6e-05,-0.55481
9379.03,SYN.BTC-30AUG19,1563361170022,open,0.12,40.2,0.0865,0.177,0.13174114,112.21,0.133,0.0,BTC-30AUG19-9000-P,9365.81,110.51,0.1295,19.3,0.1385,7.0,117.32,12.3999,-15.85539,-5.79069,0.0001,-0.38188
201.15,ETH-27DEC19,1563361170049,open,0.04,150.0,0.001,0.075,0.035392,117.43,0.036,0.0,ETH-27DEC19-680-C,199.64,117.14,0.035,1.0,0.037,50.0,118.6,0.27335,-0.09854,0.07855,0.00129,0.1229
9365.34,SYN.BTC-19JUL19,1563361170054,open,0.0,3.0,0.0005,0.0425,0.00272225,145.12,0.0025,0.0,BTC-19JUL19-8000-P,9365.81,153.81,0.0035,1.9,0.0055,46.0,172.61,0.78501,-25.49483,-0.02951,0.00012,-0.05859
9365.34,SYN.BTC-19JUL19,1563361170058,open,0.01,198.9,0.0005,0.0425,0.00285991,143.97,0.003,0.0,BTC-19JUL19-11000-C,9365.81,139.91,0.0025,2.9,0.004,11.2,155.32,0.86013,-26.784,0.03033,0.00013,0.06588
9388.2,BTC-27SEP19,1563361170066,open,0.01,297.6,0.0005,0.051,0.01105604,106.59,0.005,0.0,BTC-27SEP19-4750-P,9365.81,104.1,0.01,21.0,0.0125,24.0,109.82,4.07388,-3.0207,-1.06922,2e-05,-0.04678
201.15,ETH-27DEC19,1563361170076,open,1.78,0.0,1.72,1.945,1.832537,113.13,0.845,0.0,ETH-27DEC19-560-P,199.6,0.0,0.0,0.0,0.0,0.0,0.0,0.33261,-0.11551,-2.39503,0.00163,-0.83572
199.18,ETH-27SEP19,1563361170076,open,2.74,0.0,2.667,2.972,2.819765,131.61,None,0.0,ETH-27SEP19-760-P,199.6,0.0,0.0,0.0,0.0,0.0,0.0,0.04765,-0.04362,-1.4893,0.00046,-0.97729
201.15,ETH-27DEC19,1563361170077,open,0.08,555.0,0.038,0.117,0.077723,110.61,0.081,0.0,ETH-27DEC19-440-C,199.6,106.87,0.07,390.0,0.084,320.0,113.56,0.42254,-0.14348,0.15027,0.00212,0.24514
201.15,ETH-27DEC19,1563361170077,open,2.35,0.0,2.28,2.552,2.415816,117.33,None,0.0,ETH-27DEC19-680-P,199.6,0.0,0.0,0.0,0.0,0.0,0.0,0.27282,-0.09826,-2.95603,0.00129,-0.87744
201.11,ETH-27DEC19,1563361170077,open,0.14,129.0,0.098,0.177,0.137723,107.95,0.144,0.0,ETH-27DEC19-320-C,199.6,104.13,0.128,356.0,0.146,246.0,111.17,0.51484,-0.17061,0.22495,0.00264,0.38838
201.11,ETH-27DEC19,1563361170077,open,0.07,1057.0,0.03,0.115,0.072674,106.63,0.068,0.0,ETH-27DEC19-120-P,199.6,102.78,0.067,312.0,0.079,312.0,110.85,0.29877,-0.0978,-0.19071,0.00155,-0.13983
199.18,ETH-27SEP19,1563361170077,open,2.35,0.0,2.284,2.556,2.420049,129.66,None,0.0,ETH-27SEP19-680-P,199.6,0.0,0.0,0.0,0.0,0.0,0.0,0.06412,-0.05783,-1.32871,0.00063,-0.96758
199.14,ETH-27SEP19,1563361170078,open,2.15,0.0,2.092,2.349,2.220244,125.79,None,0.0,ETH-27SEP19-640-P,199.6,0.0,0.0,0.0,0.0,0.0,0.0,0.06823,-0.0597,-1.24909,0.00069,-0.96503
199.37,SYN.ETH-30AUG19,1563361170077,open,0.52,0.0,0.492,0.615,0.553367,124.99,None,0.0,ETH-30AUG19-300-P,199.6,0.0,0.0,0.0,0.0,0.0,0.0,0.21182,-0.30169,-0.31623,0.00355,-0.76619
199.14,ETH-27SEP19,1563361170078,open,0.17,1106.0,0.119,0.198,0.158538,112.19,0.158,0.0,ETH-27SEP19-220-C,199.6,108.49,0.152,201.0,0.165,120.0,115.84,0.35212,-0.27481,0.14154,0.00402,0.51947
199.14,ETH-27SEP19,1563361170078,open,0.55,868.0,0.516,0.641,0.578282,113.9,0.566,0.0,ETH-27SEP19-300-P,199.6,100.66,0.559,110.0,0.601,30.0,128.41,0.30172,-0.23906,-0.50581,0.00339,-0.71158
199.14,ETH-27SEP19,1563361170078,open,0.11,1655.0,0.066,0.145,0.105008,112.38,0.112,0.0,ETH-27SEP19-260-C,199.6,108.83,0.099,233.0,0.111,160.0,115.89,0.33847,-0.2646,0.11084,0.00386,0.38766
199.14,ETH-27SEP19,1563361170079,open,1.96,27.0,1.901,2.141,2.021064,124.82,1.044,0.0,ETH-27SEP19-600-P,199.6,0.0,0.0,0.0,0.0,0.0,0.0,0.0811,-0.07042,-1.16774,0.00083,-0.95677
199.58,SYN.ETH-26JUL19,1563361170077,open,0.29,867.0,0.263,0.367,0.314661,135.0,0.303,0.0,ETH-26JUL19-260-P,199.6,110.43,0.308,120.0,0.352,30.0,220.34,0.06403,-0.48693,-0.05774,0.0049,-0.87511
199.14,ETH-27SEP19,1563361170079,open,0.09,1914.0,0.046,0.125,0.085868,112.67,0.087,0.0,ETH-27SEP19-280-C,199.6,109.01,0.08,247.0,0.092,160.0,116.45,0.32119,-0.25175,0.09692,0.00365,0.33302
199.14,ETH-27SEP19,1563361170079,open,0.2,1291.0,0.155,0.234,0.194413,111.93,0.194,0.0,ETH-27SEP19-200-C,199.6,107.63,0.187,120.0,0.202,120.0,116.35,0.34256,-0.26674,0.15698,0.00392,0.59471
199.58,SYN.ETH-26JUL19,1563361170077,open,0.38,867.0,0.353,0.464,0.408576,135.0,0.42,0.0,ETH-26JUL19-280-P,199.6,0.0,0.392,30.0,0.447,30.0,240.86,0.04013,-0.30521,-0.06514,0.00307,-0.93357
199.58,SYN.ETH-26JUL19,1563361170078,open,0.0,1872.0,0.001,0.04,0.000499,135.0,0.001,0.0,ETH-26JUL19-340-C,199.6,0.0,0.0,0.0,0.002,120.0,161.2,0.00656,-0.04988,0.00035,0.0005,0.00765
199.58,SYN.ETH-26JUL19,1563361170076,open,1.94,0.0,1.886,2.126,2.006246,135.72,None,0.0,ETH-26JUL19-600-P,199.6,0.0,0.0,0.0,0.0,0.0,0.0,0.0,0.0,-0.1459,0.0,-1.0
199.58,SYN.ETH-26JUL19,1563361170078,open,0.21,1338.0,0.178,0.275,0.226642,135.0,0.189,0.0,ETH-26JUL19-240-P,199.6,122.31,0.221,120.0,0.0,0.0,0.0,0.09226,-0.70164,-0.04883,0.00706,-0.77955
199.58,SYN.ETH-26JUL19,1563361170077,open,1.45,0.0,1.405,1.605,1.505206,135.02,None,0.0,ETH-26JUL19-500-P,199.6,0.0,0.0,0.0,0.0,0.0,0.0,1e-05,-0.00011,-0.12158,0.0,-0.99999
199.58,SYN.ETH-26JUL19,1563361170076,open,1.35,0.0,1.309,1.501,1.404998,135.01,None,0.0,ETH-26JUL19-480-P,199.6,0.0,0.0,0.0,0.0,0.0,0.0,3e-05,-0.00025,-0.11672,0.0,-0.99998
199.63,SYN.ETH-19JUL19,1563361170077,open,0.96,0.0,0.924,1.083,1.003724,181.22,None,0.0,ETH-19JUL19-400-P,199.6,0.0,0.0,0.0,0.0,0.0,0.0,0.0,0.0,-0.02056,0.0,-1.0
199.58,SYN.ETH-26JUL19,1563361170077,open,0.76,1047.0,0.732,0.876,0.803961,135.0,0.2,0.0,ETH-26JUL19-360-P,199.6,0.0,0.0,0.0,0.0,0.0,0.0,0.00327,-0.02488,-0.08738,0.00025,-0.9965
199.37,SYN.ETH-30AUG19,1563361170078,open,0.22,107.0,0.171,0.25,0.210564,120.46,0.184,0.0,ETH-30AUG19-180-C,199.6,108.78,0.196,120.0,0.22,120.0,128.02,0.24881,-0.34156,0.11128,0.00432,0.6749
199.63,SYN.ETH-19JUL19,1563361170078,open,1.06,0.0,1.02,1.188,1.103911,193.67,None,0.0,ETH-19JUL19-420-P,199.6,0.0,0.0,0.0,0.0,0.0,0.0,0.0,0.0,-0.02158,0.0,-1.0
199.37,SYN.ETH-30AUG19,1563361170077,open,0.61,0.0,0.579,0.709,0.643753,126.0,None,0.0,ETH-30AUG19-320-P,199.6,0.0,0.0,0.0,0.0,0.0,0.0,0.18974,-0.27246,-0.34753,0.00315,-0.80639
199.58,SYN.ETH-26JUL19,1563361170077,open,0.0,2384.0,0.001,0.04,0.0,134.95,0.001,0.0,ETH-26JUL19-500-C,199.6,0.0,0.0,0.0,0.001,571.0,231.89,1e-05,-9e-05,0.0,0.0,1e-05
9449.02,BTC-27DEC19,1563361170087,open,0.02,186.2,0.0005,0.061,0.02101233,112.63,0.031,0.0,BTC-27DEC19-36000-C,9365.81,111.09,0.0195,6.0,0.0225,11.0,114.1,9.42959,-3.26039,2.50928,2e-05,0.08052
9389.28,BTC-27SEP19,1563361170145,open,0.45,224.0,0.3965,0.476,0.4363117,105.15,0.5225,0.0,BTC-27SEP19-5500-C,9365.81,97.99,0.4315,11.0,0.439,11.0,109.19,6.41878,-4.6951,8.87405,4e-05,0.91613
9449.02,BTC-27DEC19,1563361170156,open,0.39,54.4,0.3355,0.415,0.37506597,98.03,0.3805,0.0,BTC-27DEC19-7000-C,9365.81,93.93,0.367,11.0,0.377,11.0,99.05,18.4962,-5.56641,17.24185,5e-05,0.78393
9367.62,SYN.BTC-26JUL19,1563361170171,open,0.01,194.6,0.0005,0.049,0.00916993,133.83,0.01,0.0,BTC-26JUL19-12500-C,9365.81,129.49,0.008,40.0,0.0115,44.4,141.91,2.57545,-19.41606,0.20838,9e-05,0.10063
9389.28,BTC-27SEP19,1563361170168,open,0.11,586.4,0.063,0.1425,0.10280102,107.48,0.1,0.0,BTC-27SEP19-12000-C,9365.81,105.85,0.1,23.8,0.105,11.0,108.79,16.00132,-11.96387,5.33492,9e-05,0.39131
9365.34,SYN.BTC-19JUL19,1563361170173,open,0.01,232.0,0.0005,0.0465,0.00684589,140.56,0.0065,0.0,BTC-19JUL19-10500-C,9365.81,144.74,0.0075,0.3,0.009,11.0,153.53,1.48747,-55.73427,0.06364,0.00023,0.13906
9388.2,BTC-27SEP19,1563361170196,open,0.03,553.4,0.0005,0.074,0.03299109,105.18,0.0305,0.0,BTC-27SEP19-6000-P,9365.81,103.43,0.0315,6.0,0.0355,24.0,108.01,8.16254,-5.9726,-2.76463,4e-05,-0.11653
9367.62,SYN.BTC-26JUL19,1563361170226,open,0.0,262.6,0.0005,0.0435,0.0034954,139.81,0.0025,0.0,BTC-26JUL19-6500-P,9365.81,131.12,0.0025,30.0,0.005,37.5,150.52,1.18405,-9.32534,-0.0925,4e-05,-0.03711
9449.02,BTC-27DEC19,1563361170257,open,0.51,58.3,0.4725,0.5945,0.53360078,100.72,0.537,0.0,BTC-27DEC19-13000-P,9365.81,98.16,0.527,6.0,0.541,3.6,103.46,24.94333,-7.71194,-45.89802,6e-05,-0.55481
9367.62,SYN.BTC-26JUL19,1563361170291,open,0.0,560.8,0.0005,0.04,0.00017569,144.97,0.0005,0.0,BTC-26JUL19-18000-C,9365.81,0.0,0.0,0.0,0.0005,3.6,160.87,0.1236,-1.00941,0.00587,0.0,0.00275
9449.02,BTC-27DEC19,1563361170284,open,0.36,93.7,0.307,0.3865,0.34698106,98.06,0.346,0.0,BTC-27DEC19-7500-C,9365.81,94.52,0.3395,11.0,0.3485,11.0,98.78,19.98094,-6.0148,17.06935,5e-05,0.75181
9367.62,SYN.BTC-26JUL19,1563361170307,open,0.06,303.1,0.014,0.0935,0.05354451,129.17,0.0545,0.0,BTC-26JUL19-10000-C,9365.81,126.72,0.052,11.5,0.056,1.0,133.31,5.68378,-41.35914,0.81561,0.00021,0.41153
9368.71,SYN.BTC-26JUL19,1563361170319,open,0.15,53.1,0.093,0.1725,0.13296424,131.79,0.1405,0.0,BTC-26JUL19-8500-C,9365.81,122.29,0.128,6.0,0.136,17.7,137.53,4.93674,-36.65263,1.3323,0.00018,0.71777
9368.71,SYN.BTC-26JUL19,1563361170326,open,0.15,53.1,0.093,0.1725,0.13296424,131.79,0.1405,0.0,BTC-26JUL19-8500-C,9365.81,122.29,0.128,6.0,0.136,17.5,137.53,4.93674,-36.65263,1.3323,0.00018,0.71777
9368.71,SYN.BTC-26JUL19,1563361170327,open,0.15,53.1,0.093,0.1725,0.13296424,131.79,0.1405,0.0,BTC-26JUL19-8500-C,9365.81,122.29,0.128,6.0,0.1355,0.3,136.59,4.93674,-36.65263,1.3323,0.00018,0.71777
9367.62,SYN.BTC-26JUL19,1563361170326,open,0.11,60.3,0.0615,0.141,0.10113348,131.24,0.1,0.0,BTC-26JUL19-9000-C,9365.81,123.6,0.0965,18.0,0.104,11.5,136.2,5.57465,-41.21588,1.17559,0.0002,0.61713
9368.71,SYN.BTC-26JUL19,1563361170335,open,0.15,53.1,0.093,0.1725,0.13296424,131.79,0.1405,0.0,BTC-26JUL19-8500-C,9365.81,122.29,0.128,6.0,0.136,17.5,137.53,4.93674,-36.65263,1.3323,0.00018,0.71777
9449.02,BTC-27DEC19,1563361170334,open,0.13,243.3,0.083,0.1625,0.12283767,101.85,0.133,0.0,BTC-27DEC19-15000-C,9365.81,100.33,0.119,11.0,0.127,10.0,103.51,23.7745,-7.43326,10.30784,6e-05,0.36727
9449.02,BTC-27DEC19,1563361170342,open,0.28,189.9,0.2445,0.3475,0.2960786,98.77,0.279,0.0,BTC-27DEC19-10000-P,9365.81,96.39,0.29,10.9,0.3025,6.0,101.22,24.44274,-7.41132,-29.50596,6e-05,-0.40361
9449.02,BTC-27DEC19,1563361170353,open,0.14,217.3,0.0985,0.178,0.13845769,101.08,0.141,0.0,BTC-27DEC19-14000-C,9365.81,99.56,0.1345,3.6,0.1425,0.2,102.66,24.43913,-7.58362,11.17172,6e-05,0.40338
9379.03,SYN.BTC-30AUG19,1563361170355,open,0.14,30.4,0.09,0.1695,0.12957908,113.04,0.1215,0.0,BTC-30AUG19-10000-C,9365.81,109.05,0.124,14.4,0.1315,5.0,114.48,12.96599,-16.70258,4.32262,0.00011,0.51292
9367.62,SYN.BTC-26JUL19,1563361170364,open,0.14,265.8,0.1125,0.205,0.15880393,129.52,0.141,0.0,BTC-26JUL19-10500-P,9365.81,129.62,0.159,18.0,0.1675,18.0,144.59,5.23288,-38.18146,-1.90804,0.00019,-0.67868
9388.2,BTC-27SEP19,1563361170375,open,0.28,127.7,0.248,0.3515,0.29977727,106.53,0.2865,0.0,BTC-27SEP19-11000-P,9365.81,104.66,0.2965,20.4,0.3075,14.4,110.9,16.53929,-12.25649,-15.51329,9e-05,-0.53935
9389.28,BTC-27SEP19,1563361170384,open,0.0,122.0,0.0005,0.0435,0.00381519,111.63,0.0015,0.0,BTC-27SEP19-3750-P,9365.81,107.13,0.003,19.7,0.0045,24.0,114.96,1.83084,-1.42176,-0.40052,1e-05,-0.01784
9366.42,SYN.BTC-19JUL19,1563361170401,open,0.07,372.8,0.0405,0.1265,0.08362908,139.76,0.093,0.0,BTC-19JUL19-10000-P,9365.81,137.11,0.083,6.1,0.0905,6.0,167.58,2.2331,-83.19629,-0.39009,0.00035,-0.72681
9449.02,BTC-27DEC19,1563361170419,open,0.28,189.9,0.2445,0.3475,0.2960786,98.77,0.279,0.0,BTC-27DEC19-10000-P,9365.81,96.39,0.29,10.9,0.3025,10.9,101.22,24.44274,-7.41132,-29.50596,6e-05,-0.40361
9447.94,BTC-27DEC19,1563361170421,open,0.43,83.4,0.3925,0.508,0.45023666,100.08,0.4295,0.0,BTC-27DEC19-12000-P,9365.81,97.54,0.4435,6.0,0.457,3.6,102.61,25.17154,-7.73303,-40.45616,6e-05,-0.50934
9449.02,BTC-27DEC19,1563361170439,open,0.21,426.5,0.167,0.2465,0.20677138,99.52,0.206,0.0,BTC-27DEC19-11000-C,9365.81,97.54,0.2015,15.1,0.211,11.0,101.12,25.04603,-7.65201,14.10687,6e-05,0.54134
9365.34,SYN.BTC-19JUL19,1563361170459,open,0.04,43.3,0.0005,0.073,0.03334672,139.12,0.032,0.0,BTC-19JUL19-9500-C,9365.81,136.39,0.0325,2.2,0.0375,10.0,153.94,2.66673,-98.89303,0.20674,0.00043,0.46284
9389.78,BTC-27SEP19,1563361170468,open,0.0,437.8,0.0005,0.044,0.00408091,117.45,0.004,0.0,BTC-27SEP19-30000-C,9366.15,112.77,0.003,69.0,0.005,1.0,120.81,2.39672,-1.95821,0.37809,1e-05,0.02453
9449.02,BTC-27DEC19,1563361170468,open,2.35,0.3,2.2775,2.55,2.41373224,111.05,2.435,0.0,BTC-27DEC19-32000-P,9366.15,0.0,0.0,0.0,0.0,0.0,0.0,11.19354,-3.81603,-139.66222,3e-05,-0.89856
9389.78,BTC-27SEP19,1563361170468,open,1.52,0.2,1.4645,1.669,1.5667803,116.01,1.6,0.0,BTC-27SEP19-24000-P,9366.15,0.0,0.0,0.0,0.0,0.0,0.0,4.88089,-3.93888,-46.37471,2e-05,-0.94127
9449.02,BTC-27DEC19,1563361170468,open,0.16,164.1,0.118,0.1975,0.1577639,100.65,0.1555,0.0,BTC-27DEC19-13000-C,9366.15,98.85,0.153,14.6,0.1625,21.0,102.45,24.9416,-7.70661,12.11107,6e-05,0.445
9449.02,BTC-27DEC19,1563361170468,open,4.41,1.0,4.2925,4.733,4.51282976,118.35,4.454,0.0,BTC-27DEC19-52000-P,9366.15,0.0,0.001,1.0,0.0,0.0,0.0,5.3349,-1.93826,-230.80056,1e-05,-0.96094
9389.78,BTC-27SEP19,1563361170468,open,2.14,0.0,2.0715,2.327,2.19921643,118.12,None,0.0,BTC-27SEP19-30000-P,9366.15,0.0,0.0,0.0,0.0,0.0,0.0,2.46369,-2.02435,-58.68586,1e-05,-0.97465
9449.02,BTC-27DEC19,1563361170468,open,3.58,0.0,3.4835,3.857,3.67030892,115.75,None,0.0,BTC-27DEC19-44000-P,9366.15,0.0,0.0,0.0,0.0,0.0,0.0,6.96905,-2.47628,-194.62557,2e-05,-0.94552
9389.78,BTC-27SEP19,1563361170469,open,0.91,1.0,0.8695,1.025,0.94721592,112.17,1.5815,0.0,BTC-27SEP19-18000-P,9366.15,0.0,0.005,0.3,1.557,0.3,500.0,9.49399,-7.40845,-33.32483,5e-05,-0.85507
9389.78,BTC-27SEP19,1563361170469,open,2.35,0.0,2.2755,2.5475,2.41151721,120.38,None,0.0,BTC-27SEP19-32000-P,9366.15,0.0,0.0,0.0,0.0,0.0,0.0,2.12569,-1.7801,-62.68673,1e-05,-0.97873
9366.42,SYN.BTC-19JUL19,1563361170468,open,0.0,198.9,0.0005,0.04,6.79e-06,144.96,0.001,0.0,BTC-19JUL19-13500-C,9366.15,0.0,0.0,0.0,0.0035,10.0,283.79,0.0066,-0.06356,0.00012,0.0,0.00026
9368.71,SYN.BTC-26JUL19,1563361170468,open,0.62,0.0,0.5895,0.7215,0.65569412,144.09,None,0.0,BTC-26JUL19-15500-P,9366.15,0.0,0.0,0.0,0.0,0.0,0.0,0.60511,-4.91158,-3.73404,2e-05,-0.98335
9366.42,SYN.BTC-19JUL19,1563361170468,open,0.0,0.6,0.0005,0.0405,0.00054259,145.07,0.0025,0.0,BTC-19JUL19-7500-P,9366.15,159.3,0.001,23.5,0.0025,0.5,188.14,0.24403,-5.08208,-0.00714,4e-05,-0.0143
9389.78,BTC-27SEP19,1563361170469,open,1.73,0.0,1.6665,1.888,1.77716879,117.68,None,0.0,BTC-27SEP19-26000-P,9366.15,0.0,0.0,0.0,0.0,0.0,0.0,3.99161,-3.26777,-50.50767,2e-05,-0.9544
9389.78,BTC-27SEP19,1563361170470,open,0.0,609.1,0.0005,0.0415,0.0018635,121.82,0.002,0.0,BTC-27SEP19-3000-P,9366.15,111.77,0.001,19.9,0.003,15.0,131.14,0.97643,-0.82744,-0.19407,0.0,-0.00863
9389.78,BTC-27SEP19,1563361170470,open,0.61,0.0,0.5645,0.644,0.60442354,111.52,None,0.0,BTC-27SEP19-3750-C,9366.15,0.0,0.005,10.0,0.7085,10.0,299.54,1.82408,-1.41504,6.98584,1e-05,0.98223
9368.71,SYN.BTC-26JUL19,1563361170468,open,0.27,4.8,0.22,0.2995,0.2597802,135.35,0.455,0.0,BTC-26JUL19-7000-C,9366.15,0.0,0.006,3.0,0.0,0.0,0.0,1.93081,-14.72191,1.53013,7e-05,0.93142
9368.71,SYN.BTC-26JUL19,1563361170468,open,0.98,0.0,0.9475,1.109,1.02834032,164.15,None,0.0,BTC-26JUL19-19000-P,9366.15,0.0,0.0,0.0,0.0,0.0,0.0,0.18143,-1.67776,-4.61133,1e-05,-0.99578
9366.42,SYN.BTC-19JUL19,1563361170468,open,0.72,0.0,0.6915,0.832,0.76181517,282.1,None,0.0,BTC-19JUL19-16500-P,9366.15,0.0,0.0,0.0,0.0,0.0,0.0,0.07018,-5.27754,-0.84634,1e-05,-0.99652
9449.36,BTC-27DEC19,1563361170470,open,1.74,0.0,1.6815,1.9045,1.79307326,107.95,None,0.0,BTC-27DEC19-26000-P,9366.15,0.0,0.005,10.0,2.5995,0.2,500.0,14.61749,-4.84416,-111.513,3e-05,-0.85152
9389.78,BTC-27SEP19,1563361170470,open,0.79,28.2,0.748,0.8275,0.78753617,138.92,0.755,0.0,BTC-27SEP19-2000-C,9366.15,0.0,0.01,1.0,0.924,5.0,500.0,0.31461,-0.30404,3.88368,0.0,0.99757
9390.12,BTC-27SEP19,1563361170471,open,1.93,0.0,1.8685,2.107,1.98785161,118.26,None,0.0,BTC-27SEP19-28000-P,9366.15,0.0,0.0,0.0,0.0,0.0,0.0,3.17536,-2.6122,-54.61203,2e-05,-0.96559
9390.12,BTC-27SEP19,1563361170471,open,1.11,0.0,1.065,1.2365,1.15086341,113.46,None,0.0,BTC-27SEP19-20000-P,9366.15,0.0,0.005,10.0,1.7525,0.2,500.0,7.61122,-6.0073,-37.81791,4e-05,-0.89434
9390.12,BTC-27SEP19,1563361170471,open,1.31,0.2,1.2635,1.4515,1.3573022,114.01,1.391,0.0,BTC-27SEP19-22000-P,9366.15,0.0,0.005,10.0,1.8,0.1,399.87,5.98041,-4.74295,-42.17671,3e-05,-0.92363
9449.36,BTC-27DEC19,1563361170473,open,3.99,0.0,3.888,4.2945,4.09121468,117.25,None,0.0,BTC-27DEC19-48000-P,9366.15,0.0,0.0,0.0,0.0,0.0,0.0,6.10453,-2.19717,-212.73237,1e-05,-0.95386
9380.14,SYN.BTC-30AUG19,1563361170471,open,0.9,0.0,0.857,1.011,0.93387576,121.2,None,0.0,BTC-30AUG19-18000-P,9366.15,0.0,0.0,0.0,0.0,0.0,0.0,5.27983,-7.29241,-20.7912,4e-05,-0.91003
9366.42,SYN.BTC-19JUL19,1563361170468,open,0.67,0.0,0.6405,0.7765,0.70842684,267.8,None,0.0,BTC-19JUL19-16000-P,9366.15,0.0,0.0,0.0,0.0,0.0,0.0,0.07126,-5.0873,-0.82061,1e-05,-0.99646
9368.71,SYN.BTC-26JUL19,1563361170469,open,0.47,11.0,0.438,0.557,0.49754687,138.41,0.1845,0.0,BTC-26JUL19-14000-P,9366.15,0.0,0.493,7.5,0.5285,7.5,243.43,1.25354,-9.77401,-3.32104,4e-05,-0.96021
9380.14,SYN.BTC-30AUG19,1563361170468,open,0.6,0.0,0.5655,0.6955,0.63059944,117.58,None,0.0,BTC-30AUG19-15000-P,9366.15,0.0,0.0,0.0,0.0,0.0,0.0,8.28007,-11.09463,-16.45082,7e-05,-0.82837
9368.71,SYN.BTC-26JUL19,1563361170471,open,0.0,57.0,0.0005,0.041,0.00105861,140.95,0.0005,0.0,BTC-26JUL19-15500-C,9366.15,128.65,0.0005,14.4,0.0015,4.3,147.72,0.54057,-4.29213,0.03085,2e-05,0.0146
9390.12,BTC-27SEP19,1563361170478,open,0.64,261.1,0.5905,0.67,0.63017418,113.95,0.714,0.0,BTC-27SEP19-3500-C,9366.15,0.0,0.161,1.0,0.7225,10.0,299.74,1.46331,-1.1599,6.58436,1e-05,0.98626
9368.71,SYN.BTC-26JUL19,1563361170478,open,0.43,0.0,0.3735,0.453,0.41340764,142.62,0.4,0.0,BTC-26JUL19-5500-C,9366.15,0.0,0.0005,0.1,0.0,0.0,0.0,0.25218,-2.02605,1.32246,1e-05,0.9939
9368.71,SYN.BTC-26JUL19,1563361170481,open,0.47,11.0,0.438,0.557,0.49754687,138.41,0.1845,0.0,BTC-26JUL19-14000-P,9366.15,0.0,0.4925,7.5,0.5285,7.5,243.43,1.25354,-9.77401,-3.32104,4e-05,-0.96021
9389.78,BTC-27SEP19,1563361170519,open,0.91,1.0,0.8695,1.025,0.94721592,112.17,1.5815,0.0,BTC-27SEP19-18000-P,9366.15,0.0,0.005,0.3,1.556,0.3,500.0,9.49399,-7.40845,-33.32483,5e-05,-0.85507
9368.71,SYN.BTC-26JUL19,1563361170523,open,0.01,280.7,0.0005,0.0445,0.00457311,137.09,0.006,0.0,BTC-26JUL19-13500-C,9366.15,133.64,0.004,10.1,0.0055,3.2,142.19,1.61543,-12.47567,0.11393,6e-05,0.05458
9449.36,BTC-27DEC19,1563361170518,open,0.14,217.3,0.0985,0.178,0.13845769,101.09,0.141,0.0,BTC-27DEC19-14000-C,9366.15,99.95,0.1355,11.0,0.1425,0.2,102.65,24.4408,-7.5848,11.17294,6e-05,0.40343
9380.14,SYN.BTC-30AUG19,1563361170565,open,0.05,10.3,0.0015,0.081,0.04109964,116.35,0.0485,0.0,BTC-30AUG19-14000-C,9366.15,113.75,0.0385,19.3,0.043,5.0,118.22,9.4888,-12.58129,1.9548,8e-05,0.21446
9449.02,BTC-27DEC19,1563361170567,open,0.06,105.1,0.019,0.0985,0.05857905,105.83,0.059,0.0,BTC-27DEC19-22000-C,9366.15,104.71,0.0565,4.9,0.0615,11.0,107.38,17.66636,-5.73955,5.9591,4e-05,0.19991
9389.78,BTC-27SEP19,1563361170558,open,0.07,163.5,0.026,0.1055,0.06582083,108.44,0.069,0.0,BTC-27SEP19-14000-C,9366.15,106.53,0.063,32.9,0.0695,11.0,110.9,13.97208,-10.54002,3.91917,7e-05,0.27778
9389.78,BTC-27SEP19,1563361170575,open,0.15,179.3,0.114,0.2065,0.16021418,104.91,0.151,0.0,BTC-27SEP19-9000-P,9366.15,104.18,0.159,0.3,0.165,4.7,107.76,15.77384,-11.51144,-9.85986,9e-05,-0.37303
9368.71,SYN.BTC-26JUL19,1563361170592,open,0.02,342.6,0.0005,0.058,0.01825084,129.98,0.02,0.0,BTC-26JUL19-11500-C,9366.15,129.37,0.018,24.0,0.021,11.5,136.5,3.85255,-28.20861,0.37174,0.00014,0.18143
9366.42,SYN.BTC-19JUL19,1563361170593,open,0.04,43.3,0.0005,0.073,0.03334672,139.19,0.032,0.0,BTC-19JUL19-9500-C,9366.15,137.98,0.033,1.7,0.0375,10.0,153.77,2.66735,-98.97126,0.20697,0.00043,0.46334
9389.78,BTC-27SEP19,1563361170604,open,0.15,179.3,0.114,0.2065,0.16021418,104.91,0.151,0.0,BTC-27SEP19-9000-P,9366.15,103.59,0.158,19.3,0.165,4.7,107.76,15.77384,-11.51144,-9.85986,9e-05,-0.37303
9380.14,SYN.BTC-30AUG19,1563361170611,open,0.08,41.1,0.0395,0.1255,0.08235772,113.45,0.079,0.0,BTC-30AUG19-8000-P,9366.15,110.53,0.079,19.3,0.087,17.1,117.46,10.82863,-13.9993,-4.01614,9e-05,-0.27382
9449.36,BTC-27DEC19,1563361170642,open,3.17,0.0,3.081,3.4205,3.25074247,115.22,None,0.0,BTC-27DEC19-40000-P,9366.15,0.0,0.0005,3.0,0.0,0.0,0.0,8.30021,-2.93584,-176.36546,2e-05,-0.93187
9368.71,SYN.BTC-26JUL19,1563361170718,open,0.02,443.2,0.0005,0.065,0.02437609,132.56,0.024,0.0,BTC-26JUL19-8000-P,9366.15,130.5,0.0235,24.0,0.0275,24.0,139.76,4.00098,-29.8767,-0.49491,0.00014,-0.19286
9380.14,SYN.BTC-30AUG19,1563361170732,open,0.06,1.1,0.0145,0.094,0.05404777,115.07,0.063,0.0,BTC-30AUG19-13000-C,9366.15,111.94,0.0505,19.3,0.0565,5.0,117.21,10.7155,-14.05172,2.41377,9e-05,0.26812
9368.71,SYN.BTC-26JUL19,1563361170880,open,0.18,381.0,0.153,0.2485,0.20058224,129.5,0.215,0.0,BTC-26JUL19-11000-P,9366.15,126.24,0.199,7.5,0.2135,7.5,154.61,4.58121,-33.42042,-2.17958,0.00017,-0.75614
9368.71,SYN.BTC-26JUL19,1563361170890,open,0.03,281.8,0.0005,0.066,0.02632478,129.22,0.026,0.0,BTC-26JUL19-11000-C,9366.15,128.55,0.026,11.5,0.029,0.1,134.63,4.57507,-33.3038,0.49422,0.00017,0.24326
9368.71,SYN.BTC-26JUL19,1563361170900,open,0.05,132.3,0.0005,0.0775,0.03792181,129.21,0.038,0.0,BTC-26JUL19-10500-C,9366.15,127.56,0.037,11.5,0.042,12.7,136.46,5.23101,-38.07651,0.6448,0.00019,0.32095
9389.78,BTC-27SEP19,1563361170908,open,0.28,127.7,0.248,0.3515,0.29977727,106.61,0.2865,0.0,BTC-27SEP19-11000-P,9366.15,104.74,0.2965,14.4,0.3075,14.4,110.98,16.54334,-12.26843,-15.51015,9e-05,-0.53905
9449.36,BTC-27DEC19,1563361170912,open,0.25,452.1,0.198,0.2775,0.23772681,98.72,0.238,0.0,BTC-27DEC19-10000-C,9366.15,96.7,0.2325,3.6,0.2415,11.0,100.18,24.44464,-7.40787,15.12057,6e-05,0.59632
9390.12,BTC-27SEP19,1563361170918,open,0.11,586.4,0.063,0.1425,0.10280102,107.49,0.1,0.0,BTC-27SEP19-12000-C,9366.15,105.84,0.1,23.8,0.1055,11.0,109.07,16.00374,-11.96627,5.33635,9e-05,0.39139
9380.14,SYN.BTC-30AUG19,1563361170932,open,0.33,1.0,0.2975,0.405,0.35141945,114.23,0.3045,0.0,BTC-30AUG19-12000-P,9366.15,105.87,0.341,3.0,0.3785,3.0,135.09,11.85929,-15.4372,-11.45167,0.0001,-0.66419
9368.71,SYN.BTC-26JUL19,1563361170934,open,0.15,53.1,0.093,0.1725,0.13296424,131.79,0.1405,0.0,BTC-26JUL19-8500-C,9366.15,123.26,0.1285,11.5,0.136,17.5,137.53,4.93674,-36.65263,1.3323,0.00018,0.71777
9368.71,SYN.BTC-26JUL19,1563361170947,open,0.11,60.3,0.0615,0.141,0.10113348,131.29,0.1,0.0,BTC-26JUL19-9000-C,9366.15,124.34,0.097,11.5,0.104,11.5,136.1,5.57441,-41.22843,1.17599,0.0002,0.61733
9366.42,SYN.BTC-19JUL19,1563361170955,open,0.46,16.4,0.4355,0.5545,0.4948751,205.57,0.495,0.0,BTC-19JUL19-14000-P,9366.15,0.0,0.488,6.0,0.526,6.0,500.0,0.07921,-4.34053,-0.71761,1e-05,-0.99602
9389.78,BTC-27SEP19,1563361170957,open,0.53,78.2,0.495,0.619,0.55688297,108.49,0.54,0.0,BTC-27SEP19-14000-P,9366.15,105.18,0.552,6.0,0.5705,6.0,117.43,13.97642,-10.54849,-23.64779,7e-05,-0.72204
9449.36,BTC-27DEC19,1563361170959,open,0.51,58.3,0.4725,0.5945,0.53360078,100.68,0.537,0.0,BTC-27DEC19-13000-P,9366.15,97.99,0.5265,6.0,0.541,3.6,103.48,24.94344,-7.70927,-45.89793,6e-05,-0.5549
9449.02,BTC-27DEC19,1563361170961,open,0.6,17.7,0.5555,0.685,0.6202319,101.15,0.6235,0.0,BTC-27DEC19-14000-P,9366.15,98.34,0.613,6.0,0.6285,3.6,104.33,24.44273,-7.58971,-51.29853,6e-05,-0.59639
9366.42,SYN.BTC-19JUL19,1563361170963,open,0.36,82.8,0.333,0.4435,0.38812357,173.11,0.348,0.0,BTC-19JUL19-13000-P,9366.15,0.0,0.379,6.0,0.4165,6.0,440.42,0.09616,-4.43724,-0.66576,1e-05,-0.99505
9368.71,SYN.BTC-26JUL19,1563361170965,open,0.42,32.3,0.388,0.5035,0.44570727,138.05,0.29,0.0,BTC-26JUL19-13500-P,9366.15,0.0,0.4345,7.5,0.476,7.5,231.74,1.64829,-12.81854,-3.16603,6e-05,-0.94401
9389.78,BTC-27SEP19,1563361171030,open,0.0,421.0,0.0005,0.045,0.00496842,109.62,0.0045,0.0,BTC-27SEP19-4000-P,9366.15,105.34,0.004,19.6,0.006,24.0,113.67,2.26105,-1.72415,-0.51505,1e-05,-0.02289
201.11,ETH-27DEC19,1563361171022,open,0.07,1057.0,0.03,0.115,0.072717,106.63,0.068,0.0,ETH-27DEC19-120-P,199.6,102.78,0.067,262.0,0.079,312.0,110.85,0.29877,-0.0978,-0.19071,0.00155,-0.13983
201.11,ETH-27DEC19,1563361171044,open,0.04,150.0,0.001,0.075,0.035401,117.44,0.036,0.0,ETH-27DEC19-680-C,199.6,117.15,0.035,1.0,0.038,50.0,119.32,0.27328,-0.09852,0.07853,0.00129,0.1229
9389.78,BTC-27SEP19,1563361171047,open,0.1,463.4,0.0625,0.1505,0.10633589,104.99,0.103,0.0,BTC-27SEP19-8000-P,9366.15,103.43,0.104,19.3,0.11,4.5,107.43,14.07587,-10.28012,-7.18139,8e-05,-0.28205
9390.12,BTC-27SEP19,1563361171057,open,0.21,218.1,0.1765,0.274,0.22517798,105.46,0.2285,0.0,BTC-27SEP19-10000-P,9366.15,104.22,0.223,14.4,0.2305,4.8,108.48,16.54151,-12.1349,-12.67636,9e-05,-0.46036
199.18,ETH-27SEP19,1563361171062,open,0.03,4141.0,0.001,0.07,0.030933,118.1,0.026,0.0,ETH-27SEP19-400-C,199.6,115.1,0.028,593.0,0.034,200.0,121.1,0.19927,-0.16372,0.04383,0.00216,0.14268
199.14,ETH-27SEP19,1563361171077,open,2.54,0.0,2.475,2.764,2.619661,127.38,None,0.0,ETH-27SEP19-720-P,199.69,0.0,0.0,0.0,0.0,0.0,0.0,0.04857,-0.04304,-1.41031,0.00049,-0.97676
201.2,ETH-27DEC19,1563361171077,open,1.05,16.0,0.999,1.164,1.081575,109.99,1.195,0.0,ETH-27DEC19-400-P,199.69,63.39,1.001,110.0,1.49,1.0,270.67,0.45634,-0.15409,-1.61295,0.0023,-0.71494
199.14,ETH-27SEP19,1563361171078,open,0.47,981.0,0.433,0.551,0.491852,112.63,0.48,0.0,ETH-27SEP19-280-P,199.69,84.86,0.45,110.0,0.0,0.0,0.0,0.32115,-0.25163,-0.45447,0.00365,-0.6671
199.54,SYN.ETH-26JUL19,1563361171077,open,1.74,0.0,1.694,1.918,1.80583,0.0,None,0.0,ETH-26JUL19-560-P,199.69,0.0,0.0,0.0,0.0,0.0,0.0,0.0,0.0,-0.13616,0.0,-1.0
199.23,ETH-27SEP19,1563361171080,open,1.96,27.0,1.901,2.142,2.021811,129.59,1.044,0.0,ETH-27SEP19-600-P,199.69,0.0,0.0,0.0,0.0,0.0,0.0,0.09348,-0.08427,-1.16527,0.00092,-0.94841
199.59,SYN.ETH-19JUL19,1563361171077,open,0.08,0.0,0.027,0.106,0.066582,135.56,None,0.0,ETH-19JUL19-190-C,199.69,141.31,0.068,150.0,0.079,150.0,184.54,0.04891,-1.76819,0.0066,0.01763,0.71065
199.54,SYN.ETH-26JUL19,1563361171077,open,1.16,0.0,1.117,1.292,1.204587,0.0,None,0.0,ETH-26JUL19-440-P,199.69,0.0,0.0,0.0,0.0,0.0,0.0,0.0,0.0,-0.10699,0.0,-1.0
199.23,ETH-27SEP19,1563361171082,open,1.57,12.0,1.521,1.73,1.625414,125.89,1.193,0.0,ETH-27SEP19-520-P,199.69,0.0,0.0,0.0,0.0,0.0,0.0,0.12543,-0.10985,-1.00049,0.00127,-0.92478
199.59,SYN.ETH-19JUL19,1563361171077,open,0.86,0.0,0.828,0.979,0.903538,0.0,None,0.0,ETH-19JUL19-380-P,199.69,0.0,0.0,0.0,0.0,0.0,0.0,0.0,0.0,-0.01952,0.0,-1.0
199.59,SYN.ETH-19JUL19,1563361171077,open,0.0,152.0,0.001,0.041,0.001797,134.89,0.008,0.0,ETH-19JUL19-170-P,199.69,179.23,0.006,79.0,0.009,550.0,201.97,0.01327,-0.35871,-0.00047,0.00481,-0.04381
199.54,SYN.ETH-26JUL19,1563361171079,open,0.0,2011.0,0.001,0.041,0.001148,135.05,0.002,0.0,ETH-26JUL19-320-C,199.69,0.0,0.0,0.0,0.003,109.0,155.69,0.01264,-0.09621,0.00073,0.00097,0.01628
9449.36,BTC-27DEC19,1563361171101,open,0.07,278.2,0.0305,0.116,0.07318218,98.07,0.0645,0.0,BTC-27DEC19-6000-P,9366.15,95.72,0.0695,10.0,0.075,10.9,99.21,14.95508,-4.50212,-9.56537,4e-05,-0.15366
201.2,ETH-27DEC19,1563361171120,open,0.39,693.0,0.354,0.466,0.41022,106.56,0.423,0.0,ETH-27DEC19-240-P,199.69,101.95,0.398,30.0,0.422,30.0,111.01,0.53306,-0.17437,-0.77854,0.00277,-0.45693
9369.11,SYN.BTC-26JUL19,1563361171125,open,1.19,0.0,1.152,1.331,1.24151923,167.94,None,0.0,BTC-26JUL19-21000-P,9366.15,0.0,0.0,0.0,0.0,0.0,0.0,0.0749,-0.7087,-5.10281,0.0,-0.99842
199.59,SYN.ETH-19JUL19,1563361171123,open,0.01,0.0,0.001,0.059,0.018351,134.77,None,0.0,ETH-19JUL19-190-P,199.69,161.37,0.025,90.0,0.029,200.0,176.97,0.04884,-1.75535,-0.00315,0.01771,-0.28843
9389.78,BTC-27SEP19,1563361171129,open,0.15,179.3,0.114,0.2065,0.16012457,104.91,0.151,0.0,BTC-27SEP19-9000-P,9366.15,103.89,0.1585,0.3,0.165,4.7,107.76,15.77384,-11.51144,-9.85986,9e-05,-0.37303
9389.78,BTC-27SEP19,1563361171137,open,0.01,408.5,0.0005,0.0545,0.01408233,106.01,0.012,0.0,BTC-27SEP19-5000-P,9366.15,103.86,0.013,15.0,0.016,24.0,109.64,4.81067,-3.54779,-1.32651,3e-05,-0.05765
199.59,SYN.ETH-19JUL19,1563361171131,open,0.06,166.0,0.029,0.113,0.07087,134.43,0.076,0.0,ETH-19JUL19-210-P,199.69,157.99,0.077,100.0,0.082,150.0,176.68,0.05087,-1.82351,-0.00774,0.01849,-0.68425
201.2,ETH-27DEC19,1563361171141,open,0.54,441.0,0.502,0.626,0.563608,107.26,0.561,0.0,ETH-27DEC19-280-P,199.69,102.12,0.55,30.0,0.576,30.0,111.93,0.53335,-0.17562,-0.99175,0.00275,-0.54102
9449.02,BTC-27DEC19,1563361171160,open,0.11,238.8,0.0715,0.1605,0.11588352,98.06,0.1195,0.0,BTC-27DEC19-7000-P,9366.15,95.56,0.111,14.9,0.1185,10.9,99.4,18.49669,-5.568,-13.9971,5e-05,-0.21608
9449.36,BTC-27DEC19,1563361171168,open,0.16,237.6,0.121,0.214,0.16767608,98.07,0.1565,0.0,BTC-27DEC19-8000-P,9366.15,95.76,0.1625,10.0,0.1725,10.9,100.2,21.26241,-6.40103,-18.8935,5e-05,-0.28038
199.54,SYN.ETH-26JUL19,1563361171166,open,0.1,150.0,0.071,0.159,0.114599,134.78,0.121,0.0,ETH-26JUL19-210-P,199.69,137.05,0.116,140.0,0.125,150.0,151.62,0.12296,-0.93365,-0.03248,0.00942,-0.55486
9389.78,BTC-27SEP19,1563361171181,open,0.01,92.2,0.0005,0.048,0.00805532,117.33,0.007,0.0,BTC-27SEP19-26000-C,9366.15,114.72,0.007,16.7,0.009,11.0,119.51,3.94746,-3.22205,0.68261,2e-05,0.04497
9389.78,BTC-27SEP19,1563361171191,open,0.01,297.6,0.0005,0.051,0.01103658,106.59,0.005,0.0,BTC-27SEP19-4750-P,9366.15,104.12,0.01,15.0,0.0125,24.0,109.84,4.07212,-3.01939,-1.06857,2e-05,-0.04674
9389.78,BTC-27SEP19,1563361171192,open,0.1,463.4,0.0625,0.1505,0.1063154,104.99,0.103,0.0,BTC-27SEP19-8000-P,9366.15,103.09,0.1035,19.3,0.11,4.5,107.43,14.07587,-10.28012,-7.18139,8e-05,-0.28205
9368.71,SYN.BTC-26JUL19,1563361171193,open,0.02,342.6,0.0005,0.058,0.0182701,129.98,0.02,0.0,BTC-26JUL19-11500-C,9366.15,129.37,0.018,24.0,0.0215,11.5,137.66,3.85255,-28.20861,0.37174,0.00014,0.18143
9389.78,BTC-27SEP19,1563361171204,open,0.03,553.4,0.0005,0.074,0.03296609,105.18,0.0305,0.0,BTC-27SEP19-6000-P,9366.15,102.87,0.031,30.0,0.0355,24.0,108.04,8.16039,-5.97101,-2.76332,4e-05,-0.11646
9380.14,SYN.BTC-30AUG19,1563361171206,open,0.04,52.8,0.0005,0.071,0.03130264,117.37,0.036,0.0,BTC-30AUG19-15000-C,9366.15,114.14,0.0285,19.3,0.033,5.0,119.29,8.26062,-11.04835,1.57532,7e-05,0.171
9449.36,BTC-27DEC19,1563361171209,open,0.03,76.4,0.0005,0.069,0.02827006,98.3,0.0285,0.0,BTC-27DEC19-4500-P,9366.15,96.34,0.0265,10.0,0.03,6.0,100.14,8.69824,-2.62484,-4.24584,2e-05,-0.07241
9389.78,BTC-27SEP19,1563361171207,open,0.03,553.4,0.0005,0.074,0.03296609,105.18,0.0305,0.0,BTC-27SEP19-6000-P,9366.15,102.87,0.031,44.6,0.0355,24.0,108.04,8.16039,-5.97101,-2.76332,4e-05,-0.11646
9369.11,SYN.BTC-26JUL19,1563361171227,open,1.09,0.0,1.0495,1.22,1.13480007,160.58,None,0.0,BTC-26JUL19-20000-P,9366.15,0.0,0.0,0.0,0.0,0.0,0.0,0.08616,-0.77946,-4.85909,0.0,-0.99815
9368.71,SYN.BTC-26JUL19,1563361171226,open,0.08,392.1,0.045,0.1315,0.08804625,129.38,0.0975,0.0,BTC-26JUL19-9500-P,9366.15,129.2,0.088,18.0,0.095,7.5,140.46,5.82537,-42.45735,-1.31084,0.00021,-0.48728
9389.78,BTC-27SEP19,1563361171235,open,0.03,310.3,0.0005,0.0695,0.02993461,111.87,0.0305,0.0,BTC-27SEP19-18000-C,9366.15,109.92,0.028,5.0,0.032,35.0,113.89,9.45114,-7.35484,2.10851,5e-05,0.14396
9368.71,SYN.BTC-26JUL19,1563361171244,open,0.01,194.6,0.0005,0.049,0.00918071,133.84,0.01,0.0,BTC-26JUL19-12500-C,9366.15,131.37,0.0085,11.5,0.0115,44.4,141.87,2.57822,-19.43958,0.20867,9e-05,0.10076
199.54,SYN.ETH-26JUL19,1563361171244,open,0.07,3238.0,0.042,0.128,0.084962,134.82,0.092,0.0,ETH-26JUL19-200-P,199.69,136.5,0.086,144.0,0.095,150.0,151.04,0.12358,-0.93869,-0.02656,0.00947,-0.46246
199.54,SYN.ETH-26JUL19,1563361171259,open,0.12,0.0,0.069,0.148,0.108044,135.19,None,0.0,ETH-26JUL19-190-C,199.69,133.41,0.107,150.0,0.118,150.0,152.09,0.11725,-0.89298,0.02544,0.00896,0.63227
9368.71,SYN.BTC-26JUL19,1563361171267,open,0.11,516.2,0.0765,0.1655,0.12096949,129.41,0.131,0.0,BTC-26JUL19-10000-P,9366.15,129.32,0.121,18.0,0.129,7.5,142.45,5.68615,-41.4517,-1.61522,0.00021,-0.58794
201.2,ETH-27DEC19,1563361171281,open,0.54,441.0,0.501,0.625,0.563113,107.26,0.561,0.0,ETH-27DEC19-280-P,199.69,101.74,0.549,150.0,0.576,30.0,111.93,0.53335,-0.17562,-0.99175,0.00275,-0.54102
9366.42,SYN.BTC-19JUL19,1563361171289,open,0.2,224.5,0.18,0.2775,0.22879551,147.11,0.245,0.0,BTC-19JUL19-11500-P,9366.15,0.0,0.2235,6.0,0.239,6.0,242.45,0.4463,-17.50203,-0.57748,7e-05,-0.97083
199.23,ETH-27SEP19,1563361171312,open,0.11,1655.0,0.066,0.145,0.105064,112.26,0.112,0.0,ETH-27SEP19-260-C,199.69,108.75,0.099,233.0,0.112,160.0,116.4,0.33863,-0.26445,0.11093,0.00386,0.3877
9366.42,SYN.BTC-19JUL19,1563361171314,open,0.25,83.2,0.2305,0.3325,0.28150788,151.83,0.2865,0.0,BTC-19JUL19-12000-P,9366.15,0.0,0.2755,6.0,0.3065,6.0,356.14,0.22683,-9.18038,-0.61058,3e-05,-0.98686
199.14,ETH-27SEP19,1563361171320,open,0.14,1653.0,0.089,0.168,0.128756,112.17,0.127,0.0,ETH-27SEP19-240-C,199.69,107.71,0.121,337.0,0.136,120.0,116.26,0.34975,-0.27293,0.12589,0.00399,0.44985
199.54,SYN.ETH-26JUL19,1563361171326,open,0.01,2051.0,0.001,0.054,0.014238,134.92,0.013,0.0,ETH-26JUL19-160-P,199.69,143.37,0.017,119.0,0.021,250.0,154.73,0.06371,-0.48425,-0.00671,0.00488,-0.12405
9389.78,BTC-27SEP19,1563361171324,open,0.06,441.1,0.0135,0.093,0.05340289,109.22,0.055,0.0,BTC-27SEP19-15000-C,9366.15,107.45,0.051,11.0,0.0565,11.0,111.49,12.78954,-9.71769,3.34876,7e-05,0.2345
199.54,SYN.ETH-26JUL19,1563361171328,open,0.05,10.0,0.018,0.102,0.060108,134.85,0.05,0.0,ETH-26JUL19-190-P,199.69,138.22,0.062,118.0,0.07,382.0,151.8,0.11723,-0.89067,-0.02075,0.00898,-0.36761
199.54,SYN.ETH-26JUL19,1563361171336,open,0.09,151.0,0.043,0.122,0.082783,135.16,0.079,0.0,ETH-26JUL19-200-C,199.69,135.35,0.083,128.0,0.093,313.0,151.51,0.12358,-0.94099,0.02207,0.00944,0.53765
9449.36,BTC-27DEC19,1563361171339,open,0.09,358.7,0.0475,0.127,0.08744677,103.67,0.087,0.0,BTC-27DEC19-18000-C,9366.15,102.13,0.084,15.9,0.091,10.0,105.25,21.23097,-6.75687,8.09949,5e-05,0.27952
199.54,SYN.ETH-26JUL19,1563361171343,open,0.07,3238.0,0.042,0.128,0.085072,134.82,0.092,0.0,ETH-26JUL19-200-P,199.69,136.5,0.086,144.0,0.095,294.0,151.04,0.12358,-0.93869,-0.02656,0.00947,-0.46246
9368.71,SYN.BTC-26JUL19,1563361171348,open,0.15,53.1,0.0935,0.173,0.13303246,131.79,0.1405,0.0,BTC-26JUL19-8500-C,9366.15,123.26,0.1285,11.5,0.136,6.0,137.53,4.93674,-36.65263,1.3323,0.00018,0.71777
199.32,SYN.ETH-30AUG19,1563361171353,open,0.28,0.0,0.25,0.354,0.302028,120.51,None,0.0,ETH-30AUG19-240-P,199.69,111.66,0.29,120.0,0.317,120.0,131.72,0.26814,-0.36824,-0.21443,0.00466,-0.59314
9366.42,SYN.BTC-19JUL19,1563361171356,open,0.31,62.5,0.2815,0.388,0.33465315,160.02,0.3,0.0,BTC-19JUL19-12500-P,9366.15,0.0,0.328,6.0,0.361,6.0,396.75,0.13045,-5.56467,-0.63912,2e-05,-0.99302
201.11,ETH-27DEC19,1563361171353,open,0.15,584.0,0.113,0.205,0.159129,106.32,0.1,0.0,ETH-27DEC19-160-P,199.69,102.48,0.151,189.0,0.167,191.0,110.03,0.42616,-0.13909,-0.36642,0.00222,-0.24917
9368.71,SYN.BTC-26JUL19,1563361171366,open,0.27,315.8,0.242,0.345,0.29365835,131.93,0.284,0.0,BTC-26JUL19-12000-P,9366.15,121.64,0.2905,7.5,0.3205,7.5,194.12,3.18175,-23.64797,-2.63856,0.00011,-0.86439
199.32,SYN.ETH-30AUG19,1563361171360,open,0.28,0.0,0.25,0.354,0.302028,120.51,None,0.0,ETH-30AUG19-240-P,199.69,110.91,0.289,120.0,0.317,120.0,131.72,0.26814,-0.36824,-0.21443,0.00466,-0.59314
9389.78,BTC-27SEP19,1563361171377,open,0.17,806.4,0.1205,0.2,0.16015389,105.41,0.161,0.0,BTC-27SEP19-10000-C,9366.15,103.06,0.156,14.4,0.163,11.0,107.04,16.54131,-12.12942,7.01537,9e-05,0.53954
201.2,ETH-27DEC19,1563361171380,open,0.39,693.0,0.354,0.466,0.409831,106.56,0.423,0.0,ETH-27DEC19-240-P,199.69,101.58,0.397,150.0,0.422,30.0,111.01,0.53306,-0.17437,-0.77854,0.00277,-0.45693
9368.71,SYN.BTC-26JUL19,1563361171390,open,0.11,60.3,0.0615,0.141,0.10119075,131.29,0.1,0.0,BTC-26JUL19-9000-C,9366.15,124.34,0.097,11.5,0.1045,29.5,136.95,5.57419,-41.23166,1.1759,0.0002,0.61733
199.14,ETH-27SEP19,1563361171395,open,0.25,1828.0,0.213,0.313,0.263197,112.14,0.254,0.0,ETH-27SEP19-220-P,199.69,108.63,0.257,200.0,0.268,120.0,114.85,0.35213,-0.27469,-0.29168,0.00402,-0.48061
199.63,SYN.ETH-26JUL19,1563361171404,open,1.55,0.0,1.502,1.71,1.605952,244.53,None,0.0,ETH-26JUL19-520-P,199.69,0.0,0.0,0.0,0.0,0.0,0.0,0.00842,-0.11597,-0.126,0.00036,-0.98983
199.32,SYN.ETH-30AUG19,1563361171402,open,0.22,220.0,0.182,0.28,0.230914,120.54,0.242,0.0,ETH-30AUG19-220-P,199.69,114.94,0.223,264.0,0.244,120.0,130.12,0.27559,-0.37856,-0.17769,0.00479,-0.51088
9366.78,SYN.BTC-19JUL19,1563361171409,open,0.51,0.0,0.4865,0.61,0.54808345,200.43,None,0.0,BTC-19JUL19-14500-P,9366.15,0.0,0.001,1.0,0.0,0.0,0.0,0.03253,-1.73844,-0.74418,0.0,-0.99851
199.14,ETH-27SEP19,1563361171417,open,0.09,1914.0,0.046,0.125,0.085805,112.63,0.087,0.0,ETH-27SEP19-280-C,199.69,109.01,0.08,407.0,0.092,160.0,116.45,0.32115,-0.25163,0.0969,0.00365,0.3329
199.54,SYN.ETH-26JUL19,1563361171433,open,0.15,50.0,0.099,0.178,0.138016,135.24,0.138,0.0,ETH-26JUL19-180-C,199.69,133.05,0.137,50.0,0.148,50.0,153.89,0.10404,-0.7927,0.02842,0.00795,0.72382
9389.78,BTC-27SEP19,1563361171442,open,0.45,35.9,0.4075,0.5245,0.46610184,107.77,0.391,0.0,BTC-27SEP19-13000-P,9366.15,104.77,0.4615,6.0,0.479,6.0,115.58,15.08193,-11.30726,-21.01848,8e-05,-0.67044
199.54,SYN.ETH-26JUL19,1563361171439,open,0.02,2.0,0.001,0.065,0.024918,134.9,0.032,0.0,ETH-26JUL19-170-P,199.69,139.82,0.027,397.0,0.032,200.0,151.08,0.08525,-0.6479,-0.01057,0.00653,-0.193
199.23,ETH-27SEP19,1563361171451,open,0.19,3341.0,0.151,0.246,0.198358,112.03,0.198,0.0,ETH-27SEP19-200-P,199.69,108.76,0.193,334.0,0.204,120.0,115.16,0.34262,-0.26703,-0.23676,0.00391,-0.40485
199.14,ETH-27SEP19,1563361171461,open,0.25,779.0,0.199,0.278,0.238639,112.05,0.227,0.0,ETH-27SEP19-180-C,199.69,107.84,0.232,120.0,0.247,120.0,117.23,0.31833,-0.24813,0.17081,0.00364,0.67431
9390.12,BTC-27SEP19,1563361171454,open,0.09,208.8,0.042,0.1215,0.08162682,107.62,0.083,0.0,BTC-27SEP19-13000-C,9366.15,106.01,0.079,11.0,0.0855,11.0,110.06,15.07441,-11.28582,4.57745,8e-05,0.32913
9449.47,BTC-27DEC19,1563361171468,open,0.03,255.2,0.0005,0.0705,0.03058084,109.74,0.0325,0.0,BTC-27DEC19-30000-C,9367.44,108.49,0.029,6.0,0.0335,21.0,111.96,12.11981,-4.08291,3.48619,3e-05,0.11326
9449.47,BTC-27DEC19,1563361171470,open,3.17,0.0,3.0805,3.42,3.25011372,114.55,None,0.0,BTC-27DEC19-40000-P,9367.44,0.0,0.0005,3.0,0.0,0.0,0.0,8.13885,-2.86212,-176.41232,2e-05,-0.93358
9390.53,BTC-27SEP19,1563361171471,open,0.62,29.6,0.585,0.7165,0.65083313,109.28,0.601,0.0,BTC-27SEP19-15000-P,9367.44,0.0,0.005,10.0,1.264,0.3,500.0,12.79739,-9.72848,-26.18604,7e-05,-0.76527
9449.47,BTC-27DEC19,1563361171471,open,0.56,6.7,0.5125,0.592,0.55203382,98.27,0.55,0.0,BTC-27DEC19-4500-C,9367.44,0.0,0.0115,0.1,0.97,1.0,500.0,8.69438,-2.62274,15.83786,2e-05,0.92764
9449.47,BTC-27DEC19,1563361171471,open,2.76,1.3,2.678,2.984,2.83079629,112.68,2.792,0.0,BTC-27DEC19-36000-P,9367.44,0.0,0.0005,1.0,0.0,0.0,0.0,9.44371,-3.26677,-158.13018,2e-05,-0.91933
9369.11,SYN.BTC-26JUL19,1563361171469,open,0.23,17.0,0.1735,0.253,0.21345381,134.83,0.246,0.0,BTC-26JUL19-7500-C,9367.44,0.0,0.005,0.1,0.0,0.0,0.0,2.96208,-22.50026,1.51318,0.0001,0.87768
9366.78,SYN.BTC-19JUL19,1563361171468,open,0.0,459.3,0.0005,0.04,0.00033568,145.0,0.0005,0.0,BTC-19JUL19-12000-C,9367.44,0.0,0.0,0.0,0.001,0.9,168.27,0.17668,-3.14421,0.00458,3e-05,0.00986
9369.11,SYN.BTC-26JUL19,1563361171471,open,0.78,0.0,0.7425,0.8875,0.81494172,147.62,None,0.0,BTC-26JUL19-17000-P,9367.44,0.0,0.0,0.0,0.0,0.0,0.0,0.27368,-2.27601,-4.11938,1e-05,-0.99331
9391.82,BTC-27SEP19,1563361171473,open,0.0,442.4,0.0005,0.043,0.00337672,119.56,0.0025,0.0,BTC-27SEP19-32000-C,9367.44,112.09,0.002,39.0,0.005,29.9,126.03,2.05263,-1.70716,0.31495,1e-05,0.02041
9391.82,BTC-27SEP19,1563361171474,open,0.56,0.2,0.514,0.5935,0.55398712,108.22,0.65,0.0,BTC-27SEP19-4250-C,9367.44,0.0,0.005,10.1,0.682,5.0,299.05,2.78063,-2.09341,7.70678,1e-05,0.9707
9450.76,BTC-27DEC19,1563361171475,open,0.0,148.7,0.0005,0.041,0.00126825,122.19,0.0005,0.0,BTC-27DEC19-1500-P,9367.44,0.0,0.0,0.0,0.0025,16.0,134.83,0.72611,-0.27236,-0.21669,0.0,-0.00387
9450.76,BTC-27DEC19,1563361171477,open,2.15,0.2,2.0775,2.3335,2.20536601,110.07,2.2245,0.0,BTC-27DEC19-30000-P,9367.44,0.0,0.0,0.0,0.0,0.0,0.0,12.20995,-4.12568,-130.35264,3e-05,-0.88558
9366.78,SYN.BTC-19JUL19,1563361171469,open,0.0,239.0,0.0005,0.04,9.877e-05,145.01,0.0005,0.0,BTC-19JUL19-12500-C,9367.44,0.0,0.0,0.0,0.0005,0.1,173.75,0.06547,-0.92518,0.0015,1e-05,0.00322
9366.78,SYN.BTC-19JUL19,1563361171471,open,0.0,170.4,0.0005,0.04,0.0,145.02,0.0005,0.0,BTC-19JUL19-16500-C,9367.44,0.0,0.0,0.0,0.0035,10.0,401.36,0.0,-1e-05,0.0,0.0,0.0
9369.11,SYN.BTC-26JUL19,1563361171472,open,0.88,0.0,0.845,0.998,0.92146543,150.34,None,0.0,BTC-26JUL19-18000-P,9367.44,0.0,0.0,0.0,0.0,0.0,0.0,0.16591,-1.40527,-4.36861,1e-05,-0.99618
9380.78,SYN.BTC-30AUG19,1563361171473,open,0.8,0.0,0.758,0.904,0.831057,119.81,None,0.0,BTC-30AUG19-17000-P,9367.44,0.0,0.0,0.0,0.0,0.0,0.0,6.13781,-8.38051,-19.40073,5e-05,-0.88944
9380.78,SYN.BTC-30AUG19,1563361171477,open,0.7,0.0,0.661,0.7985,0.72973151,118.53,None,0.0,BTC-30AUG19-16000-P,9367.44,0.0,0.0,0.0,0.0,0.0,0.0,7.13359,-9.6355,-17.95979,6e-05,-0.86298
9380.78,SYN.BTC-30AUG19,1563361171473,open,0.51,0.0,0.4725,0.5945,0.53363558,116.46,None,0.0,BTC-30AUG19-14000-P,9367.44,0.0,0.0,0.0,0.0,0.0,0.0,9.49911,-12.60715,-14.87099,8e-05,-0.78516
9449.47,BTC-27DEC19,1563361171481,open,0.28,189.9,0.2445,0.3475,0.29605348,98.74,0.279,0.0,BTC-27DEC19-10000-P,9367.44,96.4,0.29,4.9,0.3025,10.9,101.24,24.44417,-7.40957,-29.50346,6e-05,-0.40363
9449.47,BTC-27DEC19,1563361171482,open,0.16,237.6,0.121,0.214,0.16767608,98.06,0.1565,0.0,BTC-27DEC19-8000-P,9367.44,95.54,0.162,14.9,0.1725,10.9,100.21,21.26244,-6.40076,-18.89276,5e-05,-0.28037
9366.78,SYN.BTC-19JUL19,1563361171484,open,0.46,16.4,0.435,0.554,0.49470253,185.71,0.495,0.0,BTC-19JUL19-14000-P,9367.44,0.0,0.487,6.0,0.526,6.0,500.0,0.03424,-1.69578,-0.71845,0.0,-0.99843
9449.47,BTC-27DEC19,1563361171501,open,0.36,74.2,0.3165,0.4255,0.37088336,99.53,0.3645,0.0,BTC-27DEC19-11000-P,9367.44,96.93,0.364,6.0,0.3775,3.6,102.02,25.04693,-7.65261,-34.97767,6e-05,-0.45863
199.23,ETH-27SEP19,1563361171500,open,0.32,2398.0,0.281,0.386,0.333539,112.36,0.345,0.0,ETH-27SEP19-240-P,199.69,105.55,0.322,120.0,0.34,120.0,115.81,0.35,-0.27358,-0.34654,0.00399,-0.54937
199.41,SYN.ETH-30AUG19,1563361171508,open,0.22,107.0,0.171,0.25,0.210455,120.29,0.184,0.0,ETH-30AUG19-180-C,199.69,108.69,0.196,120.0,0.221,120.0,128.74,0.2488,-0.34107,0.11138,0.00433,0.67511
9449.47,BTC-27DEC19,1563361171519,open,0.43,83.4,0.3925,0.508,0.45012698,100.09,0.4295,0.0,BTC-27DEC19-12000-P,9367.44,97.41,0.443,6.0,0.457,3.6,102.67,25.17576,-7.7355,-40.45186,6e-05,-0.50921
199.59,SYN.ETH-19JUL19,1563361171515,open,0.08,0.0,0.027,0.106,0.066446,135.56,None,0.0,ETH-19JUL19-190-C,199.69,145.34,0.069,150.0,0.079,150.0,184.54,0.04891,-1.76819,0.0066,0.01763,0.71065
9390.53,BTC-27SEP19,1563361171520,open,0.53,78.2,0.495,0.619,0.55681498,108.52,0.54,0.0,BTC-27SEP19-14000-P,9367.44,104.91,0.5515,6.0,0.5705,6.0,117.49,13.98069,-10.55409,-23.64577,7e-05,-0.72191
9369.11,SYN.BTC-26JUL19,1563361171522,open,0.47,11.0,0.4375,0.557,0.49737772,137.61,0.1845,0.0,BTC-26JUL19-14000-P,9367.44,0.0,0.492,7.5,0.5285,7.5,243.57,1.22885,-9.52689,-3.32273,4e-05,-0.96117
9449.47,BTC-27DEC19,1563361171524,open,0.51,58.3,0.4725,0.5945,0.5335616,100.67,0.537,0.0,BTC-27DEC19-13000-P,9367.44,97.8,0.526,6.0,0.541,3.6,103.48,24.94345,-7.70855,-45.89768,6e-05,-0.55492
9449.47,BTC-27DEC19,1563361171525,open,0.6,17.7,0.5555,0.6845,0.62009297,101.12,0.6235,0.0,BTC-27DEC19-14000-P,9367.44,98.17,0.6125,6.0,0.6285,3.6,104.36,24.44256,-7.58736,-51.2984,6e-05,-0.59647
201.2,ETH-27DEC19,1563361171528,open,0.26,1838.0,0.223,0.324,0.27369,106.43,0.273,0.0,ETH-27DEC19-200-P,199.69,102.04,0.263,40.0,0.284,40.0,110.46,0.50184,-0.16396,-0.56737,0.00261,-0.35797
9391.82,BTC-27SEP19,1563361171527,open,0.13,406.8,0.0885,0.168,0.12814991,106.48,0.13,0.0,BTC-27SEP19-11000-C,9367.44,104.13,0.124,11.0,0.132,11.0,108.67,16.54654,-12.25706,6.15351,9e-05,0.46088
9366.78,SYN.BTC-19JUL19,1563361171542,open,0.36,82.8,0.3325,0.443,0.38796343,159.07,0.348,0.0,BTC-19JUL19-13000-P,9367.44,0.0,0.3785,6.0,0.4165,6.0,440.74,0.05053,-2.14345,-0.66668,1e-05,-0.99758
9369.11,SYN.BTC-26JUL19,1563361171543,open,0.37,28.7,0.3385,0.4495,0.39387966,134.89,0.284,0.0,BTC-26JUL19-13000-P,9367.44,0.0,0.383,7.5,0.423,7.5,218.09,2.03129,-15.4372,-3.00851,7e-05,-0.92674
199.23,ETH-27SEP19,1563361171548,open,0.09,5948.0,0.052,0.139,0.095619,112.51,0.084,0.0,ETH-27SEP19-160-P,199.69,108.41,0.09,215.0,0.1,160.0,115.58,0.27821,-0.21774,-0.13385,0.00316,-0.24546
9369.11,SYN.BTC-26JUL19,1563361171554,open,0.42,32.3,0.388,0.503,0.44554603,137.47,0.29,0.0,BTC-26JUL19-13500-P,9367.44,0.0,0.434,7.5,0.476,7.5,231.88,1.62891,-12.61601,-3.16745,6e-05,-0.94484
199.14,ETH-27SEP19,1563361171555,open,0.05,7577.0,0.017,0.101,0.058869,113.07,0.057,0.0,ETH-27SEP19-140-P,199.69,109.64,0.055,257.0,0.062,160.0,115.88,0.22384,-0.17606,-0.08983,0.00254,-0.17026
9390.53,BTC-27SEP19,1563361171556,open,0.1,463.4,0.0625,0.1505,0.1063154,104.99,0.103,0.0,BTC-27SEP19-8000-P,9367.44,103.12,0.1035,19.3,0.1095,6.0,107.12,14.07559,-10.28076,-7.18049,8e-05,-0.28199
9449.47,BTC-27DEC19,1563361171565,open,0.14,161.0,0.0955,0.186,0.14070015,98.06,0.132,0.0,BTC-27DEC19-7500-P,9367.44,95.6,0.1355,14.9,0.1435,6.0,99.39,19.98087,-6.01495,-16.39742,5e-05,-0.24817
9449.47,BTC-27DEC19,1563361171567,open,0.52,68.4,0.4715,0.551,0.51136448,98.06,0.511,0.0,BTC-27DEC19-5000-C,9367.44,93.73,0.5065,11.0,0.514,11.0,100.34,10.82775,-3.25937,16.517,3e-05,0.90307
9369.11,SYN.BTC-26JUL19,1563361171581,open,0.08,392.1,0.045,0.1315,0.08804625,129.32,0.0975,0.0,BTC-26JUL19-9500-P,9367.44,129.24,0.088,18.0,0.0955,25.5,141.31,5.82537,-42.44036,-1.31053,0.00021,-0.48723
9369.11,SYN.BTC-26JUL19,1563361171583,open,0.11,516.2,0.0765,0.1655,0.12096949,129.33,0.131,0.0,BTC-26JUL19-10000-P,9367.44,129.38,0.121,18.0,0.1295,25.5,143.32,5.68609,-41.42897,-1.61503,0.00021,-0.58797
199.59,SYN.ETH-19JUL19,1563361171601,open,0.01,101.0,0.001,0.043,0.003287,135.17,0.011,0.0,ETH-19JUL19-230-C,199.69,141.48,0.004,250.0,0.008,407.0,170.72,0.02096,-0.65958,0.00077,0.00758,0.07846
199.54,SYN.ETH-26JUL19,1563361171621,open,0.01,0.0,0.001,0.047,0.007344,134.93,None,0.0,ETH-26JUL19-150-P,199.69,146.54,0.01,418.0,0.014,250.0,161.68,0.04265,-0.32424,-0.00384,0.00327,-0.07192
199.54,SYN.ETH-26JUL19,1563361171643,open,0.0,3965.0,0.001,0.04,0.000212,135.05,0.003,0.0,ETH-26JUL19-360-C,199.69,0.0,0.0,0.0,0.002,241.0,175.28,0.00327,-0.02488,0.00016,0.00025,0.0035
199.54,SYN.ETH-26JUL19,1563361171653,open,0.0,1920.0,0.001,0.04,8.9e-05,135.04,0.001,0.0,ETH-26JUL19-380-C,199.69,0.0,0.0,0.0,0.001,151.0,172.12,0.00158,-0.01204,7e-05,0.00012,0.00157
199.59,SYN.ETH-19JUL19,1563361171716,open,0.01,0.0,0.001,0.059,0.018407,134.77,None,0.0,ETH-19JUL19-190-P,199.69,161.37,0.025,90.0,0.028,229.0,173.09,0.04884,-1.75535,-0.00315,0.01771,-0.28843
9369.11,SYN.BTC-26JUL19,1563361171753,open,0.42,32.3,0.388,0.503,0.44554603,137.47,0.29,0.0,BTC-26JUL19-13500-P,9367.44,0.0,0.435,7.5,0.476,7.5,231.88,1.62891,-12.61601,-3.16745,6e-05,-0.94484
9449.47,BTC-27DEC19,1563361171759,open,0.14,161.0,0.0955,0.186,0.14070015,98.06,0.132,0.0,BTC-27DEC19-7500-P,9367.44,95.6,0.1355,14.9,0.1425,6.0,98.91,19.98087,-6.01495,-16.39742,5e-05,-0.24817
9450.76,BTC-27DEC19,1563361171778,open,2.76,1.3,2.678,2.984,2.83079629,113.19,2.792,0.0,BTC-27DEC19-36000-P,9367.44,0.0,0.0005,1.0,0.0,0.0,0.0,9.57592,-3.32745,-158.0891,2e-05,-0.91784
199.54,SYN.ETH-26JUL19,1563361171827,open,0.1,150.0,0.071,0.159,0.114734,134.78,0.121,0.0,ETH-26JUL19-210-P,199.69,137.05,0.116,140.0,0.125,272.0,151.62,0.12296,-0.93365,-0.03248,0.00942,-0.55486
199.23,ETH-27SEP19,1563361171892,open,1.76,24.0,1.71,1.935,1.822719,126.79,1.356,0.0,ETH-27SEP19-560-P,199.69,0.0,0.0,0.0,0.0,0.0,0.0,0.10518,-0.09277,-1.08391,0.00106,-0.9401
199.63,SYN.ETH-26JUL19,1563361171915,open,0.86,504.0,0.829,0.98,0.904439,170.9,0.168,0.0,ETH-26JUL19-380-P,199.69,0.0,0.0,0.0,0.0,0.0,0.0,0.00919,-0.08845,-0.0919,0.00055,-0.98876
9366.78,SYN.BTC-19JUL19,1563361171932,open,0.07,372.8,0.0405,0.1265,0.08353582,139.52,0.093,0.0,BTC-19JUL19-10000-P,9367.44,137.27,0.083,6.0,0.0905,6.0,167.73,2.23149,-83.02594,-0.39007,0.00035,-0.72713
199.68,SYN.ETH-19JUL19,1563361171936,open,0.0,152.0,0.001,0.041,0.001805,135.31,0.008,0.0,ETH-19JUL19-170-P,199.69,179.6,0.006,80.0,0.009,550.0,202.38,0.01328,-0.36038,-0.00047,0.00479,-0.04385
199.23,ETH-27SEP19,1563361171970,open,1.57,12.0,1.52,1.729,1.624259,124.02,1.193,0.0,ETH-27SEP19-520-P,199.69,0.0,0.0,0.0,0.0,0.0,0.0,0.12006,-0.10358,-1.00168,0.00124,-0.92896
199.63,SYN.ETH-26JUL19,1563361171979,open,0.67,1130.0,0.637,0.772,0.704389,151.21,0.6,0.0,ETH-26JUL19-340-P,199.69,0.0,0.666,30.0,0.745,30.0,308.92,0.01257,-0.10707,-0.08195,0.00086,-0.98384
201.2,ETH-27DEC19,1563361172029,open,0.39,693.0,0.354,0.466,0.409831,106.56,0.423,0.0,ETH-27DEC19-240-P,199.69,101.58,0.397,30.0,0.422,30.0,111.01,0.53306,-0.17437,-0.77854,0.00277,-0.45693
199.23,ETH-27SEP19,1563361172043,open,1.96,27.0,1.9,2.141,2.020467,126.6,1.044,0.0,ETH-27SEP19-600-P,199.69,0.0,0.0,0.0,0.0,0.0,0.0,0.08579,-0.07555,-1.16681,0.00087,-0.95367
199.63,SYN.ETH-26JUL19,1563361172043,open,0.96,985.0,0.925,1.084,1.004616,182.15,0.205,0.0,ETH-26JUL19-400-P,199.69,0.0,0.0,0.0,0.0,0.0,0.0,0.00872,-0.08949,-0.09679,0.00049,-0.98941
9380.78,SYN.BTC-30AUG19,1563361172057,open,0.02,0.0,0.0005,0.0625,0.02180683,116.86,None,0.0,BTC-30AUG19-6000-P,9367.44,111.98,0.019,37.8,0.0255,14.1,122.94,5.53298,-7.36847,-1.32664,4e-05,-0.09584
9369.11,SYN.BTC-26JUL19,1563361172065,open,0.05,132.3,0.0005,0.0775,0.03795505,129.26,0.038,0.0,BTC-26JUL19-10500-C,9367.44,127.54,0.037,11.5,0.042,12.6,136.44,5.23202,-38.09948,0.64503,0.00019,0.3211
201.2,ETH-27DEC19,1563361172076,open,0.03,782.0,0.001,0.071,0.03182,118.33,0.032,0.0,ETH-27DEC19-720-C,199.8,117.68,0.031,1.0,0.034,50.0,120.02,0.25546,-0.0928,0.07169,0.0012,0.11167
199.23,ETH-27SEP19,1563361172076,open,2.54,0.0,2.476,2.765,2.620382,135.59,None,0.0,ETH-27SEP19-720-P,199.8,0.0,0.0,0.0,0.0,0.0,0.0,0.06556,-0.06183,-1.40729,0.00062,-0.96671
199.23,ETH-27SEP19,1563361172076,open,0.01,2105.0,0.001,0.047,0.007224,128.0,0.013,0.0,ETH-27SEP19-640-C,199.8,121.25,0.005,300.0,0.01,200.0,134.76,0.07356,-0.0655,0.0122,0.00074,0.03831
199.23,ETH-27SEP19,1563361172076,open,2.15,0.0,2.093,2.349,2.221043,131.71,None,0.0,ETH-27SEP19-640-P,199.8,0.0,0.0,0.0,0.0,0.0,0.0,0.08251,-0.0756,-1.24636,0.0008,-0.95586
201.31,ETH-27DEC19,1563361172076,open,1.59,37.0,1.536,1.746,1.640942,113.15,0.707,0.0,ETH-27DEC19-520-P,199.8,0.0,0.001,500.0,0.0,0.0,0.0,0.36502,-0.12679,-2.20163,0.00178,-0.80991
201.31,ETH-27DEC19,1563361172076,open,0.7,82.0,0.66,0.797,0.728229,108.21,0.64,0.0,ETH-27DEC19-320-P,199.8,84.9,0.671,110.0,1.58,1.0,500.0,0.5159,-0.17138,-1.20229,0.00264,-0.61016
201.31,ETH-27DEC19,1563361172076,open,2.16,0.0,2.092,2.349,2.220605,117.65,None,0.0,ETH-27DEC19-640-P,199.8,0.0,0.0,0.0,0.0,0.0,0.0,0.29981,-0.10828,-2.76703,0.00141,-0.85966
199.23,ETH-27SEP19,1563361172076,open,0.71,0.0,0.662,0.741,0.701349,133.67,0.01,0.0,ETH-27SEP19-60-C,199.8,0.0,0.003,10.0,0.0,0.0,0.0,0.02392,-0.02225,0.11317,0.00023,0.98982
201.31,ETH-27DEC19,1563361172076,open,0.07,624.0,0.026,0.105,0.065449,111.24,0.068,0.0,ETH-27DEC19-480-C,199.8,107.31,0.058,738.0,0.071,40.0,114.06,0.39026,-0.13327,0.1321,0.00194,0.2125
201.31,ETH-27DEC19,1563361172076,open,1.05,16.0,0.998,1.164,1.08077,110.07,1.195,0.0,ETH-27DEC19-400-P,199.8,64.43,1.001,110.0,1.49,1.0,271.09,0.45702,-0.15442,-1.6126,0.0023,-0.71438
201.31,ETH-27DEC19,1563361172076,open,1.41,21.0,1.355,1.55,1.452137,112.42,0.629,0.0,ETH-27DEC19-480-P,199.8,0.0,1.347,110.0,0.0,0.0,0.0,0.39529,-0.13643,-2.00763,0.00194,-0.78276
199.23,ETH-27SEP19,1563361172077,open,1.38,0.0,1.33,1.523,1.426771,121.36,None,0.0,ETH-27SEP19-480-P,199.8,0.0,0.0,0.0,0.0,0.0,0.0,0.1392,-0.11751,-0.91819,0.00147,-0.91365
201.31,ETH-27DEC19,1563361172077,open,2.54,0.0,2.468,2.756,2.61195,121.02,None,0.0,ETH-27DEC19-720-P,199.8,0.0,0.003,5.0,0.0,0.0,0.0,0.26989,-0.10027,-3.13636,0.00123,-0.87944
199.63,SYN.ETH-26JUL19,1563361172076,open,1.74,0.0,1.695,1.918,1.80641,262.41,None,0.0,ETH-26JUL19-560-P,199.8,0.0,0.0,0.0,0.0,0.0,0.0,0.00849,-0.12557,-0.13573,0.00033,-0.98973
199.63,SYN.ETH-26JUL19,1563361172076,open,0.19,0.0,0.133,0.212,0.172972,134.33,None,0.0,ETH-26JUL19-170-C,199.8,0.0,0.0,0.0,0.0,0.0,0.0,0.08492,-0.64268,0.03084,0.00652,0.80836
199.63,SYN.ETH-26JUL19,1563361172076,open,0.0,1074.0,0.001,0.04,1e-06,134.94,0.001,0.0,ETH-26JUL19-480-C,199.8,0.0,0.0,0.0,0.001,300.0,223.16,3e-05,-0.00022,0.0,0.0,2e-05
199.63,SYN.ETH-26JUL19,1563361172077,open,0.57,519.0,0.541,0.668,0.604808,144.52,0.183,0.0,ETH-26JUL19-320-P,199.8,0.0,0.051,5.0,0.0,0.0,0.0,0.01745,-0.14208,-0.07674,0.00125,-0.97621
199.63,SYN.ETH-26JUL19,1563361172076,open,0.0,1091.0,0.001,0.04,0.0,134.95,0.001,0.0,ETH-26JUL19-600-C,199.8,0.0,0.0,0.0,0.001,300.0,269.89,0.0,0.0,0.0,0.0,0.0
199.34,ETH-27SEP19,1563361172079,open,0.06,1846.0,0.021,0.1,0.060467,114.98,0.06,0.0,ETH-27SEP19-320-C,199.8,113.93,0.059,1.0,0.064,160.0,117.46,0.28146,-0.22513,0.07464,0.00313,0.25061
199.34,ETH-27SEP19,1563361172079,open,1.96,27.0,1.9,2.141,2.020467,130.21,1.044,0.0,ETH-27SEP19-600-P,199.8,0.0,0.0,0.0,0.0,0.0,0.0,0.0953,-0.08632,-1.16491,0.00094,-0.94718
199.68,SYN.ETH-19JUL19,1563361172076,open,0.18,1552.0,0.156,0.251,0.203632,144.14,0.18,0.0,ETH-19JUL19-240-P,199.8,0.0,0.012,4.0,0.9,10.0,500.0,0.01281,-0.49253,-0.01192,0.00434,-0.95807
199.41,SYN.ETH-30AUG19,1563361172076,open,0.35,0.0,0.299,0.378,0.338059,122.89,None,0.0,ETH-30AUG19-140-C,199.8,0.0,0.0,0.0,0.0,0.0,0.0,0.16007,-0.22417,0.12309,0.00272,0.85157
199.34,ETH-27SEP19,1563361172080,open,0.91,259.0,0.867,1.022,0.94447,118.98,0.94,0.0,ETH-27SEP19-380-P,199.8,0.0,0.008,12.0,0.0,0.0,0.0,0.22304,-0.18461,-0.69692,0.0024,-0.83096
199.68,SYN.ETH-19JUL19,1563361172076,open,0.27,789.0,0.251,0.354,0.302789,168.23,0.297,0.0,ETH-19JUL19-260-P,199.8,0.0,0.282,10.0,0.33,10.0,383.04,0.00592,-0.26559,-0.01319,0.00172,-0.98337
199.63,SYN.ETH-26JUL19,1563361172076,open,0.0,1248.0,0.001,0.04,0.0,134.94,0.001,0.0,ETH-26JUL19-560-C,199.8,0.0,0.0,0.0,0.001,389.0,255.64,0.0,-1e-05,0.0,0.0,0.0
199.68,SYN.ETH-19JUL19,1563361172076,open,0.76,0.0,0.732,0.875,0.803716,338.85,None,0.0,ETH-19JUL19-360-P,199.8,0.0,0.001,25.0,0.0,0.0,0.0,0.004,-0.36179,-0.01839,0.00058,-0.98943
199.41,SYN.ETH-30AUG19,1563361172076,open,0.8,0.0,0.759,0.905,0.832159,130.45,None,0.0,ETH-30AUG19-360-P,199.8,0.0,0.0,0.0,0.0,0.0,0.0,0.15393,-0.22882,-0.4056,0.00247,-0.85994
199.68,SYN.ETH-19JUL19,1563361172077,open,0.22,0.0,0.159,0.238,0.19868,0.0,None,0.0,ETH-19JUL19-160-C,199.8,0.0,0.0,0.0,0.0,0.0,0.0,0.0,0.0,0.00822,0.0,1.0
199.68,SYN.ETH-19JUL19,1563361172078,open,0.12,10.0,0.065,0.144,0.104857,132.72,0.116,0.0,ETH-19JUL19-180-C,199.8,146.27,0.107,50.0,0.116,50.0,194.22,0.02987,-1.05728,0.00787,0.01099,0.87248
199.63,SYN.ETH-26JUL19,1563361172076,open,0.0,1117.0,0.001,0.04,6e-06,134.93,0.001,0.0,ETH-26JUL19-440-C,199.8,0.0,0.0,0.0,0.001,283.0,204.41,0.00016,-0.0012,1e-05,1e-05,0.00013
199.63,SYN.ETH-26JUL19,1563361172080,open,0.23,0.0,0.173,0.252,0.212407,134.06,None,0.0,ETH-26JUL19-160-C,199.8,0.0,0.0,0.0,0.0,0.0,0.0,0.06313,-0.47683,0.03229,0.00486,0.87763
199.68,SYN.ETH-19JUL19,1563361172076,open,0.67,742.0,0.636,0.771,0.703509,308.67,0.144,0.0,ETH-19JUL19-340-P,199.8,0.0,0.035,10.0,0.0,0.0,0.0,0.0041,-0.3374,-0.01736,0.00065,-0.98914
9369.11,SYN.BTC-26JUL19,1563361172089,open,0.0,560.8,0.0005,0.04,0.00017603,145.0,0.0005,0.0,BTC-26JUL19-18000-C,9367.44,0.0,0.0,0.0,0.0005,3.5,160.84,0.12403,-1.0132,0.00589,0.0,0.00276
9369.11,SYN.BTC-26JUL19,1563361172090,open,0.01,194.6,0.0005,0.049,0.00918342,133.87,0.01,0.0,BTC-26JUL19-12500-C,9367.44,131.36,0.0085,11.5,0.0115,44.3,141.86,2.57982,-19.4575,0.20883,9e-05,0.10085
9369.11,SYN.BTC-26JUL19,1563361172092,open,0.0,313.8,0.0005,0.04,3.403e-05,145.0,0.001,0.0,BTC-26JUL19-20000-C,9367.44,0.0,0.0,0.0,0.0005,5.8,182.88,0.03054,-0.24946,0.00128,0.0,0.0006
199.34,ETH-27SEP19,1563361172104,open,0.39,1374.0,0.354,0.466,0.410088,112.67,0.42,0.0,ETH-27SEP19-260-P,199.8,90.23,0.373,110.0,0.0,0.0,0.0,0.3392,-0.26585,-0.40073,0.00385,-0.6108
199.34,ETH-27SEP19,1563361172110,open,0.47,981.0,0.433,0.551,0.491851,113.35,0.48,0.0,ETH-27SEP19-280-P,199.8,85.74,0.45,110.0,0.0,0.0,0.0,0.32256,-0.25435,-0.4538,0.00364,-0.66421
9366.78,SYN.BTC-19JUL19,1563361172111,open,0.04,43.3,0.0005,0.073,0.03340616,139.34,0.032,0.0,BTC-19JUL19-9500-C,9367.44,137.95,0.033,1.8,0.0375,10.0,153.74,2.66709,-99.10121,0.20698,0.00042,0.46356
199.34,ETH-27SEP19,1563361172129,open,0.72,345.0,0.687,0.826,0.756376,115.77,0.76,0.0,ETH-27SEP19-340-P,199.8,0.0,0.697,110.0,1.19,1.0,375.83,0.25983,-0.20925,-0.60427,0.00287,-0.78304
199.34,ETH-27SEP19,1563361172129,open,1.38,0.0,1.33,1.523,1.426771,123.17,None,0.0,ETH-27SEP19-480-P,199.8,0.0,0.0,0.0,0.0,0.0,0.0,0.14484,-0.1241,-0.91687,0.0015,-0.90899
199.63,SYN.ETH-26JUL19,1563361172132,open,0.02,545.0,0.001,0.051,0.011929,134.84,0.012,0.0,ETH-26JUL19-260-C,199.8,135.06,0.012,385.0,0.017,297.0,149.48,0.064,-0.48622,0.00548,0.0049,0.12478
9366.78,SYN.BTC-19JUL19,1563361172301,open,0.02,266.8,0.0005,0.0645,0.02373521,144.01,0.027,0.0,BTC-19JUL19-9000-P,9367.44,143.02,0.0235,2.0,0.027,1.1,156.43,2.43265,-93.41861,-0.17044,0.00037,-0.33047
199.74,SYN.ETH-26JUL19,1563361172340,open,1.16,0.0,1.116,1.292,1.204049,209.15,None,0.0,ETH-26JUL19-440-P,199.8,0.0,0.0,0.0,0.0,0.0,0.0,0.0097,-0.11427,-0.10646,0.00048,-0.98804
9370.45,SYN.BTC-26JUL19,1563361172351,open,0.57,10.0,0.5385,0.6665,0.60260346,143.7,0.17,0.0,BTC-26JUL19-15000-P,9367.44,0.0,0.0,0.0,0.0,0.0,0.0,0.80868,-6.5471,-3.59804,3e-05,-0.97657
9380.78,SYN.BTC-30AUG19,1563361172356,open,0.02,0.0,0.0005,0.0625,0.02179832,116.86,None,0.0,BTC-30AUG19-6000-P,9367.44,111.98,0.019,13.8,0.0255,14.1,122.94,5.53298,-7.36847,-1.32664,4e-05,-0.09584
9450.93,BTC-27DEC19,1563361172358,open,0.12,151.0,0.069,0.1485,0.10897307,102.35,0.1085,0.0,BTC-27DEC19-16000-C,9367.44,100.72,0.105,15.9,0.1135,10.0,104.22,22.98012,-7.22025,9.50247,6e-05,0.33426
9450.76,BTC-27DEC19,1563361172360,open,0.09,221.5,0.05,0.137,0.09328293,98.09,0.094,0.0,BTC-27DEC19-6500-P,9367.44,95.65,0.089,10.0,0.095,6.0,99.02,16.8158,-5.06352,-11.7113,4e-05,-0.18437
9450.93,BTC-27DEC19,1563361172360,open,1.54,0.0,1.4855,1.692,1.58889851,107.15,None,0.0,BTC-27DEC19-24000-P,9367.44,0.0,0.0065,1.0,2.393,0.2,500.0,16.12807,-5.30488,-101.90556,4e-05,-0.82746
199.34,ETH-27SEP19,1563361172360,open,2.54,0.0,2.475,2.763,2.618759,136.65,None,0.0,ETH-27SEP19-720-P,199.8,0.0,0.0,0.0,0.0,0.0,0.0,0.06801,-0.06465,-1.40684,0.00064,-0.96521
9369.11,SYN.BTC-26JUL19,1563361172359,open,0.06,303.1,0.014,0.0935,0.05359917,129.25,0.0545,0.0,BTC-26JUL19-10000-C,9367.44,127.46,0.0525,0.1,0.056,1.0,133.22,5.68578,-41.40254,0.81636,0.00021,0.41194
9380.78,SYN.BTC-30AUG19,1563361172355,open,0.24,0.0,0.1895,0.269,0.22948308,113.38,None,0.0,BTC-30AUG19-8000-C,9367.44,104.71,0.2195,4.1,0.231,3.9,114.72,10.82736,-13.98986,5.60233,9e-05,0.72628
9390.53,BTC-27SEP19,1563361172361,open,0.06,441.1,0.0135,0.093,0.05341674,109.22,0.055,0.0,BTC-27SEP19-15000-C,9367.44,107.44,0.051,25.0,0.0565,11.0,111.48,12.79166,-9.71914,3.34953,7e-05,0.23454
201.3,ETH-27DEC19,1563361172373,open,1.41,21.0,1.352,1.547,1.449912,111.23,0.629,0.0,ETH-27DEC19-480-P,199.8,0.0,1.347,110.0,0.0,0.0,0.0,0.39015,-0.13322,-2.00987,0.00194,-0.78758
9390.53,BTC-27SEP19,1563361172363,open,0.03,310.3,0.0005,0.0695,0.02994319,111.86,0.0305,0.0,BTC-27SEP19-18000-C,9367.44,109.91,0.028,5.0,0.032,11.0,113.89,9.45304,-7.35622,2.10904,5e-05,0.14399
9366.78,SYN.BTC-19JUL19,1563361172376,open,0.11,415.7,0.083,0.1725,0.12784574,140.96,0.137,0.0,BTC-19JUL19-10500-P,9367.44,138.51,0.1275,6.0,0.134,6.0,174.75,1.49494,-56.19409,-0.4753,0.00024,-0.85991
9366.78,SYN.BTC-19JUL19,1563361172378,open,0.08,24.0,0.023,0.1025,0.06289227,143.87,0.056,0.0,BTC-19JUL19-9000-C,9367.44,134.67,0.0605,0.7,0.066,18.0,155.83,2.4323,-93.31482,0.29196,0.00038,0.66965
9450.93,BTC-27DEC19,1563361172391,open,0.51,58.3,0.4725,0.5945,0.53354834,100.73,0.537,0.0,BTC-27DEC19-13000-P,9367.44,97.86,0.526,6.0,0.5405,3.6,103.36,24.94972,-7.71499,-45.89251,6e-05,-0.55464
9380.78,SYN.BTC-30AUG19,1563361172394,open,0.18,0.4,0.1325,0.212,0.17214568,112.11,0.1895,0.0,BTC-30AUG19-9000-C,9367.44,107.87,0.1665,14.4,0.175,4.2,114.3,12.4006,-15.84373,5.03101,0.0001,0.61828
9380.78,SYN.BTC-30AUG19,1563361172412,open,0.18,0.4,0.1325,0.212,0.17214568,112.11,0.1895,0.0,BTC-30AUG19-9000-C,9367.44,107.87,0.1665,14.4,0.1755,4.0,114.68,12.4006,-15.84373,5.03101,0.0001,0.61828
9382.32,SYN.BTC-30AUG19,1563361172413,open,0.02,0.5,0.0005,0.0585,0.01872218,119.61,0.019,0.0,BTC-30AUG19-17000-C,9367.44,115.27,0.016,24.0,0.0205,15.0,122.27,6.12066,-8.34276,1.03057,5e-05,0.1101
9380.78,SYN.BTC-30AUG19,1563361172424,open,0.06,1.1,0.0145,0.094,0.05408647,115.08,0.063,0.0,BTC-30AUG19-13000-C,9367.44,112.37,0.051,19.3,0.0565,5.0,117.19,10.71783,-14.05623,2.41455,9e-05,0.2682
9380.78,SYN.BTC-30AUG19,1563361172433,open,0.08,28.3,0.0325,0.112,0.07201684,114.12,0.082,0.0,BTC-30AUG19-12000-C,9367.44,111.34,0.0685,19.3,0.075,15.0,116.48,11.85692,-15.41967,2.97221,0.0001,0.33558
9391.96,BTC-27SEP19,1563361172445,open,2.14,0.0,2.071,2.3265,2.19879371,119.28,None,0.0,BTC-27SEP19-30000-P,9367.44,0.0,0.0,0.0,0.0,0.0,0.0,2.58541,-2.14539,-58.66341,1e-05,-0.97315
9450.93,BTC-27DEC19,1563361172467,open,2.35,0.3,2.277,2.5495,2.41319575,111.17,2.435,0.0,BTC-27DEC19-32000-P,9369.1,0.0,0.0,0.0,0.0,0.0,0.0,11.22863,-3.83188,-139.64998,3e-05,-0.89815
9450.93,BTC-27DEC19,1563361172467,open,3.17,0.0,3.0805,3.42,3.25006486,115.24,None,0.0,BTC-27DEC19-40000-P,9369.1,0.0,0.0005,3.0,0.0,0.0,0.0,8.30898,-2.93946,-176.36211,2e-05,-0.93179
9391.96,BTC-27SEP19,1563361172467,open,1.52,0.2,1.464,1.669,1.56644613,116.48,1.6,0.0,BTC-27SEP19-24000-P,9369.1,0.0,0.0,0.0,0.0,0.0,0.0,4.95039,-4.01134,-46.35941,2e-05,-0.94022
9450.93,BTC-27DEC19,1563361172467,open,3.58,0.0,3.4835,3.8565,3.67008907,116.7,None,0.0,BTC-27DEC19-44000-P,9369.1,0.0,0.0,0.0,0.0,0.0,0.0,7.19217,-2.57658,-194.56184,2e-05,-0.94332
9450.93,BTC-27DEC19,1563361172467,open,4.41,1.0,4.2925,4.733,4.51256903,119.81,4.454,0.0,BTC-27DEC19-52000-P,9369.1,0.0,0.001,1.0,0.0,0.0,0.0,5.63607,-2.07289,-230.72041,1e-05,-0.95822
9368.08,SYN.BTC-19JUL19,1563361172467,open,0.57,0.0,0.5375,0.665,0.60140497,242.1,None,0.0,BTC-19JUL19-15000-P,9369.1,0.0,0.001,1.0,0.0,0.0,0.0,0.08518,-5.49918,-0.76858,1e-05,-0.99568
9391.96,BTC-27SEP19,1563361172468,open,0.84,42.8,0.8005,0.88,0.84042239,142.77,0.815,0.0,BTC-27SEP19-1500-C,9369.1,0.0,0.01,1.0,0.0,0.0,0.0,0.09556,-0.09491,2.93912,0.0,0.99934
9391.96,BTC-27SEP19,1563361172468,open,1.73,0.0,1.666,1.8875,1.77680483,118.31,None,0.0,BTC-27SEP19-26000-P,9369.1,0.0,0.0,0.0,0.0,0.0,0.0,4.07533,-3.35417,-50.49034,2e-05,-0.95322
9391.96,BTC-27SEP19,1563361172468,open,0.33,748.2,0.2785,0.358,0.31813518,104.91,0.3315,0.0,BTC-27SEP19-7000-C,9369.1,99.0,0.311,11.0,0.3535,11.0,132.95,11.44587,-8.35352,9.02742,6e-05,0.80625
9391.96,BTC-27SEP19,1563361172469,open,2.35,0.0,2.275,2.5475,2.41106575,121.82,None,0.0,BTC-27SEP19-32000-P,9369.1,0.0,0.0,0.0,0.0,0.0,0.0,2.26155,-1.91648,-62.66249,1e-05,-0.97711
9370.45,SYN.BTC-26JUL19,1563361172467,open,0.32,0.0,0.27,0.3495,0.3097192,139.01,0.3665,0.0,BTC-26JUL19-6500-C,9369.1,0.0,0.005,0.1,0.0,0.0,0.0,1.16235,-9.10276,1.49013,4e-05,0.96374
9370.45,SYN.BTC-26JUL19,1563361172467,open,0.0,625.7,0.0005,0.04,0.00039067,144.75,0.0005,0.0,BTC-26JUL19-17000-C,9369.1,0.0,0.0,0.0,0.001,5.5,161.16,0.23981,-1.95559,0.01225,1e-05,0.00577
9382.32,SYN.BTC-30AUG19,1563361172467,open,0.42,0.0,0.3825,0.497,0.43989842,115.26,None,0.0,BTC-30AUG19-13000-P,9369.1,0.0,0.0,0.0,0.0,0.0,0.0,10.73283,-14.09793,-13.20704,9e-05,-0.73114
9391.96,BTC-27SEP19,1563361172470,open,1.93,0.0,1.868,2.1065,1.98745814,118.8,None,0.0,BTC-27SEP19-28000-P,9369.1,0.0,0.0,0.0,0.0,0.0,0.0,3.24039,-2.67795,-54.59917,2e-05,-0.96474
9391.96,BTC-27SEP19,1563361172470,open,0.66,0.0,0.6165,0.696,0.65605764,115.82,None,0.0,BTC-27SEP19-3250-C,9369.1,0.0,0.005,10.0,0.8975,5.0,500.0,1.1226,-0.90445,6.17382,1e-05,0.98988
9450.93,BTC-27DEC19,1563361172471,open,3.99,0.0,3.8875,4.2945,4.09097434,118.16,None,0.0,BTC-27DEC19-48000-P,9369.1,0.0,0.0,0.0,0.0,0.0,0.0,6.30534,-2.28708,-212.67694,1e-05,-0.95197
9450.93,BTC-27DEC19,1563361172471,open,2.76,1.3,2.6775,2.983,2.8302405,112.71,2.792,0.0,BTC-27DEC19-36000-P,9369.1,0.0,0.0005,1.0,0.0,0.0,0.0,9.45383,-3.27096,-158.12704,2e-05,-0.91923
9391.96,BTC-27SEP19,1563361172471,open,1.11,0.0,1.0645,1.236,1.15030966,113.27,None,0.0,BTC-27SEP19-20000-P,9369.1,0.0,0.005,10.0,1.7525,0.2,500.0,7.58856,-5.97951,-37.82327,4e-05,-0.89481
9370.45,SYN.BTC-26JUL19,1563361172470,open,0.67,5.0,0.6405,0.7765,0.7084735,146.84,0.2255,0.0,BTC-26JUL19-16000-P,9369.1,0.0,0.0,0.0,0.0,0.0,0.0,0.49355,-4.08299,-3.86271,2e-05,-0.98686
9450.93,BTC-27DEC19,1563361172472,open,1.94,0.1,1.879,2.118,1.99852602,109.12,2.02,0.0,BTC-27DEC19-28000-P,9369.1,0.0,0.001,1.0,2.5,0.1,317.77,13.36754,-4.4777,-120.96762,3e-05,-0.86983
9391.96,BTC-27SEP19,1563361172472,open,0.69,225.7,0.6425,0.722,0.68243377,121.77,0.693,0.0,BTC-27SEP19-3000-C,9369.1,0.0,0.005,20.0,0.902,5.0,500.0,0.97391,-0.82499,5.71407,0.0,0.9914
9368.08,SYN.BTC-19JUL19,1563361172470,open,0.0,297.0,0.0005,0.04,1.62e-06,144.95,0.0005,0.0,BTC-19JUL19-14000-C,9369.1,0.0,0.0,0.0,0.0015,21.0,266.73,0.00185,-0.01519,3e-05,0.0,7e-05
9368.08,SYN.BTC-19JUL19,1563361172474,open,0.12,6.1,0.062,0.1415,0.10184763,144.34,0.109,0.0,BTC-19JUL19-8500-C,9369.1,120.35,0.098,6.0,0.105,6.0,161.53,1.63815,-63.05203,0.3549,0.00025,0.83933
9368.08,SYN.BTC-19JUL19,1563361172472,open,0.62,0.0,0.589,0.7205,0.65478507,257.64,None,0.0,BTC-19JUL19-15500-P,9369.1,0.0,0.001,1.0,0.0,0.0,0.0,0.08333,-5.72546,-0.79432,1e-05,-0.99579
199.41,SYN.ETH-30AUG19,1563361172487,open,0.16,220.0,0.12,0.213,0.166559,120.22,0.147,0.0,ETH-30AUG19-200-P,199.8,114.46,0.159,270.0,0.178,137.0,128.48,0.27028,-0.37031,-0.14072,0.0047,-0.42023
199.41,SYN.ETH-30AUG19,1563361172490,open,0.16,220.0,0.12,0.213,0.166559,120.22,0.147,0.0,ETH-30AUG19-200-P,199.8,114.46,0.159,407.0,0.178,137.0,128.48,0.27028,-0.37031,-0.14072,0.0047,-0.42023
9370.45,SYN.BTC-26JUL19,1563361172492,open,0.03,450.9,0.0005,0.0815,0.04029191,132.01,0.042,0.0,BTC-26JUL19-8500-P,9369.1,130.51,0.0395,0.1,0.0445,24.0,139.95,4.9366,-36.715,-0.7346,0.00018,-0.28212
9450.93,BTC-27DEC19,1563361172518,open,0.69,5.6,0.642,0.7785,0.71023947,101.94,0.7075,0.0,BTC-27DEC19-15000-P,9369.1,0.0,0.005,10.0,1.4685,0.2,500.0,23.78923,-7.44478,-56.61745,6e-05,-0.63226
199.68,SYN.ETH-19JUL19,1563361172521,open,0.03,891.0,0.001,0.081,0.039429,135.83,0.047,0.0,ETH-19JUL19-200-P,199.8,154.5,0.045,103.0,0.052,304.0,179.01,0.05707,-2.06701,-0.0054,0.02051,-0.48719
9391.96,BTC-27SEP19,1563361172529,open,0.72,34.4,0.6775,0.817,0.74734986,110.12,0.3735,0.0,BTC-27SEP19-16000-P,9369.1,0.0,0.005,10.0,1.3605,0.2,500.0,11.62675,-8.90695,-28.63908,6e-05,-0.80117
9391.96,BTC-27SEP19,1563361172537,open,0.06,441.1,0.0135,0.093,0.05341674,109.21,0.055,0.0,BTC-27SEP19-15000-C,9369.1,107.42,0.051,44.3,0.0565,11.0,111.45,12.79549,-9.72115,3.35093,7e-05,0.2346
9450.93,BTC-27DEC19,1563361172544,open,0.22,301.2,0.1785,0.2765,0.22750816,98.1,0.2165,0.0,BTC-27DEC19-9000-P,9369.1,96.06,0.2225,4.9,0.2335,4.9,100.54,23.22897,-6.99514,-24.09177,6e-05,-0.34375
9391.96,BTC-27SEP19,1563361172547,open,0.28,127.7,0.2475,0.351,0.29945358,106.53,0.2865,0.0,BTC-27SEP19-11000-P,9369.1,104.57,0.296,14.4,0.3075,14.4,111.09,16.54726,-12.26309,-15.50689,9e-05,-0.53901
199.41,SYN.ETH-30AUG19,1563361172545,open,0.06,552.0,0.028,0.113,0.070565,121.02,0.075,0.0,ETH-30AUG19-160-P,199.8,115.59,0.065,232.0,0.078,392.0,127.89,0.2106,-0.29044,-0.07239,0.00364,-0.2313
9368.08,SYN.BTC-19JUL19,1563361172555,open,0.12,6.1,0.062,0.1415,0.10184763,144.34,0.109,0.0,BTC-19JUL19-8500-C,9369.1,123.76,0.0985,6.0,0.105,6.0,161.53,1.63815,-63.05203,0.3549,0.00025,0.83933
9370.45,SYN.BTC-26JUL19,1563361172562,open,0.05,733.2,0.0195,0.104,0.06181691,131.5,0.067,0.0,BTC-26JUL19-9000-P,9369.1,130.13,0.061,0.1,0.067,41.5,140.2,5.57396,-41.29397,-1.01207,0.0002,-0.38238
199.63,SYN.ETH-26JUL19,1563361172557,open,0.03,1358.0,0.001,0.081,0.039934,135.27,0.036,0.0,ETH-26JUL19-180-P,199.8,137.04,0.041,149.0,0.049,200.0,152.19,0.10396,-0.79231,-0.01532,0.00793,-0.2755
9370.45,SYN.BTC-26JUL19,1563361172564,open,0.15,53.1,0.0935,0.173,0.13305525,131.77,0.1405,0.0,BTC-26JUL19-8500-C,9369.1,123.05,0.1285,17.5,0.136,6.0,137.33,4.93462,-36.63181,1.33301,0.00018,0.71811
9450.93,BTC-27DEC19,1563361172566,open,0.16,237.6,0.121,0.214,0.16767037,98.09,0.1565,0.0,BTC-27DEC19-8000-P,9369.1,95.57,0.162,14.9,0.172,4.9,100.02,21.26255,-6.40263,-18.89178,5e-05,-0.28029
9450.93,BTC-27DEC19,1563361172578,open,0.25,452.1,0.198,0.2775,0.23778444,98.72,0.238,0.0,BTC-27DEC19-10000-C,9369.1,96.87,0.233,3.6,0.2415,11.0,100.15,24.44717,-7.40862,15.12465,6e-05,0.59642
199.63,SYN.ETH-26JUL19,1563361172567,open,0.03,1358.0,0.001,0.081,0.039934,135.27,0.036,0.0,ETH-26JUL19-180-P,199.8,137.04,0.041,370.0,0.049,200.0,152.19,0.10396,-0.79231,-0.01532,0.00793,-0.2755
199.41,SYN.ETH-30AUG19,1563361172573,open,0.04,150.0,0.001,0.081,0.040365,123.29,0.041,0.0,ETH-30AUG19-140-P,199.8,117.67,0.036,273.0,0.044,475.0,127.65,0.1604,-0.22535,-0.04538,0.00272,-0.14888
199.63,SYN.ETH-26JUL19,1563361172583,open,0.05,10.0,0.018,0.102,0.059915,135.33,0.05,0.0,ETH-26JUL19-190-P,199.8,136.85,0.061,144.0,0.07,382.0,152.14,0.11722,-0.89369,-0.02073,0.00894,-0.36697
9450.93,BTC-27DEC19,1563361172602,open,0.29,181.6,0.2355,0.315,0.27507379,98.04,0.287,0.0,BTC-27DEC19-9000-C,9369.1,96.18,0.2705,3.6,0.2785,11.0,99.43,23.23041,-6.9913,16.073,6e-05,0.65619
9450.93,BTC-27DEC19,1563361172615,open,0.09,221.5,0.05,0.137,0.09328293,98.06,0.094,0.0,BTC-27DEC19-6500-P,9369.1,95.37,0.0885,4.9,0.095,6.0,99.03,16.8147,-5.06184,-11.7083,4e-05,-0.18434
9370.45,SYN.BTC-26JUL19,1563361172616,open,0.0,57.0,0.0005,0.041,0.00106041,140.94,0.0005,0.0,BTC-26JUL19-15500-C,9369.1,128.62,0.0005,14.4,0.0015,4.2,147.68,0.5414,-4.29882,0.0309,2e-05,0.01462
9382.32,SYN.BTC-30AUG19,1563361172614,open,0.25,14.6,0.218,0.319,0.26869137,113.21,0.2625,0.0,BTC-30AUG19-11000-P,9369.1,111.59,0.2665,14.4,0.281,3.0,122.26,12.69687,-16.38083,-9.60293,0.00011,-0.58278
9370.45,SYN.BTC-26JUL19,1563361172622,open,0.11,60.3,0.0615,0.141,0.10121338,131.27,0.1,0.0,BTC-26JUL19-9000-C,9369.1,124.18,0.097,29.5,0.1045,29.5,136.79,5.57368,-41.21937,1.17675,0.0002,0.61769
9391.96,BTC-27SEP19,1563361172628,open,0.21,218.1,0.176,0.2735,0.22499191,105.43,0.2285,0.0,BTC-27SEP19-10000-P,9369.1,104.3,0.223,14.4,0.23,4.6,108.27,16.54416,-12.13363,-12.67296,9e-05,-0.46024
9368.08,SYN.BTC-19JUL19,1563361172619,open,0.36,82.8,0.3325,0.443,0.38791109,176.05,0.348,0.0,BTC-19JUL19-13000-P,9369.1,0.0,0.3795,6.0,0.4165,6.0,441.61,0.10815,-5.07739,-0.6652,1e-05,-0.99435
9450.93,BTC-27DEC19,1563361172617,open,0.09,221.5,0.05,0.137,0.09328293,98.06,0.094,0.0,BTC-27DEC19-6500-P,9369.1,95.65,0.089,10.0,0.095,6.0,99.03,16.8147,-5.06184,-11.7083,4e-05,-0.18434
9391.96,BTC-27SEP19,1563361172634,open,0.13,406.8,0.0885,0.168,0.12822159,106.52,0.13,0.0,BTC-27SEP19-11000-C,9369.1,104.12,0.124,25.4,0.132,11.0,108.67,16.54717,-12.26188,6.154,9e-05,0.46097
9368.08,SYN.BTC-19JUL19,1563361172643,open,0.0,282.0,0.0005,0.041,0.00100528,144.0,0.001,0.0,BTC-19JUL19-11500-C,9369.1,129.89,0.0005,19.3,0.0015,0.4,153.89,0.41197,-9.41751,0.01227,6e-05,0.02649
9393.62,BTC-27SEP19,1563361172644,open,0.62,29.6,0.585,0.7165,0.65077067,109.57,0.601,0.0,BTC-27SEP19-15000-P,9369.1,0.0,0.005,10.0,1.264,0.3,500.0,12.83801,-9.78574,-26.17111,7e-05,-0.76406
9370.45,SYN.BTC-26JUL19,1563361172637,open,0.37,28.7,0.3385,0.4495,0.39382307,135.5,0.284,0.0,BTC-26JUL19-13000-P,9369.1,0.0,0.3845,7.5,0.423,7.5,218.47,2.05561,-15.69225,-3.00623,7e-05,-0.92561
9368.08,SYN.BTC-19JUL19,1563361172647,open,0.11,415.7,0.083,0.1725,0.12784574,141.56,0.137,0.0,BTC-19JUL19-10500-P,9369.1,136.16,0.127,6.0,0.134,6.0,175.4,1.50542,-56.82815,-0.47466,0.00024,-0.85848
9391.96,BTC-27SEP19,1563361172648,open,0.45,35.9,0.4075,0.524,0.46585425,107.67,0.391,0.0,BTC-27SEP19-13000-P,9369.1,104.94,0.4615,6.0,0.4795,6.0,116.04,15.0824,-11.29635,-21.01802,8e-05,-0.6706
9370.45,SYN.BTC-26JUL19,1563361172651,open,0.0,477.9,0.0005,0.043,0.00304233,137.09,0.0025,0.0,BTC-26JUL19-14000-C,9369.1,132.65,0.0025,10.0,0.004,3.3,143.88,1.21414,-9.37702,0.08022,4e-05,0.03825
9368.08,SYN.BTC-19JUL19,1563361172663,open,0.0,282.0,0.0005,0.041,0.00100528,144.0,0.001,0.0,BTC-19JUL19-11500-C,9369.1,129.89,0.0005,19.4,0.0015,0.4,153.89,0.41197,-9.41751,0.01227,6e-05,0.02649
9370.45,SYN.BTC-26JUL19,1563361172650,open,0.08,103.8,0.0345,0.114,0.07404846,129.17,0.087,0.0,BTC-26JUL19-9500-C,9369.1,125.07,0.0715,29.5,0.076,0.3,132.31,5.82611,-42.3981,1.00008,0.00021,0.51298
9391.96,BTC-27SEP19,1563361172651,open,0.13,406.8,0.0885,0.168,0.12822159,106.52,0.13,0.0,BTC-27SEP19-11000-C,9369.1,104.41,0.1245,12.0,0.132,11.0,108.67,16.54717,-12.26188,6.154,9e-05,0.46097
9391.96,BTC-27SEP19,1563361172671,open,0.09,208.8,0.042,0.1215,0.08163697,107.63,0.083,0.0,BTC-27SEP19-13000-C,9369.1,105.67,0.0785,43.4,0.0855,11.0,110.03,15.08046,-11.29133,4.58036,8e-05,0.3293
9368.08,SYN.BTC-19JUL19,1563361172675,open,0.04,547.1,0.006,0.0895,0.04762926,139.66,0.053,0.0,BTC-19JUL19-9500-P,9369.1,144.47,0.049,1.7,0.054,9.5,162.0,2.6679,-99.35718,-0.28073,0.00042,-0.53572
9393.62,BTC-27SEP19,1563361172682,open,1.93,0.0,1.868,2.1065,1.98745814,120.27,None,0.0,BTC-27SEP19-28000-P,9369.1,0.0,0.0,0.0,0.0,0.0,0.0,3.41383,-2.85626,-54.56605,2e-05,-0.96242
9368.08,SYN.BTC-19JUL19,1563361172684,open,0.02,266.8,0.0005,0.0645,0.02373521,144.12,0.027,0.0,BTC-19JUL19-9000-P,9369.1,141.28,0.023,2.3,0.027,1.1,156.62,2.43183,-93.45941,-0.17027,0.00037,-0.33008
9450.93,BTC-27DEC19,1563361172678,open,0.28,189.9,0.2445,0.3475,0.29604485,98.78,0.279,0.0,BTC-27DEC19-10000-P,9369.1,96.25,0.2895,10.9,0.3025,10.9,101.28,24.44558,-7.41289,-29.50119,6e-05,-0.40348
9391.96,BTC-27SEP19,1563361172673,open,0.09,208.8,0.042,0.1215,0.08163697,107.63,0.083,0.0,BTC-27SEP19-13000-C,9369.1,105.98,0.079,13.1,0.0855,11.0,110.03,15.08046,-11.29133,4.58036,8e-05,0.3293
9391.96,BTC-27SEP19,1563361172674,open,0.26,901.1,0.2145,0.294,0.25436159,104.93,0.25,0.0,BTC-27SEP19-8000-C,9369.1,100.01,0.247,11.0,0.256,11.0,106.02,14.07449,-10.27327,8.57732,8e-05,0.71814
9382.32,SYN.BTC-30AUG19,1563361172687,open,0.1,27.6,0.0565,0.136,0.09608126,113.07,0.09,0.0,BTC-30AUG19-11000-C,9369.1,110.05,0.092,14.4,0.0995,5.0,115.59,12.69486,-16.35765,3.61851,0.00011,0.41693
9391.96,BTC-27SEP19,1563361172687,open,0.33,748.2,0.2785,0.358,0.31813518,104.91,0.3315,0.0,BTC-27SEP19-7000-C,9369.1,98.58,0.3105,11.0,0.3535,11.0,132.95,11.44587,-8.35352,9.02742,6e-05,0.80625
9450.93,BTC-27DEC19,1563361172703,open,0.36,74.2,0.3165,0.4255,0.37087305,99.57,0.3645,0.0,BTC-27DEC19-11000-P,9369.1,96.98,0.364,6.0,0.377,3.6,101.88,25.04954,-7.65683,-34.97456,6e-05,-0.45844
9452.59,BTC-27DEC19,1563361172705,open,1.35,3.9,1.2915,1.482,1.38677464,106.23,0.752,0.0,BTC-27DEC19-22000-P,9369.1,0.0,0.0065,2.0,2.187,0.3,500.0,17.76626,-5.7935,-92.169,4e-05,-0.79833
9391.96,BTC-27SEP19,1563361172699,open,0.09,208.8,0.042,0.1215,0.08163697,107.63,0.083,0.0,BTC-27SEP19-13000-C,9369.1,105.67,0.0785,43.4,0.0855,11.0,110.03,15.08046,-11.29133,4.58036,8e-05,0.3293
9391.96,BTC-27SEP19,1563361172705,open,0.17,806.4,0.1205,0.2,0.16018343,105.39,0.161,0.0,BTC-27SEP19-10000-C,9369.1,103.3,0.1565,14.4,0.163,11.0,106.99,16.54438,-12.12935,7.01909,9e-05,0.53971
9391.96,BTC-27SEP19,1563361172698,open,0.49,793.2,0.442,0.5215,0.48162515,105.87,0.5945,0.0,BTC-27SEP19-5000-C,9369.1,93.54,0.476,11.0,0.484,11.0,110.36,4.79659,-3.53263,8.52504,3e-05,0.94258
9370.45,SYN.BTC-26JUL19,1563361172719,open,0.0,389.3,0.0005,0.042,0.0020781,137.84,0.002,0.0,BTC-26JUL19-14500-C,9369.1,131.31,0.0015,11.0,0.003,3.5,146.21,0.91631,-7.11597,0.05723,3e-05,0.0272
9450.93,BTC-27DEC19,1563361172731,open,0.6,17.7,0.5555,0.6845,0.62003462,101.17,0.6235,0.0,BTC-27DEC19-14000-P,9369.1,98.25,0.6125,6.0,0.628,3.6,104.24,24.45041,-7.59355,-51.29269,6e-05,-0.59621
9450.93,BTC-27DEC19,1563361172723,open,0.33,205.5,0.2815,0.361,0.32106204,98.03,0.32,0.0,BTC-27DEC19-8000-C,9369.1,94.67,0.3135,11.0,0.323,11.0,98.89,21.26308,-6.399,16.81175,5e-05,0.7197
9391.96,BTC-27SEP19,1563361172733,open,0.4,714.8,0.3545,0.434,0.39401223,105.07,0.434,0.0,BTC-27SEP19-6000-C,9369.1,99.14,0.389,11.0,0.3975,11.0,109.03,8.14966,-5.95672,9.0583,4e-05,0.8838
9382.32,SYN.BTC-30AUG19,1563361172737,open,0.03,26.9,0.0005,0.064,0.02400637,118.36,0.0235,0.0,BTC-30AUG19-16000-C,9369.1,114.97,0.0215,24.0,0.026,15.0,120.94,7.12104,-9.60478,1.2702,6e-05,0.13663
199.74,SYN.ETH-26JUL19,1563361172766,open,1.74,0.0,1.693,1.917,1.805145,268.4,None,0.0,ETH-26JUL19-560-P,199.8,0.0,0.0,0.0,0.0,0.0,0.0,0.0098,-0.14816,-0.13565,0.00038,-0.9879
9370.45,SYN.BTC-26JUL19,1563361172755,open,0.11,516.2,0.0765,0.1655,0.12093642,129.44,0.131,0.0,BTC-26JUL19-10000-P,9369.1,129.54,0.121,18.0,0.129,18.0,142.67,5.68826,-41.48089,-1.61423,0.00021,-0.58755
9391.96,BTC-27SEP19,1563361172787,open,0.1,463.4,0.0625,0.1505,0.10628369,105.01,0.103,0.0,BTC-27SEP19-8000-P,9369.1,103.49,0.104,19.3,0.1095,6.0,107.16,14.07524,-10.28229,-7.17907,8e-05,-0.28189
201.3,ETH-27DEC19,1563361172801,open,1.59,37.0,1.535,1.745,1.639601,112.34,0.707,0.0,ETH-27DEC19-520-P,199.8,0.0,0.001,500.0,0.0,0.0,0.0,0.36121,-0.12457,-2.20319,0.00178,-0.81311
9368.08,SYN.BTC-19JUL19,1563361172802,open,0.04,547.1,0.006,0.0895,0.04762926,139.66,0.053,0.0,BTC-19JUL19-9500-P,9369.1,144.47,0.049,1.7,0.054,27.5,162.0,2.6679,-99.35718,-0.28073,0.00042,-0.53572
9452.59,BTC-27DEC19,1563361172830,open,3.58,0.0,3.4835,3.8565,3.67008907,117.75,None,0.0,BTC-27DEC19-44000-P,9369.1,0.0,0.0,0.0,0.0,0.0,0.0,7.43797,-2.68854,-194.49213,2e-05,-0.94085
9370.45,SYN.BTC-26JUL19,1563361172868,open,0.02,542.0,0.0005,0.0525,0.01280234,131.49,0.015,0.0,BTC-26JUL19-12000-C,9369.1,129.08,0.012,30.0,0.015,0.2,137.77,3.16967,-23.48006,0.27803,0.00011,0.13483
9370.45,SYN.BTC-26JUL19,1563361172888,open,0.02,542.0,0.0005,0.0525,0.01280234,131.49,0.015,0.0,BTC-26JUL19-12000-C,9369.1,129.08,0.012,30.0,0.0145,0.1,136.38,3.16967,-23.48006,0.27803,0.00011,0.13483
9452.59,BTC-27DEC19,1563361172898,open,0.78,7.1,0.7305,0.874,0.80215492,102.56,0.491,0.0,BTC-27DEC19-16000-P,9369.1,0.0,0.005,5.0,1.5715,0.2,500.0,23.00949,-7.24462,-61.87714,6e-05,-0.6648
9452.59,BTC-27DEC19,1563361172953,open,0.78,7.1,0.7305,0.874,0.80215492,102.56,0.491,0.0,BTC-27DEC19-16000-P,9369.1,0.0,0.005,5.0,1.5705,0.2,500.0,23.00949,-7.24462,-61.87714,6e-05,-0.6648
9452.84,BTC-27DEC19,1563361172954,open,4.41,1.0,4.2925,4.733,4.51256903,121.6,4.454,0.0,BTC-27DEC19-52000-P,9369.1,0.0,0.001,1.0,0.0,0.0,0.0,6.01259,-2.24449,-230.62051,1e-05,-0.95475
9393.62,BTC-27SEP19,1563361172954,open,1.31,0.2,1.263,1.451,1.35699815,114.85,1.391,0.0,BTC-27SEP19-22000-P,9369.1,0.0,0.005,10.0,1.8,0.1,400.36,6.11187,-4.8833,-42.14607,3e-05,-0.92145
9452.59,BTC-27DEC19,1563361172955,open,1.35,3.9,1.2915,1.482,1.38677464,106.23,0.752,0.0,BTC-27DEC19-22000-P,9369.1,0.0,0.0065,2.0,2.186,0.3,500.0,17.76626,-5.7935,-92.169,4e-05,-0.79833
199.52,SYN.ETH-30AUG19,1563361172971,open,0.36,0.0,0.326,0.435,0.380379,122.1,None,0.0,ETH-30AUG19-260-P,199.8,88.03,0.34,120.0,0.0,0.0,0.0,0.25333,-0.3525,-0.24963,0.00434,-0.66048
9370.45,SYN.BTC-26JUL19,1563361172986,open,0.03,281.8,0.0005,0.066,0.0263575,129.21,0.026,0.0,BTC-26JUL19-11000-C,9369.1,128.48,0.026,11.5,0.0305,35.5,137.53,4.57833,-33.32745,0.49478,0.00017,0.24351
9370.45,SYN.BTC-26JUL19,1563361172989,open,0.03,281.8,0.0005,0.066,0.0263575,129.21,0.026,0.0,BTC-26JUL19-11000-C,9369.1,128.48,0.026,11.5,0.0305,45.5,137.53,4.57833,-33.32745,0.49478,0.00017,0.24351
199.63,SYN.ETH-26JUL19,1563361173000,open,0.01,0.0,0.001,0.047,0.007308,135.17,None,0.0,ETH-26JUL19-150-P,199.8,146.72,0.01,118.0,0.014,250.0,161.87,0.04268,-0.325,-0.00385,0.00326,-0.07193
9370.45,SYN.BTC-26JUL19,1563361173005,open,0.03,281.8,0.0005,0.066,0.0263575,129.21,0.026,0.0,BTC-26JUL19-11000-C,9369.1,128.48,0.026,11.5,0.03,0.1,136.54,4.57833,-33.32745,0.49478,0.00017,0.24351
199.79,SYN.ETH-19JUL19,1563361173023,open,0.86,0.0,0.827,0.979,0.903064,376.0,None,0.0,ETH-19JUL19-380-P,199.8,0.0,0.0,0.0,0.0,0.0,0.0,0.00454,-0.45477,-0.01941,0.00059,-0.9878
201.3,ETH-27DEC19,1563361173077,open,1.78,0.0,1.719,1.945,1.832005,114.0,0.845,0.0,ETH-27DEC19-560-P,199.79,0.0,0.0,0.0,0.0,0.0,0.0,0.3375,-0.11812,-2.39313,0.00164,-0.83216
201.3,ETH-27DEC19,1563361173077,open,0.87,241.0,0.827,0.978,0.902327,109.43,0.986,0.0,ETH-27DEC19-360-P,199.79,77.62,0.833,110.0,1.59,1.0,430.67,0.48915,-0.16432,-1.40904,0.00247,-0.6663
199.34,ETH-27SEP19,1563361173077,open,0.01,1984.0,0.001,0.044,0.004845,130.14,0.004,0.0,ETH-27SEP19-720-C,199.79,122.24,0.003,300.0,0.007,100.0,137.12,0.05427,-0.04913,0.0085,0.00053,0.02649
201.3,ETH-27DEC19,1563361173077,open,2.16,0.0,2.091,2.347,2.21892,116.4,None,0.0,ETH-27DEC19-640-P,199.79,0.0,0.0,0.0,0.0,0.0,0.0,0.29334,-0.10482,-2.76934,0.00139,-0.86407
201.3,ETH-27DEC19,1563361173077,open,2.35,0.0,2.279,2.551,2.415162,118.63,None,0.0,ETH-27DEC19-680-P,199.79,0.0,0.0,0.0,0.0,0.0,0.0,0.28017,-0.10204,-2.95348,0.00131,-0.87282
199.34,ETH-27SEP19,1563361173077,open,1.96,27.0,1.899,2.139,2.018825,126.6,1.044,0.0,ETH-27SEP19-600-P,199.79,0.0,0.0,0.0,0.0,0.0,0.0,0.08598,-0.07572,-1.16677,0.00087,-0.95357
201.3,ETH-27DEC19,1563361173077,open,2.54,0.0,2.465,2.752,2.608473,118.22,None,0.0,ETH-27DEC19-720-P,199.79,0.0,0.003,5.0,0.0,0.0,0.0,0.25521,-0.09262,-3.14127,0.00119,-0.88856
199.34,ETH-27SEP19,1563361173077,open,0.47,981.0,0.432,0.55,0.490689,112.63,0.48,0.0,ETH-27SEP19-280-P,199.79,85.74,0.45,110.0,0.0,0.0,0.0,0.32175,-0.2521,-0.45419,0.00365,-0.66637
201.3,ETH-27DEC19,1563361173077,open,0.04,424.0,0.001,0.079,0.03969,116.47,0.04,0.0,ETH-27DEC19-640-C,199.79,116.0,0.039,1.0,0.042,50.0,118.03,0.29371,-0.10502,0.08668,0.00139,0.13619
201.3,ETH-27DEC19,1563361173077,open,1.23,0.0,1.175,1.355,1.264642,111.09,None,0.0,ETH-27DEC19-440-P,199.79,0.0,1.172,110.0,0.0,0.0,0.0,0.42493,-0.14491,-1.81203,0.00212,-0.75261
199.34,ETH-27SEP19,1563361173077,open,0.05,1705.0,0.01,0.089,0.049805,115.04,0.05,0.0,ETH-27SEP19-340-C,199.79,112.06,0.046,580.0,0.052,1.0,116.72,0.25817,-0.20661,0.06468,0.00287,0.21458
199.34,ETH-27SEP19,1563361173077,open,1.57,12.0,1.52,1.729,1.624259,126.29,1.193,0.0,ETH-27SEP19-520-P,199.79,0.0,0.0,0.0,0.0,0.0,0.0,0.12682,-0.11142,-1.00018,0.00128,-0.92374
199.34,ETH-27SEP19,1563361173077,open,1.38,0.0,1.329,1.522,1.425479,121.36,None,0.0,ETH-27SEP19-480-P,199.79,0.0,0.0,0.0,0.0,0.0,0.0,0.13947,-0.11774,-0.91813,0.00147,-0.91349
201.3,ETH-27DEC19,1563361173077,open,0.12,219.0,0.074,0.153,0.113063,109.07,0.118,0.0,ETH-27DEC19-360-C,199.79,106.97,0.108,2.0,0.12,259.0,111.91,0.48833,-0.1635,0.19692,0.00248,0.33229
199.34,ETH-27SEP19,1563361173078,open,2.74,0.0,2.667,2.971,2.819002,139.78,None,0.0,ETH-27SEP19-760-P,199.79,0.0,0.0,0.0,0.0,0.0,0.0,0.06405,-0.06228,-1.4864,0.00059,-0.96766
199.34,ETH-27SEP19,1563361173078,open,2.15,0.0,2.091,2.348,2.219606,132.46,None,0.0,ETH-27SEP19-640-P,199.79,0.0,0.0,0.0,0.0,0.0,0.0,0.08453,-0.07789,-1.24597,0.00082,-0.95454
199.34,ETH-27SEP19,1563361173077,open,2.35,0.0,2.283,2.556,2.419369,135.4,None,0.0,ETH-27SEP19-680-P,199.79,0.0,0.0,0.0,0.0,0.0,0.0,0.07741,-0.07291,-1.32622,0.00073,-0.95923
199.34,ETH-27SEP19,1563361173077,open,1.0,79.0,0.958,1.12,1.03869,119.14,0.351,0.0,ETH-27SEP19-400-P,199.79,0.0,0.01,1.0,0.0,0.0,0.0,0.2027,-0.16799,-0.74289,0.00217,-0.85384
201.29,ETH-27DEC19,1563361173078,open,0.48,0.0,0.437,0.516,0.47641,106.68,None,0.0,ETH-27DEC19-120-C,199.79,0.0,0.001,1100.0,2.47,1.0,500.0,0.29869,-0.09782,0.34491,0.00155,0.86041
199.74,SYN.ETH-26JUL19,1563361173077,open,0.32,0.0,0.263,0.342,0.302039,131.98,None,0.0,ETH-26JUL19-140-C,199.79,0.0,0.0,0.0,0.0,0.0,0.0,0.0233,-0.17322,0.03226,0.00182,0.96636
201.29,ETH-27DEC19,1563361173079,open,1.97,0.0,1.904,2.145,2.024815,115.03,0.953,0.0,ETH-27DEC19-600-P,199.79,0.0,0.0,0.0,0.0,0.0,0.0,0.3133,-0.11064,-2.58236,0.00151,-0.85015
199.34,ETH-27SEP19,1563361173079,open,0.3,392.0,0.253,0.332,0.292527,112.26,0.51,0.0,ETH-27SEP19-160-C,199.79,0.0,0.1,10.0,0.0,0.0,0.0,0.27807,-0.21716,0.18155,0.00317,0.75502
199.34,ETH-27SEP19,1563361173079,open,1.76,24.0,1.709,1.934,1.821469,127.3,1.356,0.0,ETH-27SEP19-560-P,199.79,0.0,0.0,0.0,0.0,0.0,0.0,0.10681,-0.09459,-1.08356,0.00107,-0.93895
199.34,ETH-27SEP19,1563361173079,open,0.64,496.0,0.601,0.733,0.666737,115.66,0.67,0.0,ETH-27SEP19-320-P,199.79,0.0,0.041,30.0,1.39,1.0,500.0,0.28279,-0.22754,-0.555,0.00312,-0.74714
199.34,ETH-27SEP19,1563361173080,open,1.19,0.0,1.143,1.32,1.231405,120.98,None,0.0,ETH-27SEP19-440-P,199.79,0.0,0.0,0.0,0.0,0.0,0.0,0.17047,-0.14347,-0.83122,0.0018,-0.88616
199.79,SYN.ETH-19JUL19,1563361173077,open,0.0,262.0,0.001,0.041,0.001169,134.67,0.003,0.0,ETH-19JUL19-240-C,199.79,131.24,0.001,461.0,0.003,104.0,160.87,0.01029,-0.23349,0.00032,0.00373,0.03204
199.79,SYN.ETH-19JUL19,1563361173077,open,0.17,0.0,0.111,0.19,0.150414,127.66,None,0.0,ETH-19JUL19-170-C,199.79,0.0,0.0,0.0,0.0,0.0,0.0,0.0111,-0.37776,0.00836,0.00424,0.96488
199.33,ETH-27SEP19,1563361173080,open,0.81,233.0,0.776,0.922,0.84896,116.62,0.763,0.0,ETH-27SEP19-360-P,199.79,0.0,0.0,0.0,0.99,1.0,207.55,0.23885,-0.19378,-0.65176,0.00262,-0.81151
199.79,SYN.ETH-19JUL19,1563361173077,open,0.47,211.0,0.443,0.562,0.502419,248.08,0.495,0.0,ETH-19JUL19-300-P,199.79,0.0,0.002,25.0,0.0,0.0,0.0,0.00511,-0.33792,-0.01528,0.001,-0.98601
199.52,SYN.ETH-30AUG19,1563361173077,open,0.52,0.0,0.491,0.615,0.553075,125.67,None,0.0,ETH-30AUG19-300-P,199.79,0.0,0.0,0.0,0.0,0.0,0.0,0.21322,-0.30535,-0.31581,0.00355,-0.76371
199.74,SYN.ETH-26JUL19,1563361173079,open,0.86,504.0,0.828,0.979,0.903581,174.65,0.168,0.0,ETH-26JUL19-380-P,199.79,0.0,0.0,0.0,0.0,0.0,0.0,0.01045,-0.10279,-0.09182,0.00062,-0.98697
199.79,SYN.ETH-19JUL19,1563361173077,open,0.13,0.0,0.109,0.201,0.155175,140.35,None,0.0,ETH-19JUL19-230-P,199.79,0.0,0.001,30.0,0.0,0.0,0.0,0.02298,-0.86002,-0.01095,0.00798,-0.91143
199.79,SYN.ETH-19JUL19,1563361173077,open,0.57,282.0,0.539,0.666,0.60258,283.25,0.4,0.0,ETH-19JUL19-320-P,199.79,0.0,0.003,25.0,0.0,0.0,0.0,0.00487,-0.36801,-0.01631,0.00084,-0.98675
199.52,SYN.ETH-30AUG19,1563361173077,open,0.44,0.0,0.407,0.523,0.465148,124.1,None,0.0,ETH-30AUG19-280-P,199.79,0.0,0.0,0.0,0.0,0.0,0.0,0.23425,-0.33129,-0.2834,0.00394,-0.7165
199.52,SYN.ETH-30AUG19,1563361173077,open,0.61,0.0,0.578,0.709,0.643432,126.84,None,0.0,ETH-30AUG19-320-P,199.79,0.0,0.0,0.0,0.0,0.0,0.0,0.19158,-0.27692,-0.34703,0.00316,-0.80355
199.74,SYN.ETH-26JUL19,1563361173077,open,0.0,1236.0,0.001,0.04,0.0,134.93,0.003,0.0,ETH-26JUL19-520-C,199.79,0.0,0.0,0.0,0.001,300.0,240.02,1e-05,-4e-05,0.0,0.0,0.0
199.52,SYN.ETH-30AUG19,1563361173077,open,0.28,0.0,0.229,0.308,0.268195,120.63,None,0.0,ETH-30AUG19-160-C,199.79,0.0,0.0,0.0,0.0,0.0,0.0,0.21035,-0.28917,0.12021,0.00364,0.76941
199.52,SYN.ETH-30AUG19,1563361173077,open,0.7,0.0,0.667,0.805,0.736443,128.53,None,0.0,ETH-30AUG19-340-P,199.79,0.0,0.0,0.0,0.0,0.0,0.0,0.17184,-0.25169,-0.37684,0.00279,-0.83482
199.79,SYN.ETH-19JUL19,1563361173077,open,0.0,1033.0,0.001,0.04,7e-06,134.8,0.001,0.0,ETH-19JUL19-280-C,199.79,0.0,0.0,0.0,0.001,184.0,217.72,0.00015,-0.00137,0.0,5e-05,0.00029
199.79,SYN.ETH-19JUL19,1563361173077,open,0.0,142.0,0.001,0.04,0.0,134.9,0.001,0.0,ETH-19JUL19-400-C,199.79,0.0,0.0,0.0,0.001,300.0,398.79,0.0,0.0,0.0,0.0,0.0
199.74,SYN.ETH-26JUL19,1563361173077,open,1.94,0.0,1.886,2.125,2.005512,285.43,None,0.0,ETH-26JUL19-600-P,199.79,0.0,0.0,0.0,0.0,0.0,0.0,0.00991,-0.15944,-0.14538,0.00036,-0.98773
199.79,SYN.ETH-19JUL19,1563361173077,open,0.0,739.0,0.001,0.04,0.0,134.83,0.003,0.0,ETH-19JUL19-300-C,199.79,0.0,0.0,0.0,0.001,300.0,254.39,1e-05,-7e-05,0.0,0.0,2e-05
199.74,SYN.ETH-26JUL19,1563361173079,open,0.38,867.0,0.352,0.464,0.408247,138.54,0.42,0.0,ETH-26JUL19-280-P,199.79,0.0,0.392,30.0,0.447,30.0,242.85,0.04308,-0.33624,-0.06486,0.00321,-0.92724
199.79,SYN.ETH-19JUL19,1563361173077,open,0.0,2.0,0.001,0.04,0.0,134.9,0.002,0.0,ETH-19JUL19-420-C,199.79,0.0,0.0,0.0,0.001,300.0,422.23,0.0,0.0,0.0,0.0,0.0
199.79,SYN.ETH-19JUL19,1563361173078,open,0.0,592.0,0.001,0.046,0.006652,135.5,0.012,0.0,ETH-19JUL19-180-P,199.79,166.96,0.012,93.0,0.016,482.0,187.66,0.03042,-1.09927,-0.00141,0.01095,-0.13082
199.74,SYN.ETH-26JUL19,1563361173077,open,1.35,0.0,1.309,1.5,1.404411,230.45,None,0.0,ETH-26JUL19-480-P,199.79,0.0,0.0,0.0,0.0,0.0,0.0,0.00966,-0.12543,-0.1162,0.00043,-0.9881
199.74,SYN.ETH-26JUL19,1563361173077,open,1.45,0.0,1.405,1.604,1.504594,240.48,None,0.0,ETH-26JUL19-500-P,199.79,0.0,0.0,0.0,0.0,0.0,0.0,0.00968,-0.13112,-0.12106,0.00041,-0.98807
199.74,SYN.ETH-26JUL19,1563361173077,open,1.55,0.0,1.501,1.708,1.604777,250.14,None,0.0,ETH-26JUL19-520-P,199.79,0.0,0.0,0.0,0.0,0.0,0.0,0.00971,-0.13682,-0.12593,0.0004,-0.98803
199.79,SYN.ETH-19JUL19,1563361173078,open,1.06,0.0,1.02,1.187,1.103386,429.69,None,0.0,ETH-19JUL19-420-P,199.79,0.0,0.0,0.0,0.0,0.0,0.0,0.00446,-0.51077,-0.02146,0.00051,-0.98805
199.74,SYN.ETH-26JUL19,1563361173077,open,0.25,0.0,0.219,0.32,0.269424,136.54,None,0.0,ETH-26JUL19-250-P,199.79,0.0,0.247,120.0,0.0,0.0,0.0,0.07931,-0.61004,-0.05332,0.00599,-0.82835
199.74,SYN.ETH-26JUL19,1563361173078,open,0.47,659.0,0.446,0.565,0.505349,141.35,0.34,0.0,ETH-26JUL19-300-P,199.79,0.0,0.03,1.0,3.4,5.0,500.0,0.02757,-0.21959,-0.0711,0.00201,-0.95865
199.74,SYN.ETH-26JUL19,1563361173078,open,0.27,0.0,0.216,0.295,0.25593,133.24,None,0.0,ETH-26JUL19-150-C,199.79,0.0,0.0,0.0,0.0,0.0,0.0,0.04141,-0.31086,0.03278,0.0032,0.93088
199.74,SYN.ETH-26JUL19,1563361173078,open,0.76,1047.0,0.732,0.875,0.803521,163.49,0.2,0.0,ETH-26JUL19-360-P,199.79,0.0,0.0,0.0,0.0,0.0,0.0,0.01146,-0.10559,-0.08689,0.00072,-0.98549
199.74,SYN.ETH-26JUL19,1563361173078,open,0.96,985.0,0.924,1.083,1.003712,186.3,0.205,0.0,ETH-26JUL19-400-P,199.79,0.0,0.0,0.0,0.0,0.0,0.0,0.00999,-0.10488,-0.09671,0.00055,-0.98762
199.79,SYN.ETH-19JUL19,1563361173077,open,0.37,617.0,0.347,0.458,0.402265,210.36,0.407,0.0,ETH-19JUL19-280-P,199.79,0.0,0.382,10.0,0.438,10.0,488.04,0.0055,-0.30865,-0.01423,0.00128,-0.98474
199.79,SYN.ETH-19JUL19,1563361173078,open,0.0,899.0,0.001,0.04,0.000107,134.75,0.001,0.0,ETH-19JUL19-260-C,199.79,0.0,0.0,0.0,0.001,105.0,177.08,0.00158,-0.0213,4e-05,0.00057,0.00369
199.74,SYN.ETH-26JUL19,1563361173080,open,0.0,1780.0,0.001,0.04,3.8e-05,134.9,0.001,0.0,ETH-26JUL19-400-C,199.79,0.0,0.0,0.0,0.001,187.0,183.35,0.00075,-0.00572,3e-05,6e-05,0.0007
199.74,SYN.ETH-26JUL19,1563361173078,open,0.17,0.0,0.139,0.233,0.185815,135.93,None,0.0,ETH-26JUL19-230-P,199.79,101.99,0.169,120.0,0.0,0.0,0.0,0.10626,-0.81374,-0.04361,0.00806,-0.71207
199.79,SYN.ETH-19JUL19,1563361173079,open,0.96,0.0,0.924,1.083,1.003225,403.53,None,0.0,ETH-19JUL19-400-P,199.79,0.0,0.0,0.0,0.0,0.0,0.0,0.00449,-0.4829,-0.02044,0.00054,-0.98795
199.34,ETH-27SEP19,1563361173092,open,0.25,1828.0,0.213,0.313,0.262861,112.37,0.254,0.0,ETH-27SEP19-220-P,199.79,108.49,0.256,200.0,0.268,120.0,115.28,0.35243,-0.27549,-0.29138,0.00401,-0.47944
199.74,SYN.ETH-26JUL19,1563361173093,open,0.13,2700.0,0.103,0.194,0.148288,135.74,0.155,0.0,ETH-26JUL19-220-P,199.79,130.1,0.145,272.0,0.163,100.0,160.51,0.11685,-0.89362,-0.03814,0.00887,-0.63703
9391.96,BTC-27SEP19,1563361173107,open,0.0,49.2,0.0005,0.042,0.00214912,116.25,0.0025,0.0,BTC-27SEP19-3250-P,9369.1,110.26,0.0015,19.6,0.003,25.0,122.53,1.14043,-0.92229,-0.23039,1e-05,-0.01031
9391.96,BTC-27SEP19,1563361173118,open,0.45,35.9,0.4075,0.524,0.4658374,107.67,0.391,0.0,BTC-27SEP19-13000-P,9369.1,104.94,0.4615,6.0,0.478,6.0,115.13,15.0824,-11.29635,-21.01802,8e-05,-0.6706
9369.74,SYN.BTC-19JUL19,1563361173123,open,0.17,0.0,0.109,0.1885,0.14872801,143.28,None,0.0,BTC-19JUL19-8000-C,9369.1,0.0,0.0,0.0,0.0,0.0,0.0,0.75645,-28.90257,0.38284,0.00012,0.94412
9368.08,SYN.BTC-19JUL19,1563361173136,open,0.02,115.8,0.0005,0.0555,0.01593232,139.22,0.015,0.0,BTC-19JUL19-10000-C,9369.1,137.55,0.0155,2.3,0.017,5.0,143.82,2.23162,-82.85077,0.12364,0.00036,0.27282
9382.32,SYN.BTC-30AUG19,1563361173142,open,0.08,41.1,0.039,0.1255,0.08223222,113.46,0.079,0.0,BTC-30AUG19-8000-P,9369.1,110.6,0.079,19.3,0.087,17.3,117.53,10.82737,-13.99969,-4.01412,9e-05,-0.27363
199.52,SYN.ETH-30AUG19,1563361173147,open,0.04,219.0,0.001,0.078,0.038692,125.91,0.036,0.0,ETH-30AUG19-320-C,199.79,120.87,0.034,271.0,0.042,288.0,129.34,0.19002,-0.27267,0.03721,0.00315,0.19383
9393.62,BTC-27SEP19,1563361173139,open,0.33,748.2,0.2785,0.358,0.31829593,104.84,0.3315,0.0,BTC-27SEP19-7000-C,9369.1,99.76,0.312,11.0,0.3535,11.0,132.89,11.44147,-8.34467,9.03231,6e-05,0.80643
9368.08,SYN.BTC-19JUL19,1563361173155,open,0.02,115.8,0.0005,0.0555,0.01593232,139.22,0.015,0.0,BTC-19JUL19-10000-C,9369.1,137.55,0.0155,2.3,0.017,5.1,143.82,2.23162,-82.85077,0.12364,0.00036,0.27282
9391.96,BTC-27SEP19,1563361173153,open,0.49,793.2,0.442,0.5215,0.48169543,105.87,0.5945,0.0,BTC-27SEP19-5000-C,9369.1,97.14,0.4775,11.0,0.484,11.0,110.36,4.79659,-3.53263,8.52504,3e-05,0.94258
9450.93,BTC-27DEC19,1563361173166,open,0.33,205.5,0.2815,0.361,0.3211236,98.03,0.32,0.0,BTC-27DEC19-8000-C,9369.1,95.12,0.3145,11.0,0.323,11.0,98.89,21.26308,-6.399,16.81175,5e-05,0.7197
9368.08,SYN.BTC-19JUL19,1563361173167,open,0.01,356.7,0.0005,0.0495,0.00928666,145.06,0.0095,0.0,BTC-19JUL19-8500-P,9369.1,151.7,0.0105,0.1,0.012,24.1,159.76,1.6453,-63.64266,-0.08232,0.00025,-0.16175
9450.93,BTC-27DEC19,1563361173179,open,0.04,90.6,0.0005,0.075,0.0354115,108.79,0.0355,0.0,BTC-27DEC19-28000-C,9369.1,107.79,0.034,6.0,0.0385,21.0,110.95,13.28437,-4.4366,3.94765,3e-05,0.129
9452.84,BTC-27DEC19,1563361173174,open,0.52,68.4,0.472,0.5515,0.51150846,97.94,0.511,0.0,BTC-27DEC19-5000-C,9369.1,93.6,0.5065,11.0,0.5145,11.0,100.65,10.81299,-3.25101,16.53228,3e-05,0.9033
9391.96,BTC-27SEP19,1563361173194,open,0.45,224.0,0.3965,0.476,0.43644857,105.24,0.5225,0.0,BTC-27SEP19-5500-C,9369.1,97.76,0.4315,11.0,0.4395,11.0,109.7,6.42233,-4.70194,8.87222,4e-05,0.9161
9452.59,BTC-27DEC19,1563361173237,open,0.14,161.0,0.095,0.186,0.14056682,98.12,0.132,0.0,BTC-27DEC19-7500-P,9369.1,95.66,0.1355,10.0,0.1425,6.0,98.97,19.98082,-6.01852,-16.3961,5e-05,-0.24802
9370.45,SYN.BTC-26JUL19,1563361173248,open,0.01,630.9,0.0005,0.046,0.00629422,134.59,0.0065,0.0,BTC-26JUL19-13000-C,9369.1,130.83,0.0055,40.0,0.0085,44.6,144.06,2.02247,-15.33532,0.15162,7e-05,0.07283
9382.32,SYN.BTC-30AUG19,1563361173243,open,0.08,41.1,0.039,0.1255,0.08223222,113.46,0.079,0.0,BTC-30AUG19-8000-P,9369.1,110.17,0.0785,19.3,0.087,17.3,117.53,10.82737,-13.99969,-4.01412,9e-05,-0.27363
9450.93,BTC-27DEC19,1563361173252,open,0.22,301.2,0.1785,0.2765,0.22741989,98.1,0.2165,0.0,BTC-27DEC19-9000-P,9369.1,95.86,0.222,4.9,0.2335,4.9,100.54,23.22897,-6.99514,-24.09177,6e-05,-0.34375
9382.32,SYN.BTC-30AUG19,1563361173255,open,0.12,40.2,0.0865,0.1765,0.13147007,112.2,0.133,0.0,BTC-30AUG19-9000-P,9369.1,110.27,0.129,19.3,0.1385,7.0,117.46,12.40081,-15.85619,-5.78666,0.0001,-0.38154
9370.45,SYN.BTC-26JUL19,1563361173269,open,0.01,630.9,0.0005,0.046,0.00629422,134.59,0.0065,0.0,BTC-26JUL19-13000-C,9369.1,130.83,0.0055,40.0,0.008,0.1,142.04,2.02247,-15.33532,0.15162,7e-05,0.07283
199.51,SYN.ETH-30AUG19,1563361173287,open,0.8,0.0,0.758,0.903,0.830459,129.34,None,0.0,ETH-30AUG19-360-P,199.79,0.0,0.0,0.0,0.0,0.0,0.0,0.15201,-0.22405,-0.40603,0.00246,-0.8626
199.73,SYN.ETH-26JUL19,1563361173294,open,1.35,0.0,1.307,1.499,1.403087,0.0,None,0.0,ETH-26JUL19-480-P,199.79,0.0,0.0,0.0,0.0,0.0,0.0,0.0,0.0,-0.11671,0.0,-1.0
199.73,SYN.ETH-26JUL19,1563361173348,open,1.45,0.0,1.404,1.603,1.503215,0.0,None,0.0,ETH-26JUL19-500-P,199.79,0.0,0.0,0.0,0.0,0.0,0.0,0.0,0.0,-0.12158,0.0,-1.0
199.78,SYN.ETH-19JUL19,1563361173358,open,0.18,1552.0,0.155,0.25,0.202459,133.85,0.18,0.0,ETH-19JUL19-240-P,199.79,0.0,0.012,4.0,0.9,10.0,500.0,0.01005,-0.35884,-0.01202,0.00366,-0.96884
199.78,SYN.ETH-19JUL19,1563361173363,open,0.96,0.0,0.923,1.082,1.002122,0.0,None,0.0,ETH-19JUL19-400-P,199.79,0.0,0.0,0.0,0.0,0.0,0.0,0.0,0.0,-0.02055,0.0,-1.0
199.33,ETH-27SEP19,1563361173398,open,2.15,0.0,2.09,2.346,2.21785,127.6,None,0.0,ETH-27SEP19-640-P,199.79,0.0,0.0,0.0,0.0,0.0,0.0,0.07277,-0.0646,-1.24823,0.00073,-0.96221
9368.08,SYN.BTC-19JUL19,1563361173427,open,0.15,296.3,0.1305,0.224,0.17708704,145.73,0.1615,0.0,BTC-19JUL19-11000-P,9369.1,0.0,0.172,6.0,0.2,8.0,278.86,0.88899,-34.54742,-0.53345,0.00014,-0.93126
199.78,SYN.ETH-19JUL19,1563361173428,open,1.06,0.0,1.019,1.186,1.102228,0.0,None,0.0,ETH-19JUL19-420-P,199.79,0.0,0.0,0.0,0.0,0.0,0.0,0.0,0.0,-0.02158,0.0,-1.0
9368.08,SYN.BTC-19JUL19,1563361173450,open,0.15,296.3,0.1305,0.224,0.17708704,145.73,0.1615,0.0,BTC-19JUL19-11000-P,9369.1,0.0,0.1725,0.1,0.2,8.0,278.86,0.88899,-34.54742,-0.53345,0.00014,-0.93126
199.52,SYN.ETH-30AUG19,1563361173458,open,0.22,220.0,0.181,0.279,0.230171,120.96,0.242,0.0,ETH-30AUG19-220-P,199.79,114.75,0.222,277.0,0.244,120.0,130.66,0.27589,-0.38029,-0.17745,0.00477,-0.50931
9452.84,BTC-27DEC19,1563361173468,open,0.0,88.9,0.0005,0.042,0.00232422,112.56,0.003,0.0,BTC-27DEC19-2000-P,9378.78,105.59,0.0015,10.0,0.0035,16.0,120.17,1.27849,-0.44176,-0.4064,0.0,-0.00731
9452.84,BTC-27DEC19,1563361173468,open,3.58,0.0,3.482,3.855,3.66856568,115.91,None,0.0,BTC-27DEC19-44000-P,9378.78,0.0,0.0,0.0,0.0,0.0,0.0,7.01556,-2.49637,-194.61166,2e-05,-0.94509
9393.84,BTC-27SEP19,1563361173468,open,0.91,1.0,0.869,1.024,0.94649344,112.23,1.5815,0.0,BTC-27SEP19-18000-P,9378.78,0.0,0.005,0.3,1.556,0.3,500.0,9.51456,-7.4283,-33.31863,5e-05,-0.85469
9452.84,BTC-27DEC19,1563361173468,open,4.41,1.0,4.2905,4.731,4.51061773,118.35,4.454,0.0,BTC-27DEC19-52000-P,9378.78,0.0,0.001,1.0,0.0,0.0,0.0,5.34185,-1.9408,-230.79775,1e-05,-0.9609
9452.84,BTC-27DEC19,1563361173468,open,3.17,0.0,3.0795,3.419,3.24941861,115.47,None,0.0,BTC-27DEC19-40000-P,9378.78,0.0,0.0005,3.0,0.0,0.0,0.0,8.36856,-2.96632,-176.34448,2e-05,-0.93118
9452.84,BTC-27DEC19,1563361173468,open,2.35,0.3,2.2765,2.549,2.41268412,111.3,2.435,0.0,BTC-27DEC19-32000-P,9378.78,0.0,0.0,0.0,0.0,0.0,0.0,11.26897,-3.85022,-139.63659,3e-05,-0.89768
9452.84,BTC-27DEC19,1563361173468,open,0.85,0.0,0.803,0.8825,0.84255282,121.77,None,0.0,BTC-27DEC19-1500-C,9378.78,0.0,0.021,10.0,0.984,0.5,500.0,0.71357,-0.26674,6.48133,0.0,0.99621
9403.52,BTC-27SEP19,1563361173469,open,0.53,78.2,0.4945,0.6185,0.55651755,109.5,0.54,0.0,BTC-27SEP19-14000-P,9378.78,106.12,0.5515,6.0,0.5705,6.0,118.61,14.10198,-10.74197,-23.59528,7e-05,-0.71772
9369.74,SYN.BTC-19JUL19,1563361173468,open,0.0,163.8,0.0005,0.04,0.0,144.95,0.0005,0.0,BTC-19JUL19-16000-C,9378.78,0.0,0.0,0.0,0.0015,10.0,338.01,1e-05,-3e-05,0.0,0.0,0.0
9372.13,SYN.BTC-26JUL19,1563361173468,open,0.0,213.0,0.0005,0.041,0.00131371,139.98,0.0015,0.0,BTC-26JUL19-6000-P,9378.78,134.42,0.001,1.0,0.0015,4.7,142.89,0.57513,-4.53568,-0.03874,2e-05,-0.01569
9403.52,BTC-27SEP19,1563361173469,open,0.59,227.5,0.5395,0.619,0.57906418,107.5,0.7065,0.0,BTC-27SEP19-4000-C,9378.78,75.59,0.575,11.0,0.5805,11.0,113.37,2.11935,-1.58497,7.40271,1e-05,0.97884
9403.52,BTC-27SEP19,1563361173469,open,0.61,0.0,0.565,0.6445,0.60453118,109.13,None,0.0,BTC-27SEP19-3750-C,9378.78,0.0,0.005,10.0,0.7085,10.0,299.12,1.68411,-1.27848,7.02384,1e-05,0.98385
9403.52,BTC-27SEP19,1563361173469,open,0.26,901.1,0.2145,0.294,0.25443234,104.59,0.25,0.0,BTC-27SEP19-8000-C,9378.78,99.61,0.247,11.0,0.256,11.0,105.64,14.06729,-10.23531,8.60537,8e-05,0.71916
9403.52,BTC-27SEP19,1563361173469,open,0.0,1657.1,0.0005,0.04,0.00015764,145.1,0.0005,0.0,BTC-27SEP19-1500-P,9378.78,0.0,0.0,0.0,0.001,21.1,177.77,0.10848,-0.1095,-0.0169,0.0,-0.00075
9403.52,BTC-27SEP19,1563361173470,open,2.35,0.0,2.2745,2.5465,2.41054953,133.76,None,0.0,BTC-27SEP19-32000-P,9378.78,0.0,0.0,0.0,0.0,0.0,0.0,3.4982,-3.2552,-62.43781,2e-05,-0.96133
9403.52,BTC-27SEP19,1563361173469,open,1.52,0.2,1.463,1.668,1.56562108,120.52,1.6,0.0,BTC-27SEP19-24000-P,9378.78,0.0,0.0,0.0,0.0,0.0,0.0,5.53073,-4.637,-46.23354,3e-05,-0.93117
9452.84,BTC-27DEC19,1563361173469,open,0.6,27.6,0.556,0.6355,0.5955408,98.79,0.6525,0.0,BTC-27DEC19-4000-C,9378.78,0.0,0.0155,10.0,0.642,0.2,149.68,6.63831,-2.01317,14.90043,2e-05,0.94878
9403.52,BTC-27SEP19,1563361173470,open,0.56,0.2,0.5145,0.594,0.55408384,106.76,0.65,0.0,BTC-27SEP19-4250-C,9378.78,0.0,0.005,10.1,0.682,5.0,298.72,2.67027,-1.98323,7.74115,1e-05,0.97214
9403.52,BTC-27SEP19,1563361173470,open,0.15,179.3,0.114,0.206,0.16000041,105.24,0.151,0.0,BTC-27SEP19-9000-P,9378.78,104.35,0.1585,0.3,0.165,4.7,108.23,15.77841,-11.55186,-9.84511,9e-05,-0.37167
9452.84,BTC-27DEC19,1563361173469,open,0.74,0.0,0.7,0.7795,0.73950622,105.64,None,0.0,BTC-27DEC19-2500-C,9378.78,0.0,0.0155,3.0,0.978,0.5,500.0,2.06068,-0.66826,10.45561,0.0,0.98738
9403.52,BTC-27SEP19,1563361173470,open,2.14,0.0,2.0705,2.326,2.19831041,129.49,None,0.0,BTC-27SEP19-30000-P,9378.78,0.0,0.0,0.0,0.0,0.0,0.0,3.71683,-3.34802,-58.45226,2e-05,-0.95834
9403.52,BTC-27SEP19,1563361173470,open,1.73,0.0,1.665,1.8865,1.7759062,123.53,None,0.0,BTC-27SEP19-26000-P,9378.78,0.0,0.0,0.0,0.0,0.0,0.0,4.76864,-4.09777,-50.34822,2e-05,-0.94309
9403.52,BTC-27SEP19,1563361173470,open,0.45,224.0,0.3965,0.476,0.43644857,104.48,0.5225,0.0,BTC-27SEP19-5500-C,9378.78,96.77,0.4315,11.0,0.4395,11.0,108.88,6.34783,-4.61374,8.90821,3e-05,0.91753
9462.52,BTC-27DEC19,1563361173471,open,0.69,5.6,0.6415,0.778,0.70979628,102.42,0.7075,0.0,BTC-27DEC19-15000-P,9378.78,0.0,0.005,10.0,1.4685,0.2,500.0,23.87055,-7.50514,-56.56404,6e-05,-0.62979
9462.52,BTC-27DEC19,1563361173471,open,1.35,3.9,1.291,1.481,1.38605297,107.06,0.752,0.0,BTC-27DEC19-22000-P,9378.78,0.0,0.0065,2.0,2.186,0.3,500.0,17.98479,-5.91063,-92.07429,4e-05,-0.79452
9462.52,BTC-27DEC19,1563361173471,open,1.74,0.0,1.681,1.904,1.79253883,109.95,None,0.0,BTC-27DEC19-26000-P,9378.78,0.0,0.005,10.0,2.5995,0.2,500.0,15.1577,-5.11601,-111.30674,3e-05,-0.84351
9462.52,BTC-27DEC19,1563361173471,open,0.65,4.0,0.602,0.6815,0.64160951,99.52,0.64,0.0,BTC-27DEC19-3500-C,9378.78,0.0,0.0075,0.2,0.78,1.0,256.52,4.73955,-1.44801,13.70823,1e-05,0.96626
9462.52,BTC-27DEC19,1563361173472,open,0.51,58.3,0.4725,0.5945,0.53338017,101.17,0.537,0.0,BTC-27DEC19-13000-P,9378.78,98.37,0.526,6.0,0.5405,3.6,103.86,24.99833,-7.76384,-45.85238,6e-05,-0.55253
9403.52,BTC-27SEP19,1563361173471,open,0.28,127.7,0.2475,0.351,0.2994414,107.11,0.2865,0.0,BTC-27SEP19-11000-P,9378.78,105.16,0.296,14.4,0.3075,14.4,111.68,16.57656,-12.35141,-15.48404,9e-05,-0.53676
9403.52,BTC-27SEP19,1563361173471,open,0.01,1054.8,0.0005,0.0465,0.00659855,108.68,0.0045,0.0,BTC-27SEP19-4250-P,9378.78,106.62,0.006,15.0,0.008,24.0,113.14,2.80153,-2.11799,-0.66881,1e-05,-0.02952
9403.52,BTC-27SEP19,1563361173471,open,0.54,289.7,0.4895,0.569,0.52936928,105.72,0.588,0.0,BTC-27SEP19-4500-C,9378.78,0.0,0.002,1.1,0.67,5.0,299.18,3.26175,-2.39886,8.05749,2e-05,0.9645
9462.52,BTC-27DEC19,1563361173472,open,0.22,301.2,0.1785,0.2765,0.22741989,98.34,0.2165,0.0,BTC-27DEC19-9000-P,9378.78,96.14,0.222,4.9,0.2335,4.9,100.82,23.23393,-7.01438,-24.07864,6e-05,-0.34283
9462.52,BTC-27DEC19,1563361173471,open,0.28,189.9,0.244,0.3475,0.29581395,99.02,0.279,0.0,BTC-27DEC19-10000-P,9378.78,96.58,0.2895,10.9,0.3025,10.9,101.61,24.4583,-7.43491,-29.48071,6e-05,-0.40237
9403.52,BTC-27SEP19,1563361173471,open,1.93,0.0,1.8675,2.1055,1.98648637,125.63,None,0.0,BTC-27SEP19-28000-P,9378.78,0.0,0.0,0.0,0.0,0.0,0.0,4.06942,-3.55634,-54.43809,2e-05,-0.95338
9462.52,BTC-27DEC19,1563361173471,open,0.16,237.6,0.121,0.214,0.1675225,98.27,0.1565,0.0,BTC-27DEC19-8000-P,9378.78,95.81,0.162,14.9,0.172,4.9,100.26,21.2638,-6.41465,-18.88027,5e-05,-0.27961
9462.52,BTC-27DEC19,1563361173471,open,1.15,1.6,1.1005,1.275,1.18778536,106.17,1.0905,0.0,BTC-27DEC19-20000-P,9378.78,0.0,0.005,5.0,1.466,1.0,215.69,19.72975,-6.43063,-82.16962,5e-05,-0.75821
9462.52,BTC-27DEC19,1563361173472,open,0.42,63.0,0.366,0.4455,0.40551491,97.78,0.4965,0.0,BTC-27DEC19-6500-C,9378.78,60.82,0.345,1.0,0.963,2.0,500.0,16.79608,-5.0415,17.34738,4e-05,0.81635
9369.74,SYN.BTC-19JUL19,1563361173468,open,0.0,146.9,0.0005,0.04,2.697e-05,144.93,0.0005,0.0,BTC-19JUL19-13000-C,9378.78,0.0,0.0,0.0,0.001,2.0,212.28,0.0219,-0.25274,0.00045,0.0,0.00097
9403.52,BTC-27SEP19,1563361173472,open,0.49,793.2,0.442,0.5215,0.48169543,104.89,0.5945,0.0,BTC-27SEP19-5000-C,9378.78,95.76,0.4775,11.0,0.484,11.0,109.33,4.70426,-3.43241,8.56176,3e-05,0.94406
9462.52,BTC-27DEC19,1563361173472,open,0.78,7.1,0.73,0.8735,0.80167051,103.0,0.491,0.0,BTC-27DEC19-16000-P,9378.78,0.0,0.005,5.0,1.5705,0.2,500.0,23.09405,-7.30191,-61.8262,6e-05,-0.66254
9372.13,SYN.BTC-26JUL19,1563361173471,open,1.09,0.0,1.0495,1.2195,1.13440321,179.39,None,0.0,BTC-26JUL19-20000-P,9378.78,0.0,0.0,0.0,0.0,0.0,0.0,0.21456,-2.16846,-4.85237,1e-05,-0.99491
9403.52,BTC-27SEP19,1563361173472,open,0.72,34.4,0.6775,0.8165,0.74711404,111.46,0.3735,0.0,BTC-27SEP19-16000-P,9378.78,0.0,0.005,10.0,1.3605,0.2,500.0,11.8227,-9.16686,-28.57362,6e-05,-0.79597
9462.52,BTC-27DEC19,1563361173472,open,3.99,0.0,3.887,4.2935,4.09019496,125.32,None,0.0,BTC-27DEC19-48000-P,9378.78,0.0,0.0,0.0,0.0,0.0,0.0,7.93001,-3.05088,-212.2255,2e-05,-0.93588
9403.52,BTC-27SEP19,1563361173472,open,0.21,218.1,0.176,0.2735,0.22498184,105.9,0.2285,0.0,BTC-27SEP19-10000-P,9378.78,104.77,0.223,14.4,0.23,4.6,108.75,16.55732,-12.19768,-12.65704,9e-05,-0.45855
9372.13,SYN.BTC-26JUL19,1563361173471,open,0.19,35.6,0.131,0.2105,0.17056169,132.23,0.1785,0.0,BTC-26JUL19-8000-C,9378.78,0.0,0.0005,5.0,0.0,0.0,0.0,3.99041,-29.72724,1.45279,0.00014,0.80807
9462.52,BTC-27DEC19,1563361173472,open,1.94,0.1,1.8785,2.118,1.9980829,111.24,2.02,0.0,BTC-27DEC19-28000-P,9378.78,0.0,0.001,1.0,2.5,0.1,319.27,13.94641,-4.76253,-120.7578,3e-05,-0.86179
9403.52,BTC-27SEP19,1563361173472,open,1.31,0.2,1.262,1.45,1.35624771,117.31,1.391,0.0,BTC-27SEP19-22000-P,9378.78,0.0,0.005,10.0,1.8,0.1,401.75,6.49083,-5.29693,-42.05797,3e-05,-0.91504
9462.52,BTC-27DEC19,1563361173473,open,2.15,0.2,2.077,2.333,2.2048884,112.6,2.2245,0.0,BTC-27DEC19-30000-P,9378.78,0.0,0.0,0.0,0.0,0.0,0.0,12.89858,-4.45858,-130.11358,3e-05,-0.87656
9403.52,BTC-27SEP19,1563361173473,open,0.62,29.6,0.5845,0.716,0.65030493,110.32,0.601,0.0,BTC-27SEP19-15000-P,9378.78,0.0,0.005,10.0,1.264,0.3,500.0,12.94654,-9.93561,-26.13105,7e-05,-0.76087
9462.52,BTC-27DEC19,1563361173473,open,0.79,0.0,0.751,0.8305,0.79074031,110.92,None,0.0,BTC-27DEC19-2000-C,9378.78,0.0,0.0155,3.0,0.981,0.5,500.0,1.19955,-0.40846,8.54913,0.0,0.99321
9462.52,BTC-27DEC19,1563361173473,open,1.54,0.0,1.485,1.692,1.5885252,108.64,None,0.0,BTC-27DEC19-24000-P,9378.78,0.0,0.0065,1.0,2.393,0.2,500.0,16.52269,-5.5106,-101.74604,4e-05,-0.8211
9372.13,SYN.BTC-26JUL19,1563361173471,open,0.78,0.0,0.7425,0.887,0.81460517,154.77,None,0.0,BTC-26JUL19-17000-P,9378.78,0.0,0.0,0.0,0.0,0.0,0.0,0.37143,-3.23875,-4.11361,1e-05,-0.99053
9462.52,BTC-27DEC19,1563361173473,open,2.76,1.3,2.677,2.983,2.83017305,116.98,2.792,0.0,BTC-27DEC19-36000-P,9378.78,0.0,0.0005,1.0,0.0,0.0,0.0,10.56283,-3.79314,-157.77862,2e-05,-0.90645
9369.74,SYN.BTC-19JUL19,1563361173468,open,0.72,0.0,0.691,0.8315,0.76130081,294.32,None,0.0,BTC-19JUL19-16500-P,9378.78,0.0,0.0,0.0,0.0,0.0,0.0,0.09681,-7.59808,-0.84535,1e-05,-0.99502
9462.52,BTC-27DEC19,1563361173473,open,0.96,12.4,0.9125,1.0715,0.99205268,104.6,0.559,0.0,BTC-27DEC19-18000-P,9378.78,0.0,0.005,5.0,1.776,0.2,500.0,21.42562,-6.88017,-72.12031,5e-05,-0.71595
9372.13,SYN.BTC-26JUL19,1563361173468,open,1.19,0.0,1.1515,1.3305,1.24110248,189.29,None,0.0,BTC-26JUL19-21000-P,9378.78,0.0,0.0,0.0,0.0,0.0,0.0,0.206,-2.19682,-5.09604,1e-05,-0.99514
9403.52,BTC-27SEP19,1563361173473,open,1.11,0.0,1.0645,1.236,1.15027916,116.25,None,0.0,BTC-27SEP19-20000-P,9378.78,0.0,0.005,10.0,1.7525,0.2,500.0,8.05485,-6.51386,-37.7042,4e-05,-0.88589
9372.13,SYN.BTC-26JUL19,1563361173470,open,0.52,10.8,0.488,0.611,0.54949934,140.55,0.166,0.0,BTC-26JUL19-14500-P,9378.78,0.0,0.0,0.0,0.0,0.0,0.0,0.99285,-7.86186,-3.46282,3e-05,-0.97006
9384.07,SYN.BTC-30AUG19,1563361173472,open,0.7,0.0,0.6605,0.7985,0.72935948,118.77,None,0.0,BTC-30AUG19-16000-P,9378.78,0.0,0.0,0.0,0.0,0.0,0.0,7.16681,-9.70026,-17.95212,6e-05,-0.86212
9372.13,SYN.BTC-26JUL19,1563361173469,open,0.32,56.6,0.2895,0.3965,0.34317744,134.69,0.3555,0.0,BTC-26JUL19-12500-P,9378.78,0.0,0.333,7.5,0.3715,7.5,207.18,2.6153,-19.8447,-2.82682,9e-05,-0.89729
9369.74,SYN.BTC-19JUL19,1563361173468,open,0.41,35.3,0.3835,0.4985,0.44107114,197.35,0.2545,0.0,BTC-19JUL19-13500-P,9378.78,0.0,0.05,0.1,0.0,0.0,0.0,0.11446,-6.02398,-0.69072,1e-05,-0.99398
9372.13,SYN.BTC-26JUL19,1563361173472,open,0.0,126.8,0.0005,0.0405,0.00053399,145.04,0.001,0.0,BTC-26JUL19-5500-P,9378.78,0.0,0.0,0.0,0.002,40.0,175.06,0.27622,-2.25711,-0.01663,1e-05,-0.00676
9372.13,SYN.BTC-26JUL19,1563361173472,open,0.88,0.0,0.8445,0.9975,0.92110859,161.46,None,0.0,BTC-26JUL19-18000-P,9378.78,0.0,0.0,0.0,0.0,0.0,0.0,0.27853,-2.5336,-4.36234,1e-05,-0.99317
9403.52,BTC-27SEP19,1563361173474,open,0.51,13.5,0.4655,0.545,0.50527135,105.27,0.382,0.0,BTC-27SEP19-4750-C,9378.78,0.0,0.005,10.0,0.658,5.0,299.09,3.95465,-2.89611,8.32789,2e-05,0.95501
9372.13,SYN.BTC-26JUL19,1563361173472,open,0.0,511.1,0.0005,0.0405,0.00073528,141.72,0.0005,0.0,BTC-26JUL19-16000-C,9378.78,0.0,0.0,0.0,0.001,3.7,147.21,0.40482,-3.23221,0.02214,1e-05,0.01045
9384.07,SYN.BTC-30AUG19,1563361173468,open,0.6,0.0,0.565,0.695,0.63008533,117.69,None,0.0,BTC-30AUG19-15000-P,9378.78,0.0,0.0,0.0,0.0,0.0,0.0,8.30146,-11.13394,-16.44506,7e-05,-0.82779
9372.13,SYN.BTC-26JUL19,1563361173468,open,0.98,0.0,0.947,1.1085,1.0277284,169.87,None,0.0,BTC-26JUL19-19000-P,9378.78,0.0,0.0,0.0,0.0,0.0,0.0,0.2343,-2.24231,-4.60807,1e-05,-0.99438
9384.07,SYN.BTC-30AUG19,1563361173473,open,0.9,0.0,0.856,1.0105,0.93322653,121.42,None,0.0,BTC-30AUG19-18000-P,9378.78,0.0,0.0,0.0,0.0,0.0,0.0,5.31149,-7.3495,-20.78463,4e-05,-0.90936
199.33,ETH-27SEP19,1563361173475,open,2.74,0.0,2.665,2.969,2.816908,131.62,None,0.0,ETH-27SEP19-760-P,199.79,0.0,0.0,0.0,0.0,0.0,0.0,0.04781,-0.04378,-1.48926,0.00046,-0.97722
9369.74,SYN.BTC-19JUL19,1563361173468,open,0.67,0.0,0.64,0.776,0.70792806,279.47,None,0.0,BTC-19JUL19-16000-P,9378.78,0.0,0.0,0.0,0.0,0.0,0.0,0.09825,-7.32192,-0.81963,1e-05,-0.99493
9372.13,SYN.BTC-26JUL19,1563361173468,open,0.62,0.0,0.589,0.721,0.65519838,145.63,None,0.0,BTC-26JUL19-15500-P,9378.78,0.0,0.0,0.0,0.0,0.0,0.0,0.64015,-5.252,-3.73142,2e-05,-0.98222
9384.07,SYN.BTC-30AUG19,1563361173474,open,0.8,0.0,0.7575,0.9035,0.83065516,120.12,None,0.0,BTC-30AUG19-17000-P,9378.78,0.0,0.0,0.0,0.0,0.0,0.0,6.17763,-8.45638,-19.3923,5e-05,-0.8885
9372.13,SYN.BTC-26JUL19,1563361173473,open,0.0,162.8,0.0005,0.04,7.775e-05,144.97,0.001,0.0,BTC-26JUL19-19000-C,9378.78,0.0,0.0,0.0,0.0005,4.6,172.14,0.06224,-0.50832,0.00277,0.0,0.00129
9384.07,SYN.BTC-30AUG19,1563361173469,open,0.39,0.0,0.3425,0.422,0.38227864,116.68,None,0.0,BTC-30AUG19-6000-C,9378.78,0.0,0.0,0.0,0.0,0.0,0.0,5.51868,-7.33815,5.89118,4e-05,0.90454
9403.52,BTC-27SEP19,1563361173483,open,0.66,0.0,0.6165,0.696,0.65610847,112.61,None,0.0,BTC-27SEP19-3250-C,9378.78,0.0,0.005,10.0,0.898,5.0,500.0,0.9896,-0.7752,6.20587,1e-05,0.99125
9462.52,BTC-27DEC19,1563361173488,open,0.14,217.3,0.099,0.1785,0.13855767,100.99,0.141,0.0,BTC-27DEC19-14000-C,9378.78,99.8,0.1355,11.0,0.143,0.2,102.7,24.48145,-7.58965,11.20248,6e-05,0.40386
9403.52,BTC-27SEP19,1563361173489,open,0.74,55.9,0.695,0.7745,0.73462523,118.12,0.689,0.0,BTC-27SEP19-2500-C,9378.78,0.0,0.005,10.0,0.913,5.0,500.0,0.34002,-0.27939,4.86514,0.0,0.99736
9393.84,BTC-27SEP19,1563361173498,open,0.36,60.1,0.3255,0.4355,0.380571,107.62,0.395,0.0,BTC-27SEP19-12000-P,9378.78,105.81,0.3775,2.7,0.391,6.0,113.7,16.01768,-11.99142,-18.28557,9e-05,-0.60794
9403.52,BTC-27SEP19,1563361173503,open,0.62,29.6,0.5845,0.716,0.65030493,110.32,0.601,0.0,BTC-27SEP19-15000-P,9378.78,0.0,0.005,10.0,1.262,0.3,500.0,12.94654,-9.93561,-26.13105,7e-05,-0.76087
9462.52,BTC-27DEC19,1563361173505,open,0.21,426.5,0.167,0.2465,0.20683818,99.37,0.206,0.0,BTC-27DEC19-11000-C,9378.78,97.54,0.202,0.5,0.211,11.0,100.94,25.07842,-7.65001,14.14552,6e-05,0.54184
9403.52,BTC-27SEP19,1563361173509,open,0.01,318.1,0.0005,0.0485,0.0085025,107.39,0.007,0.0,BTC-27SEP19-4500-P,9378.78,104.51,0.0075,15.0,0.0095,5.0,110.08,3.38513,-2.52885,-0.84522,2e-05,-0.03714
9462.52,BTC-27DEC19,1563361173515,open,0.78,7.1,0.73,0.8735,0.80167051,103.0,0.491,0.0,BTC-27DEC19-16000-P,9378.78,0.0,0.005,5.0,1.569,0.2,500.0,23.09405,-7.30191,-61.8262,6e-05,-0.66254
9462.52,BTC-27DEC19,1563361173521,open,1.74,0.0,1.681,1.904,1.79253883,109.95,None,0.0,BTC-27DEC19-26000-P,9378.78,0.0,0.005,10.0,2.5955,0.2,500.0,15.1577,-5.11601,-111.30674,3e-05,-0.84351
199.74,SYN.ETH-26JUL19,1563361173519,open,0.02,2.0,0.001,0.065,0.0247,135.28,0.032,0.0,ETH-26JUL19-170-P,199.79,140.34,0.027,390.0,0.032,200.0,151.62,0.08512,-0.64874,-0.01054,0.00649,-0.1922
9403.52,BTC-27SEP19,1563361173528,open,1.11,0.0,1.0645,1.236,1.15027916,116.25,None,0.0,BTC-27SEP19-20000-P,9378.78,0.0,0.005,10.0,1.7495,0.2,500.0,8.05485,-6.51386,-37.7042,4e-05,-0.88589
199.74,SYN.ETH-26JUL19,1563361173538,open,0.13,2700.0,0.102,0.193,0.147855,135.74,0.155,0.0,ETH-26JUL19-220-P,199.79,128.37,0.144,284.0,0.163,100.0,160.51,0.11685,-0.89362,-0.03814,0.00887,-0.63703
9462.52,BTC-27DEC19,1563361173539,open,1.35,3.9,1.291,1.481,1.38605297,107.06,0.752,0.0,BTC-27DEC19-22000-P,9378.78,0.0,0.0065,2.0,2.1835,0.3,500.0,17.98479,-5.91063,-92.07429,4e-05,-0.79452
9462.52,BTC-27DEC19,1563361173541,open,0.69,5.6,0.6415,0.778,0.70979628,102.42,0.7075,0.0,BTC-27DEC19-15000-P,9378.78,0.0,0.005,10.0,1.4665,0.2,500.0,23.87055,-7.50514,-56.56404,6e-05,-0.62979
9462.52,BTC-27DEC19,1563361173546,open,1.54,0.0,1.485,1.692,1.5885252,108.64,None,0.0,BTC-27DEC19-24000-P,9378.78,0.0,0.0065,1.0,2.3895,0.2,500.0,16.52269,-5.5106,-101.74604,4e-05,-0.8211
9462.52,BTC-27DEC19,1563361173548,open,0.96,12.4,0.9125,1.0715,0.99205268,104.6,0.559,0.0,BTC-27DEC19-18000-P,9378.78,0.0,0.005,5.0,1.773,0.2,500.0,21.42562,-6.88017,-72.12031,5e-05,-0.71595
9393.84,BTC-27SEP19,1563361173553,open,0.91,1.0,0.869,1.024,0.94649344,112.23,1.5815,0.0,BTC-27SEP19-18000-P,9378.78,0.0,0.005,0.3,1.555,0.3,500.0,9.51456,-7.4283,-33.31863,5e-05,-0.85469
9403.52,BTC-27SEP19,1563361173554,open,0.72,34.4,0.6775,0.8165,0.74711404,111.46,0.3735,0.0,BTC-27SEP19-16000-P,9378.78,0.0,0.005,10.0,1.3585,0.2,500.0,11.8227,-9.16686,-28.57362,6e-05,-0.79597
9462.52,BTC-27DEC19,1563361173550,open,0.22,301.2,0.1785,0.2765,0.22741989,98.34,0.2165,0.0,BTC-27DEC19-9000-P,9378.78,96.14,0.222,4.9,0.232,6.0,100.21,23.23393,-7.01438,-24.07864,6e-05,-0.34283
9462.52,BTC-27DEC19,1563361173569,open,0.16,237.6,0.121,0.214,0.1675225,98.27,0.1565,0.0,BTC-27DEC19-8000-P,9378.78,95.81,0.162,14.9,0.1705,6.0,99.59,21.2638,-6.41465,-18.88027,5e-05,-0.27961
9403.52,BTC-27SEP19,1563361173583,open,0.59,227.5,0.5395,0.619,0.57906418,107.5,0.7065,0.0,BTC-27SEP19-4000-C,9378.78,75.59,0.575,11.0,0.581,11.0,115.22,2.11935,-1.58497,7.40271,1e-05,0.97884
9369.74,SYN.BTC-19JUL19,1563361173590,open,0.02,115.8,0.0005,0.0555,0.01593232,139.18,0.015,0.0,BTC-19JUL19-10000-C,9378.78,139.47,0.016,1.7,0.017,5.1,143.63,2.23414,-82.9204,0.1239,0.00036,0.27335
9403.52,BTC-27SEP19,1563361173597,open,0.05,184.1,0.004,0.0835,0.04352927,109.78,0.045,0.0,BTC-27SEP19-16000-C,9378.78,108.12,0.0415,19.3,0.0465,30.3,112.15,11.62469,-8.87749,2.86708,6e-05,0.19836
9369.74,SYN.BTC-19JUL19,1563361173609,open,0.07,372.8,0.0405,0.1265,0.08338735,139.98,0.093,0.0,BTC-19JUL19-10000-P,9378.78,138.35,0.083,6.0,0.09,6.0,166.73,2.23949,-83.59332,-0.38925,0.00035,-0.72532
9462.52,BTC-27DEC19,1563361173642,open,3.17,0.0,3.0795,3.419,3.24941861,119.99,None,0.0,BTC-27DEC19-40000-P,9378.78,0.0,0.0005,3.0,0.0,0.0,0.0,9.4949,-3.49744,-176.00662,2e-05,-0.9189
9403.52,BTC-27SEP19,1563361173635,open,0.21,218.1,0.176,0.2735,0.22498184,105.9,0.2285,0.0,BTC-27SEP19-10000-P,9378.78,104.49,0.2225,14.4,0.23,4.6,108.75,16.55732,-12.19768,-12.65704,9e-05,-0.45855
201.29,ETH-27DEC19,1563361173652,open,1.97,0.0,1.903,2.144,2.023528,114.2,0.953,0.0,ETH-27DEC19-600-P,199.79,0.0,0.0,0.0,0.0,0.0,0.0,0.30903,-0.10834,-2.58393,0.0015,-0.85319
9462.52,BTC-27DEC19,1563361173656,open,2.35,0.3,2.2765,2.549,2.41268412,114.05,2.435,0.0,BTC-27DEC19-32000-P,9378.78,0.0,0.0,0.0,0.0,0.0,0.0,12.00513,-4.20308,-139.3902,3e-05,-0.88846
9384.07,SYN.BTC-30AUG19,1563361173665,open,0.02,0.5,0.0005,0.0585,0.01873705,119.6,0.019,0.0,BTC-30AUG19-17000-C,9378.78,115.25,0.016,34.0,0.0205,15.0,122.25,6.12483,-8.34821,1.03146,5e-05,0.11018
9452.84,BTC-27DEC19,1563361173652,open,0.45,122.9,0.3985,0.478,0.43836846,98.06,0.439,0.0,BTC-27DEC19-6000-C,9378.78,94.0,0.432,11.0,0.4405,11.0,99.4,14.95166,-4.50087,17.21482,4e-05,0.84648
9372.13,SYN.BTC-26JUL19,1563361173671,open,0.01,194.6,0.0005,0.049,0.00919676,133.83,0.01,0.0,BTC-26JUL19-12500-C,9378.78,131.25,0.0085,11.5,0.0115,44.2,141.75,2.58394,-19.48148,0.20926,9e-05,0.10103
9372.13,SYN.BTC-26JUL19,1563361173672,open,0.0,313.8,0.0005,0.04,3.411e-05,144.97,0.001,0.0,BTC-26JUL19-20000-C,9378.78,0.0,0.0,0.0,0.0005,5.9,182.81,0.03062,-0.25008,0.00128,0.0,0.0006
9372.13,SYN.BTC-26JUL19,1563361173673,open,0.03,450.9,0.0005,0.0815,0.04024622,132.04,0.042,0.0,BTC-26JUL19-8500-P,9378.78,130.62,0.0395,0.1,0.0445,34.0,140.06,4.93518,-36.71084,-0.73401,0.00018,-0.28185
9372.13,SYN.BTC-26JUL19,1563361173676,open,0.01,280.7,0.0005,0.0445,0.00458743,137.07,0.006,0.0,BTC-26JUL19-13500-C,9378.78,133.54,0.004,10.1,0.0055,3.1,142.09,1.61959,-12.50721,0.11429,6e-05,0.05474
9403.52,BTC-27SEP19,1563361173670,open,0.06,296.4,0.021,0.106,0.06348255,105.2,0.058,0.0,BTC-27SEP19-7000-P,9378.78,103.56,0.0615,19.3,0.0665,19.3,107.67,11.44448,-8.37507,-4.75528,6e-05,-0.19332
9372.13,SYN.BTC-26JUL19,1563361173693,open,0.18,381.0,0.1525,0.248,0.20029198,129.62,0.215,0.0,BTC-26JUL19-11000-P,9378.78,126.97,0.199,7.5,0.214,7.5,156.17,4.59107,-33.52731,-2.17766,0.00017,-0.75531
9384.07,SYN.BTC-30AUG19,1563361173696,open,0.18,5.1,0.148,0.243,0.19554688,113.18,0.1915,0.0,BTC-30AUG19-10000-P,9378.78,111.34,0.193,14.4,0.202,4.0,117.85,12.97207,-16.73148,-7.69202,0.00011,-0.48636
9372.13,SYN.BTC-26JUL19,1563361173693,open,0.08,392.1,0.0445,0.131,0.08793697,129.44,0.0975,0.0,BTC-26JUL19-9500-P,9378.78,128.74,0.0875,18.0,0.0955,25.5,141.61,5.82691,-42.49163,-1.30911,0.00021,-0.48653
199.79,SYN.ETH-19JUL19,1563361173719,open,0.06,166.0,0.028,0.113,0.070263,136.61,0.076,0.0,ETH-19JUL19-210-P,199.79,160.73,0.077,100.0,0.081,112.0,175.62,0.05139,-1.87199,-0.00768,0.01834,-0.67731
9384.07,SYN.BTC-30AUG19,1563361173715,open,0.18,5.1,0.148,0.243,0.19554688,113.18,0.1915,0.0,BTC-30AUG19-10000-P,9378.78,110.98,0.1925,14.4,0.202,4.0,117.85,12.97207,-16.73148,-7.69202,0.00011,-0.48636
9369.74,SYN.BTC-19JUL19,1563361173716,open,0.04,43.3,0.0005,0.073,0.03346639,139.1,0.032,0.0,BTC-19JUL19-9500-C,9378.78,137.47,0.033,2.2,0.0375,10.0,153.26,2.66862,-98.99133,0.20756,0.00043,0.46469
9384.07,SYN.BTC-30AUG19,1563361173723,open,0.33,1.0,0.2975,0.405,0.35106105,114.28,0.3045,0.0,BTC-30AUG19-12000-P,9378.78,105.81,0.3405,3.0,0.3785,3.0,135.41,11.87138,-15.46047,-11.44633,0.0001,-0.66367
9369.74,SYN.BTC-19JUL19,1563361173736,open,0.04,547.1,0.006,0.089,0.04754868,139.74,0.053,0.0,BTC-19JUL19-9500-P,9378.78,144.83,0.049,1.7,0.0535,6.0,160.61,2.66882,-99.44869,-0.28038,0.00042,-0.53497
9403.52,BTC-27SEP19,1563361173745,open,0.53,78.2,0.4945,0.6185,0.55651755,109.5,0.54,0.0,BTC-27SEP19-14000-P,9378.78,105.78,0.551,6.0,0.5705,6.0,118.61,14.10198,-10.74197,-23.59528,7e-05,-0.71772
9452.84,BTC-27DEC19,1563361173747,open,0.43,83.4,0.392,0.5075,0.44993248,100.15,0.4295,0.0,BTC-27DEC19-12000-P,9378.78,97.35,0.4425,6.0,0.457,3.6,102.8,25.18526,-7.74269,-40.44268,6e-05,-0.50884
9403.52,BTC-27SEP19,1563361173747,open,0.28,127.7,0.2475,0.351,0.2994414,107.11,0.2865,0.0,BTC-27SEP19-11000-P,9378.78,104.87,0.2955,20.4,0.3075,14.4,111.68,16.57656,-12.35141,-15.48404,9e-05,-0.53676
9462.52,BTC-27DEC19,1563361173751,open,0.28,189.9,0.244,0.3475,0.29581395,99.02,0.279,0.0,BTC-27DEC19-10000-P,9378.78,96.58,0.2895,6.0,0.3025,10.9,101.61,24.4583,-7.43491,-29.48071,6e-05,-0.40237
9462.52,BTC-27DEC19,1563361173754,open,0.13,243.3,0.083,0.1625,0.12288666,101.74,0.133,0.0,BTC-27DEC19-15000-C,9378.78,100.19,0.119,11.0,0.1275,21.0,103.57,23.81668,-7.43864,10.33549,6e-05,0.36766
9372.13,SYN.BTC-26JUL19,1563361173761,open,0.47,11.0,0.4375,0.5565,0.4971058,139.09,0.1845,0.0,BTC-26JUL19-14000-P,9378.78,0.0,0.4915,7.5,0.5285,7.5,244.57,1.2787,-10.0197,-3.31878,4e-05,-0.95924
9369.74,SYN.BTC-19JUL19,1563361173762,open,0.36,82.8,0.3325,0.443,0.38771852,180.26,0.348,0.0,BTC-19JUL19-13000-P,9378.78,0.0,0.379,6.0,0.4165,6.0,442.73,0.12682,-6.09619,-0.66469,2e-05,-0.99324
9452.84,BTC-27DEC19,1563361173764,open,0.6,17.7,0.5555,0.6845,0.61984682,101.19,0.6235,0.0,BTC-27DEC19-14000-P,9378.78,98.15,0.612,6.0,0.628,3.6,104.33,24.45835,-7.5977,-51.28693,6e-05,-0.59601
9369.74,SYN.BTC-19JUL19,1563361173765,open,0.11,415.7,0.083,0.1725,0.12770869,141.8,0.137,0.0,BTC-19JUL19-10500-P,9378.78,137.31,0.127,6.0,0.1335,6.0,173.73,1.51167,-57.15942,-0.47428,0.00024,-0.85765
9452.84,BTC-27DEC19,1563361173766,open,0.12,151.0,0.069,0.1485,0.10897315,102.35,0.1085,0.0,BTC-27DEC19-16000-C,9378.78,100.91,0.1055,4.9,0.1135,10.0,104.2,22.98729,-7.22226,9.50678,6e-05,0.33435
9372.13,SYN.BTC-26JUL19,1563361173767,open,0.37,28.7,0.338,0.449,0.39363414,135.72,0.284,0.0,BTC-26JUL19-13000-P,9378.78,0.0,0.384,7.5,0.423,7.5,218.94,2.06626,-15.79854,-3.00522,7e-05,-0.92512
199.34,ETH-27SEP19,1563361173771,open,0.0,389.0,0.001,0.042,0.002501,133.73,0.002,0.0,ETH-27SEP19-60-P,199.79,117.34,0.001,300.0,0.004,500.0,144.41,0.02393,-0.02226,-0.00498,0.00023,-0.01017
9369.74,SYN.BTC-19JUL19,1563361173768,open,0.08,24.0,0.023,0.1025,0.06297662,143.51,0.056,0.0,BTC-19JUL19-9000-C,9378.78,133.91,0.0605,0.7,0.0665,18.0,157.02,2.42889,-92.95455,0.29268,0.00038,0.67106
9462.52,BTC-27DEC19,1563361173778,open,0.51,58.3,0.4725,0.5945,0.53338017,101.17,0.537,0.0,BTC-27DEC19-13000-P,9378.78,98.37,0.526,6.0,0.54,3.6,103.67,24.99833,-7.76384,-45.85238,6e-05,-0.55253
9372.13,SYN.BTC-26JUL19,1563361173786,open,0.42,32.3,0.3875,0.503,0.44528657,138.54,0.29,0.0,BTC-26JUL19-13500-P,9378.78,0.0,0.4345,7.5,0.476,7.5,232.8,1.66996,-13.03444,-3.1639,6e-05,-0.9431
199.74,SYN.ETH-26JUL19,1563361173788,open,0.38,867.0,0.352,0.463,0.407508,138.54,0.42,0.0,ETH-26JUL19-280-P,199.79,0.0,0.391,30.0,0.447,30.0,242.85,0.04308,-0.33624,-0.06486,0.00321,-0.92724
9462.52,BTC-27DEC19,1563361173789,open,0.13,243.3,0.083,0.1625,0.12288666,101.74,0.133,0.0,BTC-27DEC19-15000-C,9378.78,100.19,0.119,15.9,0.1275,21.0,103.57,23.81668,-7.43864,10.33549,6e-05,0.36766
9372.13,SYN.BTC-26JUL19,1563361173791,open,0.05,132.3,0.0005,0.078,0.03800571,129.18,0.038,0.0,BTC-26JUL19-10500-C,9378.78,127.38,0.037,35.5,0.042,12.6,136.27,5.23668,-38.11197,0.64613,0.00019,0.32154
9384.07,SYN.BTC-30AUG19,1563361173805,open,0.25,14.6,0.218,0.319,0.26855141,113.22,0.2625,0.0,BTC-30AUG19-11000-P,9378.78,111.71,0.2665,14.4,0.2815,3.0,122.75,12.70068,-16.38771,-9.60074,0.00011,-0.58257
9372.13,SYN.BTC-26JUL19,1563361173815,open,0.03,281.8,0.0005,0.066,0.02638898,129.19,0.026,0.0,BTC-26JUL19-11000-C,9378.78,128.4,0.026,35.5,0.03,0.1,136.46,4.58164,-33.34763,0.49535,0.00017,0.24376
9462.52,BTC-27DEC19,1563361173810,open,0.02,186.2,0.0005,0.061,0.0210241,112.57,0.031,0.0,BTC-27DEC19-36000-C,9378.78,111.01,0.0195,6.0,0.023,11.0,114.49,9.45141,-3.26604,2.51604,2e-05,0.08061
9372.13,SYN.BTC-26JUL19,1563361173820,open,0.11,60.3,0.0615,0.141,0.10128774,131.24,0.1,0.0,BTC-26JUL19-9000-C,9378.78,124.02,0.097,29.5,0.1045,11.5,136.64,5.57318,-41.2061,1.17757,0.0002,0.61803
9452.84,BTC-27DEC19,1563361173823,open,0.29,181.6,0.2355,0.315,0.27513265,98.03,0.287,0.0,BTC-27DEC19-9000-C,9378.78,96.15,0.2705,3.6,0.279,11.0,99.6,23.2324,-6.99137,16.07826,6e-05,0.6563
9372.13,SYN.BTC-26JUL19,1563361173834,open,0.01,451.5,0.0005,0.0545,0.01396448,134.99,0.0115,0.0,BTC-26JUL19-7500-P,9378.78,131.9,0.013,30.0,0.016,30.0,141.28,2.96173,-22.52489,-0.31039,0.0001,-0.12224
9393.84,BTC-27SEP19,1563361173838,open,0.21,379.0,0.162,0.2415,0.20180916,104.85,0.2015,0.0,BTC-27SEP19-9000-C,9378.78,102.28,0.1975,14.4,0.2045,11.0,106.45,15.77625,-11.50683,7.87063,9e-05,0.62729
9393.84,BTC-27SEP19,1563361173847,open,0.21,379.0,0.162,0.2415,0.20180916,104.85,0.2015,0.0,BTC-27SEP19-9000-C,9378.78,102.58,0.198,14.4,0.2045,11.0,106.45,15.77625,-11.50683,7.87063,9e-05,0.62729
201.29,ETH-27DEC19,1563361173851,open,0.29,194.0,0.24,0.319,0.279817,106.33,0.275,0.0,ETH-27DEC19-200-C,199.79,101.99,0.269,30.0,0.291,30.0,110.81,0.50201,-0.16387,0.32542,0.00261,0.64215
9372.13,SYN.BTC-26JUL19,1563361173854,open,0.11,516.2,0.0765,0.1655,0.1208354,129.48,0.131,0.0,BTC-26JUL19-10000-P,9378.78,128.93,0.1205,18.0,0.129,18.0,142.87,5.69057,-41.51128,-1.61338,0.00021,-0.58715
9372.13,SYN.BTC-26JUL19,1563361173863,open,0.14,265.8,0.1125,0.2045,0.15854948,129.54,0.141,0.0,BTC-26JUL19-10500-P,9378.78,129.45,0.1585,18.0,0.1675,18.0,145.28,5.24114,-38.25039,-1.90591,0.00019,-0.6778
9403.52,BTC-27SEP19,1563361173870,open,0.15,179.3,0.114,0.206,0.16000041,105.24,0.151,0.0,BTC-27SEP19-9000-P,9378.78,104.05,0.158,19.3,0.165,4.7,108.23,15.77841,-11.55186,-9.84511,9e-05,-0.37167
9384.07,SYN.BTC-30AUG19,1563361173901,open,0.1,27.6,0.0565,0.136,0.09613381,113.06,0.09,0.0,BTC-30AUG19-11000-C,9378.78,110.37,0.0925,14.4,0.0995,5.0,115.55,12.69841,-16.36146,3.62056,0.00011,0.4171
199.78,SYN.ETH-19JUL19,1563361173914,open,0.27,789.0,0.25,0.353,0.301488,123.9,0.297,0.0,ETH-19JUL19-260-P,199.79,0.0,0.282,10.0,0.33,10.0,385.79,0.0008,-0.02637,-0.01334,0.00031,-0.99826
9372.13,SYN.BTC-26JUL19,1563361173913,open,0.14,265.8,0.1125,0.2045,0.15854948,129.54,0.141,0.0,BTC-26JUL19-10500-P,9378.78,129.45,0.1585,18.0,0.167,18.0,144.42,5.24114,-38.25039,-1.90591,0.00019,-0.6778
9403.52,BTC-27SEP19,1563361173934,open,0.28,127.7,0.2475,0.351,0.2994414,107.11,0.2865,0.0,BTC-27SEP19-11000-P,9378.78,104.87,0.2955,20.4,0.307,14.4,111.39,16.57656,-12.35141,-15.48404,9e-05,-0.53676
9372.13,SYN.BTC-26JUL19,1563361173937,open,0.15,53.1,0.0935,0.173,0.13313935,131.73,0.1405,0.0,BTC-26JUL19-8500-C,9378.78,123.81,0.129,6.0,0.136,6.0,137.14,4.9327,-36.60669,1.33381,0.00018,0.71844
9452.84,BTC-27DEC19,1563361173954,open,0.19,196.8,0.1405,0.22,0.18021616,100.05,0.1905,0.0,BTC-27DEC19-12000-C,9378.78,98.28,0.1755,3.6,0.185,21.0,101.84,25.18489,-7.73513,13.1049,6e-05,0.49089
9384.07,SYN.BTC-30AUG19,1563361173958,open,0.25,14.6,0.218,0.319,0.26855141,113.22,0.2625,0.0,BTC-30AUG19-11000-P,9378.78,111.34,0.266,14.4,0.2815,3.0,122.75,12.70068,-16.38771,-9.60074,0.00011,-0.58257
9369.74,SYN.BTC-19JUL19,1563361173971,open,0.11,415.7,0.083,0.1725,0.12770869,141.8,0.137,0.0,BTC-19JUL19-10500-P,9378.78,134.03,0.1265,6.0,0.1335,6.0,173.73,1.51167,-57.15942,-0.47428,0.00024,-0.85765
9369.74,SYN.BTC-19JUL19,1563361173991,open,0.07,372.8,0.0405,0.1265,0.08338735,139.98,0.093,0.0,BTC-19JUL19-10000-P,9378.78,136.24,0.0825,6.1,0.09,6.0,166.73,2.23949,-83.59332,-0.38925,0.00035,-0.72532
9369.74,SYN.BTC-19JUL19,1563361173996,open,0.07,372.8,0.0405,0.1265,0.08338735,139.98,0.093,0.0,BTC-19JUL19-10000-P,9378.78,136.24,0.0825,6.1,0.09,12.0,166.73,2.23949,-83.59332,-0.38925,0.00035,-0.72532
9403.52,BTC-27SEP19,1563361173999,open,0.15,179.3,0.114,0.206,0.16000041,105.24,0.151,0.0,BTC-27SEP19-9000-P,9378.78,103.75,0.1575,19.3,0.165,4.7,108.23,15.77841,-11.55186,-9.84511,9e-05,-0.37167
9393.84,BTC-27SEP19,1563361174022,open,0.02,319.0,0.0005,0.0625,0.02205583,105.38,0.0225,0.0,BTC-27SEP19-5500-P,9378.78,103.08,0.0205,21.0,0.024,24.0,108.17,6.4304,-4.71401,-1.96219,4e-05,-0.08402
9462.52,BTC-27DEC19,1563361174033,open,0.28,189.9,0.244,0.3475,0.29581395,99.02,0.279,0.0,BTC-27DEC19-10000-P,9378.78,96.58,0.2895,6.0,0.302,4.9,101.42,24.4583,-7.43491,-29.48071,6e-05,-0.40237
9452.84,BTC-27DEC19,1563361174035,open,0.36,74.2,0.316,0.4255,0.3707448,99.59,0.3645,0.0,BTC-27DEC19-11000-P,9378.78,97.04,0.364,6.0,0.3765,3.6,101.76,25.05359,-7.65921,-34.96973,6e-05,-0.45828
9372.13,SYN.BTC-26JUL19,1563361174045,open,0.08,392.1,0.0445,0.131,0.08793697,129.44,0.0975,0.0,BTC-26JUL19-9500-P,9378.78,128.74,0.0875,18.0,0.095,18.0,140.8,5.82691,-42.49163,-1.30911,0.00021,-0.48653
9452.84,BTC-27DEC19,1563361174052,open,0.43,83.4,0.392,0.5075,0.44993248,100.15,0.4295,0.0,BTC-27DEC19-12000-P,9378.78,97.35,0.4425,6.0,0.456,3.6,102.42,25.18526,-7.74269,-40.44268,6e-05,-0.50884
9372.13,SYN.BTC-26JUL19,1563361174054,open,0.15,53.1,0.0935,0.173,0.13313935,131.73,0.1405,0.0,BTC-26JUL19-8500-C,9378.78,123.81,0.129,6.0,0.1365,18.3,138.08,4.9327,-36.60669,1.33381,0.00018,0.71844
9372.13,SYN.BTC-26JUL19,1563361174056,open,0.15,53.1,0.0935,0.173,0.13313935,131.73,0.1405,0.0,BTC-26JUL19-8500-C,9378.78,123.81,0.129,6.0,0.1365,17.5,138.08,4.9327,-36.60669,1.33381,0.00018,0.71844
9372.13,SYN.BTC-26JUL19,1563361174057,open,0.15,53.1,0.0935,0.173,0.13313935,131.73,0.1405,0.0,BTC-26JUL19-8500-C,9378.78,123.81,0.129,6.0,0.136,0.6,137.14,4.9327,-36.60669,1.33381,0.00018,0.71844
199.52,SYN.ETH-30AUG19,1563361174054,open,0.16,220.0,0.12,0.212,0.166236,120.27,0.147,0.0,ETH-30AUG19-200-P,199.79,114.7,0.159,403.0,0.178,137.0,128.72,0.27035,-0.37054,-0.1406,0.0047,-0.41968
9452.84,BTC-27DEC19,1563361174066,open,0.6,17.7,0.5555,0.6845,0.61984682,101.19,0.6235,0.0,BTC-27DEC19-14000-P,9378.78,98.15,0.612,6.0,0.627,3.6,103.95,24.45835,-7.5977,-51.28693,6e-05,-0.59601
199.79,SYN.ETH-19JUL19,1563361174071,open,0.01,101.0,0.001,0.043,0.003363,134.61,0.011,0.0,ETH-19JUL19-230-C,199.79,140.74,0.004,316.0,0.008,407.0,169.9,0.0211,-0.66347,0.00078,0.00764,0.07906
201.29,ETH-27DEC19,1563361174077,open,1.78,0.0,1.718,1.944,1.830812,113.21,0.845,0.0,ETH-27DEC19-560-P,199.84,0.0,0.0,0.0,0.0,0.0,0.0,0.33353,-0.11591,-2.39466,0.00163,-0.83519
201.29,ETH-27DEC19,1563361174077,open,1.23,0.0,1.174,1.354,1.263638,110.56,None,0.0,ETH-27DEC19-440-P,199.84,0.0,1.172,110.0,0.0,0.0,0.0,0.42293,-0.14355,-1.81297,0.00212,-0.75476
199.33,ETH-27SEP19,1563361174077,open,2.54,0.0,2.473,2.761,2.616777,129.51,None,0.0,ETH-27SEP19-720-P,199.84,0.0,0.0,0.0,0.0,0.0,0.0,0.053,-0.04775,-1.40954,0.00052,-0.97425
199.33,ETH-27SEP19,1563361174077,open,0.02,2417.0,0.001,0.062,0.02295,119.6,0.017,0.0,ETH-27SEP19-440-C,199.84,115.95,0.02,601.0,0.026,200.0,123.15,0.16633,-0.13839,0.03417,0.00178,0.11
201.34,ETH-27DEC19,1563361174077,open,0.37,0.0,0.324,0.403,0.36391,106.28,None,0.0,ETH-27DEC19-160-C,199.84,0.0,0.001,1000.0,1.6,1.0,500.0,0.42619,-0.13905,0.34808,0.00222,0.75133
201.34,ETH-27DEC19,1563361174077,open,2.35,0.0,2.278,2.55,2.41369,118.04,None,0.0,ETH-27DEC19-680-P,199.84,0.0,0.0,0.0,0.0,0.0,0.0,0.27723,-0.10046,-2.9545,0.0013,-0.87477
199.33,ETH-27SEP19,1563361174077,open,0.52,0.0,0.474,0.553,0.513276,116.14,None,0.0,ETH-27SEP19-100-C,199.84,0.0,0.003,10.0,0.0,0.0,0.0,0.09873,-0.07976,0.16937,0.00109,0.94477
199.33,ETH-27SEP19,1563361174077,open,0.01,4110.0,0.001,0.055,0.014932,116.09,0.012,0.0,ETH-27SEP19-100-P,199.84,109.87,0.012,563.0,0.018,500.0,122.03,0.09865,-0.07967,-0.02752,0.00109,-0.05518
201.34,ETH-27DEC19,1563361174078,open,0.1,488.0,0.053,0.132,0.092792,109.62,0.091,0.0,ETH-27DEC19-400-C,199.84,105.68,0.084,381.0,0.099,271.0,112.34,0.45576,-0.15337,0.17168,0.0023,0.28388
199.78,SYN.ETH-19JUL19,1563361174077,open,0.76,0.0,0.73,0.873,0.80191,0.0,None,0.0,ETH-19JUL19-360-P,199.84,0.0,0.001,25.0,0.0,0.0,0.0,0.0,0.0,-0.01849,0.0,-1.0
199.78,SYN.ETH-19JUL19,1563361174077,open,0.67,742.0,0.634,0.769,0.701804,0.0,0.144,0.0,ETH-19JUL19-340-P,199.84,0.0,0.035,10.0,0.0,0.0,0.0,0.0,0.0,-0.01747,0.0,-1.0
199.33,ETH-27SEP19,1563361174078,open,1.0,79.0,0.957,1.119,1.037644,118.0,0.351,0.0,ETH-27SEP19-400-P,199.84,0.0,0.01,1.0,0.0,0.0,0.0,0.19944,-0.16372,-0.7438,0.00216,-0.8573
199.33,ETH-27SEP19,1563361174078,open,2.35,0.0,2.281,2.554,2.417501,129.66,None,0.0,ETH-27SEP19-680-P,199.84,0.0,0.0,0.0,0.0,0.0,0.0,0.06433,-0.05802,-1.32866,0.00063,-0.96749
199.33,ETH-27SEP19,1563361174079,open,0.61,0.0,0.566,0.645,0.605221,122.97,None,0.0,ETH-27SEP19-80-C,199.84,0.0,0.003,10.0,0.0,0.0,0.0,0.05314,-0.04546,0.14482,0.00055,0.97416
199.33,ETH-27SEP19,1563361174079,open,1.19,0.0,1.142,1.319,1.230234,119.47,None,0.0,ETH-27SEP19-440-P,199.84,0.0,0.0,0.0,0.0,0.0,0.0,0.16593,-0.1379,-0.83237,0.00178,-0.89036
199.38,ETH-27SEP19,1563361174079,open,0.44,47.0,0.39,0.469,0.429147,112.99,0.689,0.0,ETH-27SEP19-120-C,199.84,0.0,0.0,0.0,0.0,0.0,0.0,0.15892,-0.12492,0.18359,0.0018,0.89676
199.38,ETH-27SEP19,1563361174079,open,1.76,24.0,1.708,1.932,1.819943,125.44,1.356,0.0,ETH-27SEP19-560-P,199.84,0.0,0.0,0.0,0.0,0.0,0.0,0.10181,-0.08884,-1.08461,0.00104,-0.94259
199.78,SYN.ETH-19JUL19,1563361174077,open,0.86,0.0,0.826,0.978,0.902016,0.0,None,0.0,ETH-19JUL19-380-P,199.84,0.0,0.0,0.0,0.0,0.0,0.0,0.0,0.0,-0.01952,0.0,-1.0
199.38,ETH-27SEP19,1563361174080,open,1.57,12.0,1.518,1.727,1.622851,124.86,1.193,0.0,ETH-27SEP19-520-P,199.84,0.0,0.0,0.0,0.0,0.0,0.0,0.12281,-0.10667,-1.00107,0.00126,-0.9269
199.73,SYN.ETH-26JUL19,1563361174077,open,1.94,0.0,1.884,2.124,2.003857,0.0,None,0.0,ETH-26JUL19-600-P,199.84,0.0,0.0,0.0,0.0,0.0,0.0,0.0,0.0,-0.14589,0.0,-1.0
199.38,ETH-27SEP19,1563361174081,open,0.0,1735.0,0.001,0.046,0.006545,122.93,0.006,0.0,ETH-27SEP19-80-P,199.84,116.69,0.005,300.0,0.008,500.0,128.1,0.05305,-0.04537,-0.01269,0.00055,-0.02578
199.73,SYN.ETH-26JUL19,1563361174077,open,0.86,504.0,0.827,0.978,0.902534,0.0,0.168,0.0,ETH-26JUL19-380-P,199.84,0.0,0.0,0.0,0.0,0.0,0.0,0.0,0.0,-0.0924,0.0,-1.0
199.78,SYN.ETH-19JUL19,1563361174077,open,0.09,1115.0,0.066,0.154,0.109685,134.74,0.11,0.0,ETH-19JUL19-220-P,199.84,0.0,0.094,10.0,0.147,10.0,291.03,0.03637,-1.30694,-0.00963,0.01317,-0.82898
199.78,SYN.ETH-19JUL19,1563361174077,open,0.0,573.0,0.001,0.04,0.0,135.01,0.001,0.0,ETH-19JUL19-320-C,199.84,0.0,0.0,0.0,0.001,300.0,287.89,0.0,0.0,0.0,0.0,0.0
199.73,SYN.ETH-26JUL19,1563361174077,open,1.55,0.0,1.5,1.707,1.603343,0.0,None,0.0,ETH-26JUL19-520-P,199.84,0.0,0.0,0.0,0.0,0.0,0.0,0.0,0.0,-0.12644,0.0,-1.0
199.73,SYN.ETH-26JUL19,1563361174077,open,1.16,0.0,1.115,1.29,1.202835,0.0,None,0.0,ETH-26JUL19-440-P,199.84,0.0,0.0,0.0,0.0,0.0,0.0,0.0,0.0,-0.10699,0.0,-1.0
199.73,SYN.ETH-26JUL19,1563361174078,open,0.96,985.0,0.923,1.082,1.002609,0.0,0.205,0.0,ETH-26JUL19-400-P,199.84,0.0,0.0,0.0,0.0,0.0,0.0,0.0,0.0,-0.09726,0.0,-1.0
199.73,SYN.ETH-26JUL19,1563361174080,open,0.03,979.0,0.001,0.064,0.024297,135.02,0.031,0.0,ETH-26JUL19-240-C,199.84,138.66,0.026,118.0,0.03,265.0,146.95,0.09259,-0.70428,0.00958,0.00707,0.22153
199.73,SYN.ETH-26JUL19,1563361174077,open,1.74,0.0,1.692,1.915,1.8036,0.0,None,0.0,ETH-26JUL19-560-P,199.84,0.0,0.0,0.0,0.0,0.0,0.0,0.0,0.0,-0.13616,0.0,-1.0
199.73,SYN.ETH-26JUL19,1563361174080,open,0.57,519.0,0.54,0.667,0.603217,133.73,0.183,0.0,ETH-26JUL19-320-P,199.84,0.0,0.051,5.0,0.0,0.0,0.0,0.01216,-0.09159,-0.07711,0.00094,-0.98446
199.73,SYN.ETH-26JUL19,1563361174079,open,0.67,1130.0,0.635,0.77,0.70269,132.27,0.6,0.0,ETH-26JUL19-340-P,199.84,0.0,0.666,30.0,0.745,30.0,310.72,0.00579,-0.04317,-0.08237,0.00045,-0.99336
9379.43,SYN.BTC-19JUL19,1563361174086,open,0.12,6.1,0.0625,0.142,0.1020807,140.46,0.109,0.0,BTC-19JUL19-8500-C,9378.78,117.14,0.0985,6.0,0.105,6.0,156.94,1.58069,-59.20803,0.35944,0.00025,0.84809
199.38,ETH-27SEP19,1563361174086,open,0.19,3341.0,0.151,0.245,0.198056,111.96,0.198,0.0,ETH-27SEP19-200-P,199.84,109.03,0.193,134.0,0.204,120.0,115.42,0.34277,-0.26697,-0.2365,0.00391,-0.40432
199.78,SYN.ETH-19JUL19,1563361174085,open,0.01,101.0,0.001,0.043,0.003363,135.04,0.011,0.0,ETH-19JUL19-230-C,199.84,140.78,0.004,316.0,0.008,403.0,169.94,0.02123,-0.67179,0.00078,0.00767,0.07969
9372.13,SYN.BTC-26JUL19,1563361174092,open,0.11,516.2,0.076,0.1655,0.12070888,129.48,0.131,0.0,BTC-26JUL19-10000-P,9378.78,128.93,0.1205,18.0,0.1285,18.0,142.05,5.69057,-41.51128,-1.61338,0.00021,-0.58715
9381.83,SYN.BTC-26JUL19,1563361174104,open,0.98,0.0,0.9465,1.108,1.02736574,205.29,None,0.0,BTC-26JUL19-19000-P,9378.78,0.0,0.0,0.0,0.0,0.0,0.0,0.72202,-8.3504,-4.57816,2e-05,-0.97954
199.73,SYN.ETH-26JUL19,1563361174097,open,0.01,0.0,0.001,0.047,0.007265,134.98,None,0.0,ETH-26JUL19-150-P,199.84,146.92,0.01,112.0,0.014,250.0,162.08,0.04244,-0.32277,-0.00382,0.00324,-0.07137
9393.84,BTC-27SEP19,1563361174104,open,0.1,463.4,0.062,0.15,0.10614735,105.03,0.103,0.0,BTC-27SEP19-8000-P,9378.78,103.21,0.1035,19.3,0.1095,6.0,107.21,14.07467,-10.2831,-7.17682,8e-05,-0.28175
9393.84,BTC-27SEP19,1563361174115,open,0.36,60.1,0.3255,0.4355,0.38037295,107.62,0.395,0.0,BTC-27SEP19-12000-P,9378.78,105.81,0.3775,2.7,0.3915,6.0,113.99,16.01768,-11.99142,-18.28557,9e-05,-0.60794
9369.74,SYN.BTC-19JUL19,1563361174114,open,0.04,547.1,0.006,0.089,0.04744562,139.74,0.053,0.0,BTC-19JUL19-9500-P,9378.78,144.83,0.049,1.7,0.0535,24.0,160.61,2.66882,-99.44869,-0.28038,0.00042,-0.53497
9403.52,BTC-27SEP19,1563361174123,open,0.49,793.2,0.4425,0.522,0.48226213,106.01,0.5945,0.0,BTC-27SEP19-5000-C,9378.78,95.76,0.4775,11.0,0.484,11.0,109.33,4.79359,-3.53501,8.52624,3e-05,0.94271
9463.07,BTC-27DEC19,1563361174123,open,0.36,74.2,0.316,0.425,0.37057722,99.86,0.3645,0.0,BTC-27DEC19-11000-P,9378.78,97.38,0.364,6.0,0.3765,3.6,102.1,25.07225,-7.68607,-34.94746,6e-05,-0.45703
9381.83,SYN.BTC-26JUL19,1563361174125,open,1.19,0.0,1.1515,1.33,1.24070145,230.93,None,0.0,BTC-26JUL19-21000-P,9378.78,0.0,0.0,0.0,0.0,0.0,0.0,0.70278,-9.14309,-5.06628,1e-05,-0.98018
199.73,SYN.ETH-26JUL19,1563361174122,open,0.01,2051.0,0.001,0.054,0.0141,134.98,0.013,0.0,ETH-26JUL19-160-P,199.84,143.8,0.017,113.0,0.021,250.0,155.18,0.06347,-0.48265,-0.00667,0.00485,-0.12321
9369.74,SYN.BTC-19JUL19,1563361174133,open,0.07,372.8,0.04,0.1265,0.08324393,139.98,0.093,0.0,BTC-19JUL19-10000-P,9378.78,136.24,0.0825,6.1,0.09,6.0,166.73,2.23949,-83.59332,-0.38925,0.00035,-0.72532
9452.84,BTC-27DEC19,1563361174135,open,0.45,122.9,0.3985,0.478,0.43836841,98.06,0.439,0.0,BTC-27DEC19-6000-C,9378.78,94.64,0.433,11.0,0.4405,11.0,99.4,14.95166,-4.50087,17.21482,4e-05,0.84648
9381.83,SYN.BTC-26JUL19,1563361174150,open,0.19,35.6,0.131,0.2105,0.17067606,130.94,0.1785,0.0,BTC-26JUL19-8000-C,9378.78,0.0,0.0005,5.0,0.0,0.0,0.0,3.95401,-29.1683,1.46124,0.00014,0.81123
9372.13,SYN.BTC-26JUL19,1563361174145,open,0.18,381.0,0.1525,0.248,0.20012117,129.62,0.215,0.0,BTC-26JUL19-11000-P,9378.78,126.97,0.199,7.5,0.2105,7.5,149.62,4.59107,-33.52731,-2.17766,0.00017,-0.75531
9384.07,SYN.BTC-30AUG19,1563361174154,open,0.33,1.0,0.297,0.4045,0.35087205,114.28,0.3045,0.0,BTC-30AUG19-12000-P,9378.78,106.63,0.3415,3.0,0.3785,3.0,135.41,11.87138,-15.46047,-11.44633,0.0001,-0.66367
199.73,SYN.ETH-26JUL19,1563361174152,open,0.05,10.0,0.018,0.102,0.05968,134.96,0.05,0.0,ETH-26JUL19-190-P,199.84,137.21,0.061,140.0,0.07,382.0,152.51,0.11717,-0.8909,-0.02067,0.00895,-0.36595
9452.84,BTC-27DEC19,1563361174156,open,0.36,93.7,0.3075,0.387,0.34714412,98.02,0.346,0.0,BTC-27DEC19-7500-C,9378.78,94.21,0.339,11.0,0.3485,11.0,98.7,19.98044,-6.0123,17.08111,5e-05,0.752
9463.07,BTC-27DEC19,1563361174173,open,0.7,0.0,0.65,0.7295,0.68963075,101.12,None,0.0,BTC-27DEC19-3000-C,9378.78,0.0,0.0055,0.1,0.976,0.5,500.0,3.15808,-0.98032,12.22972,1e-05,0.97925
9452.84,BTC-27DEC19,1563361174168,open,0.33,205.5,0.2815,0.361,0.32120407,98.02,0.32,0.0,BTC-27DEC19-8000-C,9378.78,95.08,0.3145,11.0,0.3235,11.0,99.08,21.26364,-6.39862,16.81684,5e-05,0.7198
9369.74,SYN.BTC-19JUL19,1563361174175,open,0.2,224.5,0.1795,0.2775,0.22836872,148.63,0.245,0.0,BTC-19JUL19-11500-P,9378.78,0.0,0.2235,6.0,0.2395,6.0,248.06,0.46638,-18.48418,-0.57654,7e-05,-0.96925
199.51,SYN.ETH-30AUG19,1563361174174,open,0.03,494.0,0.001,0.066,0.026122,129.46,0.027,0.0,ETH-30AUG19-360-C,199.84,122.41,0.021,577.0,0.03,300.0,134.38,0.15224,-0.2246,0.02676,0.00246,0.13771
9372.13,SYN.BTC-26JUL19,1563361174187,open,0.15,53.1,0.0935,0.173,0.13324448,131.73,0.1405,0.0,BTC-26JUL19-8500-C,9378.78,123.81,0.129,6.0,0.1365,17.5,138.08,4.9327,-36.60669,1.33381,0.00018,0.71844
9462.52,BTC-27DEC19,1563361174177,open,0.21,426.5,0.1675,0.247,0.20724845,99.37,0.206,0.0,BTC-27DEC19-11000-C,9378.78,97.73,0.2025,11.0,0.211,11.0,100.94,25.07842,-7.65001,14.14552,6e-05,0.54184
9381.83,SYN.BTC-26JUL19,1563361174189,open,0.52,10.8,0.4875,0.611,0.54922695,151.12,0.166,0.0,BTC-26JUL19-14500-P,9378.78,0.0,0.0,0.0,0.0,0.0,0.0,1.30745,-11.1314,-3.43866,4e-05,-0.95816
9452.84,BTC-27DEC19,1563361174191,open,0.36,93.7,0.3075,0.387,0.34714412,98.02,0.346,0.0,BTC-27DEC19-7500-C,9378.78,94.21,0.339,11.0,0.349,11.0,98.94,19.98044,-6.0123,17.08111,5e-05,0.752
9403.52,BTC-27SEP19,1563361174198,open,0.28,127.7,0.2465,0.35,0.29841163,107.11,0.2865,0.0,BTC-27SEP19-11000-P,9378.78,104.87,0.2955,14.4,0.307,14.4,111.39,16.57656,-12.35141,-15.48404,9e-05,-0.53676
9403.52,BTC-27SEP19,1563361174205,open,0.72,34.4,0.6755,0.815,0.74521041,109.93,0.3735,0.0,BTC-27SEP19-16000-P,9378.78,0.0,0.005,10.0,1.3585,0.2,500.0,11.64312,-8.90405,-28.63364,6e-05,-0.80112
9369.74,SYN.BTC-19JUL19,1563361174200,open,0.36,82.8,0.332,0.4425,0.38747229,180.26,0.348,0.0,BTC-19JUL19-13000-P,9378.78,0.0,0.38,6.0,0.4165,6.0,442.73,0.12682,-6.09619,-0.66469,2e-05,-0.99324
9369.74,SYN.BTC-19JUL19,1563361174211,open,0.2,224.5,0.1795,0.2775,0.22836872,148.63,0.245,0.0,BTC-19JUL19-11500-P,9378.78,0.0,0.223,6.0,0.2395,6.0,248.06,0.46638,-18.48418,-0.57654,7e-05,-0.96925
9463.07,BTC-27DEC19,1563361174218,open,0.48,60.5,0.434,0.5135,0.47364683,97.74,0.567,0.0,BTC-27DEC19-5500-C,9378.78,95.04,0.47,1.0,0.966,5.0,500.0,12.90481,-3.87209,17.01059,3e-05,0.87648
9372.13,SYN.BTC-26JUL19,1563361174225,open,0.18,381.0,0.1525,0.248,0.20012117,129.62,0.215,0.0,BTC-26JUL19-11000-P,9378.78,125.93,0.1985,7.5,0.2105,7.5,149.62,4.59107,-33.52731,-2.17766,0.00017,-0.75531
9381.83,SYN.BTC-26JUL19,1563361174227,open,1.09,0.0,1.049,1.219,1.13402133,218.28,None,0.0,BTC-26JUL19-20000-P,9378.78,0.0,0.0,0.0,0.0,0.0,0.0,0.7084,-8.71169,-4.8225,2e-05,-0.98
9379.43,SYN.BTC-19JUL19,1563361174227,open,0.62,0.0,0.5885,0.72,0.65426154,326.72,None,0.0,BTC-19JUL19-15500-P,9378.78,0.0,0.001,1.0,0.0,0.0,0.0,0.34305,-29.88843,-0.7868,2e-05,-0.97872
9369.74,SYN.BTC-19JUL19,1563361174227,open,0.25,83.2,0.23,0.332,0.28105716,154.87,0.2865,0.0,BTC-19JUL19-12000-P,9378.78,0.0,0.275,6.0,0.3065,6.0,358.15,0.25242,-10.42445,-0.60955,4e-05,-0.98513
9393.88,SYN.BTC-30AUG19,1563361174229,open,0.6,0.0,0.565,0.695,0.62981378,119.09,None,0.0,BTC-30AUG19-15000-P,9378.78,0.0,0.0,0.0,0.0,0.0,0.0,8.45514,-11.47499,-16.4055,7e-05,-0.82303
9372.13,SYN.BTC-26JUL19,1563361174229,open,0.27,315.8,0.242,0.3445,0.29323413,132.15,0.284,0.0,BTC-26JUL19-12000-P,9378.78,121.41,0.29,7.5,0.3205,7.5,194.91,3.19624,-23.7961,-2.63661,0.00011,-0.86356
9403.52,BTC-27SEP19,1563361174231,open,0.26,901.1,0.2155,0.295,0.25500319,104.59,0.25,0.0,BTC-27SEP19-8000-C,9378.78,99.61,0.247,11.0,0.2565,11.0,105.97,14.06729,-10.23531,8.60537,8e-05,0.71916
9403.23,BTC-27SEP19,1563361174241,open,0.45,224.0,0.3975,0.477,0.43703838,105.37,0.5225,0.0,BTC-27SEP19-5500-C,9378.78,96.79,0.4315,11.0,0.4395,11.0,108.91,6.41718,-4.70391,8.87472,3e-05,0.91632
9403.23,BTC-27SEP19,1563361174249,open,0.4,714.8,0.3545,0.434,0.394185,104.59,0.434,0.0,BTC-27SEP19-6000-C,9378.78,98.4,0.389,11.0,0.3975,11.0,108.38,8.10171,-5.89461,9.08737,4e-05,0.88495
9369.74,SYN.BTC-19JUL19,1563361174248,open,0.31,62.5,0.281,0.3875,0.33418157,165.28,0.3,0.0,BTC-19JUL19-12500-P,9378.78,0.0,0.3275,6.0,0.361,6.0,398.94,0.16,-7.05184,-0.63805,2e-05,-0.9912
9463.07,BTC-27DEC19,1563361174258,open,0.43,83.4,0.392,0.5075,0.44973872,100.46,0.4295,0.0,BTC-27DEC19-12000-P,9378.78,97.74,0.4425,6.0,0.456,3.6,102.81,25.21446,-7.77614,-40.41443,6e-05,-0.50733
9372.13,SYN.BTC-26JUL19,1563361174266,open,0.22,273.8,0.196,0.295,0.24537128,130.49,0.222,0.0,BTC-26JUL19-11500-P,9378.78,122.85,0.2425,7.5,0.258,7.5,158.04,3.87517,-28.48777,-2.42132,0.00014,-0.81696
9369.74,SYN.BTC-19JUL19,1563361174271,open,0.46,16.4,0.4345,0.5535,0.49417334,214.75,0.495,0.0,BTC-19JUL19-14000-P,9378.78,0.0,0.4865,6.0,0.526,6.0,500.0,0.1086,-6.21913,-0.71658,1e-05,-0.99433
9403.52,BTC-27SEP19,1563361174274,open,0.53,78.2,0.493,0.617,0.55494635,109.5,0.54,0.0,BTC-27SEP19-14000-P,9378.78,105.78,0.551,6.0,0.571,6.0,118.93,14.10198,-10.74197,-23.59528,7e-05,-0.71772
9403.23,BTC-27SEP19,1563361174276,open,2.35,0.0,2.2705,2.5425,2.40638206,119.09,None,0.0,BTC-27SEP19-32000-P,9378.78,0.0,0.0,0.0,0.0,0.0,0.0,2.02259,-1.67561,-62.70391,1e-05,-0.97997
9372.13,SYN.BTC-26JUL19,1563361174278,open,0.37,28.7,0.338,0.449,0.39339789,135.72,0.284,0.0,BTC-26JUL19-13000-P,9378.78,0.0,0.3845,7.5,0.423,7.5,218.94,2.06626,-15.79854,-3.00522,7e-05,-0.92512
199.78,SYN.ETH-19JUL19,1563361174278,open,0.08,0.0,0.028,0.107,0.067061,135.13,None,0.0,ETH-19JUL19-190-C,199.84,142.91,0.069,150.0,0.08,150.0,186.23,0.04865,-1.75324,0.00664,0.01756,0.71449
9381.83,SYN.BTC-26JUL19,1563361174285,open,0.11,516.2,0.076,0.1655,0.12070888,130.48,0.131,0.0,BTC-26JUL19-10000-P,9378.78,130.13,0.1205,18.0,0.1285,18.0,143.24,5.7067,-41.94887,-1.60737,0.0002,-0.58391
9463.07,BTC-27DEC19,1563361174289,open,0.39,54.4,0.3355,0.415,0.3752307,97.83,0.3805,0.0,BTC-27DEC19-7000-C,9378.78,93.61,0.367,11.0,0.377,11.0,98.74,18.48663,-5.55215,17.28979,5e-05,0.78468
9403.52,BTC-27SEP19,1563361174289,open,0.02,383.6,0.0005,0.0605,0.02090205,113.1,0.021,0.0,BTC-27SEP19-20000-C,9378.78,110.83,0.019,46.0,0.0225,11.0,115.17,7.59668,-5.97712,1.56235,4e-05,0.10517
9403.52,BTC-27SEP19,1563361174285,open,0.15,179.3,0.113,0.2055,0.1593462,105.24,0.151,0.0,BTC-27SEP19-9000-P,9378.78,103.75,0.1575,19.3,0.165,4.7,108.23,15.77841,-11.55186,-9.84511,9e-05,-0.37167
9372.13,SYN.BTC-26JUL19,1563361174291,open,0.02,542.0,0.0005,0.0525,0.01284186,131.47,0.015,0.0,BTC-26JUL19-12000-C,9378.78,130.52,0.0125,30.0,0.0145,0.1,136.31,3.17285,-23.50137,0.2784,0.00011,0.13499
9372.13,SYN.BTC-26JUL19,1563361174298,open,0.42,32.3,0.3875,0.5025,0.44503775,138.54,0.29,0.0,BTC-26JUL19-13500-P,9378.78,0.0,0.4355,7.5,0.476,7.5,232.8,1.66996,-13.03444,-3.1639,6e-05,-0.9431
9463.07,BTC-27DEC19,1563361174309,open,0.19,196.8,0.141,0.2205,0.18061517,99.92,0.1905,0.0,BTC-27DEC19-12000-C,9378.78,98.15,0.1755,3.6,0.185,11.0,101.72,25.21257,-7.73387,13.13168,6e-05,0.49119
9462.52,BTC-27DEC19,1563361174302,open,0.22,301.2,0.178,0.2755,0.22672052,98.34,0.2165,0.0,BTC-27DEC19-9000-P,9378.78,96.14,0.222,4.9,0.232,6.0,100.21,23.23393,-7.01438,-24.07864,6e-05,-0.34283
9381.83,SYN.BTC-26JUL19,1563361174317,open,0.18,381.0,0.1525,0.248,0.20012117,131.28,0.215,0.0,BTC-26JUL19-11000-P,9378.78,127.98,0.1985,7.5,0.2105,7.5,151.42,4.64742,-34.37232,-2.16775,0.00017,-0.75015
9384.07,SYN.BTC-30AUG19,1563361174308,open,0.25,14.6,0.218,0.319,0.26839289,113.22,0.2625,0.0,BTC-30AUG19-11000-P,9378.78,111.34,0.266,14.4,0.2775,3.0,119.81,12.70068,-16.38771,-9.60074,0.00011,-0.58257
9462.52,BTC-27DEC19,1563361174321,open,0.28,189.9,0.2435,0.3465,0.29508066,99.02,0.279,0.0,BTC-27DEC19-10000-P,9378.78,96.58,0.2895,6.0,0.302,4.9,101.42,24.4583,-7.43491,-29.48071,6e-05,-0.40237
9372.13,SYN.BTC-26JUL19,1563361174326,open,0.22,273.8,0.196,0.295,0.24537128,130.49,0.222,0.0,BTC-26JUL19-11500-P,9378.78,122.85,0.2425,7.5,0.2555,7.5,152.82,3.87517,-28.48777,-2.42132,0.00014,-0.81696
9381.83,SYN.BTC-26JUL19,1563361174336,open,0.08,392.1,0.0445,0.131,0.08783438,130.23,0.0975,0.0,BTC-26JUL19-9500-P,9378.78,129.69,0.0875,18.0,0.095,18.0,141.76,5.83163,-42.78542,-1.30467,0.00021,-0.48409
9403.23,BTC-27SEP19,1563361174338,open,0.51,13.5,0.466,0.5455,0.5058224,106.6,0.382,0.0,BTC-27SEP19-4750-C,9378.78,0.0,0.005,10.0,0.658,5.0,299.1,4.05802,-3.00924,8.29022,2e-05,0.95354
9393.84,BTC-27SEP19,1563361174337,open,0.36,60.1,0.3255,0.4355,0.38037295,107.62,0.395,0.0,BTC-27SEP19-12000-P,9378.78,105.81,0.3775,2.7,0.3895,6.0,112.83,16.01768,-11.99142,-18.28557,9e-05,-0.60794
199.73,SYN.ETH-26JUL19,1563361174349,open,0.05,10.0,0.018,0.102,0.059702,134.96,0.05,0.0,ETH-26JUL19-190-P,199.84,137.21,0.061,140.0,0.069,200.0,150.81,0.11717,-0.8909,-0.02067,0.00895,-0.36595
9403.52,BTC-27SEP19,1563361174346,open,0.06,296.4,0.021,0.1055,0.06321233,105.2,0.058,0.0,BTC-27SEP19-7000-P,9378.78,103.56,0.0615,19.3,0.066,6.0,107.26,11.44448,-8.37507,-4.75528,6e-05,-0.19332
9384.07,SYN.BTC-30AUG19,1563361174357,open,0.18,5.1,0.148,0.243,0.19542002,113.18,0.1915,0.0,BTC-30AUG19-10000-P,9378.78,110.98,0.1925,14.4,0.2015,3.0,117.49,12.97207,-16.73148,-7.69202,0.00011,-0.48636
9384.07,SYN.BTC-30AUG19,1563361174359,open,0.05,10.3,0.0015,0.081,0.04119142,116.34,0.0485,0.0,BTC-30AUG19-14000-C,9378.78,113.68,0.0385,19.3,0.0435,5.0,118.63,9.49951,-12.5944,1.9579,8e-05,0.21473
199.78,SYN.ETH-26JUL19,1563361174370,open,0.04,0.0,0.001,0.073,0.033828,134.88,None,0.0,ETH-26JUL19-230-C,199.84,135.2,0.034,349.0,0.041,243.0,148.14,0.10598,-0.80531,0.01226,0.0081,0.28621
9452.84,BTC-27DEC19,1563361174368,open,0.45,122.9,0.3985,0.478,0.43836841,98.06,0.439,0.0,BTC-27DEC19-6000-C,9378.78,94.64,0.433,11.0,0.441,11.0,99.72,14.95166,-4.50087,17.21482,4e-05,0.84648
9384.07,SYN.BTC-30AUG19,1563361174361,open,0.05,10.3,0.0015,0.081,0.04119142,116.34,0.0485,0.0,BTC-30AUG19-14000-C,9378.78,113.68,0.0385,19.3,0.0435,15.0,118.63,9.49951,-12.5944,1.9579,8e-05,0.21473
9393.84,BTC-27SEP19,1563361174379,open,0.45,35.9,0.407,0.524,0.46560997,107.8,0.391,0.0,BTC-27SEP19-13000-P,9378.78,104.77,0.461,6.0,0.478,6.0,115.27,15.09564,-11.32003,-21.01162,8e-05,-0.67004
9381.83,SYN.BTC-26JUL19,1563361174379,open,0.27,315.8,0.242,0.3445,0.29323413,134.99,0.284,0.0,BTC-26JUL19-12000-P,9378.78,125.35,0.29,7.5,0.3205,7.5,197.1,3.31348,-25.1995,-2.62242,0.00011,-0.85635
9381.83,SYN.BTC-26JUL19,1563361174379,open,0.27,4.8,0.2205,0.3,0.26010251,132.26,0.455,0.0,BTC-26JUL19-7000-C,9378.78,0.0,0.006,3.0,0.0,0.0,0.0,1.82952,-13.632,1.54218,6e-05,0.93614
9403.23,BTC-27SEP19,1563361174382,open,0.4,714.8,0.3545,0.434,0.394185,104.59,0.434,0.0,BTC-27SEP19-6000-C,9378.78,97.78,0.3885,11.0,0.3975,11.0,108.38,8.10171,-5.89461,9.08737,4e-05,0.88495
9462.52,BTC-27DEC19,1563361174389,open,0.51,58.3,0.471,0.593,0.53204759,101.17,0.537,0.0,BTC-27DEC19-13000-P,9378.78,98.18,0.5255,6.0,0.54,3.6,103.67,24.99833,-7.76384,-45.85238,6e-05,-0.55253
9379.43,SYN.BTC-19JUL19,1563361174390,open,0.57,0.0,0.537,0.6645,0.60089833,307.62,None,0.0,BTC-19JUL19-15000-P,9378.78,0.0,0.001,1.0,0.0,0.0,0.0,0.3491,-28.63734,-0.76088,3e-05,-0.97828
9372.13,SYN.BTC-26JUL19,1563361174391,open,0.47,11.0,0.437,0.5565,0.49684477,139.09,0.1845,0.0,BTC-26JUL19-14000-P,9378.78,0.0,0.491,7.5,0.5285,7.5,244.57,1.2787,-10.0197,-3.31878,4e-05,-0.95924
199.33,ETH-27SEP19,1563361174392,open,0.25,779.0,0.2,0.279,0.239055,112.01,0.227,0.0,ETH-27SEP19-180-C,199.84,104.45,0.227,99.0,0.247,120.0,116.97,0.31836,-0.24807,0.1711,0.00363,0.67499
9384.07,SYN.BTC-30AUG19,1563361174393,open,0.33,1.0,0.297,0.4045,0.35087205,114.28,0.3045,0.0,BTC-30AUG19-12000-P,9378.78,106.22,0.341,3.0,0.3785,3.0,135.41,11.87138,-15.46047,-11.44633,0.0001,-0.66367
9403.23,BTC-27SEP19,1563361174400,open,0.15,179.3,0.113,0.2055,0.1593462,104.84,0.151,0.0,BTC-27SEP19-9000-P,9378.78,104.04,0.158,0.3,0.165,4.7,108.22,15.781,-11.50989,-9.83686,9e-05,-0.3719
199.73,SYN.ETH-26JUL19,1563361174401,open,0.15,50.0,0.099,0.178,0.138575,135.06,0.138,0.0,ETH-26JUL19-180-C,199.84,0.0,0.0,0.0,0.148,50.0,152.89,0.10383,-0.79002,0.0285,0.00793,0.7255
9452.84,BTC-27DEC19,1563361174396,open,0.36,93.7,0.3075,0.387,0.34714412,98.02,0.346,0.0,BTC-27DEC19-7500-C,9378.78,94.92,0.3405,11.0,0.349,11.0,98.94,19.98044,-6.0123,17.08111,5e-05,0.752
199.56,SYN.ETH-30AUG19,1563361174403,open,0.22,107.0,0.171,0.25,0.210898,120.37,0.184,0.0,ETH-30AUG19-180-C,199.84,106.79,0.194,120.0,0.221,120.0,128.47,0.24878,-0.34126,0.11151,0.00432,0.67575
199.78,SYN.ETH-19JUL19,1563361174405,open,0.12,10.0,0.066,0.145,0.105584,135.25,0.116,0.0,ETH-19JUL19-180-C,199.84,0.0,0.001,25.0,0.116,50.0,192.55,0.03038,-1.09557,0.00784,0.01095,0.86947
9381.83,SYN.BTC-26JUL19,1563361174409,open,0.23,17.0,0.174,0.2535,0.21369513,132.71,0.246,0.0,BTC-26JUL19-7500-C,9378.78,0.0,0.005,0.1,0.0,0.0,0.0,2.89099,-21.61432,1.52466,0.0001,0.88205
9379.43,SYN.BTC-19JUL19,1563361174409,open,0.51,0.0,0.486,0.609,0.54753535,287.8,None,0.0,BTC-19JUL19-14500-P,9378.78,0.0,0.001,1.0,0.0,0.0,0.0,0.35664,-27.37086,-0.7349,3e-05,-0.97772
199.78,SYN.ETH-19JUL19,1563361174411,open,0.12,10.0,0.066,0.145,0.105584,135.25,0.116,0.0,ETH-19JUL19-180-C,199.84,0.0,0.001,25.0,0.0,0.0,0.0,0.03038,-1.09557,0.00784,0.01095,0.86947
9369.74,SYN.BTC-19JUL19,1563361174404,open,0.2,224.5,0.1795,0.2775,0.22836872,148.63,0.245,0.0,BTC-19JUL19-11500-P,9378.78,0.0,0.223,6.0,0.2365,6.0,228.53,0.46638,-18.48418,-0.57654,7e-05,-0.96925
9369.74,SYN.BTC-19JUL19,1563361174414,open,0.36,82.8,0.332,0.4425,0.38747229,180.26,0.348,0.0,BTC-19JUL19-13000-P,9378.78,0.0,0.3795,6.0,0.4165,6.0,442.73,0.12682,-6.09619,-0.66469,2e-05,-0.99324
9403.52,BTC-27SEP19,1563361174416,open,0.53,78.2,0.493,0.617,0.55494635,109.5,0.54,0.0,BTC-27SEP19-14000-P,9378.78,105.78,0.551,6.0,0.5685,6.0,117.33,14.10198,-10.74197,-23.59528,7e-05,-0.71772
199.73,SYN.ETH-26JUL19,1563361174426,open,0.15,50.0,0.099,0.178,0.138575,135.06,0.138,0.0,ETH-26JUL19-180-C,199.84,0.0,0.0,0.0,0.0,0.0,0.0,0.10383,-0.79002,0.0285,0.00793,0.7255
199.33,ETH-27SEP19,1563361174430,open,0.25,779.0,0.2,0.279,0.239055,112.01,0.227,0.0,ETH-27SEP19-180-C,199.84,104.45,0.227,99.0,0.609,10.0,369.88,0.31836,-0.24807,0.1711,0.00363,0.67499
9462.52,BTC-27DEC19,1563361174423,open,0.28,189.9,0.2435,0.3465,0.29508066,99.02,0.279,0.0,BTC-27DEC19-10000-P,9378.78,96.58,0.2895,6.0,0.3015,6.0,101.22,24.4583,-7.43491,-29.48071,6e-05,-0.40237
199.56,SYN.ETH-30AUG19,1563361174432,open,0.22,107.0,0.171,0.25,0.210898,120.37,0.184,0.0,ETH-30AUG19-180-C,199.84,106.79,0.194,120.0,0.0,0.0,0.0,0.24878,-0.34126,0.11151,0.00432,0.67575
9463.07,BTC-27DEC19,1563361174437,open,3.99,0.0,3.881,4.287,4.08401629,117.42,None,0.0,BTC-27DEC19-48000-P,9378.78,0.0,0.0,0.0,0.0,0.0,0.0,6.16942,-2.22376,-212.71388,1e-05,-0.95333
199.38,ETH-27SEP19,1563361174434,open,0.32,2398.0,0.28,0.386,0.332874,112.24,0.345,0.0,ETH-27SEP19-240-P,199.84,105.93,0.322,120.0,0.339,120.0,115.62,0.3503,-0.2735,-0.34633,0.00399,-0.54905
201.34,ETH-27DEC19,1563361174442,open,0.26,1838.0,0.223,0.324,0.273251,106.38,0.273,0.0,ETH-27DEC19-200-P,199.84,101.82,0.262,40.0,0.284,40.0,110.64,0.50204,-0.16395,-0.56698,0.00261,-0.35766
9463.07,BTC-27DEC19,1563361174432,open,0.19,196.8,0.141,0.2205,0.18061517,99.92,0.1905,0.0,BTC-27DEC19-12000-C,9378.78,98.34,0.176,11.0,0.185,11.0,101.72,25.21257,-7.73387,13.13168,6e-05,0.49119
9384.07,SYN.BTC-30AUG19,1563361174450,open,0.05,10.3,0.0015,0.081,0.04119142,116.34,0.0485,0.0,BTC-30AUG19-14000-C,9378.78,113.68,0.0385,19.3,0.0425,5.0,117.66,9.49951,-12.5944,1.9579,8e-05,0.21473
199.78,SYN.ETH-19JUL19,1563361174448,open,0.03,891.0,0.001,0.08,0.039166,134.91,0.047,0.0,ETH-19JUL19-200-P,199.84,155.42,0.045,103.0,0.051,150.0,176.43,0.05708,-2.05364,-0.00538,0.02064,-0.4853
199.38,ETH-27SEP19,1563361174455,open,0.17,1106.0,0.119,0.198,0.158881,112.1,0.158,0.0,ETH-27SEP19-220-C,199.84,108.25,0.152,201.0,0.166,120.0,116.16,0.35251,-0.27489,0.14192,0.00402,0.52028
9381.83,SYN.BTC-26JUL19,1563361174461,open,0.62,0.0,0.589,0.721,0.65490476,161.48,None,0.0,BTC-26JUL19-15500-P,9378.78,0.0,0.0,0.0,0.0,0.0,0.0,1.01957,-9.27548,-3.70472,3e-05,-0.96912
9452.84,BTC-27DEC19,1563361174452,open,0.12,151.0,0.0695,0.149,0.10901876,102.35,0.1085,0.0,BTC-27DEC19-16000-C,9378.78,101.12,0.106,11.0,0.1135,10.0,104.2,22.98729,-7.22226,9.50678,6e-05,0.33435
199.38,ETH-27SEP19,1563361174463,open,0.17,1106.0,0.119,0.198,0.158881,112.1,0.158,0.0,ETH-27SEP19-220-C,199.84,108.25,0.152,201.0,0.166,321.0,116.16,0.35251,-0.27489,0.14192,0.00402,0.52028
199.78,SYN.ETH-19JUL19,1563361174462,open,0.0,592.0,0.001,0.046,0.006584,134.95,0.012,0.0,ETH-19JUL19-180-P,199.84,166.91,0.012,93.0,0.015,200.0,182.58,0.0303,-1.09039,-0.0014,0.01095,-0.13005
9463.07,BTC-27DEC19,1563361174468,open,0.56,6.7,0.5125,0.592,0.55218544,97.84,0.55,0.0,BTC-27DEC19-4500-C,9378.7,0.0,0.0115,0.1,0.97,1.0,500.0,8.63485,-2.59352,15.88719,2e-05,0.92842
9463.07,BTC-27DEC19,1563361174468,open,3.17,0.0,3.075,3.414,3.24429516,114.78,None,0.0,BTC-27DEC19-40000-P,9378.7,0.0,0.0005,3.0,0.0,0.0,0.0,8.22793,-2.8991,-176.38606,2e-05,-0.93276
9463.07,BTC-27DEC19,1563361174468,open,0.6,17.7,0.555,0.684,0.61960118,101.6,0.6235,0.0,BTC-27DEC19-14000-P,9378.7,98.66,0.612,6.0,0.627,3.6,104.45,24.51621,-7.64673,-51.24481,6e-05,-0.59394
9403.23,BTC-27SEP19,1563361174468,open,0.21,379.0,0.162,0.2415,0.20181938,104.6,0.2015,0.0,BTC-27SEP19-9000-C,9378.7,102.33,0.198,14.4,0.2045,11.0,106.2,15.78265,-11.48434,7.89106,9e-05,0.62798
9463.07,BTC-27DEC19,1563361174468,open,4.41,1.0,4.2905,4.731,4.51061775,127.25,4.454,0.0,BTC-27DEC19-52000-P,9378.7,0.0,0.001,1.0,0.0,0.0,0.0,7.24463,-2.82998,-230.28678,1e-05,-0.94288
9463.07,BTC-27DEC19,1563361174468,open,0.04,139.4,0.002,0.0815,0.04150851,107.82,0.0455,0.0,BTC-27DEC19-26000-C,9378.7,106.5,0.0395,6.0,0.0445,21.0,109.72,14.63539,-4.844,4.51482,3e-05,0.14843
9403.23,BTC-27SEP19,1563361174468,open,0.56,0.2,0.515,0.5945,0.55459591,108.57,0.65,0.0,BTC-27SEP19-4250-C,9378.7,0.0,0.005,10.1,0.682,5.0,298.72,2.79456,-2.11066,7.7024,1e-05,0.97057
9463.07,BTC-27DEC19,1563361174468,open,0.02,181.3,0.0005,0.0535,0.01375792,115.69,0.0125,0.0,BTC-27DEC19-44000-C,9378.7,113.21,0.012,6.0,0.016,21.0,118.59,6.9872,-2.48146,1.72283,2e-05,0.05456
9393.88,SYN.BTC-30AUG19,1563361174468,open,0.12,40.2,0.0865,0.1765,0.13137498,112.54,0.133,0.0,BTC-30AUG19-9000-P,9378.7,110.74,0.129,19.3,0.1385,7.0,117.94,12.40321,-15.9076,-5.77704,0.0001,-0.38023
9463.07,BTC-27DEC19,1563361174469,open,3.58,0.0,3.482,3.855,3.66844371,121.87,None,0.0,BTC-27DEC19-44000-P,9378.7,0.0,0.0,0.0,0.0,0.0,0.0,8.42634,-3.15244,-194.20768,2e-05,-0.93066
9403.23,BTC-27SEP19,1563361174469,open,0.36,60.1,0.3255,0.4355,0.38037295,108.08,0.395,0.0,BTC-27SEP19-12000-P,9378.7,106.39,0.3775,2.7,0.3895,6.0,113.4,16.05676,-12.07229,-18.26244,9e-05,-0.6059
9463.07,BTC-27DEC19,1563361174469,open,2.35,0.3,2.2725,2.5445,2.40862749,110.9,2.435,0.0,BTC-27DEC19-32000-P,9378.7,0.0,0.0,0.0,0.0,0.0,0.0,11.19785,-3.8121,-139.66019,3e-05,-0.89871
9403.23,BTC-27SEP19,1563361174469,open,1.73,0.0,1.6625,1.8835,1.77303123,117.14,None,0.0,BTC-27SEP19-26000-P,9378.7,0.0,0.0,0.0,0.0,0.0,0.0,3.94673,-3.21612,-50.51617,2e-05,-0.95512
9403.23,BTC-27SEP19,1563361174470,open,0.91,1.0,0.8685,1.0235,0.9461327,113.63,1.5815,0.0,BTC-27SEP19-18000-P,9378.7,0.0,0.005,0.3,1.555,0.3,500.0,9.73771,-7.6975,-33.25463,5e-05,-0.8498
9463.07,BTC-27DEC19,1563361174469,open,0.33,205.5,0.2815,0.361,0.32120407,97.87,0.32,0.0,BTC-27DEC19-8000-C,9378.7,94.89,0.3145,11.0,0.3235,11.0,98.89,21.26755,-6.3896,16.85353,5e-05,0.72032
9403.23,BTC-27SEP19,1563361174469,open,0.33,748.2,0.2785,0.358,0.31830757,104.57,0.3315,0.0,BTC-27SEP19-7000-C,9378.7,99.33,0.312,11.0,0.3535,11.0,132.55,11.42114,-8.30846,9.05477,6e-05,0.80731
9403.23,BTC-27SEP19,1563361174470,open,0.45,35.9,0.407,0.524,0.46560997,108.36,0.391,0.0,BTC-27SEP19-13000-P,9378.7,105.48,0.461,6.0,0.478,6.0,115.95,15.15602,-11.42467,-20.98238,8e-05,-0.66755
9463.07,BTC-27DEC19,1563361174470,open,0.02,246.9,0.0005,0.057,0.01709141,114.49,0.0165,0.0,BTC-27DEC19-40000-C,9378.7,111.97,0.015,6.0,0.0195,21.0,117.18,8.15903,-2.86772,2.08678,2e-05,0.06651
9403.23,BTC-27SEP19,1563361174470,open,1.52,0.2,1.4605,1.6655,1.56298148,115.6,1.6,0.0,BTC-27SEP19-24000-P,9378.7,0.0,0.0,0.0,0.0,0.0,0.0,4.85316,-3.9028,-46.38017,2e-05,-0.9418
9463.07,BTC-27DEC19,1563361174469,open,0.36,93.7,0.3075,0.387,0.34714412,97.85,0.346,0.0,BTC-27DEC19-7500-C,9378.7,94.7,0.3405,11.0,0.349,11.0,98.73,19.97889,-6.00148,17.11886,5e-05,0.75254
9393.88,SYN.BTC-30AUG19,1563361174468,open,0.31,0.0,0.2595,0.339,0.29943788,113.9,None,0.0,BTC-30AUG19-7000-C,9378.7,0.0,0.0,0.0,0.0,0.0,0.0,8.3347,-10.8181,5.9571,7e-05,0.82699
9403.23,BTC-27SEP19,1563361174470,open,1.93,0.0,1.8645,2.1025,1.98337731,117.19,None,0.0,BTC-27SEP19-28000-P,9378.7,0.0,0.0,0.0,0.0,0.0,0.0,3.07282,-2.505,-54.63085,2e-05,-0.96699
9462.99,BTC-27DEC19,1563361174470,open,1.74,0.0,1.678,1.9005,1.78930042,107.98,None,0.0,BTC-27DEC19-26000-P,9378.7,0.0,0.005,10.0,2.5955,0.2,500.0,14.67486,-4.86425,-111.49077,3e-05,-0.85097
9462.99,BTC-27DEC19,1563361174470,open,1.94,0.1,1.875,2.114,1.99456922,108.9,2.02,0.0,BTC-27DEC19-28000-P,9378.7,0.0,0.001,1.0,2.5,0.1,319.33,13.35634,-4.46521,-120.97166,3e-05,-0.87023
9381.83,SYN.BTC-26JUL19,1563361174470,open,0.88,0.0,0.844,0.9975,0.92076527,192.21,None,0.0,BTC-26JUL19-18000-P,9378.7,0.0,0.0,0.0,0.0,0.0,0.0,0.75233,-8.14667,-4.33266,2e-05,-0.97852
9462.99,BTC-27DEC19,1563361174471,open,0.45,122.9,0.3985,0.478,0.43836841,97.78,0.439,0.0,BTC-27DEC19-6000-C,9378.7,94.36,0.433,11.0,0.441,11.0,99.45,14.92666,-4.48063,17.26012,4e-05,0.84711
9462.99,BTC-27DEC19,1563361174471,open,0.96,12.4,0.9105,1.0695,0.98995554,103.71,0.559,0.0,BTC-27DEC19-18000-P,9378.7,0.0,0.005,5.0,1.773,0.2,500.0,21.29356,-6.77949,-72.18967,5e-05,-0.71961
9462.99,BTC-27DEC19,1563361174471,open,1.54,0.0,1.4825,1.6885,1.5855653,107.0,None,0.0,BTC-27DEC19-24000-P,9378.7,0.0,0.0065,1.0,2.3895,0.2,500.0,16.14067,-5.30165,-101.90048,4e-05,-0.8276
9462.99,BTC-27DEC19,1563361174471,open,0.69,5.6,0.6405,0.7765,0.70838802,101.89,0.7075,0.0,BTC-27DEC19-15000-P,9378.7,0.0,0.005,10.0,1.4665,0.2,500.0,23.83014,-7.45349,-56.5906,6e-05,-0.63176
9403.23,BTC-27SEP19,1563361174471,open,1.31,0.2,1.26,1.448,1.35384689,113.57,1.391,0.0,BTC-27SEP19-22000-P,9378.7,0.0,0.005,10.0,1.8,0.1,401.71,5.94932,-4.70043,-42.18342,3e-05,-0.92429
9462.99,BTC-27DEC19,1563361174471,open,0.78,7.1,0.7285,0.872,0.80013113,102.39,0.491,0.0,BTC-27DEC19-16000-P,9378.7,0.0,0.005,5.0,1.569,0.2,500.0,23.03259,-7.23993,-61.86324,6e-05,-0.66489
9379.43,SYN.BTC-19JUL19,1563361174468,open,0.2,224.5,0.1795,0.2775,0.22836872,165.32,0.245,0.0,BTC-19JUL19-11500-P,9378.7,0.0,0.223,6.0,0.2365,6.0,236.25,0.67513,-29.76375,-0.56855,9e-05,-0.95164
9462.99,BTC-27DEC19,1563361174471,open,0.52,68.4,0.472,0.5515,0.51150852,97.69,0.511,0.0,BTC-27DEC19-5000-C,9378.7,93.2,0.5065,11.0,0.5145,11.0,100.29,10.77852,-3.23249,16.56777,3e-05,0.90386
9403.23,BTC-27SEP19,1563361174471,open,1.11,0.0,1.062,1.2335,1.14776518,113.15,None,0.0,BTC-27SEP19-20000-P,9378.7,0.0,0.005,10.0,1.7495,0.2,499.98,7.60332,-5.98502,-37.81953,4e-05,-0.8947
9379.43,SYN.BTC-19JUL19,1563361174468,open,0.04,547.1,0.006,0.089,0.04744562,141.48,0.053,0.0,BTC-19JUL19-9500-P,9378.7,146.93,0.049,1.7,0.0535,24.0,162.69,2.6743,-100.89473,-0.27822,0.00042,-0.53
9393.88,SYN.BTC-30AUG19,1563361174468,open,0.42,0.0,0.382,0.497,0.43948793,116.16,None,0.0,BTC-30AUG19-13000-P,9378.7,0.0,0.0,0.0,0.0,0.0,0.0,10.8179,-14.32019,-13.1779,9e-05,-0.72753
9381.83,SYN.BTC-26JUL19,1563361174470,open,0.37,28.7,0.338,0.449,0.39339789,140.59,0.284,0.0,BTC-26JUL19-13000-P,9378.7,0.0,0.3845,7.5,0.423,7.5,221.66,2.25768,-17.88216,-2.98685,8e-05,-0.91593
9462.99,BTC-27DEC19,1563361174472,open,2.15,0.2,2.073,2.3285,2.20092264,109.72,2.2245,0.0,BTC-27DEC19-30000-P,9378.7,0.0,0.0,0.0,0.0,0.0,0.0,12.16136,-4.09627,-130.36937,3e-05,-0.88643
9462.99,BTC-27DEC19,1563361174472,open,1.15,1.6,1.098,1.2725,1.18539549,105.07,1.0905,0.0,BTC-27DEC19-20000-P,9378.7,0.0,0.005,5.0,1.466,1.0,215.73,19.52612,-6.29799,-82.26586,5e-05,-0.76279
9462.99,BTC-27DEC19,1563361174472,open,2.76,1.3,2.673,2.9785,2.82558061,112.83,2.792,0.0,BTC-27DEC19-36000-P,9378.7,0.0,0.0005,1.0,0.0,0.0,0.0,9.51822,-3.29668,-158.10704,2e-05,-0.91864
9403.23,BTC-27SEP19,1563361174472,open,0.21,218.1,0.1755,0.273,0.22414027,105.41,0.2285,0.0,BTC-27SEP19-10000-P,9378.7,104.48,0.2225,14.4,0.23,4.6,108.74,16.55982,-12.14309,-12.654,9e-05,-0.45925
9462.99,BTC-27DEC19,1563361174472,open,1.35,3.9,1.2885,1.479,1.38375929,105.9,0.752,0.0,BTC-27DEC19-22000-P,9378.7,0.0,0.0065,2.0,2.1835,0.3,500.0,17.73801,-5.76649,-92.18121,4e-05,-0.79923
9403.23,BTC-27SEP19,1563361174472,open,2.14,0.0,2.067,2.322,2.19440893,117.08,None,0.0,BTC-27SEP19-30000-P,9378.7,0.0,0.0,0.0,0.0,0.0,0.0,2.37601,-1.93519,-58.70094,1e-05,-0.97576
9381.83,SYN.BTC-26JUL19,1563361174471,open,0.37,1.0,0.3215,0.401,0.36111453,126.85,0.354,0.0,BTC-26JUL19-6000-C,9378.7,0.0,0.0005,0.1,0.0,0.0,0.0,0.36132,-2.58215,1.43652,1e-05,0.99083
9379.43,SYN.BTC-19JUL19,1563361174468,open,0.41,35.3,0.3835,0.498,0.44081532,245.87,0.2545,0.0,BTC-19JUL19-13500-P,9378.7,0.0,0.05,0.1,0.0,0.0,0.0,0.37889,-24.84258,-0.68268,3e-05,-0.97606
9403.23,BTC-27SEP19,1563361174472,open,0.64,261.1,0.591,0.6705,0.6307133,114.22,0.714,0.0,BTC-27SEP19-3500-C,9378.7,0.0,0.161,1.0,0.7225,10.0,299.32,1.46961,-1.16771,6.58265,1e-05,0.98621
9403.23,BTC-27SEP19,1563361174472,open,0.54,289.7,0.49,0.5695,0.52990226,107.27,0.588,0.0,BTC-27SEP19-4500-C,9378.7,0.0,0.002,1.1,0.67,5.0,299.18,3.37667,-2.51974,8.01895,2e-05,0.96297
9403.23,BTC-27SEP19,1563361174473,open,0.62,29.6,0.583,0.7145,0.64881505,109.2,0.601,0.0,BTC-27SEP19-15000-P,9378.7,0.0,0.005,10.0,1.262,0.3,500.0,12.83258,-9.74829,-26.17311,7e-05,-0.76468
9381.83,SYN.BTC-26JUL19,1563361174471,open,0.22,273.8,0.196,0.295,0.24537128,132.66,0.222,0.0,BTC-26JUL19-11500-P,9378.7,125.67,0.2425,7.5,0.2555,7.5,155.04,3.96013,-29.59642,-2.40925,0.00014,-0.81076
9462.99,BTC-27DEC19,1563361174474,open,0.42,63.0,0.3665,0.446,0.40601752,98.05,0.4965,0.0,BTC-27DEC19-6500-C,9378.7,60.8,0.345,1.0,0.963,2.0,500.0,16.80614,-5.05853,17.32017,4e-05,0.81619
9381.83,SYN.BTC-26JUL19,1563361174468,open,0.0,375.4,0.0005,0.04,1.497e-05,144.83,0.0005,0.0,BTC-26JUL19-21000-C,9378.7,0.0,0.0,0.0,0.0005,6.0,192.64,0.01494,-0.12187,0.00059,0.0,0.00028
9379.43,SYN.BTC-19JUL19,1563361174468,open,0.36,82.8,0.332,0.4425,0.38747229,223.91,0.348,0.0,BTC-19JUL19-13000-P,9378.7,0.0,0.3795,6.0,0.4165,6.0,449.14,0.39766,-23.74396,-0.65629,4e-05,-0.97464
9379.43,SYN.BTC-19JUL19,1563361174468,open,0.0,415.6,0.0005,0.04,3.7e-07,144.68,0.0005,0.0,BTC-19JUL19-14500-C,9378.7,0.0,0.0,0.0,0.0025,10.0,308.2,0.00049,-0.00347,1e-05,0.0,2e-05
9393.88,SYN.BTC-30AUG19,1563361174472,open,0.18,5.1,0.148,0.243,0.19542002,113.6,0.1915,0.0,BTC-30AUG19-10000-P,9378.7,111.49,0.1925,14.4,0.2015,3.0,118.0,12.98376,-16.80919,-7.68067,0.00011,-0.48477
9379.43,SYN.BTC-19JUL19,1563361174471,open,0.46,16.4,0.4345,0.5535,0.49417334,267.22,0.495,0.0,BTC-19JUL19-14000-P,9378.7,0.0,0.4865,6.0,0.526,6.0,500.0,0.3662,-26.09493,-0.70884,3e-05,-0.97701
9379.43,SYN.BTC-19JUL19,1563361174468,open,0.0,127.8,0.0005,0.04,2e-08,144.72,0.0005,0.0,BTC-19JUL19-15500-C,9378.7,0.0,0.0,0.0,0.0025,10.0,345.76,3e-05,-0.00015,0.0,0.0,0.0
9379.43,SYN.BTC-19JUL19,1563361174468,open,0.11,415.7,0.0825,0.1725,0.12753347,146.84,0.137,0.0,BTC-19JUL19-10500-P,9378.7,140.61,0.1265,6.0,0.1335,6.0,178.5,1.59465,-62.44399,-0.4691,0.00024,-0.84606
9379.43,SYN.BTC-19JUL19,1563361174468,open,0.08,24.0,0.0235,0.103,0.06308455,141.49,0.056,0.0,BTC-19JUL19-9000-C,9378.7,131.39,0.0605,0.7,0.0665,18.0,154.66,2.41496,-91.11764,0.29555,0.00038,0.67649
9379.43,SYN.BTC-19JUL19,1563361174469,open,0.72,0.0,0.691,0.831,0.76098808,363.01,None,0.0,BTC-19JUL19-16500-P,9378.7,0.0,0.0,0.0,0.0,0.0,0.0,0.33417,-32.34836,-0.83854,2e-05,-0.97937
9381.83,SYN.BTC-26JUL19,1563361174470,open,0.32,56.6,0.2895,0.3965,0.34295534,138.37,0.3555,0.0,BTC-26JUL19-12500-P,9378.7,82.06,0.333,7.5,0.3715,7.5,209.63,2.76599,-21.56249,-2.81069,9e-05,-0.88915
9393.88,SYN.BTC-30AUG19,1563361174472,open,0.25,14.6,0.218,0.319,0.26839289,113.76,0.2625,0.0,BTC-30AUG19-11000-P,9378.7,112.0,0.266,14.4,0.2775,3.0,120.46,12.72836,-16.50162,-9.58472,0.00011,-0.58042
9381.83,SYN.BTC-26JUL19,1563361174471,open,0.14,265.8,0.1125,0.2045,0.15840001,130.81,0.141,0.0,BTC-26JUL19-10500-P,9378.7,130.99,0.1585,18.0,0.167,18.0,145.88,5.27425,-38.87042,-1.89807,0.00019,-0.67365
9393.88,SYN.BTC-30AUG19,1563361174473,open,0.8,0.0,0.7575,0.9035,0.83033499,122.31,None,0.0,BTC-30AUG19-17000-P,9378.7,0.0,0.0,0.0,0.0,0.0,0.0,6.42577,-8.9568,-19.33928,5e-05,-0.88232
9381.83,SYN.BTC-26JUL19,1563361174470,open,0.78,0.0,0.742,0.8865,0.81428146,179.56,None,0.0,BTC-26JUL19-17000-P,9378.7,0.0,0.0,0.0,0.0,0.0,0.0,0.81696,-8.26438,-4.08472,2e-05,-0.97632
9379.43,SYN.BTC-19JUL19,1563361174468,open,0.07,372.8,0.04,0.1265,0.08324393,142.83,0.093,0.0,BTC-19JUL19-10000-P,9378.7,139.75,0.0825,6.1,0.09,6.0,169.85,2.27373,-86.60362,-0.38568,0.00035,-0.71723
9462.99,BTC-27DEC19,1563361174475,open,0.01,113.5,0.0005,0.052,0.01182989,100.2,0.0095,0.0,BTC-27DEC19-3500-P,9378.7,98.54,0.011,10.0,0.013,6.0,102.45,4.80765,-1.47882,-1.94922,1e-05,-0.03433
9393.88,SYN.BTC-30AUG19,1563361174472,open,0.51,0.0,0.472,0.594,0.53308173,117.72,None,0.0,BTC-30AUG19-14000-P,9378.7,0.0,0.0,0.0,0.0,0.0,0.0,9.63362,-12.92386,-14.83172,8e-05,-0.78039
9381.83,SYN.BTC-26JUL19,1563361174471,open,0.67,5.0,0.64,0.776,0.70792671,166.97,0.2255,0.0,BTC-26JUL19-16000-P,9378.7,0.0,0.0,0.0,0.0,0.0,0.0,0.92372,-8.68909,-3.83357,3e-05,-0.97258
9381.83,SYN.BTC-26JUL19,1563361174470,open,0.32,0.0,0.27,0.3495,0.30992974,134.0,0.3665,0.0,BTC-26JUL19-6500-C,9378.7,0.0,0.005,0.1,0.0,0.0,0.0,1.03341,-7.80142,1.50258,4e-05,0.96861
9379.43,SYN.BTC-19JUL19,1563361174471,open,0.17,0.0,0.109,0.1885,0.14886886,133.97,None,0.0,BTC-19JUL19-8000-C,9378.7,0.0,0.0,0.0,0.0,0.0,0.0,0.62724,-22.40906,0.38883,0.0001,0.95587
9379.43,SYN.BTC-19JUL19,1563361174468,open,0.15,296.3,0.13,0.2235,0.17688987,155.26,0.1615,0.0,BTC-19JUL19-11000-P,9378.7,0.0,0.1725,0.1,0.2,8.0,284.0,1.03982,-43.05196,-0.52642,0.00015,-0.91568
9379.43,SYN.BTC-19JUL19,1563361174468,open,0.31,62.5,0.281,0.3875,0.33418157,201.97,0.3,0.0,BTC-19JUL19-12500-P,9378.7,0.0,0.3275,6.0,0.361,6.0,405.0,0.43134,-23.23079,-0.62937,5e-05,-0.97205
9393.88,SYN.BTC-30AUG19,1563361174472,open,0.24,0.0,0.19,0.2695,0.22965757,112.96,None,0.0,BTC-30AUG19-8000-C,9378.7,104.08,0.2195,4.1,0.231,3.9,114.12,10.81408,-13.9207,5.62412,9e-05,0.72772
9379.43,SYN.BTC-19JUL19,1563361174468,open,0.25,83.2,0.23,0.332,0.28105716,181.72,0.2865,0.0,BTC-19JUL19-12000-P,9378.7,0.0,0.275,6.0,0.3065,6.0,363.75,0.50574,-24.50757,-0.60092,6e-05,-0.96612
9381.83,SYN.BTC-26JUL19,1563361174468,open,0.42,32.3,0.3875,0.5025,0.44503775,144.76,0.29,0.0,BTC-26JUL19-13500-P,9378.7,0.0,0.4355,7.5,0.476,7.5,235.75,1.89683,-15.46991,-3.1438,6e-05,-0.9331
9393.88,SYN.BTC-30AUG19,1563361174471,open,0.18,0.4,0.1325,0.212,0.17230264,111.78,0.1895,0.0,BTC-30AUG19-9000-C,9378.7,107.39,0.1665,14.4,0.1755,4.0,114.21,12.40536,-15.80309,5.05032,0.0001,0.61955
9381.83,SYN.BTC-26JUL19,1563361174472,open,0.15,53.1,0.0935,0.173,0.13324448,130.77,0.1405,0.0,BTC-26JUL19-8500-C,9378.7,122.61,0.129,6.0,0.1365,17.5,136.95,4.91542,-36.21365,1.34095,0.00018,0.72107
9393.88,SYN.BTC-30AUG19,1563361174472,open,0.9,0.0,0.856,1.01,0.9328833,124.13,None,0.0,BTC-30AUG19-18000-P,9378.7,0.0,0.0,0.0,0.0,0.0,0.0,5.61165,-7.93842,-20.72488,4e-05,-0.90248
9379.43,SYN.BTC-19JUL19,1563361174468,open,0.67,0.0,0.6395,0.7755,0.70762481,345.17,None,0.0,BTC-19JUL19-16000-P,9378.7,0.0,0.0,0.0,0.0,0.0,0.0,0.33815,-31.12483,-0.81269,2e-05,-0.97908
9393.88,SYN.BTC-30AUG19,1563361174474,open,0.33,1.0,0.297,0.4045,0.35087205,114.97,0.3045,0.0,BTC-30AUG19-12000-P,9378.7,107.09,0.341,3.0,0.3785,3.0,136.19,11.92128,-15.61875,-11.42513,0.0001,-0.66092
9393.88,SYN.BTC-30AUG19,1563361174468,open,0.39,0.0,0.3425,0.422,0.38237591,115.91,None,0.0,BTC-30AUG19-6000-C,9378.7,0.0,0.0,0.0,0.0,0.0,0.0,5.46247,-7.21559,5.91262,4e-05,0.90599
9381.83,SYN.BTC-26JUL19,1563361174473,open,0.47,11.0,0.437,0.5565,0.49684477,147.31,0.1845,0.0,BTC-26JUL19-14000-P,9378.7,0.0,0.491,7.5,0.5285,7.5,247.76,1.55167,-12.87755,-3.29646,5e-05,-0.94821
9393.88,SYN.BTC-30AUG19,1563361174476,open,0.7,0.0,0.66,0.798,0.72906313,120.53,None,0.0,BTC-30AUG19-16000-P,9378.7,0.0,0.0,0.0,0.0,0.0,0.0,7.36629,-10.11821,-17.90578,6e-05,-0.85665
9381.83,SYN.BTC-26JUL19,1563361174473,open,0.57,10.0,0.5385,0.666,0.60209416,157.03,0.17,0.0,BTC-26JUL19-15000-P,9378.7,0.0,0.0,0.0,0.0,0.0,0.0,1.16742,-10.32792,-3.57165,3e-05,-0.9636
9379.43,SYN.BTC-19JUL19,1563361174468,open,0.0,275.5,0.0005,0.04,8e-08,144.7,0.0005,0.0,BTC-19JUL19-15000-C,9378.7,0.0,0.0,0.0,0.0035,10.0,345.9,0.00012,-0.00075,0.0,0.0,0.0
9381.83,SYN.BTC-26JUL19,1563361174476,open,0.11,60.3,0.0615,0.141,0.10138068,130.49,0.1,0.0,BTC-26JUL19-9000-C,9378.7,123.1,0.097,29.5,0.1045,11.5,135.74,5.56943,-40.94439,1.18347,0.0002,0.62018
9381.83,SYN.BTC-26JUL19,1563361174474,open,0.43,0.0,0.374,0.4535,0.41368623,0.0,0.4,0.0,BTC-26JUL19-5500-C,9378.7,0.0,0.0005,0.1,0.0,0.0,0.0,0.0,0.0,1.33733,0.0,1.0
9372.13,SYN.BTC-26JUL19,1563361174467,open,0.03,450.9,0.0005,0.0815,0.040189,132.04,0.042,0.0,BTC-26JUL19-8500-P,9378.78,130.62,0.0395,0.1,0.044,7.5,139.12,4.93518,-36.71084,-0.73401,0.00018,-0.28185
199.78,SYN.ETH-19JUL19,1563361174485,open,0.09,1115.0,0.066,0.154,0.109732,134.74,0.11,0.0,ETH-19JUL19-220-P,199.84,0.0,0.094,10.0,0.119,50.0,179.83,0.03637,-1.30694,-0.00963,0.01317,-0.82898
9381.83,SYN.BTC-26JUL19,1563361174497,open,0.05,132.3,0.0005,0.078,0.03805677,128.75,0.038,0.0,BTC-26JUL19-10500-C,9378.7,126.85,0.037,40.5,0.042,12.6,135.74,5.24916,-38.07431,0.64906,0.00019,0.32258
9381.83,SYN.BTC-26JUL19,1563361174507,open,0.05,733.2,0.0195,0.104,0.06167488,132.16,0.067,0.0,BTC-26JUL19-9000-P,9378.7,131.03,0.061,0.1,0.067,51.5,141.12,5.57161,-41.48567,-1.00826,0.0002,-0.38031
199.78,SYN.ETH-19JUL19,1563361174495,open,0.09,1115.0,0.066,0.154,0.109732,134.74,0.11,0.0,ETH-19JUL19-220-P,199.84,130.92,0.109,50.0,0.119,50.0,179.83,0.03637,-1.30694,-0.00963,0.01317,-0.82898
9403.23,BTC-27SEP19,1563361174514,open,0.91,1.0,0.8685,1.0235,0.9461327,113.63,1.5815,0.0,BTC-27SEP19-18000-P,9378.7,0.0,0.005,0.3,1.5535,0.3,500.0,9.73771,-7.6975,-33.25463,5e-05,-0.8498
199.73,SYN.ETH-26JUL19,1563361174511,open,0.13,2700.0,0.102,0.193,0.147894,134.93,0.155,0.0,ETH-26JUL19-220-P,199.84,128.3,0.144,284.0,0.159,150.0,153.78,0.1167,-0.88713,-0.03818,0.00892,-0.63838
199.73,SYN.ETH-26JUL19,1563361174520,open,0.13,2700.0,0.102,0.193,0.147894,134.93,0.155,0.0,ETH-26JUL19-220-P,199.84,133.47,0.147,150.0,0.159,150.0,153.78,0.1167,-0.88713,-0.03818,0.00892,-0.63838
9381.83,SYN.BTC-26JUL19,1563361174529,open,0.08,103.8,0.0345,0.114,0.0741905,128.54,0.087,0.0,BTC-26JUL19-9500-C,9378.7,124.21,0.0715,29.5,0.0765,0.3,132.26,5.83211,-42.23458,1.00572,0.00021,0.51507
9379.43,SYN.BTC-19JUL19,1563361174535,open,0.02,115.8,0.0005,0.0555,0.01597842,138.26,0.015,0.0,BTC-19JUL19-10000-C,9378.7,138.35,0.016,1.7,0.017,0.1,142.5,2.24415,-82.73875,0.12493,0.00036,0.27526
9463.07,BTC-27DEC19,1563361174539,open,0.6,27.6,0.556,0.6355,0.59599401,98.89,0.6525,0.0,BTC-27DEC19-4000-C,9378.7,0.0,0.0155,10.0,0.643,0.2,150.35,6.63858,-2.01533,14.90025,2e-05,0.94885
9403.23,BTC-27SEP19,1563361174540,open,0.36,60.1,0.3255,0.4355,0.38037295,108.08,0.395,0.0,BTC-27SEP19-12000-P,9378.7,105.81,0.3765,2.7,0.3895,6.0,113.4,16.05676,-12.07229,-18.26244,9e-05,-0.6059
9463.07,BTC-27DEC19,1563361174516,open,0.16,164.1,0.1185,0.198,0.15820637,100.66,0.1555,0.0,BTC-27DEC19-13000-C,9378.7,98.68,0.153,14.6,0.1625,10.0,102.28,24.98637,-7.72094,12.148,6e-05,0.44589
9379.43,SYN.BTC-19JUL19,1563361174546,open,0.04,547.1,0.006,0.089,0.04744562,141.48,0.053,0.0,BTC-19JUL19-9500-P,9378.7,145.18,0.0485,2.3,0.0535,24.0,162.69,2.6743,-100.89473,-0.27822,0.00042,-0.53
9462.99,BTC-27DEC19,1563361174556,open,0.28,189.9,0.2435,0.3465,0.29508066,98.75,0.279,0.0,BTC-27DEC19-10000-P,9378.7,96.4,0.289,10.9,0.3015,6.0,101.24,24.46589,-7.41692,-29.46846,6e-05,-0.40278
9462.99,BTC-27DEC19,1563361174565,open,0.36,74.2,0.316,0.425,0.37057722,99.86,0.3645,0.0,BTC-27DEC19-11000-P,9378.7,97.19,0.3635,6.0,0.3765,3.6,102.1,25.07212,-7.68582,-34.94762,6e-05,-0.45704
9463.07,BTC-27DEC19,1563361174570,open,0.11,238.8,0.0715,0.16,0.11574889,98.24,0.1195,0.0,BTC-27DEC19-7000-P,9378.7,95.81,0.111,14.9,0.118,4.9,99.39,18.49472,-5.57784,-13.98717,5e-05,-0.21549
9379.43,SYN.BTC-19JUL19,1563361174581,open,0.46,16.4,0.4345,0.5535,0.49417334,267.22,0.495,0.0,BTC-19JUL19-14000-P,9378.7,0.0,0.486,6.0,0.526,6.0,500.0,0.3662,-26.09493,-0.70884,3e-05,-0.97701
9403.23,BTC-27SEP19,1563361174582,open,0.53,78.2,0.493,0.617,0.55494635,108.42,0.54,0.0,BTC-27SEP19-14000-P,9378.7,105.41,0.5505,6.0,0.5685,6.0,117.3,14.01497,-10.57067,-23.63153,7e-05,-0.72129
9463.07,BTC-27DEC19,1563361174586,open,0.6,17.7,0.555,0.684,0.61960118,101.6,0.6235,0.0,BTC-27DEC19-14000-P,9378.7,98.46,0.6115,6.0,0.627,3.6,104.45,24.51621,-7.64673,-51.24481,6e-05,-0.59394
9381.83,SYN.BTC-26JUL19,1563361174603,open,0.37,28.7,0.338,0.449,0.39339789,140.59,0.284,0.0,BTC-26JUL19-13000-P,9378.7,0.0,0.384,7.5,0.423,7.5,221.66,2.25768,-17.88216,-2.98685,8e-05,-0.91593
9381.83,SYN.BTC-26JUL19,1563361174606,open,0.42,32.3,0.3875,0.5025,0.44503775,144.76,0.29,0.0,BTC-26JUL19-13500-P,9378.7,0.0,0.435,7.5,0.476,7.5,235.75,1.89683,-15.46991,-3.1438,6e-05,-0.9331
9379.43,SYN.BTC-19JUL19,1563361174598,open,0.08,24.0,0.0235,0.103,0.06308455,141.49,0.056,0.0,BTC-19JUL19-9000-C,9378.7,131.39,0.0605,0.7,0.066,18.0,152.74,2.41496,-91.11764,0.29555,0.00038,0.67649
9381.83,SYN.BTC-26JUL19,1563361174616,open,0.05,132.3,0.0005,0.078,0.03805677,128.75,0.038,0.0,BTC-26JUL19-10500-C,9378.7,126.85,0.037,16.5,0.042,12.6,135.74,5.24916,-38.07431,0.64906,0.00019,0.32258
9381.83,SYN.BTC-26JUL19,1563361174638,open,0.03,281.8,0.0005,0.066,0.02642826,128.81,0.026,0.0,BTC-26JUL19-11000-C,9378.7,127.94,0.026,11.5,0.03,0.1,135.99,4.59437,-33.34182,0.49757,0.00017,0.24455
9393.88,SYN.BTC-30AUG19,1563361174640,open,0.14,30.4,0.09,0.1695,0.12978408,112.8,0.1215,0.0,BTC-30AUG19-10000-C,9378.7,108.98,0.1245,14.4,0.1315,5.0,114.04,12.98498,-16.69157,4.34106,0.00011,0.51422
9379.43,SYN.BTC-19JUL19,1563361174653,open,0.12,6.1,0.0625,0.142,0.1020807,140.46,0.109,0.0,BTC-19JUL19-8500-C,9378.7,117.14,0.0985,6.0,0.1055,6.0,159.62,1.58069,-59.20803,0.35944,0.00025,0.84809
9379.43,SYN.BTC-19JUL19,1563361174655,open,0.12,6.1,0.0625,0.142,0.1020807,140.46,0.109,0.0,BTC-19JUL19-8500-C,9378.7,120.72,0.099,6.0,0.1055,6.0,159.62,1.58069,-59.20803,0.35944,0.00025,0.84809
9381.83,SYN.BTC-26JUL19,1563361174657,open,0.11,60.3,0.0615,0.141,0.10138068,130.49,0.1,0.0,BTC-26JUL19-9000-C,9378.7,123.95,0.0975,18.0,0.1045,11.5,135.74,5.56943,-40.94439,1.18347,0.0002,0.62018
9463.07,BTC-27DEC19,1563361174671,open,0.16,164.1,0.1185,0.198,0.15820637,100.66,0.1555,0.0,BTC-27DEC19-13000-C,9378.7,98.87,0.1535,3.6,0.1625,10.0,102.28,24.98637,-7.72094,12.148,6e-05,0.44589
9381.83,SYN.BTC-26JUL19,1563361174700,open,0.14,265.8,0.1125,0.2045,0.15840001,130.81,0.141,0.0,BTC-26JUL19-10500-P,9378.7,130.99,0.1585,18.0,0.1665,18.0,145.02,5.27425,-38.87042,-1.89807,0.00019,-0.67365
199.51,SYN.ETH-30AUG19,1563361174705,open,0.04,219.0,0.001,0.078,0.038769,126.01,0.036,0.0,ETH-30AUG19-320-C,199.84,120.88,0.034,272.0,0.042,288.0,129.34,0.19016,-0.27308,0.03724,0.00315,0.19408
199.78,SYN.ETH-19JUL19,1563361174728,open,0.0,592.0,0.001,0.046,0.006584,134.95,0.012,0.0,ETH-19JUL19-180-P,199.84,166.91,0.012,84.0,0.015,200.0,182.58,0.0303,-1.09039,-0.0014,0.01095,-0.13005
199.33,ETH-27SEP19,1563361174783,open,0.04,1726.0,0.001,0.077,0.037192,118.1,0.025,0.0,ETH-27SEP19-380-C,199.84,117.93,0.037,1.0,0.039,160.0,119.72,0.22066,-0.18129,0.05066,0.00239,0.16626
9393.88,SYN.BTC-30AUG19,1563361174830,open,0.04,52.8,0.0005,0.071,0.03135987,117.22,0.036,0.0,BTC-30AUG19-15000-C,9378.7,114.5,0.029,19.3,0.033,5.0,119.06,8.28742,-11.07038,1.58216,7e-05,0.17147
9403.23,BTC-27SEP19,1563361174853,open,0.21,218.1,0.1755,0.273,0.22414027,105.41,0.2285,0.0,BTC-27SEP19-10000-P,9378.7,104.48,0.2225,14.4,0.23,4.8,108.74,16.55982,-12.14309,-12.654,9e-05,-0.45925
9379.43,SYN.BTC-19JUL19,1563361174881,open,0.04,547.1,0.006,0.089,0.04744562,141.48,0.053,0.0,BTC-19JUL19-9500-P,9378.7,145.18,0.0485,2.3,0.0535,33.5,162.69,2.6743,-100.89473,-0.27822,0.00042,-0.53
9403.23,BTC-27SEP19,1563361174887,open,0.4,714.8,0.3545,0.434,0.394185,104.59,0.434,0.0,BTC-27SEP19-6000-C,9378.7,99.62,0.39,11.0,0.3975,11.0,108.38,8.10171,-5.89461,9.08737,4e-05,0.88495
9379.43,SYN.BTC-19JUL19,1563361174902,open,0.08,24.0,0.0235,0.103,0.06308455,141.49,0.056,0.0,BTC-19JUL19-9000-C,9378.7,131.39,0.0605,0.7,0.0665,18.0,154.66,2.41496,-91.11764,0.29555,0.00038,0.67649
9463.07,BTC-27DEC19,1563361174904,open,0.25,452.1,0.1985,0.278,0.23827972,98.73,0.238,0.0,BTC-27DEC19-10000-C,9378.7,96.69,0.233,3.6,0.242,11.0,100.17,24.46656,-7.41551,15.15591,6e-05,0.59719
9462.99,BTC-27DEC19,1563361174915,open,0.21,426.5,0.1675,0.247,0.20724845,99.52,0.206,0.0,BTC-27DEC19-11000-C,9378.7,97.73,0.2025,11.0,0.2115,11.0,101.12,25.07725,-7.66109,14.14414,6e-05,0.5422
9381.83,SYN.BTC-26JUL19,1563361174912,open,0.05,132.3,0.0005,0.078,0.03805677,128.75,0.038,0.0,BTC-26JUL19-10500-C,9378.7,126.85,0.037,40.5,0.042,12.6,135.74,5.24916,-38.07431,0.64906,0.00019,0.32258
9381.83,SYN.BTC-26JUL19,1563361174927,open,0.03,281.8,0.0005,0.066,0.02642826,128.81,0.026,0.0,BTC-26JUL19-11000-C,9378.7,127.94,0.026,35.5,0.03,0.1,135.99,4.59437,-33.34182,0.49757,0.00017,0.24455
199.73,SYN.ETH-26JUL19,1563361174953,open,0.05,10.0,0.018,0.102,0.059702,134.96,0.05,0.0,ETH-26JUL19-190-P,199.84,137.21,0.061,140.0,0.07,382.0,152.51,0.11717,-0.8909,-0.02067,0.00895,-0.36595
9381.83,SYN.BTC-26JUL19,1563361174939,open,0.08,392.1,0.0445,0.131,0.08783438,130.23,0.0975,0.0,BTC-26JUL19-9500-P,9378.7,129.69,0.0875,18.0,0.0945,7.5,140.95,5.83163,-42.78542,-1.30467,0.00021,-0.48409
199.38,ETH-27SEP19,1563361174965,open,0.64,496.0,0.6,0.732,0.665673,115.11,0.67,0.0,ETH-27SEP19-320-P,199.84,0.0,0.041,30.0,1.39,1.0,500.0,0.28186,-0.22571,-0.55535,0.00313,-0.74882
9403.23,BTC-27SEP19,1563361174957,open,0.49,793.2,0.4425,0.522,0.48226213,106.04,0.5945,0.0,BTC-27SEP19-5000-C,9378.7,95.8,0.4775,11.0,0.4845,11.0,110.28,4.79613,-3.53781,8.52522,3e-05,0.94267
199.38,ETH-27SEP19,1563361174979,open,0.81,233.0,0.774,0.921,0.847708,115.93,0.763,0.0,ETH-27SEP19-360-P,199.84,0.0,0.0,0.0,0.99,1.0,207.77,0.23723,-0.19131,-0.65227,0.00261,-0.81365
9403.23,BTC-27SEP19,1563361174975,open,0.15,179.3,0.113,0.2055,0.1593462,104.84,0.151,0.0,BTC-27SEP19-9000-P,9378.7,104.04,0.158,0.3,0.1645,6.0,107.92,15.781,-11.50989,-9.83686,9e-05,-0.3719
199.78,SYN.ETH-26JUL19,1563361174979,open,0.04,0.0,0.001,0.073,0.033828,134.88,None,0.0,ETH-26JUL19-230-C,199.84,135.2,0.034,149.0,0.041,243.0,148.14,0.10598,-0.80531,0.01226,0.0081,0.28621
9463.07,BTC-27DEC19,1563361174987,open,0.39,54.4,0.3355,0.415,0.3752307,97.83,0.3805,0.0,BTC-27DEC19-7000-C,9378.7,93.61,0.367,11.0,0.3775,11.0,98.99,18.48663,-5.55215,17.28979,5e-05,0.78468
9379.43,SYN.BTC-19JUL19,1563361174998,open,0.31,62.5,0.281,0.3875,0.33418157,201.97,0.3,0.0,BTC-19JUL19-12500-P,9378.7,0.0,0.327,6.0,0.361,6.0,405.0,0.43134,-23.23079,-0.62937,5e-05,-0.97205
9403.23,BTC-27SEP19,1563361175000,open,0.13,406.8,0.089,0.1685,0.12863691,106.53,0.13,0.0,BTC-27SEP19-11000-C,9378.7,104.18,0.1245,12.0,0.1325,11.0,108.72,16.57117,-12.28071,6.1727,9e-05,0.462
9381.83,SYN.BTC-26JUL19,1563361175008,open,0.37,28.7,0.338,0.449,0.39339789,140.59,0.284,0.0,BTC-26JUL19-13000-P,9378.7,0.0,0.385,7.5,0.423,7.5,221.66,2.25768,-17.88216,-2.98685,8e-05,-0.91593
199.38,ETH-27SEP19,1563361175014,open,0.25,1828.0,0.212,0.312,0.262488,112.24,0.254,0.0,ETH-27SEP19-220-P,199.84,108.57,0.256,200.0,0.269,120.0,115.93,0.3525,-0.27524,-0.29131,0.00401,-0.47948
9463.07,BTC-27DEC19,1563361175020,open,0.11,238.8,0.0715,0.16,0.11574889,98.24,0.1195,0.0,BTC-27DEC19-7000-P,9378.7,95.81,0.111,14.9,0.117,6.0,98.88,18.49472,-5.57784,-13.98717,5e-05,-0.21549
199.38,ETH-27SEP19,1563361175021,open,0.32,2398.0,0.28,0.386,0.332874,112.14,0.345,0.0,ETH-27SEP19-240-P,199.84,105.93,0.322,120.0,0.34,120.0,116.19,0.35027,-0.27324,-0.34634,0.00399,-0.54927
9463.07,BTC-27DEC19,1563361175027,open,0.16,164.1,0.1185,0.198,0.15820637,100.66,0.1555,0.0,BTC-27DEC19-13000-C,9378.7,99.25,0.1545,11.0,0.1625,10.0,102.28,24.98637,-7.72094,12.148,6e-05,0.44589
199.78,SYN.ETH-19JUL19,1563361175029,open,0.03,891.0,0.001,0.08,0.039166,134.91,0.047,0.0,ETH-19JUL19-200-P,199.84,155.42,0.045,103.0,0.052,304.0,179.94,0.05708,-2.05364,-0.00538,0.02064,-0.4853
199.78,SYN.ETH-19JUL19,1563361175039,open,0.0,592.0,0.001,0.046,0.006584,134.95,0.012,0.0,ETH-19JUL19-180-P,199.84,166.91,0.012,84.0,0.016,546.0,187.6,0.0303,-1.09039,-0.0014,0.01095,-0.13005
9403.15,BTC-27SEP19,1563361175038,open,0.59,227.5,0.54,0.6195,0.57955366,109.68,0.7065,0.0,BTC-27SEP19-4000-C,9378.7,0.0,0.5745,11.0,0.581,11.0,115.28,2.25472,-1.72027,7.36352,1e-05,0.97723
199.38,ETH-27SEP19,1563361175054,open,0.01,4110.0,0.001,0.055,0.014935,116.13,0.012,0.0,ETH-27SEP19-100-P,199.84,109.9,0.012,560.0,0.018,500.0,122.07,0.09866,-0.07971,-0.02752,0.00109,-0.05517
9379.43,SYN.BTC-19JUL19,1563361175051,open,0.07,372.8,0.04,0.1265,0.08324393,142.83,0.093,0.0,BTC-19JUL19-10000-P,9378.7,139.75,0.0825,6.1,0.0895,6.0,167.9,2.27373,-86.60362,-0.38568,0.00035,-0.71723
9379.43,SYN.BTC-19JUL19,1563361175064,open,0.2,224.5,0.1795,0.2775,0.22836872,165.32,0.245,0.0,BTC-19JUL19-11500-P,9378.7,0.0,0.2225,6.0,0.2365,6.0,236.25,0.67513,-29.76375,-0.56855,9e-05,-0.95164
199.78,SYN.ETH-26JUL19,1563361175057,open,0.01,810.0,0.001,0.045,0.005705,134.92,0.006,0.0,ETH-26JUL19-280-C,199.84,131.31,0.005,676.0,0.01,550.0,153.11,0.0404,-0.30706,0.00297,0.00308,0.06691
9381.83,SYN.BTC-26JUL19,1563361175066,open,0.18,381.0,0.1525,0.248,0.20012117,131.28,0.215,0.0,BTC-26JUL19-11000-P,9378.7,126.95,0.198,7.5,0.2105,7.5,151.42,4.64742,-34.37232,-2.16775,0.00017,-0.75015
9379.43,SYN.BTC-19JUL19,1563361175068,open,0.25,83.2,0.23,0.332,0.28105716,181.72,0.2865,0.0,BTC-19JUL19-12000-P,9378.7,0.0,0.2745,6.0,0.3065,6.0,363.75,0.50574,-24.50757,-0.60092,6e-05,-0.96612
201.35,ETH-27DEC19,1563361175076,open,0.05,163.0,0.009,0.088,0.048785,113.2,0.051,0.0,ETH-27DEC19-560-C,199.87,108.98,0.042,710.0,0.053,40.0,115.7,0.33374,-0.11598,0.10432,0.00163,0.1649
201.35,ETH-27DEC19,1563361175076,open,0.06,513.0,0.017,0.096,0.056539,112.4,0.059,0.0,ETH-27DEC19-520-C,199.87,108.67,0.05,595.0,0.061,40.0,114.85,0.3617,-0.12481,0.11742,0.00178,0.18723
199.38,ETH-27SEP19,1563361175076,open,0.37,191.0,0.317,0.396,0.356298,113.0,0.5,0.0,ETH-27SEP19-140-C,199.87,0.0,0.01,50.0,0.0,0.0,0.0,0.22354,-0.17573,0.18615,0.00253,0.83042
201.35,ETH-27DEC19,1563361175076,open,0.87,241.0,0.826,0.977,0.901236,109.14,0.986,0.0,ETH-27DEC19-360-P,199.87,77.84,0.833,110.0,1.59,1.0,431.01,0.48869,-0.16374,-1.4093,0.00248,-0.66729
199.38,ETH-27SEP19,1563361175076,open,0.08,3015.0,0.033,0.112,0.072336,114.08,0.063,0.0,ETH-27SEP19-300-C,199.87,112.53,0.07,1.0,0.077,160.0,117.13,0.30276,-0.24027,0.08538,0.00339,0.2898
199.41,ETH-27SEP19,1563361175077,open,0.02,1792.0,0.001,0.054,0.014239,123.98,0.016,0.0,ETH-27SEP19-520-C,199.87,121.88,0.013,500.0,0.016,200.0,126.8,0.12035,-0.1038,0.02236,0.00124,0.07118
199.41,ETH-27SEP19,1563361175078,open,0.05,1732.0,0.003,0.082,0.042111,115.91,0.043,0.0,ETH-27SEP19-360-C,199.87,113.25,0.039,590.0,0.045,161.0,118.3,0.23728,-0.19132,0.05665,0.00261,0.18637
199.83,SYN.ETH-19JUL19,1563361175079,open,0.0,459.0,0.001,0.04,0.0,134.94,0.001,0.0,ETH-19JUL19-340-C,199.87,0.0,0.0,0.0,0.001,300.0,318.58,0.0,0.0,0.0,0.0,0.0
9381.83,SYN.BTC-26JUL19,1563361175069,open,0.15,53.1,0.0935,0.173,0.13324448,130.77,0.1405,0.0,BTC-26JUL19-8500-C,9378.7,123.58,0.1295,11.5,0.1365,17.5,136.95,4.91542,-36.21365,1.34095,0.00018,0.72107
199.83,SYN.ETH-19JUL19,1563361175076,open,0.0,315.0,0.001,0.04,0.0,134.95,0.001,0.0,ETH-19JUL19-380-C,199.87,0.0,0.0,0.0,0.001,300.0,373.76,0.0,0.0,0.0,0.0,0.0
199.83,SYN.ETH-19JUL19,1563361175076,open,0.0,90.0,0.001,0.04,0.0,134.94,0.002,0.0,ETH-19JUL19-360-C,199.87,0.0,0.0,0.0,0.001,300.0,347.14,0.0,0.0,0.0,0.0,0.0
9381.72,SYN.BTC-26JUL19,1563361175080,open,0.0,595.5,0.0005,0.0415,0.00162418,140.97,0.0015,0.0,BTC-26JUL19-15000-C,9378.7,131.9,0.001,0.5,0.002,2.8,145.35,0.75116,-5.96577,0.04519,2e-05,0.02144
9393.88,SYN.BTC-30AUG19,1563361175086,open,0.08,28.3,0.0325,0.112,0.07238489,113.91,0.082,0.0,BTC-30AUG19-12000-C,9378.7,111.05,0.0685,19.3,0.075,5.0,116.19,11.88383,-15.42689,2.98361,0.0001,0.33633
199.83,SYN.ETH-19JUL19,1563361175091,open,0.06,166.0,0.028,0.113,0.0703,135.73,0.076,0.0,ETH-19JUL19-210-P,199.87,161.27,0.077,100.0,0.082,262.0,179.83,0.05136,-1.85896,-0.00768,0.01845,-0.67787
9462.99,BTC-27DEC19,1563361175087,open,0.08,539.9,0.032,0.1115,0.07180167,105.02,0.071,0.0,BTC-27DEC19-20000-C,9378.7,103.41,0.0685,11.0,0.0745,21.0,106.32,19.51652,-6.29185,6.9762,5e-05,0.237
9381.83,SYN.BTC-26JUL19,1563361175098,open,0.27,315.8,0.2405,0.3435,0.29203659,134.99,0.284,0.0,BTC-26JUL19-12000-P,9378.7,123.75,0.2895,7.5,0.3205,7.5,197.1,3.31348,-25.1995,-2.62242,0.00011,-0.85635
199.56,SYN.ETH-30AUG19,1563361175075,open,0.03,50.0,0.001,0.071,0.031472,127.47,0.027,0.0,ETH-30AUG19-340-C,199.84,123.3,0.028,234.0,0.036,297.0,132.65,0.16999,-0.24695,0.03141,0.00279,0.1624
199.78,SYN.ETH-26JUL19,1563361175094,open,0.13,2700.0,0.102,0.193,0.147894,135.34,0.155,0.0,ETH-26JUL19-220-P,199.87,133.81,0.147,150.0,0.159,250.0,154.1,0.11685,-0.8909,-0.03814,0.0089,-0.6373
199.83,SYN.ETH-19JUL19,1563361175105,open,0.06,166.0,0.028,0.113,0.0703,135.73,0.076,0.0,ETH-19JUL19-210-P,199.87,161.27,0.077,100.0,0.082,150.0,179.83,0.05136,-1.85896,-0.00768,0.01845,-0.67787
9381.83,SYN.BTC-26JUL19,1563361175099,open,0.11,60.3,0.062,0.1415,0.10191669,130.49,0.1,0.0,BTC-26JUL19-9000-C,9378.7,123.95,0.0975,18.0,0.105,29.5,136.58,5.56943,-40.94439,1.18347,0.0002,0.62018
9381.83,SYN.BTC-26JUL19,1563361175112,open,0.22,273.8,0.195,0.294,0.24427208,132.66,0.222,0.0,BTC-26JUL19-11500-P,9378.7,124.41,0.242,7.5,0.2555,7.5,155.04,3.96013,-29.59642,-2.40925,0.00014,-0.81076
199.78,SYN.ETH-26JUL19,1563361175106,open,0.0,2011.0,0.001,0.041,0.001159,134.94,0.002,0.0,ETH-26JUL19-320-C,199.87,0.0,0.0,0.0,0.003,107.0,155.37,0.01276,-0.09701,0.00074,0.00097,0.01644
199.83,SYN.ETH-19JUL19,1563361175106,open,0.06,166.0,0.028,0.113,0.0703,135.73,0.076,0.0,ETH-19JUL19-210-P,199.87,161.27,0.077,100.0,0.082,262.0,179.83,0.05136,-1.85896,-0.00768,0.01845,-0.67787
199.78,SYN.ETH-26JUL19,1563361175117,open,0.1,150.0,0.07,0.158,0.114098,135.27,0.121,0.0,ETH-26JUL19-210-P,199.87,138.35,0.116,123.0,0.125,272.0,152.9,0.12322,-0.93904,-0.03236,0.00939,-0.55211
9403.15,BTC-27SEP19,1563361175122,open,0.45,35.9,0.406,0.523,0.46448552,108.35,0.391,0.0,BTC-27SEP19-13000-P,9378.7,105.16,0.4605,6.0,0.478,6.0,115.94,15.15545,-11.4236,-20.98266,8e-05,-0.66758
9379.43,SYN.BTC-19JUL19,1563361175125,open,0.36,82.8,0.331,0.441,0.38604053,223.91,0.348,0.0,BTC-19JUL19-13000-P,9378.7,0.0,0.379,6.0,0.4165,6.0,449.14,0.39766,-23.74396,-0.65629,4e-05,-0.97464
199.78,SYN.ETH-26JUL19,1563361175123,open,0.0,0.0,0.001,0.043,0.003305,135.08,None,0.0,ETH-26JUL19-140-P,199.87,147.17,0.005,425.0,0.009,250.0,169.1,0.02488,-0.18937,-0.00193,0.0019,-0.03645
9463.07,BTC-27DEC19,1563361175129,open,0.43,83.4,0.391,0.5065,0.44870264,100.46,0.4295,0.0,BTC-27DEC19-12000-P,9378.7,97.56,0.442,6.0,0.456,3.6,102.81,25.21446,-7.77614,-40.41443,6e-05,-0.50733
9403.23,BTC-27SEP19,1563361175132,open,0.53,78.2,0.493,0.617,0.55498574,108.42,0.54,0.0,BTC-27SEP19-14000-P,9378.7,105.07,0.55,6.0,0.5685,6.0,117.3,14.01497,-10.57067,-23.63153,7e-05,-0.72129
9381.83,SYN.BTC-26JUL19,1563361175139,open,0.47,11.0,0.436,0.555,0.49533597,147.31,0.1845,0.0,BTC-26JUL19-14000-P,9378.7,0.0,0.4905,7.5,0.5285,7.5,247.76,1.55167,-12.87755,-3.29646,5e-05,-0.94821
9463.25,BTC-27DEC19,1563361175168,open,0.51,58.3,0.471,0.593,0.53199372,100.68,0.537,0.0,BTC-27DEC19-13000-P,9378.7,98.02,0.525,6.0,0.54,3.6,103.7,24.98742,-7.72262,-45.8614,6e-05,-0.55405
9381.83,SYN.BTC-26JUL19,1563361175159,open,0.08,392.1,0.044,0.1305,0.08724141,130.23,0.0975,0.0,BTC-26JUL19-9500-P,9378.7,129.69,0.0875,18.0,0.0945,7.5,140.95,5.83163,-42.78542,-1.30467,0.00021,-0.48409
9463.07,BTC-27DEC19,1563361175172,open,0.6,17.7,0.554,0.683,0.61828714,101.6,0.6235,0.0,BTC-27DEC19-14000-P,9378.7,98.27,0.611,6.0,0.627,3.6,104.45,24.51621,-7.64673,-51.24481,6e-05,-0.59394
9393.88,SYN.BTC-30AUG19,1563361175171,open,0.02,0.0,0.0005,0.0625,0.02163518,117.05,None,0.0,BTC-30AUG19-6000-P,9378.7,112.25,0.019,10.0,0.0255,14.1,123.23,5.52666,-7.3723,-1.32421,4e-05,-0.09551
9379.34,SYN.BTC-19JUL19,1563361175181,open,0.2,224.5,0.1785,0.276,0.22712811,143.83,0.245,0.0,BTC-19JUL19-11500-P,9378.7,0.0,0.2225,6.0,0.2365,6.0,236.18,0.41991,-16.10599,-0.57821,6e-05,-0.97293
9381.83,SYN.BTC-26JUL19,1563361175184,open,0.32,56.6,0.2885,0.395,0.34167111,138.37,0.3555,0.0,BTC-26JUL19-12500-P,9378.7,68.58,0.3325,7.5,0.3715,7.5,209.63,2.76599,-21.56249,-2.81069,9e-05,-0.88915
9381.83,SYN.BTC-26JUL19,1563361175179,open,0.05,132.3,0.0005,0.078,0.03835153,128.75,0.038,0.0,BTC-26JUL19-10500-C,9378.7,126.85,0.037,40.5,0.042,10.0,135.74,5.24916,-38.07431,0.64906,0.00019,0.32258
9379.43,SYN.BTC-19JUL19,1563361175187,open,0.11,415.7,0.0815,0.1715,0.12651532,146.84,0.137,0.0,BTC-19JUL19-10500-P,9378.7,140.61,0.1265,6.0,0.1335,6.0,178.5,1.59465,-62.44399,-0.4691,0.00024,-0.84606
9403.15,BTC-27SEP19,1563361175194,open,0.13,406.8,0.089,0.1685,0.128627,106.53,0.13,0.0,BTC-27SEP19-11000-C,9378.7,104.18,0.1245,12.0,0.1315,11.0,108.16,16.57097,-12.28009,6.17254,9e-05,0.46198
9403.15,BTC-27SEP19,1563361175195,open,0.36,60.1,0.3245,0.4345,0.37938599,107.5,0.395,0.0,BTC-27SEP19-12000-P,9378.7,105.8,0.3765,2.7,0.3895,6.0,113.39,16.03894,-11.99382,-18.273,9e-05,-0.60746
9381.83,SYN.BTC-26JUL19,1563361175196,open,0.37,28.7,0.3365,0.4475,0.39203218,140.59,0.284,0.0,BTC-26JUL19-13000-P,9378.7,0.0,0.3845,7.5,0.423,7.5,221.66,2.25768,-17.88216,-2.98685,8e-05,-0.91593
9393.88,SYN.BTC-30AUG19,1563361175196,open,0.02,0.5,0.0005,0.0545,0.0148164,120.67,0.02,0.0,BTC-30AUG19-18000-C,9378.7,114.51,0.0115,34.0,0.0165,15.0,123.73,5.25744,-7.22983,0.84172,4e-05,0.08928
9393.63,SYN.BTC-30AUG19,1563361175208,open,0.12,40.2,0.086,0.176,0.13084014,112.13,0.133,0.0,BTC-30AUG19-9000-P,9378.7,110.73,0.129,19.3,0.1385,7.0,117.93,12.40432,-15.85028,-5.77249,0.0001,-0.38038
9381.72,SYN.BTC-26JUL19,1563361175351,open,0.57,10.0,0.5365,0.664,0.60045853,140.72,0.17,0.0,BTC-26JUL19-15000-P,9378.7,0.0,0.0,0.0,0.0,0.0,0.0,0.74518,-5.90784,-3.60248,2e-05,-0.97877
199.41,ETH-27SEP19,1563361175358,open,2.54,0.0,2.472,2.76,2.616056,132.09,None,0.0,ETH-27SEP19-720-P,199.87,0.0,0.0,0.0,0.0,0.0,0.0,0.05837,-0.05364,-1.40858,0.00056,-0.9711
201.35,ETH-27DEC19,1563361175394,open,0.54,441.0,0.5,0.624,0.562289,107.09,0.561,0.0,ETH-27DEC19-280-P,199.87,102.05,0.549,30.0,0.576,30.0,112.24,0.53374,-0.17547,-0.99144,0.00275,-0.54111
9402.88,BTC-27SEP19,1563361175467,open,0.91,1.0,0.867,1.022,0.9443488,111.82,1.5815,0.0,BTC-27SEP19-18000-P,9377.86,0.0,0.005,0.3,1.5535,0.3,500.0,9.48612,-7.37915,-33.32674,5e-05,-0.85555
9462.41,BTC-27DEC19,1563361175468,open,3.58,0.0,3.477,3.8495,3.66345601,115.31,None,0.0,BTC-27DEC19-44000-P,9377.86,0.0,0.0,0.0,0.0,0.0,0.0,6.89896,-2.44212,-194.64443,1e-05,-0.94631
9381.72,SYN.BTC-26JUL19,1563361175467,open,0.18,381.0,0.1515,0.247,0.19913304,129.25,0.215,0.0,BTC-26JUL19-11000-P,9377.86,126.93,0.198,7.5,0.2105,7.5,151.4,4.60372,-33.5231,-2.17545,0.00017,-0.75452
9379.34,SYN.BTC-19JUL19,1563361175467,open,0.15,296.3,0.129,0.2225,0.175744,143.97,0.1615,0.0,BTC-19JUL19-11000-P,9377.86,0.0,0.1725,0.1,0.2,8.0,283.97,0.87985,-33.77993,-0.53386,0.00014,-0.93228
9381.72,SYN.BTC-26JUL19,1563361175468,open,0.42,32.3,0.386,0.501,0.44359962,137.03,0.29,0.0,BTC-26JUL19-13500-P,9377.86,0.0,0.435,7.5,0.476,7.5,235.71,1.63211,-12.59963,-3.16717,6e-05,-0.9448
9462.41,BTC-27DEC19,1563361175469,open,4.41,1.0,4.285,4.7245,4.50470289,117.67,4.454,0.0,BTC-27DEC19-52000-P,9377.86,0.0,0.001,1.0,0.0,0.0,0.0,5.22128,-1.88607,-230.82926,1e-05,-0.96203
9381.72,SYN.BTC-26JUL19,1563361175467,open,0.23,17.0,0.1745,0.254,0.21438305,134.94,0.246,0.0,BTC-26JUL19-7500-C,9377.86,0.0,0.005,0.1,0.0,0.0,0.0,2.94679,-22.40297,1.51568,0.0001,0.87881
9393.63,SYN.BTC-30AUG19,1563361175467,open,0.6,0.0,0.5635,0.693,0.6282902,117.34,None,0.0,BTC-30AUG19-15000-P,9377.86,0.0,0.0,0.0,0.0,0.0,0.0,8.29762,-11.09543,-16.44605,7e-05,-0.82819
9379.34,SYN.BTC-19JUL19,1563361175467,open,0.07,372.8,0.0395,0.1255,0.0824101,139.35,0.093,0.0,BTC-19JUL19-10000-P,9377.86,139.72,0.0825,6.1,0.0895,6.0,167.87,2.25127,-83.65448,-0.38804,0.00036,-0.72295
9379.34,SYN.BTC-19JUL19,1563361175467,open,0.31,62.5,0.2795,0.386,0.33280722,143.2,0.3,0.0,BTC-19JUL19-12500-P,9377.86,0.0,0.327,6.0,0.361,6.0,404.95,0.06162,-2.35302,-0.64072,1e-05,-0.99699
9379.34,SYN.BTC-19JUL19,1563361175467,open,0.72,0.0,0.689,0.8295,0.75916958,0.0,None,0.0,BTC-19JUL19-16500-P,9377.86,0.0,0.0,0.0,0.0,0.0,0.0,0.0,0.0,-0.8476,0.0,-1.0
9381.72,SYN.BTC-26JUL19,1563361175467,open,0.62,0.0,0.5875,0.719,0.65320772,140.62,None,0.0,BTC-26JUL19-15500-P,9377.86,0.0,0.0,0.0,0.0,0.0,0.0,0.54217,-4.29532,-3.73788,2e-05,-0.98537
9381.72,SYN.BTC-26JUL19,1563361175468,open,0.32,0.0,0.271,0.3505,0.31060587,139.82,0.3665,0.0,BTC-26JUL19-6500-C,9377.86,0.0,0.005,0.1,0.0,0.0,0.0,1.17146,-9.22783,1.48923,4e-05,0.96344
9381.72,SYN.BTC-26JUL19,1563361175467,open,0.27,4.8,0.221,0.3005,0.26079737,135.77,0.455,0.0,BTC-26JUL19-7000-C,9377.86,0.0,0.006,3.0,0.0,0.0,0.0,1.9258,-14.73059,1.53061,7e-05,0.93177
9393.63,SYN.BTC-30AUG19,1563361175467,open,0.39,0.0,0.343,0.4225,0.38292161,116.87,None,0.0,BTC-30AUG19-6000-C,9377.86,0.0,0.0,0.0,0.0,0.0,0.0,5.51675,-7.34753,5.89192,4e-05,0.90472
9393.63,SYN.BTC-30AUG19,1563361175468,open,0.31,0.0,0.26,0.3395,0.29998799,114.53,None,0.0,BTC-30AUG19-7000-C,9377.86,0.0,0.0,0.0,0.0,0.0,0.0,8.35881,-10.90991,5.94176,7e-05,0.8262
9381.72,SYN.BTC-26JUL19,1563361175468,open,0.11,516.2,0.0755,0.1645,0.11997757,129.26,0.131,0.0,BTC-26JUL19-10000-P,9377.86,130.12,0.1205,18.0,0.1285,18.0,143.22,5.7018,-41.52183,-1.60921,0.00021,-0.58545
9379.34,SYN.BTC-19JUL19,1563361175467,open,0.67,0.0,0.638,0.774,0.70586141,0.0,None,0.0,BTC-19JUL19-16000-P,9377.86,0.0,0.0,0.0,0.0,0.0,0.0,0.0,0.0,-0.82192,0.0,-1.0
9402.04,BTC-27SEP19,1563361175471,open,0.79,28.2,0.748,0.8275,0.78784764,140.02,0.755,0.0,BTC-27SEP19-2000-C,9377.86,0.0,0.01,1.0,0.924,5.0,500.0,0.32874,-0.32022,3.88078,0.0,0.99746
9462.41,BTC-27DEC19,1563361175471,open,0.36,74.2,0.315,0.424,0.36968838,99.5,0.3645,0.0,BTC-27DEC19-11000-P,9377.86,97.17,0.3635,6.0,0.3765,3.6,102.08,25.07615,-7.65977,-34.9428,6e-05,-0.45786
9381.72,SYN.BTC-26JUL19,1563361175469,open,0.52,10.8,0.486,0.6095,0.54765243,137.69,0.166,0.0,BTC-26JUL19-14500-P,9377.86,0.0,0.0,0.0,0.0,0.0,0.0,0.92313,-7.16102,-3.46796,3e-05,-0.9726
9379.34,SYN.BTC-19JUL19,1563361175467,open,0.04,547.1,0.005,0.0885,0.04684658,139.36,0.053,0.0,BTC-19JUL19-9500-P,9377.86,145.16,0.0485,2.3,0.0535,33.5,162.68,2.67371,-99.36074,-0.27846,0.00042,-0.5311
9381.72,SYN.BTC-26JUL19,1563361175471,open,0.19,35.6,0.1315,0.211,0.17133624,132.52,0.1785,0.0,BTC-26JUL19-8000-C,9377.86,0.0,0.0005,5.0,0.0,0.0,0.0,3.98229,-29.73132,1.45469,0.00014,0.80903
9381.72,SYN.BTC-26JUL19,1563361175467,open,1.19,0.0,1.149,1.3275,1.23838334,0.0,None,0.0,BTC-26JUL19-21000-P,9377.86,0.0,0.0,0.0,0.0,0.0,0.0,0.0,0.0,-5.10616,0.0,-1.0
9379.34,SYN.BTC-19JUL19,1563361175467,open,0.08,24.0,0.024,0.1035,0.06371396,143.95,0.056,0.0,BTC-19JUL19-9000-C,9377.86,131.41,0.0605,0.7,0.0665,18.0,154.68,2.42173,-92.96385,0.29417,0.00037,0.67427
9381.72,SYN.BTC-26JUL19,1563361175471,open,1.09,0.0,1.047,1.217,1.13181394,131.98,None,0.0,BTC-26JUL19-20000-P,9377.86,0.0,0.0,0.0,0.0,0.0,0.0,0.00978,-0.07271,-4.86263,0.0,-0.99983
9393.63,SYN.BTC-30AUG19,1563361175471,open,0.51,0.0,0.4705,0.5925,0.53170463,116.33,None,0.0,BTC-30AUG19-14000-P,9377.86,0.0,0.0,0.0,0.0,0.0,0.0,9.52782,-12.6315,-14.86264,8e-05,-0.78455
9379.34,SYN.BTC-19JUL19,1563361175471,open,0.62,0.0,0.5865,0.7185,0.65255326,0.0,None,0.0,BTC-19JUL19-15500-P,9377.86,0.0,0.001,1.0,0.0,0.0,0.0,0.0,0.0,-0.79623,0.0,-1.0
9393.63,SYN.BTC-30AUG19,1563361175471,open,0.7,0.0,0.6585,0.796,0.72739978,118.32,None,0.0,BTC-30AUG19-16000-P,9377.86,0.0,0.0,0.0,0.0,0.0,0.0,7.14925,-9.64012,-17.95618,6e-05,-0.86282
9381.72,SYN.BTC-26JUL19,1563361175467,open,0.98,0.0,0.9445,1.106,1.02526942,140.72,None,0.0,BTC-26JUL19-19000-P,9377.86,0.0,0.0,0.0,0.0,0.0,0.0,0.04688,-0.37168,-4.61783,0.0,-0.99905
9393.63,SYN.BTC-30AUG19,1563361175471,open,0.18,5.1,0.147,0.242,0.19470817,113.08,0.1915,0.0,BTC-30AUG19-10000-P,9377.86,111.48,0.1925,14.4,0.2015,3.0,117.99,12.98425,-16.73161,-7.6802,0.00011,-0.48546
9393.63,SYN.BTC-30AUG19,1563361175471,open,0.9,0.0,0.854,1.008,0.9309571,120.72,None,0.0,BTC-30AUG19-18000-P,9377.86,0.0,0.0,0.0,0.0,0.0,0.0,5.26189,-7.23889,-20.79439,4e-05,-0.91062
9393.63,SYN.BTC-30AUG19,1563361175467,open,0.42,0.0,0.381,0.4955,0.43826484,115.07,None,0.0,BTC-30AUG19-13000-P,9377.86,0.0,0.0,0.0,0.0,0.0,0.0,10.75425,-14.10198,-13.19973,9e-05,-0.73072
9379.34,SYN.BTC-19JUL19,1563361175467,open,0.25,83.2,0.229,0.3305,0.27974466,144.38,0.2865,0.0,BTC-19JUL19-12000-P,9377.86,0.0,0.2745,6.0,0.3065,6.0,363.7,0.17791,-6.84981,-0.61182,3e-05,-0.99008
9381.72,SYN.BTC-26JUL19,1563361175471,open,0.67,5.0,0.638,0.774,0.70617045,141.28,0.2255,0.0,BTC-26JUL19-16000-P,9377.86,0.0,0.0,0.0,0.0,0.0,0.0,0.40215,-3.20086,-3.86843,1e-05,-0.98964
9379.34,SYN.BTC-19JUL19,1563361175467,open,0.41,35.3,0.382,0.4965,0.43932773,0.0,0.2545,0.0,BTC-19JUL19-13500-P,9377.86,0.0,0.05,0.1,0.0,0.0,0.0,0.0,0.0,-0.69349,0.0,-1.0
9379.34,SYN.BTC-19JUL19,1563361175467,open,0.12,6.1,0.063,0.1425,0.10284281,144.96,0.109,0.0,BTC-19JUL19-8500-C,9377.86,120.78,0.099,6.0,0.1055,6.0,159.65,1.62752,-62.91362,0.35576,0.00025,0.84121
9379.34,SYN.BTC-19JUL19,1563361175474,open,0.01,198.9,0.0005,0.0425,0.00296428,144.09,0.003,0.0,BTC-19JUL19-11000-C,9377.86,138.93,0.0025,2.9,0.004,11.2,154.27,0.88154,-27.80299,0.03128,0.00014,0.06789
9381.72,SYN.BTC-26JUL19,1563361175474,open,0.14,265.8,0.1115,0.2035,0.15753557,129.26,0.141,0.0,BTC-26JUL19-10500-P,9377.86,130.97,0.1585,18.0,0.1665,18.0,145.0,5.25522,-38.26871,-1.90259,0.00019,-0.6765
9379.34,SYN.BTC-19JUL19,1563361175474,open,0.0,3.0,0.0005,0.0425,0.0026193,144.99,0.0025,0.0,BTC-19JUL19-8000-P,9377.86,154.98,0.0035,1.9,0.0055,46.0,173.87,0.76656,-24.56733,-0.02861,0.00012,-0.05675
9381.72,SYN.BTC-26JUL19,1563361175474,open,0.37,1.0,0.322,0.4015,0.36175945,140.06,0.354,0.0,BTC-26JUL19-6000-C,9377.86,0.0,0.0005,0.1,0.0,0.0,0.0,0.57124,-4.50745,1.42048,2e-05,0.98446
9379.34,SYN.BTC-19JUL19,1563361175467,open,0.51,0.0,0.4845,0.6075,0.54593729,0.0,None,0.0,BTC-19JUL19-14500-P,9377.86,0.0,0.001,1.0,0.0,0.0,0.0,0.0,0.0,-0.74486,0.0,-1.0
9381.72,SYN.BTC-26JUL19,1563361175471,open,0.88,0.0,0.8425,0.9955,0.91878079,143.15,None,0.0,BTC-26JUL19-18000-P,9377.86,0.0,0.0,0.0,0.0,0.0,0.0,0.11335,-0.91413,-4.37138,0.0,-0.9975
9379.34,SYN.BTC-19JUL19,1563361175467,open,0.57,0.0,0.5355,0.663,0.59924516,0.0,None,0.0,BTC-19JUL19-15000-P,9377.86,0.0,0.001,1.0,0.0,0.0,0.0,0.0,0.0,-0.77055,0.0,-1.0
9381.72,SYN.BTC-26JUL19,1563361175471,open,0.15,53.1,0.094,0.1735,0.13385109,131.94,0.1405,0.0,BTC-26JUL19-8500-C,9377.86,123.59,0.1295,11.5,0.1365,17.5,136.97,4.92525,-36.61088,1.33691,0.00017,0.71991
9379.34,SYN.BTC-19JUL19,1563361175471,open,0.46,16.4,0.433,0.552,0.49263045,0.0,0.495,0.0,BTC-19JUL19-14000-P,9377.86,0.0,0.486,6.0,0.526,6.0,500.0,0.0,0.0,-0.71918,0.0,-1.0
9393.63,SYN.BTC-30AUG19,1563361175471,open,0.24,0.0,0.1905,0.27,0.23017743,113.42,None,0.0,BTC-30AUG19-8000-C,9377.86,104.1,0.2195,4.1,0.231,3.9,114.14,10.81995,-13.98538,5.61457,9e-05,0.72741
9393.63,SYN.BTC-30AUG19,1563361175474,open,0.25,14.6,0.217,0.318,0.267504,113.09,0.2625,0.0,BTC-30AUG19-11000-P,9377.86,111.98,0.266,14.4,0.2775,3.0,120.45,12.71858,-16.39133,-9.59039,0.00011,-0.58183
9393.63,SYN.BTC-30AUG19,1563361175474,open,0.33,1.0,0.296,0.4035,0.34981202,114.11,0.3045,0.0,BTC-30AUG19-12000-P,9377.86,107.07,0.341,3.0,0.3785,3.0,136.17,11.89021,-15.46176,-11.43835,0.0001,-0.66318
9381.72,SYN.BTC-26JUL19,1563361175471,open,0.78,0.0,0.74,0.8845,0.8124103,143.9,None,0.0,BTC-26JUL19-17000-P,9377.86,0.0,0.0,0.0,0.0,0.0,0.0,0.23361,-1.89386,-4.12167,1e-05,-0.99441
9379.34,SYN.BTC-19JUL19,1563361175474,open,0.17,0.0,0.11,0.1895,0.1496886,145.09,None,0.0,BTC-19JUL19-8000-C,9377.86,0.0,0.0,0.0,0.0,0.0,0.0,0.76777,-29.70552,0.38229,0.00012,0.94313
9393.63,SYN.BTC-30AUG19,1563361175474,open,0.8,0.0,0.7555,0.9015,0.828538,119.56,None,0.0,BTC-30AUG19-17000-P,9377.86,0.0,0.0,0.0,0.0,0.0,0.0,6.14475,-8.37213,-19.39926,5e-05,-0.88948
9381.72,SYN.BTC-26JUL19,1563361175470,open,0.43,0.0,0.3745,0.454,0.41428594,145.24,0.4,0.0,BTC-26JUL19-5500-C,9377.86,0.0,0.0005,0.1,0.0,0.0,0.0,0.27553,-2.25459,1.32075,1e-05,0.99326
9379.34,SYN.BTC-19JUL19,1563361175480,open,0.0,3.0,0.0005,0.0425,0.0026193,144.99,0.0025,0.0,BTC-19JUL19-8000-P,9377.86,154.98,0.0035,1.5,0.0055,46.0,173.87,0.76656,-24.56733,-0.02861,0.00012,-0.05675
9381.72,SYN.BTC-26JUL19,1563361175481,open,0.15,53.1,0.094,0.1735,0.13385109,131.94,0.1405,0.0,BTC-26JUL19-8500-C,9377.86,123.59,0.1295,11.5,0.1365,6.0,136.97,4.92525,-36.61088,1.33691,0.00017,0.71991
9462.41,BTC-27DEC19,1563361175500,open,0.96,12.4,0.9105,1.069,0.98987056,103.63,0.559,0.0,BTC-27DEC19-18000-P,9377.86,0.0,0.005,5.0,1.7735,0.2,500.0,21.27829,-6.76912,-72.19767,5e-05,-0.71999
9402.88,BTC-27SEP19,1563361175490,open,0.06,296.4,0.021,0.1055,0.06322038,104.97,0.058,0.0,BTC-27SEP19-7000-P,9377.86,103.14,0.061,19.3,0.066,6.0,107.24,11.43648,-8.35093,-4.7464,6e-05,-0.19312
9402.88,BTC-27SEP19,1563361175510,open,0.0,122.0,0.0005,0.0435,0.00378317,111.62,0.0015,0.0,BTC-27SEP19-3750-P,9377.86,107.29,0.003,19.6,0.0045,24.0,115.13,1.82131,-1.41416,-0.39788,1e-05,-0.01771
9402.88,BTC-27SEP19,1563361175514,open,0.45,224.0,0.3975,0.477,0.43702368,105.38,0.5225,0.0,BTC-27SEP19-5500-C,9377.86,95.99,0.431,11.0,0.4395,11.0,108.93,6.41799,-4.70471,8.87433,3e-05,0.9163
9381.72,SYN.BTC-26JUL19,1563361175532,open,0.01,451.5,0.0005,0.054,0.01380022,134.91,0.0115,0.0,BTC-26JUL19-7500-P,9377.86,130.7,0.0125,30.0,0.016,30.0,141.73,2.94602,-22.39191,-0.30783,0.0001,-0.12114
9462.41,BTC-27DEC19,1563361175527,open,0.39,54.4,0.336,0.4155,0.37567285,98.07,0.3805,0.0,BTC-27DEC19-7000-C,9377.86,93.37,0.3665,11.0,0.3775,11.0,99.01,18.49168,-5.56734,17.26455,5e-05,0.78455
9402.04,BTC-27SEP19,1563361175545,open,0.11,586.4,0.0635,0.143,0.10322875,107.52,0.1,0.0,BTC-27SEP19-12000-C,9377.86,105.63,0.1,23.8,0.106,11.0,109.14,16.03677,-11.99514,5.35586,9e-05,0.39251
9379.34,SYN.BTC-19JUL19,1563361175548,open,0.04,43.3,0.0005,0.0735,0.03399137,139.39,0.032,0.0,BTC-19JUL19-9500-C,9377.86,137.67,0.0335,1.9,0.0375,10.0,151.69,2.67372,-99.38469,0.20955,0.00042,0.46892
9381.72,SYN.BTC-26JUL19,1563361175557,open,0.15,53.1,0.094,0.1735,0.13385109,131.94,0.1405,0.0,BTC-26JUL19-8500-C,9377.86,122.62,0.129,17.5,0.1365,6.0,136.97,4.92525,-36.61088,1.33691,0.00017,0.71991
9463.25,BTC-27DEC19,1563361175573,open,0.11,238.8,0.071,0.16,0.11539051,98.06,0.1195,0.0,BTC-27DEC19-7000-P,9377.86,95.81,0.111,10.0,0.117,6.0,98.89,18.49112,-5.56652,-13.96895,5e-05,-0.21541
9379.34,SYN.BTC-19JUL19,1563361175580,open,0.36,82.8,0.331,0.441,0.38604053,138.28,0.348,0.0,BTC-19JUL19-13000-P,9377.86,0.0,0.38,6.0,0.4165,6.0,449.08,0.0139,-0.5126,-0.66753,0.0,-0.99941
9393.63,SYN.BTC-30AUG19,1563361175576,open,0.18,0.4,0.133,0.2125,0.17276979,112.15,0.1895,0.0,BTC-30AUG19-9000-C,9377.86,107.78,0.167,14.4,0.1755,4.0,114.22,12.40426,-15.85301,5.04577,0.0001,0.61963
9462.41,BTC-27DEC19,1563361175583,open,0.08,539.9,0.032,0.1115,0.07180167,105.03,0.071,0.0,BTC-27DEC19-20000-C,9377.86,103.41,0.0685,15.9,0.0745,21.0,106.33,19.51577,-6.29213,6.97584,5e-05,0.23701
9381.72,SYN.BTC-26JUL19,1563361175583,open,0.37,28.7,0.3365,0.4475,0.39203218,134.56,0.284,0.0,BTC-26JUL19-13000-P,9377.86,0.0,0.3855,7.5,0.423,7.5,221.63,2.04073,-15.47042,-3.00763,7e-05,-0.92642
9381.72,SYN.BTC-26JUL19,1563361175585,open,0.11,516.2,0.0755,0.1645,0.11997757,129.26,0.131,0.0,BTC-26JUL19-10000-P,9377.86,129.3,0.12,18.1,0.1285,18.0,143.22,5.7018,-41.52183,-1.60921,0.00021,-0.58545
9381.72,SYN.BTC-26JUL19,1563361175593,open,0.32,56.6,0.2885,0.395,0.34167111,133.83,0.3555,0.0,BTC-26JUL19-12500-P,9377.86,88.9,0.3335,7.5,0.3715,7.5,209.6,2.60299,-19.62598,-2.82812,9e-05,-0.89809
9381.72,SYN.BTC-26JUL19,1563361175595,open,0.14,265.8,0.1115,0.2035,0.15753557,129.26,0.141,0.0,BTC-26JUL19-10500-P,9377.86,130.08,0.158,18.0,0.1665,18.0,145.0,5.25522,-38.26871,-1.90259,0.00019,-0.6765
9402.88,BTC-27SEP19,1563361175602,open,0.45,224.0,0.3975,0.477,0.43702368,105.38,0.5225,0.0,BTC-27SEP19-5500-C,9377.86,98.45,0.4325,11.0,0.4395,11.0,108.93,6.41799,-4.70471,8.87433,3e-05,0.9163
199.59,SYN.ETH-30AUG19,1563361175612,open,0.28,0.0,0.249,0.352,0.300953,120.76,None,0.0,ETH-30AUG19-240-P,199.87,111.83,0.289,120.0,0.317,120.0,132.6,0.26879,-0.36991,-0.21408,0.00465,-0.59135
9462.41,BTC-27DEC19,1563361175611,open,0.39,54.4,0.336,0.4155,0.37567285,98.07,0.3805,0.0,BTC-27DEC19-7000-C,9377.86,94.4,0.3685,11.0,0.3775,11.0,99.01,18.49168,-5.56734,17.26455,5e-05,0.78455
9393.63,SYN.BTC-30AUG19,1563361175613,open,0.08,41.1,0.039,0.125,0.08179552,113.4,0.079,0.0,BTC-30AUG19-8000-P,9377.86,110.54,0.0785,19.3,0.0865,4.2,117.48,10.8197,-13.98257,-4.00147,9e-05,-0.27258
9402.88,BTC-27SEP19,1563361175616,open,0.28,127.7,0.247,0.35,0.29844491,106.51,0.2865,0.0,BTC-27SEP19-11000-P,9377.86,104.84,0.2955,14.4,0.3065,14.4,111.08,16.57027,-12.27782,-15.48896,9e-05,-0.53808
9381.72,SYN.BTC-26JUL19,1563361175624,open,0.05,733.2,0.019,0.1035,0.0612173,131.39,0.067,0.0,BTC-26JUL19-9000-P,9377.86,131.02,0.061,0.1,0.0665,24.0,140.27,5.57064,-41.23376,-1.00675,0.0002,-0.38011
9462.41,BTC-27DEC19,1563361175633,open,0.29,181.6,0.236,0.3155,0.27561846,98.07,0.287,0.0,BTC-27DEC19-9000-C,9377.86,96.19,0.271,3.6,0.279,11.0,99.45,23.24046,-6.9967,16.09965,6e-05,0.65691
9393.63,SYN.BTC-30AUG19,1563361175635,open,0.25,14.6,0.217,0.318,0.267504,113.09,0.2625,0.0,BTC-30AUG19-11000-P,9377.86,111.61,0.2655,14.4,0.2775,3.0,120.45,12.71858,-16.39133,-9.59039,0.00011,-0.58183
9379.34,SYN.BTC-19JUL19,1563361175662,open,0.11,415.7,0.0815,0.1715,0.12651532,140.65,0.137,0.0,BTC-19JUL19-10500-P,9377.86,137.41,0.126,6.0,0.1335,6.0,178.46,1.5142,-56.79155,-0.47412,0.00024,-0.85752
9381.72,SYN.BTC-26JUL19,1563361175663,open,0.08,103.8,0.035,0.1145,0.07464632,129.28,0.087,0.0,BTC-26JUL19-9500-C,9377.86,125.03,0.072,18.0,0.0765,0.3,132.27,5.83184,-42.47644,1.00547,0.00021,0.51541
9402.04,BTC-27SEP19,1563361175711,open,0.0,421.0,0.0005,0.045,0.00492739,109.6,0.0045,0.0,BTC-27SEP19-4000-P,9377.86,105.49,0.004,19.5,0.006,24.0,113.83,2.25064,-1.71592,-0.51199,1e-05,-0.02273
9379.34,SYN.BTC-19JUL19,1563361175715,open,0.07,372.8,0.0395,0.1255,0.0824101,139.35,0.093,0.0,BTC-19JUL19-10000-P,9377.86,139.72,0.0825,0.1,0.0895,6.0,167.87,2.25127,-83.65448,-0.38804,0.00036,-0.72295
9381.72,SYN.BTC-26JUL19,1563361175715,open,0.0,57.0,0.0005,0.041,0.00107889,140.97,0.0005,0.0,BTC-26JUL19-15500-C,9377.86,128.35,0.0005,14.4,0.0015,4.1,147.39,0.54926,-4.36234,0.03142,2e-05,0.01485
9402.88,BTC-27SEP19,1563361175717,open,0.0,433.4,0.0005,0.043,0.00291503,114.15,0.002,0.0,BTC-27SEP19-3500-P,9377.86,111.36,0.0025,3.9,0.0035,24.0,117.69,1.46628,-1.16432,-0.3086,1e-05,-0.01375
9379.34,SYN.BTC-19JUL19,1563361175718,open,0.07,372.8,0.0395,0.1255,0.0824101,139.35,0.093,0.0,BTC-19JUL19-10000-P,9377.86,139.72,0.0825,0.1,0.0895,12.0,167.87,2.25127,-83.65448,-0.38804,0.00036,-0.72295
9379.34,SYN.BTC-19JUL19,1563361175726,open,0.36,82.8,0.331,0.441,0.38604053,138.28,0.348,0.0,BTC-19JUL19-13000-P,9377.86,0.0,0.3795,6.0,0.4165,6.0,449.08,0.0139,-0.5126,-0.66753,0.0,-0.99941
9462.41,BTC-27DEC19,1563361175727,open,0.28,189.9,0.2435,0.3465,0.29504605,98.72,0.279,0.0,BTC-27DEC19-10000-P,9377.86,96.39,0.289,10.9,0.3015,10.9,101.22,24.4657,-7.41462,-29.46876,6e-05,-0.40286
9381.72,SYN.BTC-26JUL19,1563361175728,open,0.37,28.7,0.3365,0.4475,0.39203218,134.56,0.284,0.0,BTC-26JUL19-13000-P,9377.86,0.0,0.385,7.5,0.423,7.5,221.63,2.04073,-15.47042,-3.00763,7e-05,-0.92642
9462.41,BTC-27DEC19,1563361175736,open,0.6,17.7,0.554,0.683,0.61828714,101.06,0.6235,0.0,BTC-27DEC19-14000-P,9377.86,98.24,0.611,6.0,0.6265,3.6,104.23,24.48512,-7.59643,-51.26745,6e-05,-0.59588
9393.63,SYN.BTC-30AUG19,1563361175740,open,0.08,41.1,0.039,0.125,0.08179552,113.4,0.079,0.0,BTC-30AUG19-8000-P,9377.86,110.54,0.0785,19.3,0.085,3.0,116.18,10.8197,-13.98257,-4.00147,9e-05,-0.27258
199.81,SYN.ETH-26JUL19,1563361175765,open,1.74,0.0,1.691,1.915,1.803039,233.93,None,0.0,ETH-26JUL19-560-P,199.87,0.0,0.0,0.0,0.0,0.0,0.0,0.00378,-0.04985,-0.13599,0.00017,-0.99589
9462.41,BTC-27DEC19,1563361175795,open,0.22,301.2,0.178,0.2755,0.22669206,98.05,0.2165,0.0,BTC-27DEC19-9000-P,9377.86,95.93,0.2215,4.9,0.232,6.0,100.21,23.24103,-6.99518,-24.0598,6e-05,-0.34312
9402.88,BTC-27SEP19,1563361175801,open,0.03,553.4,0.0005,0.074,0.03275286,105.15,0.0305,0.0,BTC-27SEP19-6000-P,9377.86,103.11,0.031,20.6,0.0355,24.0,108.28,8.14026,-5.95438,-2.75104,4e-05,-0.11582
9462.41,BTC-27DEC19,1563361175808,open,0.04,234.7,0.0005,0.0815,0.04030303,98.05,0.041,0.0,BTC-27DEC19-5000-P,9377.86,96.47,0.0385,10.0,0.042,6.0,99.53,10.81284,-3.25477,-5.77921,3e-05,-0.09657
9393.63,SYN.BTC-30AUG19,1563361175810,open,0.05,10.3,0.0015,0.081,0.04137297,116.37,0.0485,0.0,BTC-30AUG19-14000-C,9377.86,114.01,0.039,19.3,0.0425,5.0,117.48,9.53091,-12.63997,1.96703,8e-05,0.21558
9463.25,BTC-27DEC19,1563361175819,open,0.04,139.4,0.002,0.0815,0.04162432,107.89,0.0455,0.0,BTC-27DEC19-26000-C,9377.86,106.83,0.04,6.0,0.0445,21.0,109.72,14.65443,-4.85361,4.52203,3e-05,0.14871
9393.63,SYN.BTC-30AUG19,1563361175821,open,0.02,0.5,0.0005,0.0545,0.0148164,120.81,0.02,0.0,BTC-30AUG19-18000-C,9377.86,115.52,0.012,24.0,0.0165,15.0,123.73,5.27155,-7.25779,0.84449,4e-05,0.08961
9381.72,SYN.BTC-26JUL19,1563361175831,open,0.01,194.6,0.0005,0.049,0.00930915,133.89,0.01,0.0,BTC-26JUL19-12500-C,9377.86,130.91,0.0085,41.5,0.0115,44.2,141.39,2.60516,-19.65101,0.2115,9e-05,0.10202
9462.41,BTC-27DEC19,1563361175845,open,0.09,221.5,0.0495,0.1365,0.09292427,98.05,0.094,0.0,BTC-27DEC19-6500-P,9377.86,95.84,0.089,10.0,0.095,10.9,99.22,16.8066,-5.05876,-11.68621,4e-05,-0.18384
9462.41,BTC-27DEC19,1563361175848,open,0.05,88.4,0.0135,0.097,0.05528842,98.05,0.0495,0.0,BTC-27DEC19-5500-P,9377.86,96.0,0.0525,10.0,0.057,6.0,99.3,12.92924,-3.8917,-7.56468,3e-05,-0.12387
9402.04,BTC-27SEP19,1563361175850,open,0.05,184.1,0.004,0.0835,0.04371519,109.95,0.045,0.0,BTC-27SEP19-16000-C,9377.86,108.14,0.0415,19.3,0.0465,11.0,112.17,11.64001,-8.90296,2.87217,6e-05,0.19885
9379.34,SYN.BTC-19JUL19,1563361175868,open,0.04,43.3,0.0005,0.0735,0.03399137,139.39,0.032,0.0,BTC-19JUL19-9500-C,9377.86,137.67,0.0335,1.9,0.038,10.0,153.44,2.67372,-99.38469,0.20955,0.00042,0.46892
9381.72,SYN.BTC-26JUL19,1563361175869,open,0.05,132.3,0.0005,0.078,0.03835153,129.28,0.038,0.0,BTC-26JUL19-10500-C,9377.86,126.86,0.037,40.5,0.0425,48.6,136.63,5.25553,-38.27823,0.65057,0.00019,0.32354
9381.72,SYN.BTC-26JUL19,1563361175872,open,0.05,132.3,0.0005,0.078,0.03835153,129.28,0.038,0.0,BTC-26JUL19-10500-C,9377.86,126.86,0.037,40.5,0.0425,48.3,136.63,5.25553,-38.27823,0.65057,0.00019,0.32354
9381.72,SYN.BTC-26JUL19,1563361175873,open,0.05,132.3,0.0005,0.078,0.03835153,129.28,0.038,0.0,BTC-26JUL19-10500-C,9377.86,126.86,0.037,40.5,0.042,0.2,135.75,5.25553,-38.27823,0.65057,0.00019,0.32354
9462.41,BTC-27DEC19,1563361175885,open,0.16,237.6,0.1205,0.2135,0.16703053,98.05,0.1565,0.0,BTC-27DEC19-8000-P,9377.86,95.81,0.162,10.0,0.1705,6.0,99.59,21.26578,-6.4008,-18.86183,5e-05,-0.27967
199.78,SYN.ETH-26JUL19,1563361175890,open,0.0,1038.0,0.001,0.042,0.002617,134.93,0.005,0.0,ETH-26JUL19-300-C,199.87,129.31,0.002,300.0,0.006,675.0,156.99,0.02342,-0.17803,0.00152,0.00179,0.03385
9462.41,BTC-27DEC19,1563361175905,open,0.14,161.0,0.095,0.1855,0.14013985,98.05,0.132,0.0,BTC-27DEC19-7500-P,9377.86,95.61,0.135,14.9,0.1425,6.0,99.17,19.97972,-6.01376,-16.36827,5e-05,-0.24751
9402.88,BTC-27SEP19,1563361175907,open,0.0,609.1,0.0005,0.0415,0.00184811,121.81,0.002,0.0,BTC-27SEP19-3000-P,9377.86,111.9,0.001,4.9,0.003,15.0,131.29,0.97152,-0.82324,-0.19289,0.0,-0.00857
9381.72,SYN.BTC-26JUL19,1563361175910,open,0.05,132.3,0.0005,0.078,0.03835153,129.28,0.038,0.0,BTC-26JUL19-10500-C,9377.86,126.86,0.037,40.5,0.0425,14.3,136.63,5.25553,-38.27823,0.65057,0.00019,0.32354
199.78,SYN.ETH-26JUL19,1563361175912,open,0.0,1038.0,0.001,0.042,0.002617,134.93,0.005,0.0,ETH-26JUL19-300-C,199.87,129.31,0.002,300.0,0.006,673.0,156.99,0.02342,-0.17803,0.00152,0.00179,0.03385
9402.04,BTC-27SEP19,1563361175909,open,0.21,218.1,0.1755,0.273,0.2241615,105.37,0.2285,0.0,BTC-27SEP19-10000-P,9377.86,104.15,0.222,14.4,0.23,4.8,108.69,16.5584,-12.13778,-12.65573,9e-05,-0.4594
199.78,SYN.ETH-26JUL19,1563361175914,open,0.09,151.0,0.044,0.123,0.08333,134.82,0.079,0.0,ETH-26JUL19-200-C,199.87,134.47,0.083,138.0,0.093,313.0,150.63,0.12366,-0.93924,0.02218,0.00945,0.53981
9381.72,SYN.BTC-26JUL19,1563361175912,open,0.05,132.3,0.0005,0.078,0.03835153,129.28,0.038,0.0,BTC-26JUL19-10500-C,9377.86,126.86,0.037,40.5,0.0425,24.3,136.63,5.25553,-38.27823,0.65057,0.00019,0.32354
9381.72,SYN.BTC-26JUL19,1563361175942,open,0.08,392.1,0.044,0.1305,0.08724141,129.26,0.0975,0.0,BTC-26JUL19-9500-P,9377.86,128.87,0.087,25.6,0.0945,7.5,140.94,5.83185,-42.46988,-1.30446,0.00021,-0.4846
9393.63,SYN.BTC-30AUG19,1563361175954,open,0.18,5.1,0.147,0.242,0.19470817,113.08,0.1915,0.0,BTC-30AUG19-10000-P,9377.86,111.12,0.192,14.4,0.2015,3.0,117.99,12.98425,-16.73161,-7.6802,0.00011,-0.48546
9379.34,SYN.BTC-19JUL19,1563361175975,open,0.11,415.7,0.0815,0.1715,0.12651532,140.65,0.137,0.0,BTC-19JUL19-10500-P,9377.86,137.41,0.126,6.0,0.133,6.0,176.0,1.5142,-56.79155,-0.47412,0.00024,-0.85752
9462.41,BTC-27DEC19,1563361175977,open,0.14,217.3,0.099,0.1785,0.13884957,101.1,0.141,0.0,BTC-27DEC19-14000-C,9377.86,99.61,0.135,11.0,0.143,0.2,102.7,24.48723,-7.60001,11.20668,6e-05,0.40426
9462.41,BTC-27DEC19,1563361175981,open,0.51,58.3,0.471,0.593,0.53199372,100.64,0.537,0.0,BTC-27DEC19-13000-P,9377.86,97.99,0.525,6.0,0.5395,3.6,103.48,24.98375,-7.71869,-45.86443,6e-05,-0.55421
9393.63,SYN.BTC-30AUG19,1563361176009,open,0.06,1.1,0.0145,0.094,0.05438544,115.1,0.063,0.0,BTC-30AUG19-13000-C,9377.86,112.12,0.051,19.3,0.057,5.0,117.37,10.75618,-14.10856,2.42765,9e-05,0.26938
9393.63,SYN.BTC-30AUG19,1563361176011,open,0.06,1.1,0.0145,0.094,0.05438544,115.1,0.063,0.0,BTC-30AUG19-13000-C,9377.86,112.12,0.051,19.3,0.057,15.0,117.37,10.75618,-14.10856,2.42765,9e-05,0.26938
9381.72,SYN.BTC-26JUL19,1563361176013,open,0.05,733.2,0.019,0.1035,0.0612173,131.39,0.067,0.0,BTC-26JUL19-9000-P,9377.86,131.02,0.061,0.1,0.066,7.5,139.43,5.57064,-41.23376,-1.00675,0.0002,-0.38011
9462.41,BTC-27DEC19,1563361176027,open,0.06,105.1,0.019,0.0985,0.05880552,105.85,0.059,0.0,BTC-27DEC19-22000-C,9377.86,104.61,0.0565,4.9,0.062,11.0,107.53,17.72421,-5.75914,5.98406,4e-05,0.20053
9381.72,SYN.BTC-26JUL19,1563361176032,open,0.08,103.8,0.035,0.1145,0.07464632,129.28,0.087,0.0,BTC-26JUL19-9500-C,9377.86,125.83,0.0725,11.5,0.0765,0.3,132.27,5.83184,-42.47644,1.00547,0.00021,0.51541
9462.41,BTC-27DEC19,1563361176038,open,0.06,105.1,0.019,0.0985,0.05880552,105.85,0.059,0.0,BTC-27DEC19-22000-C,9377.86,104.61,0.0565,4.9,0.062,21.0,107.53,17.72421,-5.75914,5.98406,4e-05,0.20053
9379.34,SYN.BTC-19JUL19,1563361176040,open,0.31,62.5,0.2795,0.386,0.33280722,143.2,0.3,0.0,BTC-19JUL19-12500-P,9377.86,0.0,0.3265,6.0,0.361,6.0,404.95,0.06162,-2.35302,-0.64072,1e-05,-0.99699
9379.34,SYN.BTC-19JUL19,1563361176042,open,0.46,16.4,0.433,0.552,0.49263045,0.0,0.495,0.0,BTC-19JUL19-14000-P,9377.86,0.0,0.4855,6.0,0.526,6.0,500.0,0.0,0.0,-0.71918,0.0,-1.0
9462.41,BTC-27DEC19,1563361176044,open,0.14,217.3,0.099,0.1785,0.13884957,101.1,0.141,0.0,BTC-27DEC19-14000-C,9377.86,100.0,0.136,11.0,0.143,0.2,102.7,24.48723,-7.60001,11.20668,6e-05,0.40426
9379.34,SYN.BTC-19JUL19,1563361176058,open,0.01,198.9,0.0005,0.0425,0.00296428,144.09,0.003,0.0,BTC-19JUL19-11000-C,9377.86,138.93,0.0025,3.1,0.004,11.2,154.27,0.88154,-27.80299,0.03128,0.00014,0.06789
9462.41,BTC-27DEC19,1563361176063,open,0.09,358.7,0.048,0.1275,0.08772498,103.68,0.087,0.0,BTC-27DEC19-18000-C,9377.86,102.02,0.084,15.9,0.0915,21.0,105.35,21.28631,-6.7751,8.12845,5e-05,0.28023
9462.41,BTC-27DEC19,1563361176065,open,0.16,164.1,0.1185,0.198,0.15822317,100.67,0.1555,0.0,BTC-27DEC19-13000-C,9377.86,99.26,0.1545,11.0,0.163,21.0,102.48,24.98465,-7.72148,12.14659,6e-05,0.44589
199.81,SYN.ETH-26JUL19,1563361176066,open,0.0,2384.0,0.001,0.04,0.0,134.98,0.001,0.0,ETH-26JUL19-500-C,199.87,0.0,0.0,0.0,0.001,571.0,231.66,1e-05,-9e-05,0.0,0.0,1e-05
9393.63,SYN.BTC-30AUG19,1563361176067,open,0.02,0.0,0.0005,0.0625,0.02163518,116.84,None,0.0,BTC-30AUG19-6000-P,9377.86,111.34,0.0185,38.3,0.0255,14.1,123.22,5.51509,-7.34344,-1.31977,4e-05,-0.09524
201.34,ETH-27DEC19,1563361176077,open,1.05,16.0,0.997,1.162,1.07943,109.59,1.195,0.0,ETH-27DEC19-400-P,199.84,64.7,1.001,110.0,1.49,1.0,271.2,0.45569,-0.15331,-1.61329,0.0023,-0.71621
199.4,ETH-27SEP19,1563361176076,open,2.74,0.0,2.664,2.968,2.816147,133.89,None,0.0,ETH-27SEP19-760-P,199.84,0.0,0.0,0.0,0.0,0.0,0.0,0.05223,-0.04865,-1.48849,0.0005,-0.9747
201.34,ETH-27DEC19,1563361176077,open,0.04,150.0,0.001,0.075,0.035506,117.45,0.036,0.0,ETH-27DEC19-680-C,199.84,117.08,0.035,1.0,0.038,50.0,119.25,0.27411,-0.09883,0.07881,0.00129,0.12323
201.34,ETH-27DEC19,1563361176077,open,0.08,555.0,0.038,0.117,0.077887,110.62,0.081,0.0,ETH-27DEC19-440-C,199.84,106.8,0.07,390.0,0.084,320.0,113.49,0.42332,-0.14375,0.15064,0.00212,0.24555
199.4,ETH-27SEP19,1563361176077,open,2.35,0.0,2.281,2.553,2.416822,131.2,None,0.0,ETH-27SEP19-680-P,199.84,0.0,0.0,0.0,0.0,0.0,0.0,0.06786,-0.06193,-1.32801,0.00066,-0.96532
199.59,SYN.ETH-30AUG19,1563361176077,open,0.07,260.0,0.022,0.101,0.061166,123.51,0.056,0.0,ETH-30AUG19-280-C,199.84,119.06,0.056,248.0,0.066,261.0,127.6,0.23381,-0.3291,0.05302,0.00395,0.28217
201.34,ETH-27DEC19,1563361176078,open,0.14,129.0,0.098,0.177,0.137958,107.93,0.144,0.0,ETH-27DEC19-320-C,199.84,104.02,0.128,356.0,0.146,246.0,111.06,0.51563,-0.17084,0.22547,0.00264,0.38892
199.4,ETH-27SEP19,1563361176078,open,0.91,259.0,0.866,1.02,0.942866,118.02,0.94,0.0,ETH-27SEP19-380-P,199.84,0.0,0.008,12.0,0.0,0.0,0.0,0.22064,-0.18115,-0.69763,0.00239,-0.83384
199.4,ETH-27SEP19,1563361176078,open,2.15,0.0,2.089,2.345,2.217213,128.89,None,0.0,ETH-27SEP19-640-P,199.84,0.0,0.0,0.0,0.0,0.0,0.0,0.07594,-0.06809,-1.24762,0.00075,-0.9602
199.4,ETH-27SEP19,1563361176078,open,0.55,868.0,0.514,0.639,0.576861,114.07,0.566,0.0,ETH-27SEP19-300-P,199.84,101.89,0.559,110.0,0.601,30.0,129.43,0.30281,-0.2403,-0.50535,0.00339,-0.71015
199.37,ETH-27SEP19,1563361176079,open,0.72,345.0,0.685,0.825,0.754985,114.87,0.76,0.0,ETH-27SEP19-340-P,199.84,0.0,0.697,110.0,1.19,1.0,375.98,0.25788,-0.20608,-0.60494,0.00287,-0.78589
199.81,SYN.ETH-26JUL19,1563361176076,open,1.55,0.0,1.499,1.706,1.602822,217.85,None,0.0,ETH-26JUL19-520-P,199.84,0.0,0.0,0.0,0.0,0.0,0.0,0.00375,-0.04607,-0.12626,0.00018,-0.99592
199.86,SYN.ETH-19JUL19,1563361176076,open,0.37,617.0,0.346,0.457,0.401212,180.33,0.407,0.0,ETH-19JUL19-280-P,199.84,0.0,0.382,10.0,0.438,10.0,490.08,0.00225,-0.10802,-0.01433,0.00061,-0.99452
199.86,SYN.ETH-19JUL19,1563361176077,open,0.47,211.0,0.442,0.561,0.501291,213.08,0.495,0.0,ETH-19JUL19-300-P,199.84,0.0,0.002,25.0,0.0,0.0,0.0,0.00203,-0.11548,-0.01536,0.00046,-0.99511
199.81,SYN.ETH-26JUL19,1563361176079,open,0.0,1872.0,0.001,0.04,0.000506,134.97,0.001,0.0,ETH-26JUL19-340-C,199.84,0.0,0.0,0.0,0.002,120.0,160.93,0.00664,-0.0505,0.00035,0.00051,0.00775
199.81,SYN.ETH-26JUL19,1563361176077,open,1.94,0.0,1.884,2.123,2.003256,248.92,None,0.0,ETH-26JUL19-600-P,199.84,0.0,0.0,0.0,0.0,0.0,0.0,0.00382,-0.05362,-0.14571,0.00016,-0.99584
199.86,SYN.ETH-19JUL19,1563361176077,open,0.0,403.0,0.001,0.04,0.000319,135.08,0.006,0.0,ETH-19JUL19-160-P,199.84,195.56,0.003,79.0,0.006,663.0,229.74,0.00365,-0.0638,-0.0001,0.00132,-0.00949
199.59,SYN.ETH-30AUG19,1563361176077,open,0.7,0.0,0.666,0.804,0.73526,127.79,None,0.0,ETH-30AUG19-340-P,199.84,0.0,0.0,0.0,0.0,0.0,0.0,0.17066,-0.24854,-0.37713,0.00279,-0.83664
199.81,SYN.ETH-26JUL19,1563361176078,open,0.47,659.0,0.445,0.564,0.504245,136.83,0.34,0.0,ETH-26JUL19-300-P,199.84,0.0,0.03,1.0,3.4,5.0,500.0,0.02469,-0.1903,-0.07133,0.00186,-0.96391
199.81,SYN.ETH-26JUL19,1563361176080,open,0.76,1047.0,0.731,0.874,0.802169,146.71,0.2,0.0,ETH-26JUL19-360-P,199.84,0.0,0.0,0.0,0.0,0.0,0.0,0.00605,-0.04998,-0.08722,0.00042,-0.99303
199.81,SYN.ETH-26JUL19,1563361176077,open,1.45,0.0,1.403,1.602,1.502713,209.36,None,0.0,ETH-26JUL19-500-P,199.84,0.0,0.0,0.0,0.0,0.0,0.0,0.00375,-0.0442,-0.1214,0.00018,-0.99593
199.86,SYN.ETH-19JUL19,1563361176078,open,0.57,282.0,0.538,0.665,0.601377,244.01,0.4,0.0,ETH-19JUL19-320-P,199.84,0.0,0.003,25.0,0.0,0.0,0.0,0.00193,-0.12526,-0.01639,0.00038,-0.99539
199.59,SYN.ETH-30AUG19,1563361176078,open,0.61,0.0,0.577,0.708,0.642342,126.23,None,0.0,ETH-30AUG19-320-P,199.84,0.0,0.0,0.0,0.0,0.0,0.0,0.19076,-0.27441,-0.34725,0.00316,-0.80505
9381.72,SYN.BTC-26JUL19,1563361176093,open,0.01,194.6,0.0005,0.049,0.00930819,133.89,0.01,0.0,BTC-26JUL19-12500-C,9377.86,130.91,0.0085,41.5,0.0115,44.1,141.39,2.60516,-19.65101,0.2115,9e-05,0.10202
9462.41,BTC-27DEC19,1563361176210,open,0.09,358.7,0.048,0.1275,0.08771155,103.68,0.087,0.0,BTC-27DEC19-18000-C,9377.86,102.02,0.084,15.9,0.0915,11.0,105.35,21.28631,-6.7751,8.12845,5e-05,0.28023
9462.41,BTC-27DEC19,1563361176211,open,0.16,237.6,0.1205,0.2135,0.16705776,98.05,0.1565,0.0,BTC-27DEC19-8000-P,9377.86,95.59,0.1615,14.9,0.1705,6.0,99.59,21.26578,-6.4008,-18.86183,5e-05,-0.27967
199.59,SYN.ETH-30AUG19,1563361176218,open,0.05,189.0,0.009,0.088,0.04877,124.96,0.046,0.0,ETH-30AUG19-300-C,199.84,120.4,0.044,254.0,0.053,276.0,128.88,0.21241,-0.30248,0.04457,0.00355,0.23453
9462.41,BTC-27DEC19,1563361176212,open,0.09,358.7,0.048,0.1275,0.08771155,103.68,0.087,0.0,BTC-27DEC19-18000-C,9377.86,102.02,0.084,15.9,0.0915,21.0,105.35,21.28631,-6.7751,8.12845,5e-05,0.28023
9393.63,SYN.BTC-30AUG19,1563361176223,open,0.08,41.1,0.039,0.125,0.08180519,113.4,0.079,0.0,BTC-30AUG19-8000-P,9377.86,110.54,0.0785,19.3,0.085,13.0,116.18,10.8197,-13.98257,-4.00147,9e-05,-0.27258
199.4,ETH-27SEP19,1563361176237,open,0.01,1992.0,0.001,0.046,0.006249,130.17,0.005,0.0,ETH-27SEP19-680-C,199.84,122.32,0.004,300.0,0.009,550.0,137.58,0.06557,-0.05937,0.01061,0.00064,0.03326
199.81,SYN.ETH-26JUL19,1563361176246,open,0.0,3965.0,0.001,0.04,0.000216,134.97,0.003,0.0,ETH-26JUL19-360-C,199.84,0.0,0.0,0.0,0.002,242.0,174.95,0.00332,-0.02522,0.00016,0.00025,0.00355
199.86,SYN.ETH-19JUL19,1563361176248,open,0.03,891.0,0.001,0.08,0.039034,135.27,0.047,0.0,ETH-19JUL19-200-P,199.84,156.16,0.045,98.0,0.052,304.0,180.68,0.0571,-2.0597,-0.00537,0.02057,-0.48359
9379.34,SYN.BTC-19JUL19,1563361176395,open,0.0,3.0,0.0005,0.0425,0.00261986,144.99,0.0025,0.0,BTC-19JUL19-8000-P,9377.86,149.49,0.003,3.0,0.0055,46.0,173.87,0.76656,-24.56733,-0.02861,0.00012,-0.05675
199.55,SYN.ETH-30AUG19,1563361176402,open,0.44,0.0,0.406,0.522,0.464081,123.36,None,0.0,ETH-30AUG19-280-P,199.84,0.0,0.0,0.0,0.0,0.0,0.0,0.23354,-0.32831,-0.28365,0.00396,-0.7184
9393.63,SYN.BTC-30AUG19,1563361176408,open,0.24,0.0,0.1905,0.27,0.2301638,113.42,None,0.0,BTC-30AUG19-8000-C,9377.86,104.1,0.2195,4.1,0.2315,4.2,114.57,10.81995,-13.98538,5.61457,9e-05,0.72741
9393.63,SYN.BTC-30AUG19,1563361176419,open,0.18,0.4,0.133,0.2125,0.17275794,112.15,0.1895,0.0,BTC-30AUG19-9000-C,9377.86,107.78,0.167,14.4,0.176,4.3,114.59,12.40426,-15.85301,5.04577,0.0001,0.61963
9462.48,BTC-27DEC19,1563361176468,open,0.03,255.2,0.0005,0.0705,0.03070597,109.75,0.0325,0.0,BTC-27DEC19-30000-C,9380.31,108.4,0.029,6.0,0.0335,21.0,111.87,12.16631,-4.0989,3.50219,3e-05,0.11365
9464.93,BTC-27DEC19,1563361176470,open,2.35,0.3,2.2725,2.545,2.40866615,111.47,2.435,0.0,BTC-27DEC19-32000-P,9380.31,0.0,0.0,0.0,0.0,0.0,0.0,11.35344,-3.8852,-139.60852,3e-05,-0.8968
9401.88,BTC-27SEP19,1563361176469,open,0.01,92.2,0.0005,0.048,0.00810658,117.35,0.007,0.0,BTC-27SEP19-26000-C,9380.31,114.61,0.007,16.7,0.009,11.0,119.4,3.9708,-3.2415,0.68728,2e-05,0.04523
9401.88,BTC-27SEP19,1563361176469,open,2.35,0.0,2.271,2.543,2.40691509,119.31,None,0.0,BTC-27SEP19-32000-P,9380.31,0.0,0.0,0.0,0.0,0.0,0.0,2.0407,-1.69369,-62.7008,1e-05,-0.97976
9464.93,BTC-27DEC19,1563361176470,open,4.41,1.0,4.285,4.725,4.5050437,120.74,4.454,0.0,BTC-27DEC19-52000-P,9380.31,0.0,0.001,1.0,0.0,0.0,0.0,5.85579,-2.17045,-230.66224,1e-05,-0.95628
9464.93,BTC-27DEC19,1563361176470,open,1.54,0.0,1.4825,1.689,1.58559349,107.3,None,0.0,BTC-27DEC19-24000-P,9380.31,0.0,0.0065,1.0,2.3895,0.2,500.0,16.22048,-5.3431,-101.86833,4e-05,-0.82631
9464.93,BTC-27DEC19,1563361176470,open,1.94,0.1,1.875,2.114,1.99460292,109.34,2.02,0.0,BTC-27DEC19-28000-P,9380.31,0.0,0.001,1.0,2.5,0.1,319.58,13.47541,-4.52313,-120.92872,3e-05,-0.86859
9464.93,BTC-27DEC19,1563361176470,open,2.76,1.3,2.673,2.9785,2.82562422,113.62,2.792,0.0,BTC-27DEC19-36000-P,9380.31,0.0,0.0005,1.0,0.0,0.0,0.0,9.72561,-3.39232,-158.04245,2e-05,-0.9163
9464.93,BTC-27DEC19,1563361176471,open,2.15,0.2,2.0735,2.329,2.20113827,110.38,2.2245,0.0,BTC-27DEC19-30000-P,9380.31,0.0,0.0,0.0,0.0,0.0,0.0,12.33779,-4.18052,-130.30853,3e-05,-0.88414
9464.93,BTC-27DEC19,1563361176472,open,0.01,463.2,0.0005,0.0495,0.00965538,118.34,0.008,0.0,BTC-27DEC19-52000-C,9380.31,115.23,0.008,46.1,0.0115,21.0,121.41,5.36113,-1.94758,1.24839,1e-05,0.03921
9464.93,BTC-27DEC19,1563361176472,open,3.99,0.0,3.881,4.287,4.08407493,118.98,None,0.0,BTC-27DEC19-48000-P,9380.31,0.0,0.0,0.0,0.0,0.0,0.0,6.51513,-2.37966,-212.61966,1e-05,-0.95006
9464.93,BTC-27DEC19,1563361176473,open,1.74,0.0,1.678,1.9005,1.7893314,108.34,None,0.0,BTC-27DEC19-26000-P,9380.31,0.0,0.005,10.0,2.5955,0.2,500.0,14.7736,-4.91365,-111.45329,3e-05,-0.84951
9378.49,SYN.BTC-19JUL19,1563361176468,open,0.0,459.3,0.0005,0.04,0.00034851,145.04,0.0005,0.0,BTC-19JUL19-12000-C,9380.31,0.0,0.0,0.0,0.001,0.9,167.57,0.18219,-3.26847,0.00474,3e-05,0.01019
9378.49,SYN.BTC-19JUL19,1563361176468,open,0.0,0.6,0.0005,0.0405,0.00052014,144.95,0.0025,0.0,BTC-19JUL19-7500-P,9380.31,160.11,0.001,23.5,0.0025,0.5,189.07,0.23666,-4.87809,-0.00689,4e-05,-0.01378
9378.49,SYN.BTC-19JUL19,1563361176468,open,0.0,198.9,0.0005,0.04,7.16e-06,145.03,0.001,0.0,BTC-19JUL19-13500-C,9380.31,0.0,0.0,0.0,0.0035,10.0,283.06,0.00692,-0.06716,0.00013,0.0,0.00028
9378.49,SYN.BTC-19JUL19,1563361176473,open,0.0,170.4,0.0005,0.04,0.0,145.02,0.0005,0.0,BTC-19JUL19-16500-C,9380.31,0.0,0.0,0.0,0.0035,10.0,400.66,0.0,-1e-05,0.0,0.0,0.0
9464.93,BTC-27DEC19,1563361176516,open,1.35,3.9,1.2885,1.479,1.38378485,106.15,0.752,0.0,BTC-27DEC19-22000-P,9380.31,0.0,0.0065,2.0,2.183,0.3,500.0,17.80055,-5.80058,-92.15417,4e-05,-0.79812
9464.93,BTC-27DEC19,1563361176519,open,1.54,0.0,1.4825,1.689,1.58559349,107.3,None,0.0,BTC-27DEC19-24000-P,9380.31,0.0,0.0065,1.0,2.389,0.2,500.0,16.22048,-5.3431,-101.86833,4e-05,-0.82631
9464.93,BTC-27DEC19,1563361176521,open,0.96,12.4,0.9105,1.0695,0.98997535,103.88,0.559,0.0,BTC-27DEC19-18000-P,9380.31,0.0,0.005,5.0,1.773,0.2,500.0,21.32654,-6.80076,-72.17237,5e-05,-0.71883
9401.88,BTC-27SEP19,1563361176502,open,0.1,463.4,0.062,0.15,0.10577518,104.95,0.103,0.0,BTC-27SEP19-8000-P,9380.31,103.09,0.103,19.3,0.1095,6.0,107.43,14.07107,-10.27275,-7.16264,8e-05,-0.2811
9464.93,BTC-27DEC19,1563361176524,open,0.14,161.0,0.095,0.1855,0.14016348,98.11,0.132,0.0,BTC-27DEC19-7500-P,9380.31,95.66,0.135,14.9,0.143,6.0,99.45,19.97973,-6.01745,-16.36842,5e-05,-0.24739
9392.62,SYN.BTC-30AUG19,1563361176526,open,0.04,52.8,0.0005,0.0715,0.0315023,117.4,0.036,0.0,BTC-30AUG19-15000-C,9380.31,114.52,0.029,19.3,0.0335,5.0,119.63,8.30028,-11.10484,1.58545,7e-05,0.17193
9404.33,BTC-27SEP19,1563361176528,open,0.45,35.9,0.406,0.523,0.4645181,107.76,0.391,0.0,BTC-27SEP19-13000-P,9380.31,105.25,0.4605,6.0,0.4785,6.0,116.33,15.12613,-11.33944,-20.99687,8e-05,-0.6693
9392.62,SYN.BTC-30AUG19,1563361176528,open,0.04,52.8,0.0005,0.0715,0.0315023,117.4,0.036,0.0,BTC-30AUG19-15000-C,9380.31,114.52,0.029,19.3,0.0335,15.0,119.63,8.30028,-11.10484,1.58545,7e-05,0.17193
9464.93,BTC-27DEC19,1563361176531,open,0.14,161.0,0.095,0.1855,0.14016348,98.11,0.132,0.0,BTC-27DEC19-7500-P,9380.31,95.66,0.135,14.9,0.142,6.0,98.98,19.97973,-6.01745,-16.36842,5e-05,-0.24739
9392.62,SYN.BTC-30AUG19,1563361176544,open,0.04,52.8,0.0005,0.0715,0.0315023,117.4,0.036,0.0,BTC-30AUG19-15000-C,9380.31,114.52,0.029,19.3,0.0325,5.0,118.52,8.30028,-11.10484,1.58545,7e-05,0.17193
199.83,SYN.ETH-19JUL19,1563361176545,open,0.22,0.0,0.16,0.239,0.199749,140.87,None,0.0,ETH-19JUL19-160-C,199.84,0.0,0.0,0.0,0.0,0.0,0.0,0.00452,-0.16995,0.00809,0.00157,0.98784
199.81,SYN.ETH-26JUL19,1563361176546,open,0.02,100.0,0.001,0.057,0.017264,134.94,0.017,0.0,ETH-26JUL19-250-C,199.84,136.86,0.018,138.0,0.023,283.0,148.86,0.07843,-0.59624,0.00735,0.00599,0.1686
199.81,SYN.ETH-26JUL19,1563361176558,open,0.0,1920.0,0.001,0.04,9.1e-05,134.97,0.001,0.0,ETH-26JUL19-380-C,199.84,0.0,0.0,0.0,0.001,152.0,171.81,0.00161,-0.01222,7e-05,0.00012,0.00159
9378.49,SYN.BTC-19JUL19,1563361176567,open,0.02,266.8,0.0005,0.064,0.02326433,143.81,0.027,0.0,BTC-19JUL19-9000-P,9380.31,142.78,0.023,2.3,0.027,25.1,158.17,2.42209,-92.88466,-0.16823,0.00037,-0.32592
199.86,SYN.ETH-19JUL19,1563361176576,open,0.01,463.0,0.001,0.048,0.008575,134.87,0.011,0.0,ETH-19JUL19-220-C,199.84,142.58,0.01,200.0,0.014,344.0,162.25,0.03656,-1.315,0.00168,0.01321,0.17232
9380.85,SYN.BTC-26JUL19,1563361176578,open,0.14,265.8,0.1115,0.2035,0.15754627,129.14,0.141,0.0,BTC-26JUL19-10500-P,9380.31,129.05,0.1575,18.0,0.1665,18.0,144.87,5.25215,-38.21096,-1.90331,0.00019,-0.67689
199.81,SYN.ETH-26JUL19,1563361176594,open,0.0,1872.0,0.001,0.04,0.000507,134.97,0.001,0.0,ETH-26JUL19-340-C,199.84,0.0,0.0,0.0,0.002,118.0,160.93,0.00664,-0.0505,0.00035,0.00051,0.00775
199.86,SYN.ETH-19JUL19,1563361176596,open,0.01,0.0,0.001,0.058,0.017995,135.19,None,0.0,ETH-19JUL19-190-P,199.84,163.17,0.025,78.0,0.028,229.0,174.93,0.04856,-1.75071,-0.0031,0.01751,-0.28417
9378.49,SYN.BTC-19JUL19,1563361176584,open,0.01,198.9,0.0005,0.0425,0.0029637,144.15,0.003,0.0,BTC-19JUL19-11000-C,9380.31,138.99,0.0025,3.1,0.004,0.2,154.33,0.88113,-27.79501,0.03126,0.00014,0.06786
9378.49,SYN.BTC-19JUL19,1563361176606,open,0.12,6.1,0.063,0.1425,0.10283592,145.3,0.109,0.0,BTC-19JUL19-8500-C,9380.31,121.27,0.099,6.0,0.106,6.0,162.64,1.63223,-63.24536,0.35538,0.00025,0.84049
199.59,SYN.ETH-30AUG19,1563361176602,open,0.11,473.0,0.059,0.138,0.098349,120.63,0.1,0.0,ETH-30AUG19-240-C,199.84,113.69,0.089,502.0,0.104,223.0,124.85,0.26875,-0.36944,0.07439,0.00465,0.40837
9392.62,SYN.BTC-30AUG19,1563361176607,open,0.05,10.3,0.0015,0.081,0.04136804,116.39,0.0485,0.0,BTC-30AUG19-14000-C,9380.31,114.03,0.039,19.3,0.043,5.0,117.99,9.52894,-12.63881,1.96646,8e-05,0.21554
9380.85,SYN.BTC-26JUL19,1563361176608,open,0.03,450.9,0.0005,0.081,0.03986161,131.87,0.042,0.0,BTC-26JUL19-8500-P,9380.31,131.18,0.0395,0.1,0.044,31.5,139.7,4.92552,-36.59354,-0.72998,0.00017,-0.28017
199.86,SYN.ETH-19JUL19,1563361176615,open,0.0,152.0,0.001,0.041,0.001744,135.1,0.008,0.0,ETH-19JUL19-170-P,199.84,180.35,0.006,73.0,0.009,550.0,203.18,0.01303,-0.34986,-0.00046,0.0047,-0.04277
9404.33,BTC-27SEP19,1563361176617,open,0.09,208.8,0.042,0.1215,0.08194079,107.62,0.083,0.0,BTC-27SEP19-13000-C,9380.31,105.78,0.079,19.3,0.0855,11.0,109.82,15.11787,-11.31786,4.59844,8e-05,0.33025
199.86,SYN.ETH-19JUL19,1563361176621,open,0.0,152.0,0.001,0.041,0.001744,135.1,0.008,0.0,ETH-19JUL19-170-P,199.84,180.35,0.006,73.0,0.009,610.0,203.18,0.01303,-0.34986,-0.00046,0.0047,-0.04277
199.59,SYN.ETH-30AUG19,1563361176627,open,0.08,110.0,0.037,0.116,0.076763,121.62,0.075,0.0,ETH-30AUG19-260-C,199.84,116.28,0.07,508.0,0.083,243.0,126.53,0.25315,-0.35087,0.06283,0.00435,0.33861
9464.93,BTC-27DEC19,1563361176642,open,3.17,0.0,3.0745,3.4135,3.24397297,115.35,None,0.0,BTC-27DEC19-40000-P,9380.31,0.0,0.0005,3.0,0.0,0.0,0.0,8.37087,-2.96408,-176.3438,2e-05,-0.93126
9380.85,SYN.BTC-26JUL19,1563361176649,open,0.14,265.8,0.1115,0.2035,0.15754627,129.14,0.141,0.0,BTC-26JUL19-10500-P,9380.31,129.05,0.1575,18.0,0.166,18.0,144.0,5.25215,-38.21096,-1.90331,0.00019,-0.67689
9464.93,BTC-27DEC19,1563361176649,open,0.52,68.4,0.472,0.5515,0.51190769,97.97,0.511,0.0,BTC-27DEC19-5000-C,9380.31,92.67,0.506,11.0,0.5145,11.0,100.22,10.80243,-3.24893,16.54319,3e-05,0.9036
9404.33,BTC-27SEP19,1563361176629,open,0.09,208.8,0.042,0.1215,0.08194079,107.62,0.083,0.0,BTC-27SEP19-13000-C,9380.31,105.78,0.079,32.4,0.0855,11.0,109.82,15.11787,-11.31786,4.59844,8e-05,0.33025
9401.88,BTC-27SEP19,1563361176658,open,0.28,127.7,0.247,0.35,0.2984692,106.48,0.2865,0.0,BTC-27SEP19-11000-P,9380.31,104.79,0.2955,14.4,0.306,14.4,110.74,16.56783,-12.27179,-15.49086,9e-05,-0.53824
9378.49,SYN.BTC-19JUL19,1563361176675,open,0.12,6.1,0.063,0.1425,0.10283592,145.3,0.109,0.0,BTC-19JUL19-8500-C,9380.31,124.7,0.0995,6.0,0.106,6.0,162.64,1.63223,-63.24536,0.35538,0.00025,0.84049
9380.85,SYN.BTC-26JUL19,1563361176677,open,0.15,53.1,0.094,0.1735,0.13384429,132.03,0.1405,0.0,BTC-26JUL19-8500-C,9380.31,123.7,0.1295,6.0,0.1365,6.0,137.07,4.92684,-36.64789,1.33626,0.00017,0.71967
9464.93,BTC-27DEC19,1563361176679,open,0.25,452.1,0.1985,0.278,0.23830753,98.71,0.238,0.0,BTC-27DEC19-10000-C,9380.31,96.86,0.2335,3.6,0.242,11.0,100.14,24.46999,-7.41531,15.16145,6e-05,0.59728
9401.88,BTC-27SEP19,1563361176670,open,0.17,806.4,0.121,0.2005,0.16064916,105.43,0.161,0.0,BTC-27SEP19-10000-C,9380.31,103.07,0.1565,14.4,0.1635,11.0,107.04,16.55787,-12.14348,7.03541,9e-05,0.54065
9380.85,SYN.BTC-26JUL19,1563361176682,open,0.11,60.3,0.062,0.1415,0.10191079,131.48,0.1,0.0,BTC-26JUL19-9000-C,9380.31,124.89,0.098,11.5,0.105,29.5,136.68,5.57101,-41.26513,1.18103,0.0002,0.61969
9378.49,SYN.BTC-19JUL19,1563361176693,open,0.04,547.1,0.005,0.0885,0.04685245,139.2,0.053,0.0,BTC-19JUL19-9500-P,9380.31,143.22,0.048,2.4,0.0535,33.5,162.49,2.67323,-99.22716,-0.27865,0.00043,-0.53154
9404.33,BTC-27SEP19,1563361176689,open,0.45,35.9,0.406,0.523,0.4645181,107.76,0.391,0.0,BTC-27SEP19-13000-P,9380.31,105.25,0.4605,6.0,0.4765,6.0,115.12,15.12613,-11.33944,-20.99687,8e-05,-0.6693
9404.33,BTC-27SEP19,1563361176701,open,0.13,406.8,0.089,0.1685,0.12858508,106.48,0.13,0.0,BTC-27SEP19-11000-C,9380.31,104.16,0.1245,12.0,0.132,11.0,108.42,16.57306,-12.27617,6.17418,9e-05,0.46199
9404.33,BTC-27SEP19,1563361176724,open,0.13,406.8,0.089,0.1685,0.12858508,106.48,0.13,0.0,BTC-27SEP19-11000-C,9380.31,104.16,0.1245,26.4,0.132,11.0,108.42,16.57306,-12.27617,6.17418,9e-05,0.46199
9378.49,SYN.BTC-19JUL19,1563361176741,open,0.11,415.7,0.0815,0.1715,0.12652465,140.15,0.137,0.0,BTC-19JUL19-10500-P,9380.31,133.57,0.1255,6.0,0.133,6.0,175.59,1.50593,-56.28287,-0.47463,0.00024,-0.85865
9404.33,BTC-27SEP19,1563361176749,open,0.15,179.3,0.1135,0.2055,0.15938285,104.9,0.151,0.0,BTC-27SEP19-9000-P,9380.31,104.08,0.158,0.3,0.1645,10.8,107.95,15.78115,-11.51645,-9.83639,9e-05,-0.37177
9378.49,SYN.BTC-19JUL19,1563361176755,open,0.07,372.8,0.0395,0.1255,0.08241802,139.08,0.093,0.0,BTC-19JUL19-10000-P,9380.31,139.42,0.0825,0.1,0.089,6.0,165.64,2.24806,-83.37335,-0.38837,0.00036,-0.72371
9464.93,BTC-27DEC19,1563361176765,open,0.36,74.2,0.315,0.4245,0.36973911,99.61,0.3645,0.0,BTC-27DEC19-11000-P,9380.31,97.25,0.3635,6.0,0.376,3.6,101.97,25.08023,-7.66889,-34.93792,6e-05,-0.45748
9380.85,SYN.BTC-26JUL19,1563361176767,open,0.08,392.1,0.044,0.1305,0.08724896,129.19,0.0975,0.0,BTC-26JUL19-9500-P,9380.31,128.79,0.087,25.6,0.0945,25.5,140.86,5.83143,-42.44269,-1.30486,0.00021,-0.48482
9462.48,BTC-27DEC19,1563361176774,open,0.43,83.4,0.391,0.5065,0.44868447,100.04,0.4295,0.0,BTC-27DEC19-12000-P,9380.31,97.53,0.442,6.0,0.4555,3.6,102.6,25.2114,-7.74284,-40.41739,6e-05,-0.50851
9392.62,SYN.BTC-30AUG19,1563361176782,open,0.12,40.2,0.086,0.176,0.13085451,112.1,0.133,0.0,BTC-30AUG19-9000-P,9380.31,110.31,0.1285,19.3,0.1385,7.0,117.89,12.40412,-15.8457,-5.77332,0.0001,-0.38049
9401.88,BTC-27SEP19,1563361176784,open,0.17,806.4,0.121,0.2005,0.16064916,105.43,0.161,0.0,BTC-27SEP19-10000-C,9380.31,103.35,0.157,14.4,0.1635,11.0,107.04,16.55787,-12.14348,7.03541,9e-05,0.54065
9464.93,BTC-27DEC19,1563361176792,open,0.6,17.7,0.554,0.683,0.61837199,101.22,0.6235,0.0,BTC-27DEC19-14000-P,9380.31,98.36,0.611,6.0,0.626,3.6,104.16,24.50245,-7.61366,-51.25484,6e-05,-0.59517
199.55,SYN.ETH-30AUG19,1563361176793,open,0.52,0.0,0.49,0.613,0.551886,124.76,None,0.0,ETH-30AUG19-300-P,199.84,0.0,0.0,0.0,0.0,0.0,0.0,0.21203,-0.30145,-0.31617,0.00355,-0.76616
9380.85,SYN.BTC-26JUL19,1563361176794,open,0.11,516.2,0.0755,0.1645,0.11998676,129.17,0.131,0.0,BTC-26JUL19-10000-P,9380.31,129.19,0.12,18.1,0.128,18.0,142.3,5.70033,-41.48126,-1.60976,0.00021,-0.58575
9380.85,SYN.BTC-26JUL19,1563361176804,open,0.15,53.1,0.094,0.1735,0.13384429,132.03,0.1405,0.0,BTC-26JUL19-8500-C,9380.31,123.7,0.1295,6.0,0.137,18.0,138.01,4.92684,-36.64789,1.33626,0.00017,0.71967
9380.85,SYN.BTC-26JUL19,1563361176812,open,0.15,53.1,0.094,0.1735,0.13384429,132.03,0.1405,0.0,BTC-26JUL19-8500-C,9380.31,123.7,0.1295,6.0,0.137,17.5,138.01,4.92684,-36.64789,1.33626,0.00017,0.71967
9380.85,SYN.BTC-26JUL19,1563361176813,open,0.15,53.1,0.094,0.1735,0.13384429,132.03,0.1405,0.0,BTC-26JUL19-8500-C,9380.31,123.7,0.1295,6.0,0.1365,0.7,137.07,4.92684,-36.64789,1.33626,0.00017,0.71967
9401.88,BTC-27SEP19,1563361176820,open,0.28,127.7,0.247,0.35,0.2984692,106.48,0.2865,0.0,BTC-27SEP19-11000-P,9380.31,104.51,0.295,14.4,0.306,14.4,110.74,16.56783,-12.27179,-15.49086,9e-05,-0.53824
9464.93,BTC-27DEC19,1563361176830,open,0.28,189.9,0.2435,0.3465,0.29508889,98.81,0.279,0.0,BTC-27DEC19-10000-P,9380.31,96.46,0.289,6.0,0.3015,10.9,101.29,24.46755,-7.42182,-29.46577,6e-05,-0.40256
9378.49,SYN.BTC-19JUL19,1563361176834,open,0.11,415.7,0.0815,0.1715,0.12652465,140.15,0.137,0.0,BTC-19JUL19-10500-P,9380.31,133.57,0.1255,6.0,0.1325,6.0,173.09,1.50593,-56.28287,-0.47463,0.00024,-0.85865
9464.93,BTC-27DEC19,1563361176840,open,0.51,58.3,0.471,0.593,0.53206044,100.77,0.537,0.0,BTC-27DEC19-13000-P,9380.31,98.1,0.525,6.0,0.539,3.6,103.4,24.99541,-7.73263,-45.85479,6e-05,-0.55363
9401.88,BTC-27SEP19,1563361176849,open,0.01,1054.8,0.0005,0.0465,0.00655701,108.52,0.0045,0.0,BTC-27SEP19-4250-P,9380.31,106.59,0.006,15.0,0.0075,24.0,111.58,2.79195,-2.10762,-0.66579,1e-05,-0.0294
9464.93,BTC-27DEC19,1563361176859,open,0.02,246.9,0.0005,0.057,0.01709531,114.49,0.0165,0.0,BTC-27DEC19-40000-C,9380.31,112.58,0.0155,6.0,0.0195,21.0,117.17,8.16215,-2.86864,2.0877,2e-05,0.06653
9380.85,SYN.BTC-26JUL19,1563361176864,open,0.15,53.1,0.094,0.1735,0.13384429,132.03,0.1405,0.0,BTC-26JUL19-8500-C,9380.31,123.7,0.1295,6.0,0.137,17.5,138.01,4.92684,-36.64789,1.33626,0.00017,0.71967
9404.33,BTC-27SEP19,1563361176860,open,0.21,218.1,0.1755,0.273,0.22424813,105.52,0.2285,0.0,BTC-27SEP19-10000-P,9380.31,103.96,0.2215,16.3,0.23,4.8,108.78,16.5607,-12.15602,-12.65293,9e-05,-0.459
9464.93,BTC-27DEC19,1563361176867,open,0.52,68.4,0.472,0.5515,0.51190769,97.97,0.511,0.0,BTC-27DEC19-5000-C,9380.31,94.04,0.5075,11.0,0.5145,11.0,100.22,10.80243,-3.24893,16.54319,3e-05,0.9036
9380.85,SYN.BTC-26JUL19,1563361176875,open,0.05,733.2,0.019,0.1035,0.06122324,131.33,0.067,0.0,BTC-26JUL19-9000-P,9380.31,130.95,0.061,0.1,0.0665,31.5,140.2,5.57082,-41.21648,-1.00702,0.0002,-0.38027
9380.85,SYN.BTC-26JUL19,1563361176877,open,0.05,733.2,0.019,0.1035,0.06122324,131.33,0.067,0.0,BTC-26JUL19-9000-P,9380.31,130.95,0.061,0.1,0.0665,41.5,140.2,5.57082,-41.21648,-1.00702,0.0002,-0.38027
9404.33,BTC-27SEP19,1563361176877,open,0.49,793.2,0.4425,0.522,0.48218993,105.79,0.5945,0.0,BTC-27SEP19-5000-C,9380.31,94.45,0.477,11.0,0.4845,11.0,110.18,4.77521,-3.51415,8.53359,3e-05,0.943
199.4,ETH-27SEP19,1563361176887,open,0.03,4141.0,0.001,0.071,0.031057,118.09,0.026,0.0,ETH-27SEP19-400-C,199.84,114.98,0.028,596.0,0.034,200.0,120.98,0.1999,-0.16421,0.044,0.00216,0.14311
9378.49,SYN.BTC-19JUL19,1563361176878,open,0.04,547.1,0.005,0.0885,0.04685245,139.2,0.053,0.0,BTC-19JUL19-9500-P,9380.31,143.22,0.048,2.4,0.053,18.0,160.74,2.67323,-99.22716,-0.27865,0.00043,-0.53154
9380.85,SYN.BTC-26JUL19,1563361176885,open,0.11,60.3,0.062,0.1415,0.10191079,131.48,0.1,0.0,BTC-26JUL19-9000-C,9380.31,124.04,0.0975,29.5,0.105,29.5,136.68,5.57101,-41.26513,1.18103,0.0002,0.61969
9404.33,BTC-27SEP19,1563361176894,open,0.33,748.2,0.279,0.3585,0.31873363,104.88,0.3315,0.0,BTC-27SEP19-7000-C,9380.31,98.86,0.3115,11.0,0.3535,11.0,132.51,11.43156,-8.34019,9.04329,6e-05,0.80706
199.59,SYN.ETH-30AUG19,1563361176905,open,0.17,123.0,0.124,0.203,0.163973,119.98,0.155,0.0,ETH-30AUG19-200-C,199.84,113.42,0.155,178.0,0.17,178.0,124.48,0.27043,-0.36977,0.09994,0.00471,0.58045
199.81,SYN.ETH-26JUL19,1563361176912,open,0.03,1358.0,0.001,0.081,0.039651,135.09,0.036,0.0,ETH-26JUL19-180-P,199.84,137.59,0.041,367.0,0.049,200.0,152.76,0.10376,-0.78968,-0.01524,0.00791,-0.2739
199.59,SYN.ETH-30AUG19,1563361176919,open,0.04,150.0,0.001,0.081,0.040194,123.22,0.041,0.0,ETH-30AUG19-140-P,199.84,117.88,0.036,271.0,0.044,475.0,127.87,0.16013,-0.22485,-0.04523,0.00271,-0.14831
201.34,ETH-27DEC19,1563361176973,open,0.1,488.0,0.053,0.132,0.092829,109.64,0.091,0.0,ETH-27DEC19-400-C,199.84,105.68,0.084,381.0,0.1,311.0,112.77,0.45582,-0.15342,0.17172,0.0023,0.28396
199.4,ETH-27SEP19,1563361176975,open,0.19,3341.0,0.15,0.245,0.197844,111.86,0.198,0.0,ETH-27SEP19-200-P,199.84,108.48,0.192,334.0,0.204,120.0,115.46,0.3428,-0.26675,-0.23644,0.00391,-0.40434
9404.33,BTC-27SEP19,1563361177034,open,0.49,793.2,0.4425,0.522,0.48218993,105.79,0.5945,0.0,BTC-27SEP19-5000-C,9380.31,96.85,0.478,11.0,0.4845,11.0,110.18,4.77521,-3.51415,8.53359,3e-05,0.943
9464.93,BTC-27DEC19,1563361177043,open,0.33,205.5,0.282,0.3615,0.32160719,98.01,0.32,0.0,BTC-27DEC19-8000-C,9380.31,94.63,0.314,11.0,0.3235,11.0,98.86,21.26671,-6.39878,16.84556,5e-05,0.72045
9401.88,BTC-27SEP19,1563361177060,open,0.4,714.8,0.355,0.4345,0.39465616,105.22,0.434,0.0,BTC-27SEP19-6000-C,9380.31,99.71,0.39,11.0,0.398,11.0,109.02,8.14611,-5.96244,9.06046,4e-05,0.88404
9404.33,BTC-27SEP19,1563361177075,open,0.33,748.2,0.279,0.3585,0.31885258,104.88,0.3315,0.0,BTC-27SEP19-7000-C,9380.31,99.7,0.3125,11.0,0.3535,11.0,132.51,11.43156,-8.34019,9.04329,6e-05,0.80706
9392.62,SYN.BTC-30AUG19,1563361177085,open,0.08,41.1,0.039,0.125,0.0818431,113.38,0.079,0.0,BTC-30AUG19-8000-P,9380.31,110.5,0.0785,19.3,0.085,3.0,116.15,10.82003,-13.97996,-4.002,9e-05,-0.27265
9392.62,SYN.BTC-30AUG19,1563361177087,open,0.02,0.5,0.0005,0.0545,0.01480603,120.82,0.02,0.0,BTC-30AUG19-18000-C,9380.31,116.52,0.0125,10.0,0.0165,15.0,123.74,5.27025,-7.25661,0.84424,4e-05,0.08959
9392.62,SYN.BTC-30AUG19,1563361177146,open,0.1,27.6,0.0565,0.136,0.09648562,113.13,0.09,0.0,BTC-30AUG19-11000-C,9380.31,110.16,0.0925,14.4,0.1,5.0,115.7,12.7171,-16.39557,3.63135,0.00011,0.41815
199.81,SYN.ETH-26JUL19,1563361177151,open,0.03,979.0,0.001,0.064,0.024366,134.94,0.031,0.0,ETH-26JUL19-240-C,199.84,138.49,0.026,122.0,0.03,265.0,146.78,0.09271,-0.70481,0.0096,0.00708,0.22191
9380.85,SYN.BTC-26JUL19,1563361177149,open,0.08,103.8,0.035,0.1145,0.0746008,129.34,0.087,0.0,BTC-26JUL19-9500-C,9380.31,125.09,0.072,29.5,0.0765,0.3,132.33,5.83139,-42.4922,1.00503,0.00021,0.51526
9392.62,SYN.BTC-30AUG19,1563361177150,open,0.1,27.6,0.0565,0.136,0.09648562,113.13,0.09,0.0,BTC-30AUG19-11000-C,9380.31,110.16,0.0925,14.4,0.1,15.0,115.7,12.7171,-16.39557,3.63135,0.00011,0.41815
199.81,SYN.ETH-26JUL19,1563361177161,open,0.04,0.0,0.001,0.073,0.033929,134.93,None,0.0,ETH-26JUL19-230-C,199.84,137.01,0.035,120.0,0.041,243.0,148.07,0.10605,-0.80616,0.01227,0.0081,0.28654
9404.33,BTC-27SEP19,1563361177161,open,0.26,901.1,0.2155,0.295,0.25504372,104.93,0.25,0.0,BTC-27SEP19-8000-C,9380.31,99.25,0.2465,11.0,0.2565,11.0,105.95,14.06999,-10.26997,8.59498,8e-05,0.71909
9462.48,BTC-27DEC19,1563361177179,open,0.11,238.8,0.071,0.16,0.11541089,98.06,0.1195,0.0,BTC-27DEC19-7000-P,9380.31,95.54,0.1105,14.9,0.117,6.0,98.87,18.49136,-5.56641,-13.97016,5e-05,-0.21544
199.81,SYN.ETH-26JUL19,1563361177175,open,0.07,3238.0,0.041,0.127,0.084334,135.13,0.092,0.0,ETH-26JUL19-200-P,199.84,137.69,0.086,130.0,0.095,294.0,152.25,0.12367,-0.9415,-0.02644,0.00943,-0.45981
199.86,SYN.ETH-19JUL19,1563361177181,open,0.0,262.0,0.001,0.041,0.001197,134.91,0.003,0.0,ETH-19JUL19-240-C,199.84,131.03,0.001,461.0,0.003,100.0,160.63,0.01043,-0.23823,0.00032,0.00377,0.03255
199.4,ETH-27SEP19,1563361177187,open,0.05,1732.0,0.003,0.082,0.042126,115.93,0.043,0.0,ETH-27SEP19-360-C,199.84,113.26,0.039,591.0,0.045,161.0,118.31,0.23731,-0.19139,0.05665,0.00261,0.18642
199.86,SYN.ETH-19JUL19,1563361177203,open,0.03,502.0,0.001,0.059,0.019254,134.82,0.033,0.0,ETH-19JUL19-210-C,199.84,149.4,0.023,99.0,0.027,214.0,164.46,0.05132,-1.84493,0.0031,0.01855,0.32134
199.86,SYN.ETH-19JUL19,1563361177210,open,0.05,154.0,0.001,0.078,0.038245,134.75,0.046,0.0,ETH-19JUL19-200-C,199.84,148.14,0.042,84.0,0.049,149.0,172.66,0.0571,-2.05171,0.00491,0.02065,0.51633
9464.84,BTC-27DEC19,1563361177218,open,0.48,60.5,0.4345,0.514,0.47416053,98.06,0.567,0.0,BTC-27DEC19-5500-C,9380.31,94.99,0.47,1.0,0.966,5.0,500.0,12.9276,-3.89168,16.98031,3e-05,0.8762
199.83,SYN.ETH-19JUL19,1563361177218,open,0.0,403.0,0.001,0.04,0.000318,134.92,0.006,0.0,ETH-19JUL19-160-P,199.84,195.45,0.003,74.0,0.006,663.0,229.62,0.00364,-0.0635,-0.0001,0.00131,-0.00946
199.83,SYN.ETH-19JUL19,1563361177225,open,0.0,403.0,0.001,0.04,0.000318,134.92,0.006,0.0,ETH-19JUL19-160-P,199.84,195.45,0.003,74.0,0.006,669.0,229.62,0.00364,-0.0635,-0.0001,0.00131,-0.00946
9380.85,SYN.BTC-26JUL19,1563361177248,open,0.11,60.3,0.062,0.1415,0.10186307,131.48,0.1,0.0,BTC-26JUL19-9000-C,9380.31,124.04,0.0975,29.5,0.105,11.5,136.68,5.57101,-41.26513,1.18103,0.0002,0.61969
9392.62,SYN.BTC-30AUG19,1563361177251,open,0.08,28.3,0.0325,0.112,0.07234901,114.15,0.082,0.0,BTC-30AUG19-12000-C,9380.31,111.47,0.069,19.3,0.075,5.0,116.22,11.88917,-15.46637,2.98587,0.0001,0.33684
9380.85,SYN.BTC-26JUL19,1563361177265,open,0.0,389.3,0.0005,0.042,0.00210994,137.91,0.002,0.0,BTC-26JUL19-14500-C,9380.31,131.03,0.0015,11.0,0.003,3.3,145.91,0.92818,-7.21137,0.0581,3e-05,0.02758
9392.62,SYN.BTC-30AUG19,1563361177274,open,0.03,26.9,0.0005,0.064,0.02414817,118.4,0.0235,0.0,BTC-30AUG19-16000-C,9380.31,114.81,0.0215,24.0,0.026,5.0,120.77,7.15368,-9.65204,1.27772,6e-05,0.13733
9464.93,BTC-27DEC19,1563361177275,open,0.05,172.4,0.0095,0.089,0.04927455,106.91,0.0485,0.0,BTC-27DEC19-24000-C,9380.31,105.58,0.047,4.9,0.052,11.0,108.51,16.1272,-5.2928,5.18998,4e-05,0.17212
9404.02,BTC-27SEP19,1563361177276,open,2.35,0.0,2.271,2.543,2.40697274,122.84,None,0.0,BTC-27SEP19-32000-P,9380.31,0.0,0.0,0.0,0.0,0.0,0.0,2.37237,-2.02723,-62.64304,1e-05,-0.97581
9404.33,BTC-27SEP19,1563361177295,open,0.0,122.0,0.0005,0.0435,0.00378046,111.64,0.0015,0.0,BTC-27SEP19-3750-P,9380.31,107.31,0.003,19.5,0.0045,24.0,115.15,1.82151,-1.41458,-0.39794,1e-05,-0.0177
199.78,SYN.ETH-26JUL19,1563361177297,open,0.12,0.0,0.069,0.148,0.108643,135.14,None,0.0,ETH-26JUL19-190-C,199.84,132.34,0.107,150.0,0.118,150.0,151.06,0.11716,-0.89198,0.02554,0.00893,0.63443
9378.49,SYN.BTC-19JUL19,1563361177318,open,0.08,24.0,0.024,0.1035,0.06365328,144.14,0.056,0.0,BTC-19JUL19-9000-C,9380.31,131.63,0.0605,0.7,0.067,18.0,156.81,2.42297,-93.13536,0.29392,0.00037,0.67379
9392.62,SYN.BTC-30AUG19,1563361177375,open,0.14,30.4,0.0905,0.17,0.13013389,113.12,0.1215,0.0,BTC-30AUG19-10000-C,9380.31,109.01,0.1245,14.4,0.132,5.0,114.44,12.98292,-16.73629,4.33906,0.00011,0.51449
9392.62,SYN.BTC-30AUG19,1563361177380,open,0.25,14.6,0.217,0.318,0.26761781,113.04,0.2625,0.0,BTC-30AUG19-11000-P,9380.31,111.54,0.2655,14.4,0.278,3.0,120.75,12.71581,-16.3805,-9.592,0.00011,-0.58204
9464.93,BTC-27DEC19,1563361177383,open,0.45,122.9,0.399,0.4785,0.4388897,97.99,0.439,0.0,BTC-27DEC19-6000-C,9380.31,93.98,0.4325,11.0,0.441,11.0,99.39,14.93709,-4.49341,17.2413,4e-05,0.847
9383.28,SYN.BTC-26JUL19,1563361177399,open,0.18,381.0,0.1515,0.247,0.19923433,129.78,0.215,0.0,BTC-26JUL19-11000-P,9380.31,127.26,0.198,7.5,0.211,7.5,152.62,4.61855,-33.76847,-2.17285,0.00017,-0.75312
9404.02,BTC-27SEP19,1563361177401,open,0.26,901.1,0.2155,0.295,0.25504372,104.98,0.25,0.0,BTC-27SEP19-8000-C,9380.31,100.27,0.248,11.0,0.2565,11.0,105.96,14.07062,-10.27612,8.59253,8e-05,0.71905
9392.62,SYN.BTC-30AUG19,1563361177436,open,0.25,14.6,0.217,0.318,0.26761781,113.04,0.2625,0.0,BTC-30AUG19-11000-P,9380.31,111.54,0.2655,14.4,0.277,3.0,120.01,12.71581,-16.3805,-9.592,0.00011,-0.58204
9404.02,BTC-27SEP19,1563361177437,open,0.0,442.4,0.0005,0.043,0.0034026,119.57,0.0025,0.0,BTC-27SEP19-32000-C,9380.31,111.99,0.002,39.0,0.005,29.9,125.92,2.06714,-1.71946,0.31745,1e-05,0.02055
9464.84,BTC-27DEC19,1563361177437,open,3.99,0.0,3.8795,4.286,4.08273353,116.89,None,0.0,BTC-27DEC19-48000-P,9380.31,0.0,0.0,0.0,0.0,0.0,0.0,6.05877,-2.17407,-212.74385,1e-05,-0.95438
199.4,ETH-27SEP19,1563361177437,open,0.03,4141.0,0.001,0.071,0.031057,118.09,0.026,0.0,ETH-27SEP19-400-C,199.84,114.98,0.028,597.0,0.034,200.0,120.98,0.1999,-0.16421,0.044,0.00216,0.14311
9464.93,BTC-27DEC19,1563361177438,open,0.52,68.4,0.4725,0.552,0.51200904,97.97,0.511,0.0,BTC-27DEC19-5000-C,9380.31,94.04,0.5075,11.0,0.515,11.0,100.65,10.80243,-3.24893,16.54319,3e-05,0.9036
9464.93,BTC-27DEC19,1563361177452,open,0.45,122.9,0.399,0.4785,0.4388897,97.99,0.439,0.0,BTC-27DEC19-6000-C,9380.31,94.62,0.4335,11.0,0.441,11.0,99.39,14.93709,-4.49341,17.2413,4e-05,0.847
9383.28,SYN.BTC-26JUL19,1563361177470,open,0.18,381.0,0.1515,0.247,0.19923433,129.78,0.215,0.0,BTC-26JUL19-11000-P,9380.31,127.26,0.198,7.5,0.2095,7.5,149.8,4.61855,-33.76847,-2.17285,0.00017,-0.75312
9401.88,BTC-27SEP19,1563361177483,open,0.36,60.1,0.3245,0.4345,0.37952756,107.44,0.395,0.0,BTC-27SEP19-12000-P,9380.31,105.72,0.3765,2.7,0.39,6.0,113.61,16.0338,-11.98366,-18.27604,9e-05,-0.60773
199.59,SYN.ETH-30AUG19,1563361177499,open,0.16,220.0,0.12,0.212,0.166032,120.1,0.147,0.0,ETH-30AUG19-200-P,199.84,114.85,0.159,266.0,0.178,137.0,128.88,0.27042,-0.3701,-0.14049,0.0047,-0.41947
199.4,ETH-27SEP19,1563361177501,open,0.17,1106.0,0.119,0.198,0.158917,112.12,0.158,0.0,ETH-27SEP19-220-C,199.84,108.23,0.152,201.0,0.166,120.0,116.14,0.35254,-0.27496,0.14195,0.00402,0.5204
9404.02,BTC-27SEP19,1563361177633,open,0.45,224.0,0.397,0.4765,0.43695504,105.19,0.5225,0.0,BTC-27SEP19-5500-C,9380.31,98.35,0.4325,11.0,0.44,11.0,109.55,6.40217,-4.68483,8.88201,3e-05,0.91659
9401.88,BTC-27SEP19,1563361177638,open,0.36,60.1,0.3245,0.4345,0.37952756,107.44,0.395,0.0,BTC-27SEP19-12000-P,9380.31,105.72,0.3765,2.7,0.389,6.0,113.03,16.0338,-11.98366,-18.27604,9e-05,-0.60773
199.83,SYN.ETH-19JUL19,1563361177667,open,0.27,789.0,0.25,0.353,0.30123,0.0,0.297,0.0,ETH-19JUL19-260-P,199.84,0.0,0.282,10.0,0.331,10.0,391.98,0.0,0.0,-0.01336,0.0,-1.0
9404.33,BTC-27SEP19,1563361177682,open,0.09,208.8,0.0425,0.122,0.08200133,107.62,0.083,0.0,BTC-27SEP19-13000-C,9380.31,105.78,0.079,32.4,0.086,11.0,110.13,15.11787,-11.31786,4.59844,8e-05,0.33025
199.86,SYN.ETH-19JUL19,1563361177727,open,0.06,166.0,0.028,0.112,0.07,135.44,0.076,0.0,ETH-19JUL19-210-P,199.84,161.68,0.077,77.0,0.082,262.0,180.22,0.05138,-1.85552,-0.00768,0.01849,-0.67774
199.81,SYN.ETH-26JUL19,1563361177735,open,0.05,711.0,0.007,0.086,0.046551,134.92,0.054,0.0,ETH-26JUL19-220-C,199.84,134.06,0.046,322.0,0.054,218.0,147.63,0.11682,-0.88797,0.01534,0.00892,0.36231
199.37,ETH-27SEP19,1563361177748,open,0.05,7577.0,0.017,0.1,0.058605,113.07,0.057,0.0,ETH-27SEP19-140-P,199.84,109.88,0.055,257.0,0.062,160.0,116.12,0.22361,-0.17588,-0.0896,0.00253,-0.16967
199.83,SYN.ETH-19JUL19,1563361177757,open,0.0,1033.0,0.001,0.04,7e-06,135.06,0.001,0.0,ETH-19JUL19-280-C,199.84,0.0,0.0,0.0,0.001,183.0,217.62,0.00016,-0.00142,0.0,6e-05,0.00029
199.59,SYN.ETH-30AUG19,1563361177758,open,0.07,260.0,0.022,0.101,0.061199,123.51,0.056,0.0,ETH-30AUG19-280-C,199.84,119.06,0.056,252.0,0.066,261.0,127.6,0.23381,-0.3291,0.05302,0.00395,0.28217
9464.84,BTC-27DEC19,1563361177765,open,1.74,0.0,1.6775,1.9,1.78862851,107.88,None,0.0,BTC-27DEC19-26000-P,9380.31,0.0,0.005,10.0,2.5955,0.2,500.0,14.65678,-4.85373,-111.49762,3e-05,-0.85129
9464.84,BTC-27DEC19,1563361177778,open,2.76,1.3,2.672,2.9775,2.82462723,112.6,2.792,0.0,BTC-27DEC19-36000-P,9380.31,0.0,0.0005,1.0,0.0,0.0,0.0,9.4676,-3.27273,-158.12277,2e-05,-0.91923
199.81,SYN.ETH-26JUL19,1563361177771,open,0.07,216.0,0.023,0.102,0.06285,134.91,0.066,0.0,ETH-26JUL19-210-C,199.84,135.24,0.063,128.0,0.071,190.0,148.19,0.12324,-0.93663,0.01871,0.00941,0.44781
199.81,SYN.ETH-26JUL19,1563361177781,open,0.02,545.0,0.001,0.052,0.012082,134.95,0.012,0.0,ETH-26JUL19-260-C,199.84,134.75,0.012,388.0,0.017,297.0,149.14,0.06446,-0.49004,0.00553,0.00492,0.12589
9378.49,SYN.BTC-19JUL19,1563361177794,open,0.0,0.6,0.0005,0.0405,0.00052143,144.95,0.0025,0.0,BTC-19JUL19-7500-P,9380.31,160.11,0.001,23.1,0.0025,0.5,189.07,0.23666,-4.87809,-0.00689,4e-05,-0.01378
199.78,SYN.ETH-26JUL19,1563361177853,open,0.0,1117.0,0.001,0.04,7e-06,135.02,0.001,0.0,ETH-26JUL19-440-C,199.84,0.0,0.0,0.0,0.001,283.0,204.25,0.00016,-0.00123,1e-05,1e-05,0.00013
199.37,ETH-27SEP19,1563361177890,open,0.11,1655.0,0.066,0.145,0.105306,112.36,0.112,0.0,ETH-27SEP19-260-C,199.84,108.64,0.099,233.0,0.112,160.0,116.28,0.33907,-0.26503,0.11118,0.00386,0.3885
199.78,SYN.ETH-26JUL19,1563361177896,open,0.23,0.0,0.174,0.253,0.213304,135.33,None,0.0,ETH-26JUL19-160-C,199.84,0.0,0.0,0.0,0.0,0.0,0.0,0.06358,-0.48473,0.03222,0.00484,0.87653
9404.02,BTC-27SEP19,1563361177916,open,0.59,227.5,0.5395,0.619,0.57948434,109.23,0.7065,0.0,BTC-27SEP19-4000-C,9380.31,0.0,0.5745,11.0,0.5815,11.0,116.92,2.22637,-1.69174,7.37182,1e-05,0.97757
9464.93,BTC-27DEC19,1563361177922,open,0.16,237.6,0.1205,0.2135,0.16693871,98.11,0.1565,0.0,BTC-27DEC19-8000-P,9380.31,95.64,0.1615,14.9,0.171,6.0,99.87,21.26581,-6.40505,-18.86155,5e-05,-0.27952
9464.93,BTC-27DEC19,1563361177936,open,0.22,301.2,0.178,0.2755,0.226575,98.12,0.2165,0.0,BTC-27DEC19-9000-P,9380.31,96.0,0.2215,4.9,0.2325,6.0,100.48,23.24157,-7.00076,-24.05835,6e-05,-0.3429
9401.88,BTC-27SEP19,1563361177939,open,0.53,78.2,0.493,0.617,0.55516905,108.36,0.54,0.0,BTC-27SEP19-14000-P,9380.31,104.94,0.55,6.0,0.569,6.0,117.51,14.00527,-10.55705,-23.63557,7e-05,-0.7216
9464.93,BTC-27DEC19,1563361177950,open,0.16,237.6,0.1205,0.2135,0.16693871,98.11,0.1565,0.0,BTC-27DEC19-8000-P,9380.31,95.64,0.1615,14.9,0.17,6.0,99.42,21.26581,-6.40505,-18.86155,5e-05,-0.27952
9378.49,SYN.BTC-19JUL19,1563361177959,open,0.2,224.5,0.1785,0.276,0.2272477,141.59,0.245,0.0,BTC-19JUL19-11500-P,9380.31,0.0,0.2225,6.0,0.237,6.0,238.78,0.3938,-14.86907,-0.57912,6e-05,-0.97493
199.37,ETH-27SEP19,1563361177962,open,0.06,1846.0,0.021,0.1,0.060688,115.11,0.06,0.0,ETH-27SEP19-320-C,199.84,113.91,0.059,1.0,0.064,160.0,117.44,0.28183,-0.22568,0.07478,0.00313,0.25115
9464.93,BTC-27DEC19,1563361177961,open,0.22,301.2,0.178,0.2755,0.226575,98.12,0.2165,0.0,BTC-27DEC19-9000-P,9380.31,96.0,0.2215,4.9,0.2315,6.0,100.07,23.24157,-7.00076,-24.05835,6e-05,-0.3429
9401.88,BTC-27SEP19,1563361177970,open,0.53,78.2,0.493,0.617,0.55516905,108.36,0.54,0.0,BTC-27SEP19-14000-P,9380.31,104.94,0.55,6.0,0.568,6.0,116.87,14.00527,-10.55705,-23.63557,7e-05,-0.7216
199.37,ETH-27SEP19,1563361178002,open,0.09,1914.0,0.047,0.126,0.086128,112.66,0.087,0.0,ETH-27SEP19-280-C,199.84,108.83,0.08,407.0,0.092,160.0,116.27,0.32186,-0.25224,0.09724,0.00365,0.33381
199.37,ETH-27SEP19,1563361177999,open,0.01,4110.0,0.001,0.055,0.014921,116.09,0.012,0.0,ETH-27SEP19-100-P,199.84,109.9,0.012,556.0,0.018,500.0,122.06,0.09861,-0.07964,-0.0275,0.00109,-0.05514
199.4,ETH-27SEP19,1563361178012,open,0.13,4995.0,0.097,0.187,0.141916,111.98,0.139,0.0,ETH-27SEP19-180-P,199.84,108.29,0.136,167.0,0.148,160.0,115.81,0.31837,-0.24801,-0.18323,0.00363,-0.32476
199.78,SYN.ETH-26JUL19,1563361178039,open,0.29,867.0,0.261,0.365,0.313297,134.42,0.303,0.0,ETH-26JUL19-260-P,199.84,115.7,0.308,120.0,0.352,30.0,222.39,0.064,-0.48468,-0.05774,0.00491,-0.87536
9464.93,BTC-27DEC19,1563361178054,open,0.02,246.9,0.0005,0.057,0.0171042,114.49,0.0165,0.0,BTC-27DEC19-40000-C,9380.31,111.96,0.015,6.0,0.0195,21.0,117.17,8.16215,-2.86864,2.0877,2e-05,0.06653
9404.02,BTC-27SEP19,1563361178056,open,0.01,1054.8,0.0005,0.0465,0.00656089,108.56,0.0045,0.0,BTC-27SEP19-4250-P,9380.31,106.62,0.006,15.0,0.008,24.0,113.15,2.79288,-2.10911,-0.66608,1e-05,-0.02941
9392.62,SYN.BTC-30AUG19,1563361178085,open,0.02,0.5,0.0005,0.0585,0.01883672,119.64,0.019,0.0,BTC-30AUG19-17000-C,9380.31,115.12,0.016,34.0,0.0205,5.0,122.12,6.15107,-8.38681,1.03701,5e-05,0.1107
199.37,ETH-27SEP19,1563361178092,open,0.71,0.0,0.662,0.741,0.701595,134.03,0.01,0.0,ETH-27SEP19-60-C,199.84,0.0,0.003,10.0,0.0,0.0,0.0,0.02413,-0.0225,0.11312,0.00023,0.98973
199.37,ETH-27SEP19,1563361178104,open,0.39,1374.0,0.353,0.465,0.409371,112.34,0.42,0.0,ETH-27SEP19-260-P,199.84,90.33,0.373,110.0,0.0,0.0,0.0,0.33906,-0.26496,-0.40081,0.00386,-0.61156
199.37,ETH-27SEP19,1563361178111,open,0.47,981.0,0.431,0.549,0.49034,112.52,0.48,0.0,ETH-27SEP19-280-P,199.84,85.87,0.45,110.0,0.0,0.0,0.0,0.32171,-0.25183,-0.4542,0.00365,-0.66658
199.37,ETH-27SEP19,1563361178129,open,1.38,0.0,1.328,1.521,1.424775,120.85,None,0.0,ETH-27SEP19-480-P,199.84,0.0,0.0,0.0,0.0,0.0,0.0,0.13804,-0.11605,-0.91846,0.00146,-0.91469
201.3,ETH-27DEC19,1563361178137,open,0.07,624.0,0.026,0.105,0.06555,111.3,0.068,0.0,ETH-27DEC19-480-C,199.84,107.32,0.058,738.0,0.071,40.0,114.07,0.39046,-0.13341,0.13218,0.00194,0.2127
9380.85,SYN.BTC-26JUL19,1563361178195,open,0.11,60.3,0.062,0.1415,0.10186356,131.48,0.1,0.0,BTC-26JUL19-9000-C,9380.31,124.04,0.0975,29.5,0.105,29.5,136.68,5.57101,-41.26513,1.18103,0.0002,0.61969
9462.48,BTC-27DEC19,1563361178217,open,0.36,93.7,0.308,0.3875,0.34755627,98.08,0.346,0.0,BTC-27DEC19-7500-C,9380.31,94.48,0.34,11.0,0.349,11.0,98.74,19.97981,-6.01543,17.09686,5e-05,0.75249
9464.93,BTC-27DEC19,1563361178219,open,0.29,181.6,0.236,0.3155,0.27569612,98.02,0.287,0.0,BTC-27DEC19-9000-C,9380.31,96.15,0.271,3.6,0.2795,11.0,99.61,23.24405,-6.99415,16.10922,6e-05,0.65701
9380.85,SYN.BTC-26JUL19,1563361178228,open,0.22,273.8,0.195,0.294,0.24438497,129.79,0.222,0.0,BTC-26JUL19-11500-P,9380.31,124.13,0.242,7.5,0.256,7.5,155.86,3.87402,-28.32707,-2.42148,0.00014,-0.81732
199.78,SYN.ETH-26JUL19,1563361178241,open,0.0,1248.0,0.001,0.04,0.0,135.02,0.001,0.0,ETH-26JUL19-560-C,199.84,0.0,0.0,0.0,0.001,389.0,255.48,0.0,-1e-05,0.0,0.0,0.0
9404.33,BTC-27SEP19,1563361178356,open,0.01,288.9,0.0005,0.0505,0.01074984,115.73,0.009,0.0,BTC-27SEP19-24000-C,9380.31,112.2,0.009,39.0,0.0125,11.0,118.98,4.87268,-3.92274,0.88427,2e-05,0.05849
9464.72,BTC-27DEC19,1563361178358,open,1.54,0.0,1.482,1.688,1.58495105,106.9,None,0.0,BTC-27DEC19-24000-P,9380.31,0.0,0.0065,1.0,2.389,0.2,500.0,16.12348,-5.29098,-101.9074,4e-05,-0.82793
9392.62,SYN.BTC-30AUG19,1563361178360,open,0.08,28.3,0.0325,0.112,0.0723489,114.15,0.082,0.0,BTC-30AUG19-12000-C,9380.31,111.07,0.0685,19.3,0.075,5.0,116.22,11.88917,-15.46637,2.98587,0.0001,0.33684
9404.02,BTC-27SEP19,1563361178370,open,0.01,190.2,0.0005,0.0455,0.00577037,117.44,0.006,0.0,BTC-27SEP19-28000-C,9380.31,113.3,0.0045,39.0,0.007,3.0,120.96,3.10335,-2.53545,0.51189,2e-05,0.03341
201.3,ETH-27DEC19,1563361178373,open,1.41,21.0,1.352,1.547,1.449576,111.05,0.629,0.0,ETH-27DEC19-480-P,199.84,0.0,1.347,110.0,0.0,0.0,0.0,0.3894,-0.13275,-2.01019,0.00194,-0.78828
9378.49,SYN.BTC-19JUL19,1563361178373,open,0.02,115.8,0.0005,0.056,0.01622193,139.48,0.015,0.0,BTC-19JUL19-10000-C,9380.31,138.46,0.016,2.0,0.017,0.1,142.61,2.25073,-83.71309,0.12561,0.00036,0.27696
9404.02,BTC-27SEP19,1563361178364,open,0.21,218.1,0.1755,0.273,0.22408202,105.41,0.2285,0.0,BTC-27SEP19-10000-P,9380.31,104.23,0.222,14.4,0.23,4.8,108.77,16.56091,-12.14383,-12.65268,9e-05,-0.45917
9404.02,BTC-27SEP19,1563361178405,open,0.21,218.1,0.1755,0.273,0.22408202,105.41,0.2285,0.0,BTC-27SEP19-10000-P,9380.31,104.23,0.222,14.4,0.2295,4.7,108.49,16.56091,-12.14383,-12.65268,9e-05,-0.45917
9404.02,BTC-27SEP19,1563361178427,open,0.0,122.0,0.0005,0.0435,0.00378116,111.61,0.0015,0.0,BTC-27SEP19-3750-P,9380.31,107.3,0.003,19.6,0.0045,24.0,115.14,1.82056,-1.41357,-0.39768,1e-05,-0.01769
9403.98,BTC-27SEP19,1563361178445,open,2.14,0.0,2.0675,2.3225,2.19496181,120.08,None,0.0,BTC-27SEP19-30000-P,9380.31,0.0,0.0,0.0,0.0,0.0,0.0,2.68293,-2.24109,-58.64575,1e-05,-0.97198
9464.93,BTC-27DEC19,1563361178454,open,0.02,186.2,0.0005,0.061,0.02111261,112.63,0.031,0.0,BTC-27DEC19-36000-C,9380.31,110.99,0.0195,6.0,0.0235,11.0,114.95,9.47417,-3.27572,2.52311,2e-05,0.08084
9380.93,SYN.BTC-19JUL19,1563361178457,open,0.2,224.5,0.1785,0.276,0.22724771,150.43,0.245,0.0,BTC-19JUL19-11500-P,9380.31,0.0,0.222,6.0,0.237,6.0,240.61,0.49803,-19.97833,-0.57539,7e-05,-0.96675
9464.72,BTC-27DEC19,1563361178467,open,2.35,0.3,2.2715,2.544,2.40778564,110.67,2.435,0.0,BTC-27DEC19-32000-P,9381.06,0.0,0.0,0.0,0.0,0.0,0.0,11.14485,-3.78637,-139.67775,3e-05,-0.89939
9464.72,BTC-27DEC19,1563361178467,open,3.58,0.0,3.4775,3.85,3.66374354,117.19,None,0.0,BTC-27DEC19-44000-P,9381.06,0.0,0.0,0.0,0.0,0.0,0.0,7.3371,-2.63951,-194.52079,2e-05,-0.94197
9464.72,BTC-27DEC19,1563361178467,open,3.17,0.0,3.074,3.4125,3.24323164,114.39,None,0.0,BTC-27DEC19-40000-P,9381.06,0.0,0.0005,3.0,0.0,0.0,0.0,8.13802,-2.85773,-176.41256,2e-05,-0.93373
9464.72,BTC-27DEC19,1563361178467,open,4.41,1.0,4.2835,4.7235,4.50362892,118.14,4.454,0.0,BTC-27DEC19-52000-P,9381.06,0.0,0.001,1.0,0.0,0.0,0.0,5.31995,-1.92934,-230.80349,1e-05,-0.96116
9403.98,BTC-27SEP19,1563361178468,open,2.35,0.0,2.27,2.542,2.40620214,119.5,None,0.0,BTC-27SEP19-32000-P,9381.06,0.0,0.0,0.0,0.0,0.0,0.0,2.06092,-1.71331,-62.69732,1e-05,-0.97953
9464.72,BTC-27DEC19,1563361178468,open,0.85,0.0,0.803,0.8825,0.84277999,122.22,None,0.0,BTC-27DEC19-1500-C,9381.06,0.0,0.021,10.0,0.984,0.5,500.0,0.72468,-0.27189,6.47732,0.0,0.99614
9403.98,BTC-27SEP19,1563361178467,open,0.84,42.8,0.801,0.8805,0.84065545,145.51,0.815,0.0,BTC-27SEP19-1500-C,9381.06,0.0,0.01,1.0,0.0,0.0,0.0,0.11094,-0.11229,2.93644,0.0,0.99923
9404.73,BTC-27SEP19,1563361178469,open,0.01,408.5,0.0005,0.0545,0.01399092,106.05,0.012,0.0,BTC-27SEP19-5000-P,9381.06,104.08,0.013,15.0,0.016,24.0,109.87,4.79557,-3.53792,-1.32045,3e-05,-0.05731
9465.47,BTC-27DEC19,1563361178469,open,1.94,0.1,1.8745,2.1135,1.99384047,108.92,2.02,0.0,BTC-27DEC19-28000-P,9381.06,0.0,0.001,1.0,2.5,0.1,319.65,13.36924,-4.47016,-120.96701,3e-05,-0.87009
9465.47,BTC-27DEC19,1563361178470,open,0.0,148.7,0.0005,0.041,0.00125977,122.18,0.0005,0.0,BTC-27DEC19-1500-P,9381.06,0.0,0.0,0.0,0.0025,16.0,134.94,0.72336,-0.27131,-0.2157,0.0,-0.00385
9465.47,BTC-27DEC19,1563361178470,open,0.74,0.0,0.7,0.7795,0.73982979,105.6,None,0.0,BTC-27DEC19-2500-C,9381.06,0.0,0.0155,3.0,0.978,0.5,500.0,2.0525,-0.66539,10.45917,0.0,0.98745
9465.47,BTC-27DEC19,1563361178471,open,1.15,1.6,1.098,1.272,1.18489897,105.07,1.0905,0.0,BTC-27DEC19-20000-P,9381.06,0.0,0.005,5.0,1.466,1.0,215.92,19.53772,-6.30214,-82.26039,5e-05,-0.76264
9465.47,BTC-27DEC19,1563361178471,open,0.65,4.0,0.6025,0.682,0.64203219,100.16,0.64,0.0,BTC-27DEC19-3500-C,9381.06,0.0,0.0075,0.2,0.78,1.0,256.48,4.8014,-1.47631,13.67255,1e-05,0.96573
9465.47,BTC-27DEC19,1563361178472,open,2.15,0.2,2.0725,2.328,2.20034589,109.9,2.2245,0.0,BTC-27DEC19-30000-P,9381.06,0.0,0.0,0.0,0.0,0.0,0.0,12.21659,-4.12163,-130.35035,3e-05,-0.88574
9465.47,BTC-27DEC19,1563361178472,open,1.35,3.9,1.288,1.4785,1.3832038,105.91,0.752,0.0,BTC-27DEC19-22000-P,9381.06,0.0,0.0065,2.0,2.183,0.3,500.0,17.75008,-5.77089,-92.176,4e-05,-0.79909
9404.73,BTC-27SEP19,1563361178473,open,0.69,225.7,0.643,0.7225,0.68284502,121.69,0.693,0.0,BTC-27SEP19-3000-C,9381.06,0.0,0.005,20.0,0.902,5.0,500.0,0.96658,-0.81824,5.71584,0.0,0.99148
9383.24,SYN.BTC-26JUL19,1563361178470,open,0.0,560.8,0.0005,0.04,0.00017997,145.0,0.0005,0.0,BTC-26JUL19-18000-C,9381.06,0.0,0.0,0.0,0.0005,3.5,160.52,0.12656,-1.03388,0.00602,0.0,0.00282
9465.47,BTC-27DEC19,1563361178473,open,0.79,0.0,0.7515,0.831,0.79100389,112.46,None,0.0,BTC-27DEC19-2000-C,9381.06,0.0,0.0155,3.0,0.981,0.5,500.0,1.27007,-0.43846,8.52159,0.0,0.99276
9383.24,SYN.BTC-26JUL19,1563361178469,open,0.0,625.7,0.0005,0.04,0.00039746,144.72,0.0005,0.0,BTC-26JUL19-17000-C,9381.06,0.0,0.0,0.0,0.001,5.5,160.84,0.24356,-1.98582,0.01246,1e-05,0.00586
9380.85,SYN.BTC-26JUL19,1563361178460,open,0.22,273.8,0.195,0.294,0.24438497,129.79,0.222,0.0,BTC-26JUL19-11500-P,9380.31,124.13,0.242,7.5,0.2545,7.5,152.72,3.87402,-28.32707,-2.42148,0.00014,-0.81732
9404.73,BTC-27SEP19,1563361178499,open,0.0,49.2,0.0005,0.042,0.00213617,116.27,0.0025,0.0,BTC-27SEP19-3250-P,9381.06,110.4,0.0015,19.6,0.003,25.0,122.67,1.13573,-0.91862,-0.22923,1e-05,-0.01024
9403.98,BTC-27SEP19,1563361178483,open,0.21,379.0,0.1625,0.242,0.20218452,104.8,0.2015,0.0,BTC-27SEP19-9000-C,9381.06,102.31,0.198,14.4,0.205,11.0,106.48,15.78169,-11.5053,7.88795,9e-05,0.62814
9465.47,BTC-27DEC19,1563361178510,open,1.74,0.0,1.6775,1.9,1.78865378,108.0,None,0.0,BTC-27DEC19-26000-P,9381.06,0.0,0.005,10.0,2.5945,0.2,500.0,14.69149,-4.87107,-111.48447,3e-05,-0.85078
9403.98,BTC-27SEP19,1563361178515,open,0.4,714.8,0.355,0.4345,0.39471579,105.16,0.434,0.0,BTC-27SEP19-6000-C,9381.06,98.97,0.3895,11.0,0.398,11.0,108.9,8.1394,-5.95427,9.06455,4e-05,0.88421
9464.72,BTC-27DEC19,1563361178534,open,0.36,93.7,0.308,0.3875,0.34755627,98.01,0.346,0.0,BTC-27DEC19-7500-C,9381.06,94.43,0.34,11.0,0.3495,11.0,98.93,19.97938,-6.01155,17.10737,5e-05,0.75261
9465.47,BTC-27DEC19,1563361178543,open,0.02,186.2,0.0005,0.061,0.02111261,112.64,0.031,0.0,BTC-27DEC19-36000-C,9381.06,110.99,0.0195,6.0,0.0225,11.0,114.0,9.47756,-3.27711,2.52416,2e-05,0.08087
9465.47,BTC-27DEC19,1563361178653,open,0.33,205.5,0.282,0.3615,0.32171306,98.05,0.32,0.0,BTC-27DEC19-8000-C,9381.06,94.62,0.314,11.0,0.324,11.0,99.07,21.26651,-6.40114,16.84366,5e-05,0.72049
9383.24,SYN.BTC-26JUL19,1563361178655,open,0.18,381.0,0.1515,0.2465,0.1989877,129.27,0.215,0.0,BTC-26JUL19-11000-P,9381.06,126.22,0.1975,7.5,0.2095,7.5,149.8,4.60741,-33.55475,-2.1748,0.00017,-0.75423
201.3,ETH-27DEC19,1563361178656,open,0.39,693.0,0.353,0.465,0.409228,106.35,0.423,0.0,ETH-27DEC19-240-P,199.84,101.74,0.397,30.0,0.422,30.0,111.17,0.53336,-0.17412,-0.77822,0.00277,-0.45713
9403.98,BTC-27SEP19,1563361178657,open,0.26,901.1,0.2155,0.295,0.25502857,104.98,0.25,0.0,BTC-27SEP19-8000-C,9381.06,100.27,0.248,11.0,0.257,11.0,106.29,14.07056,-10.27522,8.59278,8e-05,0.71905
9465.47,BTC-27DEC19,1563361178685,open,0.01,340.0,0.0005,0.047,0.00695973,102.05,0.0065,0.0,BTC-27DEC19-3000-P,9381.06,100.68,0.0065,10.0,0.008,12.0,104.98,3.23701,-1.01406,-1.1962,1e-05,-0.02136
199.55,SYN.ETH-30AUG19,1563361178700,open,0.35,0.0,0.299,0.378,0.338754,123.3,None,0.0,ETH-30AUG19-140-C,199.84,0.0,0.0,0.0,0.0,0.0,0.0,0.16024,-0.22515,0.12299,0.00272,0.8515
9464.72,BTC-27DEC19,1563361178767,open,0.45,122.9,0.399,0.4785,0.43888959,98.07,0.439,0.0,BTC-27DEC19-6000-C,9381.06,94.63,0.4335,11.0,0.4415,11.0,99.71,14.94145,-4.49805,17.2334,4e-05,0.84693
9380.93,SYN.BTC-19JUL19,1563361178769,open,0.25,83.2,0.229,0.331,0.27987117,158.26,0.2865,0.0,BTC-19JUL19-12000-P,9381.06,0.0,0.274,6.0,0.3065,6.0,364.6,0.28707,-12.11507,-0.60845,4e-05,-0.98275
201.3,ETH-27DEC19,1563361178801,open,1.59,37.0,1.534,1.744,1.639234,112.14,0.707,0.0,ETH-27DEC19-520-P,199.84,0.0,0.001,500.0,0.0,0.0,0.0,0.36025,-0.12401,-2.20358,0.00178,-0.81391
199.78,SYN.ETH-26JUL19,1563361178809,open,0.0,1074.0,0.001,0.04,1e-06,135.02,0.001,0.0,ETH-26JUL19-480-C,199.84,0.0,0.0,0.0,0.001,300.0,223.0,3e-05,-0.00022,0.0,0.0,2e-05
199.78,SYN.ETH-26JUL19,1563361178833,open,0.19,0.0,0.134,0.213,0.17383,135.23,None,0.0,ETH-26JUL19-170-C,199.84,0.0,0.0,0.0,0.0,0.0,0.0,0.08505,-0.64799,0.03081,0.00648,0.80811
9383.24,SYN.BTC-26JUL19,1563361178867,open,0.0,595.5,0.0005,0.0415,0.00162198,140.9,0.0015,0.0,BTC-26JUL19-15000-C,9381.06,131.86,0.001,0.5,0.002,2.7,145.31,0.75077,-5.9598,0.04517,2e-05,0.02142
9464.72,BTC-27DEC19,1563361178915,open,0.19,196.8,0.141,0.2205,0.18067344,100.07,0.1905,0.0,BTC-27DEC19-12000-C,9381.06,98.32,0.176,11.0,0.1855,11.0,101.89,25.21767,-7.74714,13.13663,6e-05,0.49171
9464.72,BTC-27DEC19,1563361178918,open,0.19,196.8,0.141,0.2205,0.18067344,100.07,0.1905,0.0,BTC-27DEC19-12000-C,9381.06,98.32,0.176,11.0,0.1855,21.0,101.89,25.21767,-7.74714,13.13663,6e-05,0.49171
199.55,SYN.ETH-30AUG19,1563361178971,open,0.36,0.0,0.325,0.434,0.379439,121.5,None,0.0,ETH-30AUG19-260-P,199.84,88.21,0.34,120.0,0.0,0.0,0.0,0.25298,-0.35028,-0.24978,0.00435,-0.66184
9380.93,SYN.BTC-19JUL19,1563361178977,open,0.0,282.0,0.0005,0.041,0.00104449,144.08,0.001,0.0,BTC-19JUL19-11500-C,9381.06,129.15,0.0005,19.6,0.0015,0.4,153.06,0.42418,-9.79827,0.0127,7e-05,0.02739
199.37,ETH-27SEP19,1563361179014,open,0.55,868.0,0.515,0.64,0.57712,113.99,0.566,0.0,ETH-27SEP19-300-P,199.84,101.75,0.559,110.0,0.602,30.0,129.93,0.30258,-0.23994,-0.50545,0.00339,-0.71052
9394.78,SYN.BTC-30AUG19,1563361179025,open,0.08,28.3,0.0325,0.112,0.0723489,114.08,0.082,0.0,BTC-30AUG19-12000-C,9381.06,111.03,0.0685,19.3,0.0755,5.0,116.56,11.89229,-15.46085,2.98719,0.0001,0.33687
9464.72,BTC-27DEC19,1563361179027,open,0.11,238.8,0.071,0.16,0.11541075,98.1,0.1195,0.0,BTC-27DEC19-7000-P,9381.06,95.58,0.1105,14.9,0.1175,6.0,99.17,18.49126,-5.56865,-13.96966,5e-05,-0.21535
9464.72,BTC-27DEC19,1563361179029,open,0.36,74.2,0.315,0.424,0.36952664,99.52,0.3645,0.0,BTC-27DEC19-11000-P,9381.06,97.06,0.363,6.0,0.376,3.6,101.96,25.08107,-7.66244,-34.93692,6e-05,-0.45768
9394.78,SYN.BTC-30AUG19,1563361179038,open,0.08,28.3,0.0325,0.112,0.0723489,114.08,0.082,0.0,BTC-30AUG19-12000-C,9381.06,111.03,0.0685,19.3,0.0755,15.0,116.56,11.89229,-15.46085,2.98719,0.0001,0.33687
201.3,ETH-27DEC19,1563361179077,open,0.04,424.0,0.001,0.079,0.03974,116.51,0.04,0.0,ETH-27DEC19-640-C,199.77,116.0,0.039,1.0,0.042,50.0,118.03,0.29389,-0.10511,0.08674,0.0014,0.1363
201.3,ETH-27DEC19,1563361179077,open,0.03,782.0,0.001,0.071,0.031896,118.36,0.032,0.0,ETH-27DEC19-720-C,199.77,117.65,0.031,1.0,0.034,50.0,119.99,0.25594,-0.09299,0.07185,0.0012,0.11188
201.3,ETH-27DEC19,1563361179077,open,0.05,435.0,0.003,0.082,0.042758,114.2,0.045,0.0,ETH-27DEC19-600-C,199.77,110.32,0.037,601.0,0.047,50.0,116.9,0.30907,-0.10835,0.09347,0.0015,0.14682
201.3,ETH-27DEC19,1563361179077,open,1.78,0.0,1.718,1.943,1.830545,113.13,0.845,0.0,ETH-27DEC19-560-P,199.77,0.0,0.0,0.0,0.0,0.0,0.0,0.33317,-0.1157,-2.3948,0.00163,-0.83548
201.3,ETH-27DEC19,1563361179077,open,2.35,0.0,2.277,2.549,2.413364,117.33,None,0.0,ETH-27DEC19-680-P,199.77,0.0,0.0,0.0,0.0,0.0,0.0,0.27333,-0.09845,-2.95584,0.00129,-0.87724
201.3,ETH-27DEC19,1563361179077,open,1.97,0.0,1.903,2.144,2.023384,114.2,0.953,0.0,ETH-27DEC19-600-P,199.77,0.0,0.0,0.0,0.0,0.0,0.0,0.30907,-0.10835,-2.58392,0.0015,-0.85318
201.23,ETH-27DEC19,1563361179077,open,0.12,219.0,0.074,0.153,0.113173,109.14,0.118,0.0,ETH-27DEC19-360-C,199.77,107.0,0.108,2.0,0.12,259.0,111.94,0.48823,-0.16358,0.19687,0.00248,0.33241
199.38,ETH-27SEP19,1563361179077,open,0.02,2417.0,0.001,0.062,0.022963,119.59,0.017,0.0,ETH-27SEP19-440-C,199.77,115.92,0.02,601.0,0.026,200.0,123.12,0.16643,-0.13847,0.0342,0.00178,0.11006
201.23,ETH-27DEC19,1563361179077,open,2.54,0.0,2.465,2.752,2.608647,117.39,None,0.0,ETH-27DEC19-720-P,199.77,0.0,0.003,5.0,0.0,0.0,0.0,0.25059,-0.09031,-3.1428,0.00118,-0.89131
201.23,ETH-27DEC19,1563361179077,open,1.23,0.0,1.174,1.354,1.263637,110.28,None,0.0,ETH-27DEC19-440-P,199.77,0.0,1.172,110.0,0.0,0.0,0.0,0.4216,-0.14272,-1.81359,0.00212,-0.75606
201.23,ETH-27DEC19,1563361179077,open,1.05,16.0,0.997,1.163,1.079875,109.36,1.195,0.0,ETH-27DEC19-400-P,199.77,63.68,1.001,110.0,1.49,1.0,270.78,0.45451,-0.15258,-1.61389,0.0023,-0.71742
199.38,ETH-27SEP19,1563361179077,open,0.3,392.0,0.253,0.332,0.292851,112.43,0.51,0.0,ETH-27SEP19-160-C,199.77,0.0,0.1,10.0,0.0,0.0,0.0,0.2781,-0.21751,0.18147,0.00316,0.75506
199.78,SYN.ETH-26JUL19,1563361179077,open,1.16,0.0,1.114,1.29,1.202063,0.0,None,0.0,ETH-26JUL19-440-P,199.77,0.0,0.0,0.0,0.0,0.0,0.0,0.0,0.0,-0.10699,0.0,-1.0
201.23,ETH-27DEC19,1563361179078,open,0.37,0.0,0.324,0.403,0.363911,106.38,None,0.0,ETH-27DEC19-160-C,199.77,0.0,0.001,1000.0,1.6,1.0,500.0,0.42617,-0.13918,0.34768,0.00222,0.7511
201.23,ETH-27DEC19,1563361179078,open,0.48,0.0,0.437,0.516,0.476392,106.75,None,0.0,ETH-27DEC19-120-C,199.77,0.0,0.001,1100.0,2.47,1.0,500.0,0.29881,-0.09792,0.3447,0.00155,0.86026
199.31,ETH-27SEP19,1563361179078,open,0.01,1984.0,0.001,0.044,0.004861,130.21,0.004,0.0,ETH-27SEP19-720-C,199.77,122.25,0.003,300.0,0.007,100.0,137.13,0.05437,-0.04925,0.00852,0.00053,0.02656
199.31,ETH-27SEP19,1563361179078,open,0.05,1705.0,0.01,0.089,0.049922,115.15,0.05,0.0,ETH-27SEP19-340-C,199.77,112.08,0.046,580.0,0.052,1.0,116.74,0.25832,-0.20693,0.06473,0.00287,0.21485
201.23,ETH-27DEC19,1563361179078,open,0.7,82.0,0.659,0.796,0.727562,107.74,0.64,0.0,ETH-27DEC19-320-P,199.77,84.66,0.671,110.0,1.58,1.0,500.0,0.51498,-0.17033,-1.2029,0.00265,-0.61204
201.23,ETH-27DEC19,1563361179078,open,2.16,0.0,2.091,2.347,2.219074,115.77,None,0.0,ETH-27DEC19-640-P,199.77,0.0,0.0,0.0,0.0,0.0,0.0,0.28979,-0.10299,-2.77061,0.00139,-0.86639
199.31,ETH-27SEP19,1563361179079,open,1.76,24.0,1.707,1.932,1.819527,122.62,1.356,0.0,ETH-27SEP19-560-P,199.77,0.0,0.0,0.0,0.0,0.0,0.0,0.094,-0.08018,-1.08622,0.00098,-0.94808
199.83,SYN.ETH-19JUL19,1563361179077,open,0.0,573.0,0.001,0.04,0.0,135.0,0.001,0.0,ETH-19JUL19-320-C,199.77,0.0,0.0,0.0,0.001,300.0,287.76,0.0,0.0,0.0,0.0,0.0
201.23,ETH-27DEC19,1563361179079,open,0.29,194.0,0.24,0.319,0.279835,106.37,0.275,0.0,ETH-27DEC19-200-C,199.77,102.04,0.269,30.0,0.291,30.0,110.86,0.50191,-0.16389,0.32524,0.00261,0.64204
199.83,SYN.ETH-19JUL19,1563361179078,open,0.0,2.0,0.001,0.04,0.0,135.03,0.002,0.0,ETH-19JUL19-420-C,199.77,0.0,0.0,0.0,0.001,300.0,422.14,0.0,0.0,0.0,0.0,0.0
199.31,ETH-27SEP19,1563361179080,open,0.52,0.0,0.474,0.553,0.513342,116.36,None,0.0,ETH-27SEP19-100-C,199.77,0.0,0.003,10.0,0.0,0.0,0.0,0.09907,-0.08019,0.16923,0.00109,0.94452
199.31,ETH-27SEP19,1563361179080,open,1.57,12.0,1.518,1.727,1.622467,122.73,1.193,0.0,ETH-27SEP19-520-P,199.77,0.0,0.0,0.0,0.0,0.0,0.0,0.11653,-0.09949,-1.00245,0.00121,-0.9317
199.83,SYN.ETH-19JUL19,1563361179078,open,0.67,742.0,0.634,0.769,0.701208,0.0,0.144,0.0,ETH-19JUL19-340-P,199.77,0.0,0.035,10.0,0.0,0.0,0.0,0.0,0.0,-0.01747,0.0,-1.0
199.31,ETH-27SEP19,1563361179080,open,0.0,389.0,0.001,0.042,0.002499,133.64,0.002,0.0,ETH-27SEP19-60-P,199.77,117.32,0.001,300.0,0.004,500.0,144.4,0.02387,-0.0222,-0.00496,0.00023,-0.01015
199.31,ETH-27SEP19,1563361179081,open,0.61,0.0,0.566,0.645,0.605276,123.32,None,0.0,ETH-27SEP19-80-C,199.77,0.0,0.003,10.0,0.0,0.0,0.0,0.05356,-0.04595,0.14468,0.00056,0.97392
199.78,SYN.ETH-26JUL19,1563361179078,open,0.0,1780.0,0.001,0.04,3.8e-05,135.0,0.001,0.0,ETH-26JUL19-400-C,199.77,0.0,0.0,0.0,0.001,187.0,183.31,0.00076,-0.00578,3e-05,6e-05,0.0007
199.83,SYN.ETH-19JUL19,1563361179077,open,0.76,0.0,0.73,0.873,0.801279,0.0,None,0.0,ETH-19JUL19-360-P,199.77,0.0,0.001,25.0,0.0,0.0,0.0,0.0,0.0,-0.01849,0.0,-1.0
199.31,ETH-27SEP19,1563361179081,open,1.96,27.0,1.898,2.139,2.018378,124.46,1.044,0.0,ETH-27SEP19-600-P,199.77,0.0,0.0,0.0,0.0,0.0,0.0,0.08048,-0.06968,-1.16785,0.00083,-0.95722
199.83,SYN.ETH-19JUL19,1563361179077,open,0.17,0.0,0.112,0.191,0.151018,135.0,None,0.0,ETH-19JUL19-170-C,199.77,0.0,0.0,0.0,0.0,0.0,0.0,0.01304,-0.46933,0.00828,0.00471,0.9572
199.31,ETH-27SEP19,1563361179081,open,1.0,79.0,0.956,1.118,1.03736,117.53,0.351,0.0,ETH-27SEP19-400-P,199.77,0.0,0.01,1.0,0.0,0.0,0.0,0.19801,-0.16189,-0.7442,0.00215,-0.85879
199.83,SYN.ETH-19JUL19,1563361179077,open,0.0,142.0,0.001,0.04,0.0,135.03,0.001,0.0,ETH-19JUL19-400-C,199.77,0.0,0.0,0.0,0.001,300.0,398.7,0.0,0.0,0.0,0.0,0.0
199.55,SYN.ETH-30AUG19,1563361179077,open,0.22,220.0,0.181,0.279,0.230045,120.66,0.242,0.0,ETH-30AUG19-220-P,199.77,114.84,0.222,277.0,0.244,120.0,130.75,0.27593,-0.37943,-0.17742,0.00478,-0.50958
199.78,SYN.ETH-26JUL19,1563361179077,open,0.0,1236.0,0.001,0.04,0.0,135.0,0.003,0.0,ETH-26JUL19-520-C,199.77,0.0,0.0,0.0,0.001,300.0,239.98,1e-05,-4e-05,0.0,0.0,0.0
199.78,SYN.ETH-26JUL19,1563361179077,open,1.35,0.0,1.307,1.498,1.40262,135.01,None,0.0,ETH-26JUL19-480-P,199.77,0.0,0.0,0.0,0.0,0.0,0.0,3e-05,-0.00025,-0.11671,0.0,-0.99998
199.83,SYN.ETH-19JUL19,1563361179077,open,0.0,899.0,0.001,0.04,0.000109,135.0,0.001,0.0,ETH-19JUL19-260-C,199.77,0.0,0.0,0.0,0.001,105.0,176.97,0.00161,-0.02184,4e-05,0.00058,0.00377
199.78,SYN.ETH-26JUL19,1563361179077,open,0.02,2.0,0.001,0.065,0.024658,135.0,0.032,0.0,ETH-26JUL19-170-P,199.77,140.45,0.027,390.0,0.032,200.0,151.72,0.08497,-0.64623,-0.0105,0.00649,-0.19158
199.83,SYN.ETH-19JUL19,1563361179077,open,0.86,0.0,0.826,0.977,0.90135,0.0,None,0.0,ETH-19JUL19-380-P,199.77,0.0,0.0,0.0,0.0,0.0,0.0,0.0,0.0,-0.01952,0.0,-1.0
199.78,SYN.ETH-26JUL19,1563361179077,open,0.17,0.0,0.138,0.232,0.185145,135.0,None,0.0,ETH-26JUL19-230-P,199.77,102.4,0.169,120.0,0.0,0.0,0.0,0.10601,-0.80631,-0.04366,0.00809,-0.71357
199.78,SYN.ETH-26JUL19,1563361179080,open,0.27,0.0,0.217,0.296,0.256431,135.0,None,0.0,ETH-26JUL19-150-C,199.77,0.0,0.0,0.0,0.0,0.0,0.0,0.04239,-0.32242,0.03266,0.00324,0.92877
199.83,SYN.ETH-19JUL19,1563361179077,open,0.18,1552.0,0.155,0.25,0.202226,135.0,0.18,0.0,ETH-19JUL19-240-P,199.77,0.0,0.012,4.0,0.9,10.0,500.0,0.01042,-0.37513,-0.01201,0.00376,-0.96747
199.78,SYN.ETH-26JUL19,1563361179077,open,0.0,1091.0,0.001,0.04,0.0,135.0,0.001,0.0,ETH-26JUL19-600-C,199.77,0.0,0.0,0.0,0.001,300.0,269.74,0.0,0.0,0.0,0.0,0.0
199.83,SYN.ETH-19JUL19,1563361179077,open,0.0,739.0,0.001,0.04,0.0,135.0,0.003,0.0,ETH-19JUL19-300-C,199.77,0.0,0.0,0.0,0.001,300.0,254.29,1e-05,-7e-05,0.0,0.0,2e-05
199.83,SYN.ETH-19JUL19,1563361179077,open,0.13,0.0,0.109,0.2,0.154369,135.0,None,0.0,ETH-19JUL19-230-P,199.77,0.0,0.001,30.0,0.0,0.0,0.0,0.0213,-0.76663,-0.01103,0.00769,-0.91999
199.78,SYN.ETH-26JUL19,1563361179078,open,0.96,985.0,0.923,1.082,1.002221,135.0,0.205,0.0,ETH-26JUL19-400-P,199.77,0.0,0.0,0.0,0.0,0.0,0.0,0.00076,-0.00578,-0.09723,6e-05,-0.9993
199.78,SYN.ETH-26JUL19,1563361179079,open,0.67,1130.0,0.635,0.77,0.702361,135.0,0.6,0.0,ETH-26JUL19-340-P,199.77,0.0,0.666,30.0,0.745,30.0,311.6,0.00664,-0.05049,-0.08232,0.00051,-0.99225
199.83,SYN.ETH-19JUL19,1563361179077,open,0.96,0.0,0.922,1.081,1.001724,181.24,None,0.0,ETH-19JUL19-400-P,199.77,0.0,0.0,0.0,0.0,0.0,0.0,0.0,0.0,-0.02055,0.0,-1.0
199.78,SYN.ETH-26JUL19,1563361179080,open,0.38,867.0,0.351,0.463,0.407248,135.0,0.42,0.0,ETH-26JUL19-280-P,199.77,0.0,0.391,30.0,0.447,30.0,243.33,0.04045,-0.30766,-0.0651,0.00309,-0.93297
199.78,SYN.ETH-26JUL19,1563361179077,open,0.25,0.0,0.218,0.319,0.268604,135.0,None,0.0,ETH-26JUL19-250-P,199.77,0.0,0.247,120.0,0.0,0.0,0.0,0.0784,-0.59627,-0.05344,0.00598,-0.83146
199.78,SYN.ETH-26JUL19,1563361179079,open,0.86,504.0,0.827,0.978,0.902165,135.0,0.168,0.0,ETH-26JUL19-380-P,199.77,0.0,0.0,0.0,0.0,0.0,0.0,0.00161,-0.01222,-0.09232,0.00012,-0.99841
199.83,SYN.ETH-19JUL19,1563361179080,open,1.06,0.0,1.018,1.185,1.10181,193.71,None,0.0,ETH-19JUL19-420-P,199.77,0.0,0.0,0.0,0.0,0.0,0.0,0.0,0.0,-0.02158,0.0,-1.0
199.55,SYN.ETH-30AUG19,1563361179077,open,0.8,0.0,0.757,0.903,0.830171,129.45,None,0.0,ETH-30AUG19-360-P,199.77,0.0,0.0,0.0,0.0,0.0,0.0,0.15234,-0.22473,-0.40596,0.00246,-0.8622
199.55,SYN.ETH-30AUG19,1563361179078,open,0.28,0.0,0.229,0.308,0.268558,120.89,None,0.0,ETH-30AUG19-160-C,199.77,0.0,0.0,0.0,0.0,0.0,0.0,0.21043,-0.28991,0.12012,0.00364,0.76932
199.78,SYN.ETH-26JUL19,1563361179077,open,0.32,0.0,0.263,0.342,0.302531,135.0,None,0.0,ETH-26JUL19-140-C,199.77,0.0,0.0,0.0,0.0,0.0,0.0,0.02484,-0.18895,0.03211,0.0019,0.96363
199.31,ETH-27SEP19,1563361179092,open,0.19,3341.0,0.151,0.245,0.197935,111.77,0.198,0.0,ETH-27SEP19-200-P,199.77,108.9,0.193,200.0,0.204,120.0,115.3,0.34274,-0.26649,-0.23655,0.00392,-0.40477
201.23,ETH-27DEC19,1563361179255,open,2.35,0.0,2.277,2.549,2.413364,116.48,None,0.0,ETH-27DEC19-680-P,199.77,0.0,0.0,0.0,0.0,0.0,0.0,0.26861,-0.09604,-2.95746,0.00128,-0.88019
9404.73,BTC-27SEP19,1563361179255,open,0.49,793.2,0.4425,0.522,0.48232209,105.97,0.5945,0.0,BTC-27SEP19-5000-C,9381.06,96.8,0.478,11.0,0.485,11.0,111.06,4.78918,-3.53052,8.528,3e-05,0.94279
9383.24,SYN.BTC-26JUL19,1563361179250,open,0.11,60.3,0.062,0.1415,0.10199612,131.17,0.1,0.0,BTC-26JUL19-9000-C,9381.06,123.82,0.0975,29.5,0.105,11.5,136.45,5.56992,-41.16227,1.18272,0.0002,0.62025
9404.73,BTC-27SEP19,1563361179262,open,0.59,227.5,0.54,0.6195,0.57960493,109.49,0.7065,0.0,BTC-27SEP19-4000-C,9381.06,0.0,0.574,11.0,0.5815,11.0,116.82,2.24168,-1.70734,7.36734,1e-05,0.97739
9394.78,SYN.BTC-30AUG19,1563361179264,open,0.08,28.3,0.0325,0.112,0.07240968,114.08,0.082,0.0,BTC-30AUG19-12000-C,9381.06,111.42,0.069,19.3,0.0755,15.0,116.56,11.89229,-15.46085,2.98719,0.0001,0.33687
9464.72,BTC-27DEC19,1563361179278,open,0.02,246.9,0.0005,0.057,0.01710318,114.5,0.0165,0.0,BTC-27DEC19-40000-C,9381.06,112.58,0.0155,6.0,0.0195,21.0,117.17,8.16444,-2.86974,2.08837,2e-05,0.06655
9464.72,BTC-27DEC19,1563361179277,open,0.39,54.4,0.336,0.4155,0.37574361,98.06,0.3805,0.0,BTC-27DEC19-7000-C,9381.06,94.34,0.3685,11.0,0.378,11.0,99.21,18.49052,-5.5663,17.27035,5e-05,0.78466
9465.47,BTC-27DEC19,1563361179291,open,0.03,58.2,0.0005,0.0665,0.02688804,110.73,0.03,0.0,BTC-27DEC19-32000-C,9381.06,109.54,0.0255,6.0,0.0295,21.0,112.89,11.16213,-3.7942,3.1225,3e-05,0.10081
9404.73,BTC-27SEP19,1563361179294,open,0.21,218.1,0.1755,0.273,0.22405313,105.44,0.2285,0.0,BTC-27SEP19-10000-P,9381.06,103.97,0.2215,16.3,0.2295,4.7,108.52,16.56171,-12.14779,-12.6517,9e-05,-0.45907
9464.72,BTC-27DEC19,1563361179292,open,0.25,452.1,0.1985,0.278,0.23836356,98.74,0.238,0.0,BTC-27DEC19-10000-C,9381.06,96.86,0.2335,3.6,0.2425,11.0,100.34,24.46895,-7.41708,15.15977,6e-05,0.59731
9464.72,BTC-27DEC19,1563361179303,open,0.16,164.1,0.1185,0.198,0.15827387,100.67,0.1555,0.0,BTC-27DEC19-13000-C,9381.06,99.05,0.154,11.0,0.163,21.0,102.45,24.99185,-7.72332,12.15253,6e-05,0.44602
9403.98,BTC-27SEP19,1563361179313,open,0.01,1054.8,0.0005,0.0465,0.00655311,108.53,0.0045,0.0,BTC-27SEP19-4250-P,9381.06,106.62,0.006,15.0,0.0075,24.0,111.6,2.79102,-2.10717,-0.66549,1e-05,-0.02938
9404.73,BTC-27SEP19,1563361179320,open,0.59,227.5,0.54,0.6195,0.57960493,109.49,0.7065,0.0,BTC-27SEP19-4000-C,9381.06,83.04,0.5755,11.0,0.5815,11.0,116.82,2.24168,-1.70734,7.36734,1e-05,0.97739
9394.78,SYN.BTC-30AUG19,1563361179321,open,0.18,5.1,0.147,0.242,0.19464293,113.2,0.1915,0.0,BTC-30AUG19-10000-P,9381.06,110.82,0.1915,14.4,0.2015,3.0,118.05,12.98551,-16.75199,-7.67897,0.00011,-0.48517
9464.72,BTC-27DEC19,1563361179328,open,0.39,54.4,0.336,0.4155,0.37574361,98.06,0.3805,0.0,BTC-27DEC19-7000-C,9381.06,94.34,0.3685,11.0,0.377,11.0,98.7,18.49052,-5.5663,17.27035,5e-05,0.78466
9383.24,SYN.BTC-26JUL19,1563361179343,open,0.22,273.8,0.1945,0.2935,0.24411484,130.68,0.222,0.0,BTC-26JUL19-11500-P,9381.06,123.55,0.2415,7.5,0.2545,7.5,153.26,3.90591,-28.75645,-2.41698,0.00014,-0.81498
199.71,SYN.ETH-26JUL19,1563361179349,open,1.45,0.0,1.403,1.602,1.502729,0.0,None,0.0,ETH-26JUL19-500-P,199.77,0.0,0.0,0.0,0.0,0.0,0.0,0.0,0.0,-0.12158,0.0,-1.0
9465.31,BTC-27DEC19,1563361179345,open,0.21,426.5,0.1675,0.247,0.2073528,99.52,0.206,0.0,BTC-27DEC19-11000-C,9381.06,97.69,0.2025,11.0,0.212,11.0,101.28,25.0823,-7.66328,14.15016,6e-05,0.54237
199.31,ETH-27SEP19,1563361179398,open,2.15,0.0,2.089,2.345,2.217213,124.86,None,0.0,ETH-27SEP19-640-P,199.77,0.0,0.0,0.0,0.0,0.0,0.0,0.06631,-0.0576,-1.24944,0.00068,-0.96626
9404.73,BTC-27SEP19,1563361179404,open,0.21,218.1,0.1755,0.273,0.22405313,105.44,0.2285,0.0,BTC-27SEP19-10000-P,9381.06,103.97,0.2215,16.3,0.2295,4.8,108.52,16.56171,-12.14779,-12.6517,9e-05,-0.45907
9404.69,BTC-27SEP19,1563361179468,open,0.02,319.0,0.0005,0.0625,0.02192103,105.36,0.0225,0.0,BTC-27SEP19-5500-P,9381.08,103.25,0.0205,21.0,0.024,24.0,108.36,6.41451,-4.70154,-1.95446,3e-05,-0.08361
9404.69,BTC-27SEP19,1563361179468,open,0.61,0.0,0.5655,0.645,0.60501391,111.47,None,0.0,BTC-27SEP19-3750-C,9381.08,0.0,0.005,10.0,0.7085,10.0,299.08,1.8122,-1.40526,6.98905,1e-05,0.9824
9465.31,BTC-27DEC19,1563361179468,open,0.7,0.0,0.65,0.7295,0.68999385,101.99,None,0.0,BTC-27DEC19-3000-C,9381.08,0.0,0.0055,0.1,0.976,0.5,500.0,3.23217,-1.01198,12.19318,1e-05,0.97868
9465.31,BTC-27DEC19,1563361179468,open,0.01,78.3,0.0005,0.051,0.01138268,116.96,0.0145,0.0,BTC-27DEC19-48000-C,9381.08,114.72,0.01,6.0,0.013,11.0,119.38,6.07609,-2.1817,1.45262,1e-05,0.04577
9404.69,BTC-27SEP19,1563361179469,open,0.72,34.4,0.6755,0.8145,0.74513515,110.03,0.3735,0.0,BTC-27SEP19-16000-P,9381.08,0.0,0.005,10.0,1.3585,0.2,500.0,11.65835,-8.92337,-28.62857,6e-05,-0.80072
9465.33,BTC-27DEC19,1563361179469,open,0.0,184.7,0.0005,0.044,0.00396189,105.67,0.003,0.0,BTC-27DEC19-2500-P,9381.08,103.46,0.0035,10.0,0.005,12.0,110.12,2.05686,-0.66721,-0.69855,0.0,-0.01258
9404.69,BTC-27SEP19,1563361179469,open,1.73,0.0,1.662,1.8835,1.77268013,117.31,None,0.0,BTC-27SEP19-26000-P,9381.08,0.0,0.0,0.0,0.0,0.0,0.0,3.97115,-3.24077,-50.51128,2e-05,-0.95478
9465.33,BTC-27DEC19,1563361179469,open,0.56,6.7,0.513,0.5925,0.55265713,98.26,0.55,0.0,BTC-27DEC19-4500-C,9381.08,0.0,0.0115,0.1,0.97,1.0,500.0,8.67584,-2.61696,15.85327,2e-05,0.92799
9404.69,BTC-27SEP19,1563361179469,open,2.14,0.0,2.0665,2.3215,2.1940011,117.41,None,0.0,BTC-27SEP19-30000-P,9381.08,0.0,0.0,0.0,0.0,0.0,0.0,2.41094,-1.96919,-58.69472,1e-05,-0.97534
9404.69,BTC-27SEP19,1563361179469,open,0.56,0.2,0.515,0.5945,0.55464997,108.54,0.65,0.0,BTC-27SEP19-4250-C,9381.08,0.0,0.005,10.1,0.682,5.0,298.68,2.79087,-2.10719,7.70356,1e-05,0.97062
9465.33,BTC-27DEC19,1563361179469,open,0.02,181.3,0.0005,0.0535,0.01380949,115.74,0.0125,0.0,BTC-27DEC19-44000-C,9381.08,113.19,0.012,6.0,0.016,21.0,118.57,7.00534,-2.48912,1.72793,2e-05,0.05472
9404.69,BTC-27SEP19,1563361179470,open,1.52,0.2,1.4605,1.665,1.56265927,115.73,1.6,0.0,BTC-27SEP19-24000-P,9381.08,0.0,0.0,0.0,0.0,0.0,0.0,4.87391,-3.92385,-46.37575,2e-05,-0.9415
9465.33,BTC-27DEC19,1563361179470,open,0.96,12.4,0.91,1.0685,0.98942264,103.66,0.559,0.0,BTC-27DEC19-18000-P,9381.08,0.0,0.005,5.0,1.773,0.2,500.0,21.29578,-6.77699,-72.18851,5e-05,-0.71969
9381.68,SYN.BTC-19JUL19,1563361179468,open,0.0,415.6,0.0005,0.04,3.9e-07,144.97,0.0005,0.0,BTC-19JUL19-14500-C,9381.08,0.0,0.0,0.0,0.0025,10.0,308.06,0.00051,-0.00366,1e-05,0.0,2e-05
9404.69,BTC-27SEP19,1563361179470,open,0.0,383.8,0.0005,0.0405,0.00075794,124.56,0.0005,0.0,BTC-27SEP19-2500-P,9381.08,0.0,0.0,0.0,0.0015,0.1,136.19,0.46709,-0.40473,-0.08356,0.0,-0.00375
9404.69,BTC-27SEP19,1563361179470,open,0.01,318.1,0.0005,0.0485,0.00844069,107.23,0.007,0.0,BTC-27SEP19-4500-P,9381.08,104.53,0.0075,15.0,0.0095,5.0,110.1,3.37246,-2.51572,-0.84092,2e-05,-0.03697
9465.33,BTC-27DEC19,1563361179471,open,3.58,0.0,3.476,3.8485,3.66228766,115.66,None,0.0,BTC-27DEC19-44000-P,9381.08,0.0,0.0,0.0,0.0,0.0,0.0,6.98496,-2.47998,-194.62027,2e-05,-0.94548
9465.33,BTC-27DEC19,1563361179472,open,0.78,7.1,0.728,0.8715,0.79967516,102.36,0.491,0.0,BTC-27DEC19-16000-P,9381.08,0.0,0.005,5.0,1.569,0.2,500.0,23.03773,-7.23882,-61.86015,6e-05,-0.66491
9383.98,SYN.BTC-26JUL19,1563361179469,open,0.0,375.4,0.0005,0.04,1.528e-05,144.99,0.0005,0.0,BTC-26JUL19-21000-C,9381.08,0.0,0.0,0.0,0.0005,6.0,192.6,0.0152,-0.12414,0.0006,0.0,0.00028
9383.98,SYN.BTC-26JUL19,1563361179468,open,0.0,477.9,0.0005,0.043,0.00309609,137.11,0.0025,0.0,BTC-26JUL19-14000-C,9381.08,132.27,0.0025,10.0,0.004,3.3,143.48,1.23111,-9.50942,0.08156,4e-05,0.03884
9383.98,SYN.BTC-26JUL19,1563361179471,open,0.0,511.1,0.0005,0.0405,0.00074857,141.74,0.0005,0.0,BTC-26JUL19-16000-C,9381.08,0.0,0.0,0.0,0.001,3.7,146.92,0.41107,-3.2826,0.02253,1e-05,0.01062
9383.98,SYN.BTC-26JUL19,1563361179469,open,0.0,162.8,0.0005,0.04,7.943e-05,144.99,0.001,0.0,BTC-26JUL19-19000-C,9381.08,0.0,0.0,0.0,0.0005,4.6,171.88,0.06345,-0.5183,0.00283,0.0,0.00132
9383.98,SYN.BTC-26JUL19,1563361179469,open,0.0,126.8,0.0005,0.0405,0.00052413,145.02,0.001,0.0,BTC-26JUL19-5500-P,9381.08,0.0,0.0,0.0,0.002,40.0,175.43,0.27251,-2.22646,-0.01637,1e-05,-0.00665
9465.33,BTC-27DEC19,1563361179472,open,0.69,5.6,0.64,0.776,0.70797037,101.85,0.7075,0.0,BTC-27DEC19-15000-P,9381.08,0.0,0.005,10.0,1.4665,0.2,500.0,23.8362,-7.45287,-56.58662,6e-05,-0.63176
9404.71,BTC-27SEP19,1563361179473,open,0.51,13.5,0.466,0.5455,0.50588042,106.57,0.382,0.0,BTC-27SEP19-4750-C,9381.08,0.0,0.005,10.0,0.658,5.0,299.06,4.05416,-3.00557,8.29164,2e-05,0.9536
9383.98,SYN.BTC-26JUL19,1563361179468,open,1.19,0.0,1.149,1.3275,1.23804874,175.81,None,0.0,BTC-26JUL19-21000-P,9381.08,0.0,0.0,0.0,0.0,0.0,0.0,0.11542,-1.14318,-5.1008,0.0,-0.99745
9381.68,SYN.BTC-19JUL19,1563361179468,open,0.0,163.8,0.0005,0.04,0.0,144.98,0.0005,0.0,BTC-19JUL19-16000-C,9381.08,0.0,0.0,0.0,0.0015,10.0,337.35,1e-05,-3e-05,0.0,0.0,0.0
9383.98,SYN.BTC-26JUL19,1563361179469,open,0.01,280.7,0.0005,0.0445,0.0046564,137.1,0.006,0.0,BTC-26JUL19-13500-C,9381.08,133.18,0.004,10.1,0.0055,3.1,141.71,1.63806,-12.65259,0.11588,6e-05,0.05544
9383.98,SYN.BTC-26JUL19,1563361179469,open,1.09,0.0,1.0465,1.2165,1.13149532,167.29,None,0.0,BTC-26JUL19-20000-P,9381.08,0.0,0.0,0.0,0.0,0.0,0.0,0.12574,-1.18505,-4.85709,0.0,-0.9972
199.31,ETH-27SEP19,1563361179475,open,2.74,0.0,2.664,2.968,2.816147,126.32,None,0.0,ETH-27SEP19-760-P,199.77,0.0,0.0,0.0,0.0,0.0,0.0,0.0383,-0.03366,-1.49087,0.00039,-0.98246
9381.68,SYN.BTC-19JUL19,1563361179469,open,0.0,275.5,0.0005,0.04,8e-08,144.98,0.0005,0.0,BTC-19JUL19-15000-C,9381.08,0.0,0.0,0.0,0.0035,10.0,345.76,0.00013,-0.00079,0.0,0.0,0.0
9383.98,SYN.BTC-26JUL19,1563361179469,open,0.0,213.0,0.0005,0.041,0.00129064,139.95,0.0015,0.0,BTC-26JUL19-6000-P,9381.08,134.76,0.001,1.0,0.0015,4.7,143.25,0.56823,-4.4803,-0.03819,2e-05,-0.01544
9381.68,SYN.BTC-19JUL19,1563361179468,open,0.0,127.8,0.0005,0.04,2e-08,144.98,0.0005,0.0,BTC-19JUL19-15500-C,9381.08,0.0,0.0,0.0,0.0025,10.0,345.62,3e-05,-0.00016,0.0,0.0,0.0
9465.33,BTC-27DEC19,1563361179497,open,0.02,227.9,0.0005,0.059,0.01867255,98.89,0.0135,0.0,BTC-27DEC19-4000-P,9381.08,97.19,0.0175,16.0,0.0205,6.0,101.44,6.63616,-2.01457,-2.9474,2e-05,-0.05111
9404.69,BTC-27SEP19,1563361179514,open,0.91,1.0,0.8665,1.0215,0.94418984,112.01,1.5815,0.0,BTC-27SEP19-18000-P,9381.08,0.0,0.005,0.3,1.553,0.3,500.0,9.51779,-7.41606,-33.31771,5e-05,-0.85487
9381.68,SYN.BTC-19JUL19,1563361179516,open,0.08,24.0,0.024,0.1035,0.06381214,143.74,0.056,0.0,BTC-19JUL19-9000-C,9381.08,134.73,0.0615,0.7,0.067,18.0,156.03,2.41912,-92.72808,0.29471,0.00037,0.67532
9404.69,BTC-27SEP19,1563361179561,open,0.45,35.9,0.406,0.5225,0.46438578,107.71,0.391,0.0,BTC-27SEP19-13000-P,9381.08,104.97,0.46,6.0,0.4765,6.0,115.15,15.12413,-11.33212,-20.99784,8e-05,-0.66944
9465.31,BTC-27DEC19,1563361179563,open,0.43,83.4,0.391,0.506,0.44853588,100.09,0.4295,0.0,BTC-27DEC19-12000-P,9381.08,97.45,0.4415,6.0,0.4555,3.6,102.71,25.21936,-7.74929,-40.40968,6e-05,-0.50819
9404.69,BTC-27SEP19,1563361179564,open,0.53,78.2,0.493,0.6165,0.55478231,108.45,0.54,0.0,BTC-27SEP19-14000-P,9381.08,104.86,0.5495,6.0,0.568,6.0,117.11,14.02165,-10.57794,-23.62876,7e-05,-0.7211
9465.33,BTC-27DEC19,1563361179567,open,0.51,58.3,0.4705,0.5925,0.53170972,100.66,0.537,0.0,BTC-27DEC19-13000-P,9381.08,97.92,0.5245,6.0,0.539,3.6,103.42,24.99355,-7.7232,-45.85633,6e-05,-0.55397
9465.33,BTC-27DEC19,1563361179568,open,0.6,17.7,0.5535,0.6825,0.61807618,101.13,0.6235,0.0,BTC-27DEC19-14000-P,9381.08,98.19,0.6105,6.0,0.626,3.6,104.18,24.49879,-7.60542,-51.2575,6e-05,-0.59548
199.83,SYN.ETH-19JUL19,1563361179572,open,0.08,0.0,0.028,0.107,0.067222,135.0,None,0.0,ETH-19JUL19-190-C,199.77,142.26,0.069,150.0,0.079,150.0,181.8,0.04858,-1.74893,0.00665,0.01754,0.71552
9381.68,SYN.BTC-19JUL19,1563361179565,open,0.04,547.1,0.005,0.0885,0.04675594,139.55,0.053,0.0,BTC-19JUL19-9500-P,9381.08,145.66,0.0485,1.8,0.053,18.0,161.43,2.67494,-99.53985,-0.27797,0.00042,-0.53001
201.23,ETH-27DEC19,1563361179574,open,0.07,1057.0,0.03,0.115,0.072591,106.61,0.068,0.0,ETH-27DEC19-120-P,199.77,102.86,0.067,312.0,0.079,312.0,110.94,0.29866,-0.09774,-0.1905,0.00155,-0.13963
9404.71,BTC-27SEP19,1563361179639,open,0.15,179.3,0.113,0.2055,0.15927918,104.85,0.151,0.0,BTC-27SEP19-9000-P,9381.08,103.5,0.157,19.3,0.1645,10.8,107.97,15.78167,-11.51146,-9.83471,9e-05,-0.37177
201.23,ETH-27DEC19,1563361179652,open,1.97,0.0,1.903,2.144,2.023384,113.55,0.953,0.0,ETH-27DEC19-600-P,199.77,0.0,0.0,0.0,0.0,0.0,0.0,0.30542,-0.10646,-2.58526,0.00149,-0.85568
201.23,ETH-27DEC19,1563361179653,open,0.54,441.0,0.501,0.625,0.562947,106.91,0.561,0.0,ETH-27DEC19-280-P,199.77,102.18,0.55,30.0,0.576,30.0,111.99,0.53329,-0.17502,-0.9918,0.00276,-0.542
199.31,ETH-27SEP19,1563361179670,open,0.11,1655.0,0.066,0.145,0.105178,112.39,0.112,0.0,ETH-27SEP19-260-C,199.77,108.69,0.099,233.0,0.111,160.0,115.75,0.33893,-0.26498,0.1111,0.00386,0.38834
201.23,ETH-27DEC19,1563361179684,open,2.54,0.0,2.466,2.754,2.609864,118.36,None,0.0,ETH-27DEC19-720-P,199.77,0.0,0.003,5.0,0.0,0.0,0.0,0.25571,-0.09291,-3.1411,0.0012,-0.8882
199.55,SYN.ETH-30AUG19,1563361179700,open,0.28,0.0,0.249,0.353,0.30098,120.54,None,0.0,ETH-30AUG19-240-P,199.77,112.46,0.29,120.0,0.317,120.0,132.48,0.26864,-0.36903,-0.21416,0.00466,-0.59198
201.23,ETH-27DEC19,1563361179707,open,0.39,693.0,0.354,0.466,0.409701,106.23,0.423,0.0,ETH-27DEC19-240-P,199.77,102.0,0.398,30.0,0.422,30.0,111.06,0.53324,-0.1739,-0.77835,0.00278,-0.45758
201.23,ETH-27DEC19,1563361179713,open,0.22,381.0,0.178,0.257,0.217036,106.48,0.231,0.0,ETH-27DEC19-240-C,199.77,102.63,0.207,30.0,0.227,214.0,110.18,0.53316,-0.17427,0.29252,0.00277,0.54298
199.55,SYN.ETH-30AUG19,1563361179727,open,0.14,113.0,0.088,0.167,0.127582,120.66,0.106,0.0,ETH-30AUG19-220-C,199.77,113.73,0.118,200.0,0.132,200.0,123.86,0.27593,-0.37943,0.08704,0.00478,0.49042
201.23,ETH-27DEC19,1563361179734,open,0.26,1838.0,0.223,0.324,0.273596,106.23,0.273,0.0,ETH-27DEC19-200-P,199.77,102.08,0.263,40.0,0.284,40.0,110.5,0.50199,-0.16371,-0.56707,0.00262,-0.35813
199.38,ETH-27SEP19,1563361179750,open,0.17,1106.0,0.119,0.198,0.158881,112.13,0.158,0.0,ETH-27SEP19-220-C,199.77,108.25,0.152,201.0,0.165,120.0,115.6,0.35251,-0.27496,0.14192,0.00402,0.52033
199.76,SYN.ETH-19JUL19,1563361179758,open,0.0,592.0,0.001,0.046,0.00655,134.69,0.012,0.0,ETH-19JUL19-180-P,199.77,166.81,0.012,84.0,0.015,200.0,182.47,0.03026,-1.08685,-0.0014,0.01096,-0.12984
199.76,SYN.ETH-19JUL19,1563361179769,open,0.0,592.0,0.001,0.046,0.00655,134.69,0.012,0.0,ETH-19JUL19-180-P,199.77,166.81,0.012,84.0,0.015,482.0,182.47,0.03026,-1.08685,-0.0014,0.01096,-0.12984
9404.71,BTC-27SEP19,1563361179782,open,0.02,383.6,0.0005,0.0605,0.02090597,113.22,0.021,0.0,BTC-27SEP19-20000-C,9381.08,110.81,0.019,46.0,0.0225,11.0,115.16,7.61775,-6.00007,1.56768,4e-05,0.10556
199.83,SYN.ETH-19JUL19,1563361179776,open,0.0,403.0,0.001,0.04,0.000319,135.0,0.006,0.0,ETH-19JUL19-160-P,199.77,195.45,0.003,74.0,0.005,250.0,219.44,0.00365,-0.06379,-0.0001,0.00132,-0.0095
199.83,SYN.ETH-19JUL19,1563361179791,open,0.01,101.0,0.001,0.043,0.003378,135.11,0.011,0.0,ETH-19JUL19-230-C,199.77,140.6,0.004,316.0,0.008,403.0,169.74,0.02133,-0.67732,0.00079,0.0077,0.0802
9465.31,BTC-27DEC19,1563361179801,open,0.39,54.4,0.336,0.4155,0.37574361,98.05,0.3805,0.0,BTC-27DEC19-7000-C,9381.08,94.07,0.368,11.0,0.377,11.0,98.69,18.48998,-5.56524,17.2731,5e-05,0.7847
201.23,ETH-27DEC19,1563361179793,open,0.04,150.0,0.001,0.075,0.035455,117.48,0.036,0.0,ETH-27DEC19-680-C,199.77,117.11,0.035,1.0,0.037,50.0,118.57,0.27391,-0.09879,0.07875,0.00129,0.1232
9383.98,SYN.BTC-26JUL19,1563361179808,open,0.27,315.8,0.2405,0.3435,0.29186437,131.81,0.284,0.0,BTC-26JUL19-12000-P,9381.08,123.0,0.289,7.5,0.3205,7.5,197.58,3.21012,-23.8381,-2.63495,0.00011,-0.86294
199.31,ETH-27SEP19,1563361179818,open,0.03,4141.0,0.001,0.071,0.031007,118.13,0.026,0.0,ETH-27SEP19-400-C,199.77,115.03,0.028,597.0,0.033,200.0,120.06,0.19975,-0.16416,0.04396,0.00216,0.14305
9465.33,BTC-27DEC19,1563361179819,open,0.42,63.0,0.3665,0.446,0.40614477,98.06,0.4965,0.0,BTC-27DEC19-6500-C,9381.08,60.7,0.345,1.0,0.963,2.0,500.0,16.80514,-5.05898,17.32291,4e-05,0.81628
199.31,ETH-27SEP19,1563361179820,open,0.01,4168.0,0.001,0.048,0.008887,126.63,0.008,0.0,ETH-27SEP19-600-C,199.77,119.07,0.006,440.0,0.011,200.0,131.19,0.08599,-0.07575,0.01474,0.00087,0.04645
199.83,SYN.ETH-19JUL19,1563361179839,open,0.09,1115.0,0.066,0.153,0.109499,134.22,0.11,0.0,ETH-19JUL19-220-P,199.77,132.25,0.109,50.0,0.147,10.0,291.76,0.03633,-1.30039,-0.00964,0.0132,-0.82935
199.83,SYN.ETH-19JUL19,1563361179841,open,0.09,1115.0,0.066,0.153,0.109499,134.22,0.11,0.0,ETH-19JUL19-220-P,199.77,0.0,0.094,10.0,0.147,10.0,291.76,0.03633,-1.30039,-0.00964,0.0132,-0.82935
199.78,SYN.ETH-26JUL19,1563361179842,open,0.13,2700.0,0.102,0.193,0.147702,135.0,0.155,0.0,ETH-26JUL19-220-P,199.77,133.8,0.147,150.0,0.159,100.0,154.09,0.11679,-0.88824,-0.03816,0.00891,-0.63784
199.78,SYN.ETH-26JUL19,1563361179844,open,0.13,2700.0,0.102,0.193,0.147702,135.0,0.155,0.0,ETH-26JUL19-220-P,199.77,128.64,0.144,284.0,0.159,100.0,154.09,0.11679,-0.88824,-0.03816,0.00891,-0.63784
9404.69,BTC-27SEP19,1563361179839,open,0.45,224.0,0.3975,0.477,0.4371005,105.35,0.5225,0.0,BTC-27SEP19-5500-C,9381.08,97.49,0.432,11.0,0.44,11.0,109.5,6.41384,-4.70066,8.87634,3e-05,0.9164
199.31,ETH-27SEP19,1563361179846,open,0.25,779.0,0.2,0.279,0.239011,112.08,0.227,0.0,ETH-27SEP19-180-C,199.77,107.61,0.232,120.0,0.609,10.0,369.9,0.31835,-0.24821,0.17104,0.00363,0.67493
199.78,SYN.ETH-26JUL19,1563361179853,open,0.15,50.0,0.099,0.178,0.138718,135.0,0.138,0.0,ETH-26JUL19-180-C,199.77,131.68,0.137,50.0,0.0,0.0,0.0,0.10377,-0.78925,0.02853,0.00792,0.72594
199.55,SYN.ETH-30AUG19,1563361179871,open,0.22,107.0,0.172,0.251,0.211001,120.46,0.184,0.0,ETH-30AUG19-180-C,199.77,106.81,0.194,120.0,0.22,120.0,127.68,0.24879,-0.34153,0.11147,0.00431,0.67571
199.55,SYN.ETH-30AUG19,1563361179878,open,0.22,107.0,0.172,0.251,0.211001,120.46,0.184,0.0,ETH-30AUG19-180-C,199.77,108.41,0.196,120.0,0.22,120.0,127.68,0.24879,-0.34153,0.11147,0.00431,0.67571
199.78,SYN.ETH-26JUL19,1563361179885,open,0.15,50.0,0.099,0.178,0.138718,135.0,0.138,0.0,ETH-26JUL19-180-C,199.77,131.68,0.137,50.0,0.148,50.0,152.63,0.10377,-0.78925,0.02853,0.00792,0.72594
199.31,ETH-27SEP19,1563361179892,open,0.25,779.0,0.2,0.279,0.239011,112.08,0.227,0.0,ETH-27SEP19-180-C,199.77,107.61,0.232,120.0,0.246,120.0,116.37,0.31835,-0.24821,0.17104,0.00363,0.67493
199.76,SYN.ETH-19JUL19,1563361179901,open,0.12,10.0,0.066,0.145,0.105774,136.74,0.116,0.0,ETH-19JUL19-180-C,199.77,144.46,0.107,50.0,0.0,0.0,0.0,0.03079,-1.12277,0.00781,0.01098,0.86686
199.76,SYN.ETH-19JUL19,1563361179908,open,0.12,10.0,0.066,0.145,0.105774,136.74,0.116,0.0,ETH-19JUL19-180-C,199.77,144.46,0.107,50.0,0.116,50.0,192.89,0.03079,-1.12277,0.00781,0.01098,0.86686
9465.33,BTC-27DEC19,1563361179945,open,0.01,113.5,0.0005,0.052,0.01181575,100.19,0.0095,0.0,BTC-27DEC19-3500-P,9381.08,98.56,0.011,10.0,0.013,6.0,102.47,4.80506,-1.47795,-1.94772,1e-05,-0.0343
9395.51,SYN.BTC-30AUG19,1563361179969,open,0.12,40.2,0.086,0.176,0.13079265,112.17,0.133,0.0,BTC-30AUG19-9000-P,9381.08,110.43,0.1285,19.3,0.138,4.3,117.63,12.40474,-15.8567,-5.77076,0.0001,-0.38017
9381.68,SYN.BTC-19JUL19,1563361179982,open,0.02,266.8,0.0005,0.064,0.02320544,144.04,0.027,0.0,BTC-19JUL19-9000-P,9381.08,143.24,0.023,1.9,0.027,25.1,158.64,2.41991,-92.95024,-0.16778,0.00037,-0.32494
9383.98,SYN.BTC-26JUL19,1563361180006,open,0.0,511.1,0.0005,0.0405,0.00074857,141.74,0.0005,0.0,BTC-26JUL19-16000-C,9381.08,0.0,0.0,0.0,0.001,3.6,146.92,0.41107,-3.2826,0.02253,1e-05,0.01062
201.23,ETH-27DEC19,1563361180019,open,0.87,241.0,0.826,0.977,0.901549,108.89,0.986,0.0,ETH-27DEC19-360-P,199.77,77.31,0.833,110.0,1.59,1.0,430.2,0.48765,-0.163,-1.4099,0.00248,-0.66858
9395.51,SYN.BTC-30AUG19,1563361180036,open,0.02,0.0,0.0005,0.062,0.02162445,116.86,None,0.0,BTC-30AUG19-6000-P,9381.08,111.38,0.0185,38.2,0.0255,14.1,123.27,5.51383,-7.34312,-1.31928,4e-05,-0.09519
9395.51,SYN.BTC-30AUG19,1563361180038,open,0.02,0.0,0.0005,0.062,0.02162445,116.86,None,0.0,BTC-30AUG19-6000-P,9381.08,111.38,0.0185,38.2,0.0255,14.3,123.27,5.51383,-7.34312,-1.31928,4e-05,-0.09519
201.23,ETH-27DEC19,1563361180076,open,1.78,0.0,1.719,1.944,1.831605,113.21,0.845,0.0,ETH-27DEC19-560-P,199.82,0.0,0.0,0.0,0.0,0.0,0.0,0.3333,-0.11583,-2.39475,0.00163,-0.83529
199.31,ETH-27SEP19,1563361180076,open,2.54,0.0,2.472,2.76,2.616057,125.09,None,0.0,ETH-27SEP19-720-P,199.82,0.0,0.0,0.0,0.0,0.0,0.0,0.04437,-0.03861,-1.41103,0.00045,-0.97914
199.31,ETH-27SEP19,1563361180076,open,2.35,0.0,2.281,2.553,2.416822,126.31,None,0.0,ETH-27SEP19-680-P,199.82,0.0,0.0,0.0,0.0,0.0,0.0,0.05703,-0.05011,-1.32999,0.00058,-0.97188
201.23,ETH-27DEC19,1563361180077,open,2.35,0.0,2.279,2.551,2.414673,117.45,None,0.0,ETH-27DEC19-680-P,199.82,0.0,0.0,0.0,0.0,0.0,0.0,0.27373,-0.09869,-2.9557,0.00129,-0.87692
199.31,ETH-27SEP19,1563361180077,open,0.37,191.0,0.317,0.396,0.35625,113.11,0.5,0.0,ETH-27SEP19-140-C,199.82,0.0,0.01,50.0,0.0,0.0,0.0,0.2237,-0.17602,0.18599,0.00253,0.83013
199.31,ETH-27SEP19,1563361180077,open,0.08,3015.0,0.033,0.112,0.072315,114.12,0.063,0.0,ETH-27SEP19-300-C,199.82,112.58,0.07,1.0,0.077,160.0,117.18,0.30259,-0.24021,0.08531,0.00339,0.28968
201.28,ETH-27DEC19,1563361180077,open,1.59,37.0,1.535,1.746,1.640574,112.75,0.707,0.0,ETH-27DEC19-520-P,199.82,0.0,0.001,500.0,0.0,0.0,0.0,0.36302,-0.12565,-2.20245,0.00178,-0.81156
199.31,ETH-27SEP19,1563361180077,open,1.19,0.0,1.141,1.319,1.229809,118.7,None,0.0,ETH-27SEP19-440-P,199.82,0.0,0.0,0.0,0.0,0.0,0.0,0.16355,-0.13505,-0.83297,0.00176,-0.89253
201.28,ETH-27DEC19,1563361180077,open,0.05,163.0,0.009,0.088,0.04872,113.19,0.051,0.0,ETH-27DEC19-560-C,199.82,109.0,0.042,710.0,0.053,40.0,115.73,0.3334,-0.11585,0.10419,0.00163,0.16472
199.36,ETH-27SEP19,1563361180078,open,1.38,0.0,1.329,1.522,1.425831,122.19,None,0.0,ETH-27SEP19-480-P,199.82,0.0,0.0,0.0,0.0,0.0,0.0,0.14199,-0.12069,-0.91754,0.00148,-0.9114
199.36,ETH-27SEP19,1563361180078,open,0.44,47.0,0.39,0.469,0.429076,112.96,0.689,0.0,ETH-27SEP19-120-C,199.82,0.0,0.0,0.0,0.0,0.0,0.0,0.15891,-0.12487,0.1836,0.0018,0.89676
201.28,ETH-27DEC19,1563361180078,open,0.06,513.0,0.017,0.096,0.056466,112.39,0.059,0.0,ETH-27DEC19-520-C,199.82,108.7,0.05,595.0,0.061,40.0,114.87,0.36136,-0.12467,0.11728,0.00178,0.18704
199.71,SYN.ETH-26JUL19,1563361180076,open,1.94,0.0,1.884,2.123,2.003274,0.0,None,0.0,ETH-26JUL19-600-P,199.82,0.0,0.0,0.0,0.0,0.0,0.0,0.0,0.0,-0.14589,0.0,-1.0
201.28,ETH-27DEC19,1563361180078,open,2.16,0.0,2.092,2.348,2.220147,117.03,None,0.0,ETH-27DEC19-640-P,199.82,0.0,0.0,0.0,0.0,0.0,0.0,0.29652,-0.10653,-2.76821,0.0014,-0.86188
199.36,ETH-27SEP19,1563361180078,open,0.81,233.0,0.775,0.922,0.848292,116.27,0.763,0.0,ETH-27SEP19-360-P,199.82,0.0,0.0,0.0,0.99,1.0,207.68,0.23806,-0.19256,-0.65201,0.00262,-0.81257
199.36,ETH-27SEP19,1563361180079,open,0.0,1735.0,0.001,0.046,0.00655,122.93,0.006,0.0,ETH-27SEP19-80-P,199.82,116.67,0.005,300.0,0.008,500.0,128.09,0.05308,-0.04539,-0.0127,0.00055,-0.02579
199.36,ETH-27SEP19,1563361180079,open,0.64,496.0,0.6,0.732,0.665674,115.01,0.67,0.0,ETH-27SEP19-320-P,199.82,0.0,0.041,30.0,1.39,1.0,500.0,0.2816,-0.22531,-0.55545,0.00313,-0.74921
199.36,ETH-27SEP19,1563361180080,open,0.25,1828.0,0.212,0.312,0.262302,112.09,0.254,0.0,ETH-27SEP19-220-P,199.82,108.53,0.256,200.0,0.269,120.0,115.88,0.35248,-0.27486,-0.29133,0.00402,-0.4798
199.71,SYN.ETH-26JUL19,1563361180076,open,1.74,0.0,1.691,1.915,1.803056,0.0,None,0.0,ETH-26JUL19-560-P,199.82,0.0,0.0,0.0,0.0,0.0,0.0,0.0,0.0,-0.13616,0.0,-1.0
199.71,SYN.ETH-26JUL19,1563361180076,open,0.05,10.0,0.018,0.101,0.059598,134.75,0.05,0.0,ETH-26JUL19-190-P,199.82,137.14,0.061,140.0,0.07,382.0,152.44,0.11717,-0.88948,-0.02067,0.00897,-0.36605
199.71,SYN.ETH-26JUL19,1563361180077,open,0.01,0.0,0.001,0.047,0.007249,134.87,None,0.0,ETH-26JUL19-150-P,199.82,146.88,0.01,112.0,0.014,250.0,162.04,0.04241,-0.32222,-0.00381,0.00324,-0.07129
9404.71,BTC-27SEP19,1563361180073,open,0.11,586.4,0.0635,0.143,0.10327463,107.5,0.1,0.0,BTC-27SEP19-12000-C,9381.08,105.58,0.1,23.8,0.1065,11.0,109.39,16.04328,-11.99764,5.35971,9e-05,0.39268
199.49,SYN.ETH-30AUG19,1563361180076,open,0.03,494.0,0.001,0.066,0.02614,129.49,0.027,0.0,ETH-30AUG19-360-C,199.82,122.43,0.021,577.0,0.03,300.0,134.4,0.15227,-0.2247,0.02677,0.00246,0.13776
199.76,SYN.ETH-19JUL19,1563361180077,open,0.0,90.0,0.001,0.04,0.0,135.08,0.002,0.0,ETH-19JUL19-360-C,199.82,0.0,0.0,0.0,0.001,300.0,347.32,0.0,0.0,0.0,0.0,0.0
199.71,SYN.ETH-26JUL19,1563361180076,open,1.55,0.0,1.499,1.706,1.602838,0.0,None,0.0,ETH-26JUL19-520-P,199.82,0.0,0.0,0.0,0.0,0.0,0.0,0.0,0.0,-0.12644,0.0,-1.0
199.71,SYN.ETH-26JUL19,1563361180078,open,0.01,2051.0,0.001,0.054,0.014074,134.85,0.013,0.0,ETH-26JUL19-160-P,199.82,143.76,0.017,113.0,0.021,250.0,155.13,0.06343,-0.48191,-0.00666,0.00485,-0.12313
199.71,SYN.ETH-26JUL19,1563361180078,open,0.21,1338.0,0.177,0.274,0.225645,134.25,0.189,0.0,ETH-26JUL19-240-P,199.82,123.86,0.221,120.0,0.0,0.0,0.0,0.09214,-0.69693,-0.04885,0.00708,-0.78027
199.71,SYN.ETH-26JUL19,1563361180078,open,0.57,519.0,0.539,0.667,0.602909,124.51,0.183,0.0,ETH-26JUL19-320-P,199.82,0.0,0.051,5.0,0.0,0.0,0.0,0.00821,-0.05758,-0.07736,0.00068,-0.99013
199.76,SYN.ETH-19JUL19,1563361180077,open,0.0,315.0,0.001,0.04,0.0,135.07,0.001,0.0,ETH-19JUL19-380-C,199.82,0.0,0.0,0.0,0.001,300.0,373.94,0.0,0.0,0.0,0.0,0.0
199.71,SYN.ETH-26JUL19,1563361180078,open,0.01,810.0,0.001,0.045,0.00572,135.1,0.006,0.0,ETH-26JUL19-280-C,199.82,131.41,0.005,676.0,0.01,550.0,153.22,0.04042,-0.30764,0.00298,0.00308,0.06699
199.49,SYN.ETH-30AUG19,1563361180079,open,0.04,219.0,0.001,0.078,0.038802,126.05,0.036,0.0,ETH-30AUG19-320-C,199.82,120.9,0.034,272.0,0.042,288.0,129.36,0.19018,-0.27319,0.03725,0.00315,0.19414
9395.51,SYN.BTC-30AUG19,1563361180105,open,0.12,40.2,0.086,0.1755,0.13075351,112.17,0.133,0.0,BTC-30AUG19-9000-P,9381.08,110.43,0.1285,19.3,0.136,3.0,116.11,12.40474,-15.8567,-5.77076,0.0001,-0.38017
9404.71,BTC-27SEP19,1563361180126,open,0.11,586.4,0.0635,0.143,0.10327394,107.5,0.1,0.0,BTC-27SEP19-12000-C,9381.08,105.58,0.1,23.8,0.1055,11.0,108.8,16.04328,-11.99764,5.35971,9e-05,0.39268
9404.71,BTC-27SEP19,1563361180223,open,0.15,179.3,0.113,0.2055,0.15928049,104.85,0.151,0.0,BTC-27SEP19-9000-P,9381.08,103.79,0.1575,0.3,0.1645,10.8,107.97,15.78167,-11.51146,-9.83471,9e-05,-0.37177
201.28,ETH-27DEC19,1563361180236,open,0.22,381.0,0.178,0.257,0.217036,106.38,0.231,0.0,ETH-27DEC19-240-C,199.82,102.97,0.208,214.0,0.227,214.0,110.15,0.5333,-0.17416,0.29268,0.00277,0.5429
199.76,SYN.ETH-26JUL19,1563361180320,open,1.94,0.0,1.885,2.124,2.004308,261.82,None,0.0,ETH-26JUL19-600-P,199.82,0.0,0.0,0.0,0.0,0.0,0.0,0.0056,-0.08263,-0.14562,0.00022,-0.99361
9404.69,BTC-27SEP19,1563361180370,open,0.06,441.1,0.014,0.0935,0.05369045,109.23,0.055,0.0,BTC-27SEP19-15000-C,9381.08,107.25,0.051,44.3,0.057,11.0,111.63,12.84086,-9.75749,3.36761,7e-05,0.23553
199.36,ETH-27SEP19,1563361180381,open,2.35,0.0,2.282,2.554,2.418011,132.66,None,0.0,ETH-27SEP19-680-P,199.82,0.0,0.0,0.0,0.0,0.0,0.0,0.07112,-0.06564,-1.32741,0.00069,-0.96327
9465.33,BTC-27DEC19,1563361180375,open,0.14,217.3,0.099,0.1785,0.13891605,101.1,0.141,0.0,BTC-27DEC19-14000-C,9381.08,99.77,0.1355,11.0,0.143,0.2,102.67,24.49725,-7.60278,11.21398,6e-05,0.40442
199.54,SYN.ETH-30AUG19,1563361180424,open,0.03,50.0,0.001,0.071,0.03146,127.48,0.027,0.0,ETH-30AUG19-340-C,199.82,123.32,0.028,234.0,0.036,297.0,132.66,0.16994,-0.24687,0.0314,0.00279,0.16235
9404.66,BTC-27SEP19,1563361180469,open,1.31,0.2,1.2595,1.4475,1.35356343,113.67,1.391,0.0,BTC-27SEP19-22000-P,9381.11,0.0,0.005,10.0,1.8,0.1,401.91,5.96727,-4.71873,-42.17931,3e-05,-0.924
9404.66,BTC-27SEP19,1563361180469,open,0.74,55.9,0.695,0.7745,0.73493314,124.57,0.689,0.0,BTC-27SEP19-2500-C,9381.11,0.0,0.005,10.0,0.913,5.0,500.0,0.46746,-0.4051,4.83931,0.0,0.99624
9384.0,SYN.BTC-26JUL19,1563361180469,open,0.62,0.0,0.587,0.7185,0.65283262,141.01,None,0.0,BTC-26JUL19-15500-P,9381.11,0.0,0.0,0.0,0.0,0.0,0.0,0.55152,-4.38157,-3.73727,2e-05,-0.98508
9395.5,SYN.BTC-30AUG19,1563361180469,open,0.6,0.0,0.563,0.693,0.62803704,117.38,None,0.0,BTC-30AUG19-15000-P,9381.11,0.0,0.0,0.0,0.0,0.0,0.0,8.30706,-11.11213,-16.44363,7e-05,-0.82794
9404.66,BTC-27SEP19,1563361180471,open,0.54,289.7,0.49,0.5695,0.52995715,107.24,0.588,0.0,BTC-27SEP19-4500-C,9381.11,0.0,0.002,1.1,0.67,5.0,299.15,3.37301,-2.51629,8.02019,2e-05,0.96303
9404.66,BTC-27SEP19,1563361180472,open,0.79,28.2,0.748,0.8275,0.78788059,139.28,0.755,0.0,BTC-27SEP19-2000-C,9381.11,0.0,0.01,1.0,0.924,5.0,500.0,0.31789,-0.30801,3.88298,0.0,0.99755
9381.7,SYN.BTC-19JUL19,1563361180468,open,0.41,35.3,0.3815,0.4965,0.43898229,148.38,0.2545,0.0,BTC-19JUL19-13500-P,9381.11,0.0,0.05,0.1,0.0,0.0,0.0,0.00921,-0.36437,-0.69332,0.0,-0.99962
9404.66,BTC-27SEP19,1563361180473,open,0.64,261.1,0.591,0.6705,0.63075768,114.16,0.714,0.0,BTC-27SEP19-3500-C,9381.11,0.0,0.161,1.0,0.7225,10.0,299.28,1.46588,-1.16412,6.58362,1e-05,0.98626
9404.66,BTC-27SEP19,1563361180472,open,0.66,0.0,0.617,0.6965,0.65656028,116.25,None,0.0,BTC-27SEP19-3250-C,9381.11,0.0,0.005,10.0,0.898,5.0,500.0,1.13487,-0.91776,6.1708,1e-05,0.98977
9384.0,SYN.BTC-26JUL19,1563361180470,open,0.47,11.0,0.4355,0.5545,0.49500281,137.15,0.1845,0.0,BTC-26JUL19-14000-P,9381.11,0.0,0.4905,7.5,0.5285,7.5,248.46,1.23237,-9.52194,-3.32245,4e-05,-0.96111
9404.66,BTC-27SEP19,1563361180473,open,1.11,0.0,1.062,1.233,1.14751086,113.22,None,0.0,BTC-27SEP19-20000-P,9381.11,0.0,0.005,10.0,1.7495,0.2,500.0,7.61761,-5.99996,-37.81592,4e-05,-0.89445
9404.66,BTC-27SEP19,1563361180473,open,1.93,0.0,1.864,2.102,1.98301029,117.44,None,0.0,BTC-27SEP19-28000-P,9381.11,0.0,0.0,0.0,0.0,0.0,0.0,3.10322,-2.53514,-54.62512,2e-05,-0.9666
9384.0,SYN.BTC-26JUL19,1563361180470,open,0.32,0.0,0.271,0.3505,0.31075576,139.75,0.3665,0.0,BTC-26JUL19-6500-C,9381.11,0.0,0.005,0.1,0.0,0.0,0.0,1.16776,-9.19414,1.4896,4e-05,0.96359
9404.66,BTC-27SEP19,1563361180474,open,0.62,29.6,0.583,0.7145,0.64863935,109.23,0.601,0.0,BTC-27SEP19-15000-P,9381.11,0.0,0.005,10.0,1.262,0.3,500.0,12.84037,-9.75678,-26.17024,7e-05,-0.76448
9384.0,SYN.BTC-26JUL19,1563361180471,open,0.23,17.0,0.175,0.2545,0.2145358,134.92,0.246,0.0,BTC-26JUL19-7500-C,9381.11,0.0,0.005,0.1,0.0,0.0,0.0,2.94286,-22.36853,1.51632,0.0001,0.87908
9384.0,SYN.BTC-26JUL19,1563361180468,open,0.98,0.0,0.944,1.1055,1.02480617,145.47,None,0.0,BTC-26JUL19-19000-P,9381.11,0.0,0.0,0.0,0.0,0.0,0.0,0.06555,-0.53722,-4.61694,0.0,-0.99863
9404.69,BTC-27SEP19,1563361180476,open,0.0,490.7,0.0005,0.0405,0.00053999,139.25,0.0005,0.0,BTC-27SEP19-2000-P,9381.11,0.0,0.0,0.0,0.001,6.0,150.08,0.31742,-0.30748,-0.05528,0.0,-0.00244
9395.5,SYN.BTC-30AUG19,1563361180470,open,0.31,0.0,0.2605,0.34,0.30007963,114.52,None,0.0,BTC-30AUG19-7000-C,9381.11,0.0,0.0,0.0,0.0,0.0,0.0,8.35595,-10.90473,5.94358,7e-05,0.82634
9384.0,SYN.BTC-26JUL19,1563361180472,open,0.67,5.0,0.638,0.774,0.70578231,141.82,0.2255,0.0,BTC-26JUL19-16000-P,9381.11,0.0,0.0,0.0,0.0,0.0,0.0,0.41242,-3.29525,-3.8678,1e-05,-0.98934
9381.7,SYN.BTC-19JUL19,1563361180469,open,0.72,0.0,0.6885,0.829,0.75874729,208.03,None,0.0,BTC-19JUL19-16500-P,9381.11,0.0,0.0,0.0,0.0,0.0,0.0,0.00273,-0.15151,-0.84755,0.0,-0.9999
9384.0,SYN.BTC-26JUL19,1563361180471,open,0.52,10.8,0.4855,0.609,0.5473047,137.91,0.166,0.0,BTC-26JUL19-14500-P,9381.11,0.0,0.0,0.0,0.0,0.0,0.0,0.93133,-7.23599,-3.46736,3e-05,-0.97232
9381.7,SYN.BTC-19JUL19,1563361180469,open,0.51,0.0,0.484,0.607,0.54556619,163.44,None,0.0,BTC-19JUL19-14500-P,9381.11,0.0,0.001,1.0,0.0,0.0,0.0,0.00333,-0.14515,-0.7448,0.0,-0.99987
9395.5,SYN.BTC-30AUG19,1563361180474,open,0.33,1.0,0.296,0.4035,0.34963602,114.13,0.3045,0.0,BTC-30AUG19-12000-P,9381.11,107.23,0.341,3.0,0.3785,3.0,136.32,11.89587,-15.47196,-11.43594,0.0001,-0.66294
9395.5,SYN.BTC-30AUG19,1563361180468,open,0.42,0.0,0.381,0.4955,0.4380619,115.09,None,0.0,BTC-30AUG19-13000-P,9381.11,0.0,0.0,0.0,0.0,0.0,0.0,10.76129,-14.11451,-13.19732,9e-05,-0.73047
9381.7,SYN.BTC-19JUL19,1563361180468,open,0.57,0.0,0.535,0.6625,0.59886126,174.58,None,0.0,BTC-19JUL19-15000-P,9381.11,0.0,0.001,1.0,0.0,0.0,0.0,0.00299,-0.13902,-0.7705,0.0,-0.99989
9395.5,SYN.BTC-30AUG19,1563361180473,open,0.9,0.0,0.8535,1.0075,0.93063768,120.81,None,0.0,BTC-30AUG19-18000-P,9381.11,0.0,0.0,0.0,0.0,0.0,0.0,5.27534,-7.26264,-20.79175,4e-05,-0.91033
9384.0,SYN.BTC-26JUL19,1563361180474,open,0.43,0.0,0.3745,0.454,0.41441848,144.97,0.4,0.0,BTC-26JUL19-5500-C,9381.11,0.0,0.0005,0.1,0.0,0.0,0.0,0.27197,-2.22121,1.321,1e-05,0.99337
9395.5,SYN.BTC-30AUG19,1563361180473,open,0.7,0.0,0.6585,0.796,0.72712389,118.38,None,0.0,BTC-30AUG19-16000-P,9381.11,0.0,0.0,0.0,0.0,0.0,0.0,7.15999,-9.65912,-17.9537,6e-05,-0.86256
9381.7,SYN.BTC-19JUL19,1563361180468,open,0.67,0.0,0.6375,0.7735,0.70545192,197.17,None,0.0,BTC-19JUL19-16000-P,9381.11,0.0,0.0,0.0,0.0,0.0,0.0,0.00278,-0.14643,-0.82187,0.0,-0.9999
9381.7,SYN.BTC-19JUL19,1563361180474,open,0.62,0.0,0.5865,0.718,0.65215656,185.99,None,0.0,BTC-19JUL19-15500-P,9381.11,0.0,0.001,1.0,0.0,0.0,0.0,0.00286,-0.14175,-0.79618,0.0,-0.99989
9384.0,SYN.BTC-26JUL19,1563361180473,open,0.0,313.8,0.0005,0.04,3.493e-05,145.0,0.001,0.0,BTC-26JUL19-20000-C,9381.11,0.0,0.0,0.0,0.0005,5.9,182.55,0.03129,-0.25564,0.00131,0.0,0.00061
9384.0,SYN.BTC-26JUL19,1563361180475,open,0.19,35.6,0.1315,0.211,0.17148401,132.5,0.1785,0.0,BTC-26JUL19-8000-C,9381.11,0.0,0.0005,5.0,0.0,0.0,0.0,3.97887,-29.70201,1.45549,0.00014,0.80937
9395.5,SYN.BTC-30AUG19,1563361180468,open,0.39,0.0,0.3435,0.423,0.38301256,116.85,None,0.0,BTC-30AUG19-6000-C,9381.11,0.0,0.0,0.0,0.0,0.0,0.0,5.51301,-7.3411,5.89336,4e-05,0.90483
9381.7,SYN.BTC-19JUL19,1563361180474,open,0.17,0.0,0.11,0.1895,0.14987912,144.98,None,0.0,BTC-19JUL19-8000-C,9381.11,0.0,0.0,0.0,0.0,0.0,0.0,0.76366,-29.52429,0.38249,0.00012,0.94354
9384.0,SYN.BTC-26JUL19,1563361180471,open,0.42,32.3,0.386,0.501,0.44328202,137.14,0.29,0.0,BTC-26JUL19-13500-P,9381.11,0.0,0.435,7.5,0.476,7.5,236.39,1.63932,-12.66564,-3.16655,6e-05,-0.94451
9395.5,SYN.BTC-30AUG19,1563361180475,open,0.8,0.0,0.7555,0.901,0.82823971,119.63,None,0.0,BTC-30AUG19-17000-P,9381.11,0.0,0.0,0.0,0.0,0.0,0.0,6.15675,-8.39334,-19.39672,5e-05,-0.88921
9384.0,SYN.BTC-26JUL19,1563361180471,open,0.57,10.0,0.5365,0.664,0.60009694,141.0,0.17,0.0,BTC-26JUL19-15000-P,9381.11,0.0,0.0,0.0,0.0,0.0,0.0,0.75366,-5.98676,-3.60189,2e-05,-0.97849
9395.5,SYN.BTC-30AUG19,1563361180474,open,0.51,0.0,0.4705,0.5925,0.53147614,116.37,None,0.0,BTC-30AUG19-14000-P,9381.11,0.0,0.0,0.0,0.0,0.0,0.0,9.53608,-12.64618,-14.86023,8e-05,-0.7843
9384.0,SYN.BTC-26JUL19,1563361180473,open,0.88,0.0,0.842,0.995,0.91834225,145.23,None,0.0,BTC-26JUL19-18000-P,9381.11,0.0,0.0,0.0,0.0,0.0,0.0,0.12834,-1.05001,-4.3706,0.0,-0.99714
9384.0,SYN.BTC-26JUL19,1563361180474,open,0.37,1.0,0.322,0.4015,0.36190194,139.92,0.354,0.0,BTC-26JUL19-6000-C,9381.11,0.0,0.0005,0.1,0.0,0.0,0.0,0.56756,-4.47382,1.42077,2e-05,0.98458
9384.0,SYN.BTC-26JUL19,1563361180470,open,0.27,4.8,0.221,0.3005,0.26095183,135.73,0.455,0.0,BTC-26JUL19-7000-C,9381.11,0.0,0.006,3.0,0.0,0.0,0.0,1.92186,-14.69597,1.53109,7e-05,0.93197
9384.0,SYN.BTC-26JUL19,1563361180476,open,0.78,0.0,0.74,0.884,0.81199681,144.89,None,0.0,BTC-26JUL19-17000-P,9381.11,0.0,0.0,0.0,0.0,0.0,0.0,0.24572,-2.00575,-4.12098,1e-05,-0.99408
9381.7,SYN.BTC-19JUL19,1563361180499,open,0.0,3.0,0.0005,0.0425,0.00260508,145.0,0.0025,0.0,BTC-19JUL19-8000-P,9381.11,155.17,0.0035,1.4,0.0055,46.0,174.07,0.76392,-24.4401,-0.02848,0.00012,-0.05649
9384.0,SYN.BTC-26JUL19,1563361180536,open,0.01,280.7,0.0005,0.0445,0.00466046,137.13,0.006,0.0,BTC-26JUL19-13500-C,9381.11,133.18,0.004,10.1,0.0055,3.0,141.71,1.63887,-12.66092,0.11594,6e-05,0.05548
9404.66,BTC-27SEP19,1563361180564,open,0.0,437.8,0.0005,0.044,0.00411681,117.46,0.004,0.0,BTC-27SEP19-30000-C,9381.11,112.65,0.003,69.0,0.005,1.0,120.68,2.41622,-1.97439,0.38157,1e-05,0.02472
9395.5,SYN.BTC-30AUG19,1563361180566,open,0.24,0.0,0.1905,0.27,0.23026352,113.41,None,0.0,BTC-30AUG19-8000-C,9381.11,104.89,0.2205,4.0,0.2315,4.2,114.48,10.81864,-13.98226,5.61671,9e-05,0.72759
9395.5,SYN.BTC-30AUG19,1563361180574,open,0.24,0.0,0.1905,0.27,0.23026352,113.41,None,0.0,BTC-30AUG19-8000-C,9381.11,104.89,0.2205,4.0,0.2315,4.3,114.48,10.81864,-13.98226,5.61671,9e-05,0.72759
201.28,ETH-27DEC19,1563361180584,open,0.29,194.0,0.24,0.319,0.279799,106.28,0.275,0.0,ETH-27DEC19-200-C,199.82,102.0,0.269,30.0,0.29,30.0,110.42,0.50202,-0.1638,0.32546,0.00261,0.64206
9465.18,BTC-27DEC19,1563361180605,open,0.0,88.9,0.0005,0.042,0.00230998,112.54,0.003,0.0,BTC-27DEC19-2000-P,9381.11,105.68,0.0015,10.0,0.0035,16.0,120.27,1.27415,-0.44021,-0.40468,0.0,-0.00727
9395.5,SYN.BTC-30AUG19,1563361180605,open,0.02,0.5,0.0005,0.0585,0.01886462,119.63,0.019,0.0,BTC-30AUG19-17000-C,9381.11,115.08,0.016,34.0,0.0205,15.0,122.07,6.15688,-8.39361,1.03824,5e-05,0.11079
201.28,ETH-27DEC19,1563361180597,open,0.12,219.0,0.074,0.153,0.113152,109.09,0.118,0.0,ETH-27DEC19-360-C,199.82,106.98,0.108,2.0,0.12,299.0,111.92,0.4883,-0.16352,0.19691,0.00248,0.33233
9381.7,SYN.BTC-19JUL19,1563361180613,open,0.31,62.5,0.2795,0.3855,0.33248809,145.37,0.3,0.0,BTC-19JUL19-12500-P,9381.11,0.0,0.326,6.0,0.361,6.0,406.4,0.06965,-2.69976,-0.64052,1e-05,-0.99656
9404.69,BTC-27SEP19,1563361180607,open,0.05,184.1,0.004,0.0835,0.04373966,109.93,0.045,0.0,BTC-27SEP19-16000-C,9381.11,108.11,0.0415,33.7,0.0465,11.0,112.14,11.64712,-8.90714,2.87454,6e-05,0.19896
9381.7,SYN.BTC-19JUL19,1563361180630,open,0.46,16.4,0.433,0.5515,0.49227216,154.04,0.495,0.0,BTC-19JUL19-14000-P,9381.11,0.0,0.485,6.0,0.526,6.0,500.0,0.00457,-0.18792,-0.71909,0.0,-0.99982
9465.21,BTC-27DEC19,1563361180637,open,0.14,161.0,0.0945,0.1855,0.14004334,98.06,0.132,0.0,BTC-27DEC19-7500-P,9381.11,95.67,0.135,14.9,0.1425,6.0,99.22,19.9795,-6.01423,-16.36304,5e-05,-0.24737
9381.7,SYN.BTC-19JUL19,1563361180639,open,0.31,62.5,0.2795,0.3855,0.33248809,145.37,0.3,0.0,BTC-19JUL19-12500-P,9381.11,0.0,0.327,6.0,0.361,6.0,406.4,0.06965,-2.69976,-0.64052,1e-05,-0.99656
199.31,ETH-27SEP19,1563361180645,open,0.14,1653.0,0.09,0.169,0.12903,112.14,0.127,0.0,ETH-27SEP19-240-C,199.82,107.56,0.121,337.0,0.135,120.0,115.53,0.35012,-0.27312,0.12615,0.00399,0.45045
199.36,ETH-27SEP19,1563361180655,open,0.25,1828.0,0.212,0.312,0.262376,112.09,0.254,0.0,ETH-27SEP19-220-P,199.82,108.53,0.256,200.0,0.268,120.0,115.32,0.35248,-0.27486,-0.29133,0.00402,-0.4798
199.36,ETH-27SEP19,1563361180663,open,0.32,2398.0,0.28,0.386,0.332963,112.26,0.345,0.0,ETH-27SEP19-240-P,199.82,106.45,0.323,120.0,0.34,120.0,116.14,0.35026,-0.27354,-0.34635,0.00399,-0.54908
199.31,ETH-27SEP19,1563361180674,open,0.08,3015.0,0.033,0.112,0.072316,114.12,0.063,0.0,ETH-27SEP19-300-C,199.82,112.58,0.07,1.0,0.076,160.0,116.53,0.30259,-0.24021,0.08531,0.00339,0.28968
199.76,SYN.ETH-19JUL19,1563361180737,open,0.0,403.0,0.001,0.04,0.000323,134.81,0.006,0.0,ETH-19JUL19-160-P,199.82,195.2,0.003,74.0,0.005,550.0,219.17,0.00365,-0.06377,-0.0001,0.00132,-0.00951
9395.5,SYN.BTC-30AUG19,1563361180900,open,0.04,52.8,0.0005,0.0715,0.03152961,117.38,0.036,0.0,BTC-30AUG19-15000-C,9381.11,114.47,0.029,19.3,0.033,5.0,119.03,8.30714,-11.11233,1.58721,7e-05,0.17207
9465.21,BTC-27DEC19,1563361180902,open,0.52,68.4,0.4725,0.552,0.51202474,98.06,0.511,0.0,BTC-27DEC19-5000-C,9381.11,93.58,0.507,11.0,0.515,11.0,100.64,10.8107,-3.25449,16.53465,3e-05,0.9035
9384.0,SYN.BTC-26JUL19,1563361180914,open,0.22,273.8,0.1945,0.2935,0.24403097,130.04,0.222,0.0,BTC-26JUL19-11500-P,9381.11,123.77,0.2415,7.5,0.255,7.5,154.49,3.88849,-28.48682,-2.41944,0.00014,-0.81632
9404.66,BTC-27SEP19,1563361180916,open,0.45,35.9,0.406,0.5225,0.4643003,107.65,0.391,0.0,BTC-27SEP19-13000-P,9381.11,104.96,0.46,6.0,0.477,6.0,115.45,15.1209,-11.32388,-20.9994,8e-05,-0.66961
201.27,ETH-27DEC19,1563361181010,open,0.29,194.0,0.24,0.319,0.279799,106.33,0.275,0.0,ETH-27DEC19-200-C,199.82,102.01,0.269,30.0,0.291,30.0,110.83,0.50199,-0.16385,0.32538,0.00261,0.64209
201.28,ETH-27DEC19,1563361181012,open,0.07,1057.0,0.03,0.115,0.072538,106.66,0.068,0.0,ETH-27DEC19-120-P,199.82,102.9,0.067,262.0,0.079,312.0,110.98,0.29867,-0.09779,-0.19053,0.00155,-0.13959
9384.0,SYN.BTC-26JUL19,1563361181025,open,0.0,625.7,0.0005,0.04,0.00039929,144.78,0.0005,0.0,BTC-26JUL19-17000-C,9381.11,0.0,0.0,0.0,0.001,5.4,160.83,0.24442,-1.9936,0.01251,1e-05,0.00588
199.76,SYN.ETH-26JUL19,1563361181024,open,0.05,10.0,0.018,0.102,0.059744,135.18,0.05,0.0,ETH-26JUL19-190-P,199.82,137.32,0.061,140.0,0.069,200.0,150.93,0.11717,-0.89232,-0.02067,0.00893,-0.36576
9404.66,BTC-27SEP19,1563361181036,open,0.15,179.3,0.113,0.2055,0.15928049,104.85,0.151,0.0,BTC-27SEP19-9000-P,9381.11,103.79,0.1575,0.3,0.164,4.6,107.67,15.78165,-11.51134,-9.83477,9e-05,-0.37177
201.28,ETH-27DEC19,1563361181052,open,0.54,441.0,0.501,0.625,0.562672,107.18,0.561,0.0,ETH-27DEC19-280-P,199.82,101.9,0.549,30.0,0.576,30.0,112.09,0.53356,-0.17555,-0.99158,0.00275,-0.54105
201.28,ETH-27DEC19,1563361181061,open,0.12,219.0,0.074,0.153,0.113152,109.09,0.118,0.0,ETH-27DEC19-360-C,199.82,106.98,0.108,2.0,0.12,259.0,111.92,0.4883,-0.16352,0.19691,0.00248,0.33233
9395.5,SYN.BTC-30AUG19,1563361181068,open,0.18,0.4,0.133,0.2125,0.17284905,112.14,0.1895,0.0,BTC-30AUG19-9000-C,9381.11,107.71,0.167,14.4,0.1755,4.0,114.15,12.40482,-15.85264,5.04807,0.0001,0.61982
199.36,ETH-27SEP19,1563361181077,open,2.74,0.0,2.665,2.97,2.817479,135.99,None,0.0,ETH-27SEP19-760-P,199.8,0.0,0.0,0.0,0.0,0.0,0.0,0.05633,-0.05329,-1.48777,0.00053,-0.9723
201.27,ETH-27DEC19,1563361181077,open,1.41,21.0,1.353,1.548,1.450799,111.51,0.629,0.0,ETH-27DEC19-480-P,199.8,0.0,1.347,110.0,0.0,0.0,0.0,0.39126,-0.13394,-2.00939,0.00194,-0.7865
199.36,ETH-27SEP19,1563361181077,open,2.54,0.0,2.473,2.762,2.617317,133.3,None,0.0,ETH-27SEP19-720-P,199.8,0.0,0.0,0.0,0.0,0.0,0.0,0.06084,-0.05642,-1.40814,0.00058,-0.96961
199.36,ETH-27SEP19,1563361181077,open,2.15,0.0,2.09,2.347,2.218329,130.12,None,0.0,ETH-27SEP19-640-P,199.8,0.0,0.0,0.0,0.0,0.0,0.0,0.07886,-0.07138,-1.24707,0.00077,-0.9583
201.25,ETH-27DEC19,1563361181077,open,0.18,209.0,0.132,0.211,0.171575,107.09,0.178,0.0,ETH-27DEC19-280-C,199.8,103.09,0.161,380.0,0.18,230.0,110.26,0.53343,-0.17537,0.25776,0.00276,0.4586
201.25,ETH-27DEC19,1563361181078,open,0.14,129.0,0.098,0.177,0.137869,107.94,0.144,0.0,ETH-27DEC19-320-C,199.8,104.06,0.128,356.0,0.146,246.0,111.1,0.51532,-0.17075,0.22527,0.00264,0.38871
199.54,SYN.ETH-30AUG19,1563361181077,open,0.11,941.0,0.069,0.157,0.113157,120.55,0.113,0.0,ETH-30AUG19-180-P,199.8,114.81,0.106,180.0,0.121,180.0,126.84,0.24879,-0.34179,-0.10494,0.00431,-0.32436
199.34,ETH-27SEP19,1563361181079,open,0.2,1291.0,0.155,0.234,0.194755,111.9,0.194,0.0,ETH-27SEP19-200-C,199.8,107.39,0.187,120.0,0.202,120.0,116.12,0.34274,-0.2668,0.15729,0.00391,0.59546
199.34,ETH-27SEP19,1563361181083,open,0.91,259.0,0.866,1.021,0.943313,117.94,0.94,0.0,ETH-27SEP19-380-P,199.8,0.0,0.008,12.0,0.0,0.0,0.0,0.22024,-0.18069,-0.69775,0.00239,-0.83424
199.76,SYN.ETH-26JUL19,1563361181077,open,0.0,2384.0,0.001,0.04,0.0,134.97,0.001,0.0,ETH-26JUL19-500-C,199.8,0.0,0.0,0.0,0.001,571.0,231.71,1e-05,-9e-05,0.0,0.0,1e-05
199.76,SYN.ETH-26JUL19,1563361181078,open,0.0,2011.0,0.001,0.041,0.001158,134.94,0.002,0.0,ETH-26JUL19-320-C,199.8,0.0,0.0,0.0,0.003,107.0,155.39,0.01275,-0.0969,0.00074,0.00097,0.01642
199.76,SYN.ETH-26JUL19,1563361181077,open,1.16,0.0,1.116,1.291,1.203166,191.51,None,0.0,ETH-26JUL19-440-P,199.8,0.0,0.0,0.0,0.0,0.0,0.0,0.00553,-0.05967,-0.10671,0.0003,-0.9937
199.54,SYN.ETH-30AUG19,1563361181077,open,0.7,0.0,0.667,0.805,0.735813,127.98,None,0.0,ETH-30AUG19-340-P,199.8,0.0,0.0,0.0,0.0,0.0,0.0,0.17087,-0.2492,-0.37708,0.00279,-0.83627
199.81,SYN.ETH-19JUL19,1563361181077,open,0.47,211.0,0.442,0.561,0.501818,225.36,0.495,0.0,ETH-19JUL19-300-P,199.8,0.0,0.002,25.0,0.0,0.0,0.0,0.00294,-0.1769,-0.01534,0.00064,-0.99256
199.81,SYN.ETH-19JUL19,1563361181077,open,0.37,617.0,0.346,0.457,0.401703,190.78,0.407,0.0,ETH-19JUL19-280-P,199.8,0.0,0.382,10.0,0.438,10.0,488.63,0.00321,-0.16343,-0.0143,0.00082,-0.99179
199.36,ETH-27SEP19,1563361181073,open,0.11,1655.0,0.066,0.145,0.105249,112.34,0.112,0.0,ETH-27SEP19-260-C,199.82,108.65,0.099,233.0,0.112,160.0,116.29,0.33903,-0.26494,0.11116,0.00386,0.3884
199.81,SYN.ETH-19JUL19,1563361181078,open,0.0,459.0,0.001,0.04,0.0,134.94,0.001,0.0,ETH-19JUL19-340-C,199.8,0.0,0.0,0.0,0.001,300.0,318.63,0.0,0.0,0.0,0.0,0.0
199.76,SYN.ETH-26JUL19,1563361181079,open,0.09,151.0,0.044,0.123,0.08317,134.82,0.079,0.0,ETH-26JUL19-200-C,199.8,134.54,0.083,138.0,0.093,313.0,150.71,0.12366,-0.9392,0.02217,0.00945,0.53962
199.76,SYN.ETH-26JUL19,1563361181078,open,0.1,150.0,0.07,0.158,0.114165,135.27,0.121,0.0,ETH-26JUL19-210-P,199.8,138.24,0.116,123.0,0.125,272.0,152.8,0.1232,-0.93889,-0.03237,0.00939,-0.55229
199.76,SYN.ETH-26JUL19,1563361181082,open,0.0,1038.0,0.001,0.042,0.002606,134.93,0.005,0.0,ETH-26JUL19-300-C,199.8,129.33,0.002,300.0,0.006,673.0,157.02,0.0234,-0.17786,0.00152,0.00179,0.03381
199.76,SYN.ETH-26JUL19,1563361181077,open,0.0,0.0,0.001,0.043,0.003309,135.08,None,0.0,ETH-26JUL19-140-P,199.8,147.13,0.005,425.0,0.009,250.0,169.06,0.0249,-0.18951,-0.00193,0.0019,-0.03648
199.76,SYN.ETH-26JUL19,1563361181079,open,0.47,659.0,0.445,0.564,0.50476,138.01,0.34,0.0,ETH-26JUL19-300-P,199.8,0.0,0.03,1.0,3.4,5.0,500.0,0.0254,-0.19749,-0.07127,0.0019,-0.96262
9384.0,SYN.BTC-26JUL19,1563361181093,open,0.05,733.2,0.019,0.1035,0.0611186,131.4,0.067,0.0,BTC-26JUL19-9000-P,9381.11,131.2,0.061,0.1,0.0665,31.5,140.46,5.56999,-41.23352,-1.00575,0.0002,-0.37966
199.34,ETH-27SEP19,1563361181089,open,0.14,1653.0,0.09,0.169,0.12903,112.11,0.127,0.0,ETH-27SEP19-240-C,199.8,107.53,0.121,337.0,0.136,120.0,116.07,0.35018,-0.2731,0.12619,0.00399,0.45051
199.34,ETH-27SEP19,1563361181118,open,0.32,2398.0,0.28,0.386,0.332963,112.09,0.345,0.0,ETH-27SEP19-240-P,199.8,105.83,0.322,120.0,0.34,120.0,116.09,0.35017,-0.27304,-0.34642,0.00399,-0.54954
199.34,ETH-27SEP19,1563361181121,open,0.32,2398.0,0.28,0.386,0.332963,112.09,0.345,0.0,ETH-27SEP19-240-P,199.8,105.83,0.322,120.0,0.339,120.0,115.52,0.35017,-0.27304,-0.34642,0.00399,-0.54954
199.34,ETH-27SEP19,1563361181129,open,0.72,345.0,0.686,0.825,0.755759,115.29,0.76,0.0,ETH-27SEP19-340-P,199.8,0.0,0.697,110.0,1.19,1.0,375.83,0.25875,-0.20752,-0.60465,0.00287,-0.7846
199.34,ETH-27SEP19,1563361181128,open,0.14,1653.0,0.09,0.169,0.12903,112.11,0.127,0.0,ETH-27SEP19-240-C,199.8,108.1,0.122,120.0,0.136,120.0,116.07,0.35018,-0.2731,0.12619,0.00399,0.45051
199.81,SYN.ETH-19JUL19,1563361181135,open,0.03,891.0,0.001,0.08,0.039218,135.46,0.047,0.0,ETH-19JUL19-200-P,199.8,155.7,0.045,98.0,0.051,150.0,176.71,0.05709,-2.0622,-0.00538,0.02055,-0.48458
199.81,SYN.ETH-19JUL19,1563361181153,open,0.03,891.0,0.001,0.08,0.039218,135.46,0.047,0.0,ETH-19JUL19-200-P,199.8,155.7,0.045,98.0,0.05,154.0,173.21,0.05709,-2.0622,-0.00538,0.02055,-0.48458
9395.5,SYN.BTC-30AUG19,1563361181153,open,0.06,1.1,0.0145,0.094,0.0544219,115.09,0.063,0.0,BTC-30AUG19-13000-C,9381.11,112.08,0.051,19.3,0.057,15.0,117.33,10.76132,-14.11463,2.42941,9e-05,0.26953
199.34,ETH-27SEP19,1563361181163,open,0.08,3015.0,0.033,0.112,0.072316,114.09,0.063,0.0,ETH-27SEP19-300-C,199.8,112.56,0.07,1.0,0.077,160.0,117.16,0.30266,-0.24022,0.08534,0.00339,0.28971
9384.0,SYN.BTC-26JUL19,1563361181168,open,0.0,262.6,0.0005,0.0435,0.00342542,139.76,0.0025,0.0,BTC-26JUL19-6500-P,9381.11,131.66,0.0025,30.0,0.005,37.5,151.12,1.16797,-9.19639,-0.0909,4e-05,-0.03641
9404.66,BTC-27SEP19,1563361181170,open,0.0,609.1,0.0005,0.0415,0.00184677,121.82,0.002,0.0,BTC-27SEP19-3000-P,9381.11,111.92,0.001,4.8,0.003,15.0,131.31,0.97108,-0.8229,-0.19278,0.0,-0.00856
199.34,ETH-27SEP19,1563361181171,open,0.02,1792.0,0.001,0.054,0.014248,124.03,0.016,0.0,ETH-27SEP19-520-C,199.8,121.91,0.013,500.0,0.016,200.0,126.84,0.12034,-0.10383,0.02236,0.00124,0.0712
9395.5,SYN.BTC-30AUG19,1563361181181,open,0.08,41.1,0.0385,0.125,0.08173432,113.41,0.079,0.0,BTC-30AUG19-8000-P,9381.11,110.6,0.0785,19.3,0.0855,3.0,116.67,10.81864,-13.98221,-3.99972,9e-05,-0.27241
9465.1,BTC-27DEC19,1563361181176,open,0.05,88.4,0.0135,0.097,0.05524947,98.06,0.0495,0.0,BTC-27DEC19-5500-P,9381.11,96.03,0.0525,10.0,0.057,6.0,99.34,12.92686,-3.89121,-7.5615,3e-05,-0.12378
9395.5,SYN.BTC-30AUG19,1563361181183,open,0.05,10.3,0.0015,0.081,0.04140235,116.37,0.0485,0.0,BTC-30AUG19-14000-C,9381.11,113.98,0.039,19.3,0.0435,5.0,118.42,9.53614,-12.64633,1.96855,8e-05,0.2157
9395.5,SYN.BTC-30AUG19,1563361181183,open,0.08,41.1,0.0385,0.125,0.08173432,113.41,0.079,0.0,BTC-30AUG19-8000-P,9381.11,110.6,0.0785,19.3,0.0855,13.0,116.67,10.81864,-13.98221,-3.99972,9e-05,-0.27241
199.54,SYN.ETH-30AUG19,1563361181178,open,0.22,107.0,0.171,0.25,0.210852,120.37,0.184,0.0,ETH-30AUG19-180-C,199.8,109.25,0.197,120.0,0.22,120.0,127.7,0.24879,-0.34127,0.11149,0.00432,0.67566
9404.66,BTC-27SEP19,1563361181185,open,0.17,806.4,0.121,0.2005,0.16075581,105.42,0.161,0.0,BTC-27SEP19-10000-C,9381.11,103.29,0.157,14.4,0.164,11.0,107.27,16.56171,-12.14599,7.04007,9e-05,0.5409
9404.69,BTC-27SEP19,1563361181194,open,0.13,406.8,0.089,0.1685,0.12867917,106.53,0.13,0.0,BTC-27SEP19-11000-C,9381.11,104.15,0.1245,26.4,0.1325,11.0,108.69,16.57421,-12.28234,6.17508,9e-05,0.46212
9395.5,SYN.BTC-30AUG19,1563361181185,open,0.05,10.3,0.0015,0.081,0.04140235,116.37,0.0485,0.0,BTC-30AUG19-14000-C,9381.11,113.98,0.039,19.3,0.0435,15.0,118.42,9.53614,-12.64633,1.96855,8e-05,0.2157
9465.18,BTC-27DEC19,1563361181315,open,0.02,246.9,0.0005,0.057,0.0171058,114.5,0.0165,0.0,BTC-27DEC19-40000-C,9381.11,111.96,0.015,6.0,0.0195,21.0,117.17,8.16557,-2.87013,2.08871,2e-05,0.06656
9465.1,BTC-27DEC19,1563361181317,open,0.03,58.2,0.0005,0.0665,0.02688549,110.73,0.03,0.0,BTC-27DEC19-32000-C,9381.11,109.1,0.025,6.0,0.0295,21.0,112.9,11.16269,-3.79462,3.12268,3e-05,0.10082
9404.66,BTC-27SEP19,1563361181341,open,0.15,179.3,0.113,0.2055,0.1592835,104.85,0.151,0.0,BTC-27SEP19-9000-P,9381.11,103.49,0.157,19.3,0.164,4.6,107.67,15.78165,-11.51134,-9.83477,9e-05,-0.37177
9395.5,SYN.BTC-30AUG19,1563361181412,open,0.05,10.3,0.0015,0.081,0.04140235,116.37,0.0485,0.0,BTC-30AUG19-14000-C,9381.11,113.98,0.039,19.3,0.0425,5.0,117.45,9.53612,-12.64629,1.96855,8e-05,0.2157
9404.66,BTC-27SEP19,1563361181416,open,0.49,793.2,0.4425,0.522,0.48231895,106.01,0.5945,0.0,BTC-27SEP19-5000-C,9381.11,95.62,0.4775,11.0,0.485,11.0,111.07,4.79258,-3.53442,8.52664,3e-05,0.94274
9465.21,BTC-27DEC19,1563361181435,open,0.33,205.5,0.282,0.3615,0.32172443,98.06,0.32,0.0,BTC-27DEC19-8000-C,9381.11,94.4,0.3135,11.0,0.324,11.0,99.07,21.26634,-6.40189,16.84202,5e-05,0.72048
9465.18,BTC-27DEC19,1563361181450,open,0.02,246.9,0.0005,0.057,0.0171058,114.5,0.0165,0.0,BTC-27DEC19-40000-C,9381.11,112.58,0.0155,6.0,0.0195,21.0,117.17,8.16557,-2.87013,2.08871,2e-05,0.06656
9465.1,BTC-27DEC19,1563361181451,open,0.03,58.2,0.0005,0.0665,0.02688549,110.73,0.03,0.0,BTC-27DEC19-32000-C,9381.11,109.54,0.0255,6.0,0.0295,21.0,112.9,11.16269,-3.79462,3.12268,3e-05,0.10082
9404.66,BTC-27SEP19,1563361181444,open,0.4,714.8,0.355,0.4345,0.39474953,105.16,0.434,0.0,BTC-27SEP19-6000-C,9381.11,98.92,0.3895,11.0,0.3985,11.0,109.42,8.13846,-5.95358,9.06512,4e-05,0.88424
9404.69,BTC-27SEP19,1563361181453,open,0.13,406.8,0.089,0.1685,0.12867917,106.53,0.13,0.0,BTC-27SEP19-11000-C,9381.11,104.15,0.1245,26.4,0.1315,11.0,108.13,16.57421,-12.28234,6.17508,9e-05,0.46212
9404.66,BTC-27SEP19,1563361181453,open,0.03,553.4,0.0005,0.074,0.03273112,105.16,0.0305,0.0,BTC-27SEP19-6000-P,9381.11,103.14,0.031,20.6,0.035,24.0,107.75,8.1383,-5.95332,-2.74985,4e-05,-0.11575
9404.65,BTC-27SEP19,1563361181468,open,0.02,387.3,0.0005,0.054,0.01430483,113.68,0.0155,0.0,BTC-27SEP19-22000-C,9379.67,111.57,0.013,39.0,0.0155,0.5,115.53,5.96892,-4.72052,1.14299,3e-05,0.07602
9465.1,BTC-27DEC19,1563361181469,open,0.6,27.6,0.5565,0.636,0.59607329,98.9,0.6525,0.0,BTC-27DEC19-4000-C,9379.67,0.0,0.0155,10.0,0.643,0.2,150.29,6.63703,-2.01496,14.90131,2e-05,0.94888
9463.66,BTC-27DEC19,1563361181469,open,2.15,0.2,2.0725,2.328,2.20022567,109.35,2.2245,0.0,BTC-27DEC19-30000-P,9379.67,0.0,0.0,0.0,0.0,0.0,0.0,12.0664,-4.05044,-130.40203,3e-05,-0.88768
9463.66,BTC-27DEC19,1563361181470,open,3.99,0.0,3.8795,4.2855,4.08258466,115.65,None,0.0,BTC-27DEC19-48000-P,9379.67,0.0,0.0,0.0,0.0,0.0,0.0,5.78953,-2.0554,-212.8164,1e-05,-0.95688
9463.66,BTC-27DEC19,1563361181472,open,1.94,0.1,1.8745,2.1135,1.99375631,108.47,2.02,0.0,BTC-27DEC19-28000-P,9379.67,0.0,0.001,1.0,2.5,0.1,319.41,13.24717,-4.41106,-121.01092,3e-05,-0.87177
9381.73,SYN.BTC-19JUL19,1563361181467,open,0.36,82.8,0.3305,0.441,0.38570526,146.64,0.348,0.0,BTC-19JUL19-13000-P,9379.67,0.0,0.3795,6.0,0.4165,6.0,450.64,0.02554,-0.99883,-0.66727,0.0,-0.99886
9384.02,SYN.BTC-26JUL19,1563361181468,open,0.32,56.6,0.288,0.395,0.34138651,133.9,0.3555,0.0,BTC-26JUL19-12500-P,9379.67,92.41,0.3335,7.5,0.3715,7.5,210.18,2.6101,-19.68992,-2.82737,9e-05,-0.89775
9404.66,BTC-27SEP19,1563361181461,open,0.17,806.4,0.121,0.2005,0.16075581,105.42,0.161,0.0,BTC-27SEP19-10000-C,9381.11,103.29,0.157,14.4,0.163,11.0,106.7,16.56171,-12.14599,7.04007,9e-05,0.5409
9463.66,BTC-27DEC19,1563361181486,open,1.74,0.0,1.6775,1.9,1.78855109,107.61,None,0.0,BTC-27DEC19-26000-P,9379.67,0.0,0.005,10.0,2.595,0.2,500.0,14.58653,-4.81868,-111.52423,3e-05,-0.85233
9463.66,BTC-27DEC19,1563361181493,open,1.35,3.9,1.288,1.478,1.38313958,105.65,0.752,0.0,BTC-27DEC19-22000-P,9379.67,0.0,0.0065,2.0,2.1835,0.3,500.0,17.68664,-5.73629,-92.20339,4e-05,-0.80022
9463.66,BTC-27DEC19,1563361181500,open,0.33,205.5,0.282,0.3615,0.32172443,98.09,0.32,0.0,BTC-27DEC19-8000-C,9379.67,95.1,0.315,11.0,0.324,11.0,99.1,21.26572,-6.40345,16.83621,5e-05,0.7204
9404.65,BTC-27SEP19,1563361181513,open,0.26,901.1,0.2155,0.295,0.2550606,104.97,0.25,0.0,BTC-27SEP19-8000-C,9379.67,99.91,0.2475,11.0,0.257,11.0,106.27,14.07031,-10.27496,8.59376,8e-05,0.7191
9404.65,BTC-27SEP19,1563361181525,open,0.4,714.8,0.355,0.4345,0.39474953,105.16,0.434,0.0,BTC-27SEP19-6000-C,9379.67,98.92,0.3895,11.0,0.3975,11.0,108.3,8.1384,-5.95347,9.06515,4e-05,0.88424
9404.65,BTC-27SEP19,1563361181533,open,0.33,748.2,0.279,0.3585,0.31887006,104.98,0.3315,0.0,BTC-27SEP19-7000-C,9379.67,99.27,0.312,11.0,0.3535,11.0,132.5,11.43496,-8.35051,9.03953,6e-05,0.80698
9381.73,SYN.BTC-19JUL19,1563361181605,open,0.02,266.8,0.0005,0.064,0.02317709,143.94,0.027,0.0,BTC-19JUL19-9000-P,9379.67,143.25,0.023,1.9,0.027,35.1,158.65,2.4196,-92.87155,-0.16772,0.00037,-0.32483
9384.02,SYN.BTC-26JUL19,1563361181610,open,0.05,733.2,0.019,0.1035,0.0611186,131.4,0.067,0.0,BTC-26JUL19-9000-P,9379.67,131.2,0.061,0.1,0.0665,41.5,140.46,5.56999,-41.23397,-1.00574,0.0002,-0.37966
9395.5,SYN.BTC-30AUG19,1563361181627,open,0.03,26.9,0.0005,0.064,0.02418245,118.38,0.0235,0.0,BTC-30AUG19-16000-C,9379.67,114.77,0.0215,24.0,0.026,15.0,120.73,7.16007,-9.6593,1.2792,6e-05,0.13745
9463.66,BTC-27DEC19,1563361181639,open,0.05,172.4,0.0095,0.089,0.04927843,106.94,0.0485,0.0,BTC-27DEC19-24000-C,9379.67,105.59,0.047,4.9,0.052,21.0,108.52,16.12955,-5.29512,5.19093,4e-05,0.1722
9395.5,SYN.BTC-30AUG19,1563361181699,open,0.04,20.2,0.0035,0.0865,0.04511664,114.52,0.0445,0.0,BTC-30AUG19-7000-P,9379.67,111.55,0.0425,19.3,0.0485,13.0,118.29,8.35595,-10.9047,-2.4708,7e-05,-0.17366
199.34,ETH-27SEP19,1563361181740,open,0.14,1653.0,0.09,0.169,0.129078,112.11,0.127,0.0,ETH-27SEP19-240-C,199.8,108.67,0.123,217.0,0.136,120.0,116.07,0.35018,-0.2731,0.12619,0.00399,0.45051
9381.73,SYN.BTC-19JUL19,1563361181820,open,0.0,459.3,0.0005,0.04,0.00035099,144.99,0.0005,0.0,BTC-19JUL19-12000-C,9379.67,0.0,0.0,0.0,0.001,0.9,167.37,0.18332,-3.2929,0.00478,3e-05,0.01026
199.54,SYN.ETH-30AUG19,1563361181820,open,0.16,220.0,0.12,0.212,0.16618,120.14,0.147,0.0,ETH-30AUG19-200-P,199.8,114.74,0.159,265.0,0.178,137.0,128.77,0.27038,-0.37018,-0.14056,0.0047,-0.41967
9463.66,BTC-27DEC19,1563361181830,open,3.58,0.0,3.476,3.8485,3.66241433,114.71,None,0.0,BTC-27DEC19-44000-P,9379.67,0.0,0.0,0.0,0.0,0.0,0.0,6.76455,-2.3821,-194.68208,1e-05,-0.94763
199.79,SYN.ETH-19JUL19,1563361181831,open,0.01,101.0,0.001,0.043,0.00337,135.07,0.011,0.0,ETH-19JUL19-230-C,199.8,140.74,0.004,316.0,0.008,402.0,169.9,0.02125,-0.67335,0.00078,0.00767,0.07983
199.36,ETH-27SEP19,1563361181843,open,0.0,3606.0,0.001,0.044,0.004329,132.38,0.005,0.0,ETH-27SEP19-760-C,199.8,126.35,0.003,10.0,0.006,116.0,138.43,0.04928,-0.04539,0.00757,0.00048,0.02361
199.76,SYN.ETH-26JUL19,1563361181846,open,0.0,3965.0,0.001,0.04,0.000216,134.95,0.003,0.0,ETH-26JUL19-360-C,199.8,0.0,0.0,0.0,0.002,241.0,175.01,0.0033,-0.0251,0.00016,0.00025,0.00353
199.54,SYN.ETH-30AUG19,1563361181848,open,0.22,220.0,0.181,0.279,0.230097,120.8,0.242,0.0,ETH-30AUG19-220-P,199.8,114.8,0.222,276.0,0.244,120.0,130.71,0.27592,-0.37982,-0.17743,0.00477,-0.50945
199.76,SYN.ETH-26JUL19,1563361181862,open,0.0,1920.0,0.001,0.04,9.1e-05,134.95,0.001,0.0,ETH-26JUL19-380-C,199.8,0.0,0.0,0.0,0.001,151.0,171.87,0.0016,-0.01216,7e-05,0.00012,0.00159
199.81,SYN.ETH-19JUL19,1563361181864,open,0.0,899.0,0.001,0.04,0.000109,134.89,0.001,0.0,ETH-19JUL19-260-C,199.8,0.0,0.0,0.0,0.001,104.0,177.02,0.00159,-0.02159,4e-05,0.00058,0.00373
199.52,SYN.ETH-30AUG19,1563361181890,open,0.11,473.0,0.059,0.138,0.098272,120.68,0.1,0.0,ETH-30AUG19-240-C,199.8,113.77,0.089,501.0,0.104,223.0,124.93,0.26862,-0.36944,0.07432,0.00465,0.40816
199.34,ETH-27SEP19,1563361181925,open,0.03,4141.0,0.001,0.071,0.031024,118.11,0.026,0.0,ETH-27SEP19-400-C,199.8,115.01,0.028,596.0,0.033,200.0,120.05,0.19978,-0.16415,0.04397,0.00216,0.14305
199.76,SYN.ETH-26JUL19,1563361181941,open,0.0,1117.0,0.001,0.04,7e-06,134.96,0.001,0.0,ETH-26JUL19-440-C,199.8,0.0,0.0,0.0,0.001,282.0,204.27,0.00016,-0.00122,1e-05,1e-05,0.00013
9463.68,BTC-27DEC19,1563361181954,open,4.41,1.0,4.2835,4.7235,4.50348466,116.78,4.454,0.0,BTC-27DEC19-52000-P,9379.67,0.0,0.001,1.0,0.0,0.0,0.0,5.04436,-1.80833,-230.87529,1e-05,-0.9636
199.52,SYN.ETH-30AUG19,1563361182077,open,0.05,189.0,0.009,0.088,0.048751,125.0,0.046,0.0,ETH-30AUG19-300-C,199.81,120.46,0.044,254.0,0.053,276.0,128.94,0.21228,-0.30239,0.04453,0.00355,0.2344
199.79,SYN.ETH-19JUL19,1563361182077,open,0.57,282.0,0.538,0.665,0.601538,0.0,0.4,0.0,ETH-19JUL19-320-P,199.81,0.0,0.003,25.0,0.0,0.0,0.0,0.0,0.0,-0.01644,0.0,-1.0
199.74,SYN.ETH-26JUL19,1563361182079,open,0.76,1047.0,0.731,0.874,0.802349,115.73,0.2,0.0,ETH-26JUL19-360-P,199.81,0.0,0.0,0.0,0.0,0.0,0.0,0.00081,-0.00526,-0.0875,7e-05,-0.99925
199.52,SYN.ETH-30AUG19,1563361182078,open,0.52,0.0,0.491,0.614,0.552215,124.86,None,0.0,ETH-30AUG19-300-P,199.81,0.0,0.0,0.0,0.0,0.0,0.0,0.21207,-0.30176,-0.31615,0.00355,-0.766
199.52,SYN.ETH-30AUG19,1563361182078,open,0.61,0.0,0.577,0.708,0.642486,125.85,None,0.0,ETH-30AUG19-320-P,199.81,0.0,0.0,0.0,0.0,0.0,0.0,0.18991,-0.27237,-0.34748,0.00315,-0.80635
199.52,SYN.ETH-30AUG19,1563361182077,open,0.44,0.0,0.406,0.522,0.464377,123.44,None,0.0,ETH-30AUG19-280-P,199.81,0.0,0.0,0.0,0.0,0.0,0.0,0.23354,-0.32852,-0.28365,0.00395,-0.71831
199.79,SYN.ETH-19JUL19,1563361182077,open,0.22,0.0,0.16,0.239,0.199551,139.0,None,0.0,ETH-19JUL19-160-C,199.81,0.0,0.0,0.0,0.0,0.0,0.0,0.00426,-0.15774,0.0081,0.00149,0.98867
9465.1,BTC-27DEC19,1563361182163,open,0.02,246.9,0.0005,0.057,0.01710549,114.5,0.0165,0.0,BTC-27DEC19-40000-C,9379.67,111.96,0.015,6.0,0.0195,21.0,117.17,8.16529,-2.87003,2.08862,2e-05,0.06656
9463.66,BTC-27DEC19,1563361182165,open,0.03,58.2,0.0005,0.0665,0.02687441,110.74,0.03,0.0,BTC-27DEC19-32000-C,9379.67,109.11,0.025,6.0,0.0295,21.0,112.91,11.16018,-3.79405,3.12185,3e-05,0.10081
9404.65,BTC-27SEP19,1563361182167,open,0.03,553.4,0.0005,0.074,0.03273136,105.16,0.0305,0.0,BTC-27SEP19-6000-P,9379.67,103.14,0.031,20.6,0.0355,24.0,108.32,8.13835,-5.95339,-2.74988,4e-05,-0.11576
199.52,SYN.ETH-30AUG19,1563361182207,open,0.03,494.0,0.001,0.066,0.026132,129.46,0.027,0.0,ETH-30AUG19-360-C,199.81,122.41,0.021,576.0,0.03,300.0,134.38,0.15228,-0.22466,0.02677,0.00246,0.13775
9381.73,SYN.BTC-19JUL19,1563361182233,open,0.0,0.6,0.0005,0.0405,0.00051651,145.0,0.0025,0.0,BTC-19JUL19-7500-P,9379.67,160.33,0.001,23.2,0.0025,0.5,189.31,0.23541,-4.84615,-0.00685,4e-05,-0.01369
9395.5,SYN.BTC-30AUG19,1563361182285,open,0.02,0.0,0.0005,0.062,0.0216158,116.85,None,0.0,BTC-30AUG19-6000-P,9379.67,111.38,0.0185,38.3,0.0255,14.3,123.27,5.51299,-7.34107,-1.31896,4e-05,-0.09517
9381.73,SYN.BTC-19JUL19,1563361182287,open,0.0,3.0,0.0005,0.0425,0.00260478,145.0,0.0025,0.0,BTC-19JUL19-8000-P,9379.67,155.17,0.0035,1.5,0.0055,46.0,174.08,0.7639,-24.43905,-0.02848,0.00012,-0.05649
9384.02,SYN.BTC-26JUL19,1563361182290,open,0.0,313.8,0.0005,0.04,3.493e-05,145.0,0.001,0.0,BTC-26JUL19-20000-C,9379.67,0.0,0.0,0.0,0.0005,5.8,182.55,0.03129,-0.25564,0.00131,0.0,0.00061
9403.26,BTC-27SEP19,1563361182468,open,0.01,297.6,0.0005,0.051,0.01094616,106.55,0.005,0.0,BTC-27SEP19-4750-P,9379.62,104.31,0.01,15.0,0.0125,24.0,110.04,4.05411,-3.00494,-1.06194,2e-05,-0.0464
9463.68,BTC-27DEC19,1563361182468,open,3.58,0.0,3.477,3.8495,3.66316905,115.76,None,0.0,BTC-27DEC19-44000-P,9379.62,0.0,0.0,0.0,0.0,0.0,0.0,7.00548,-2.48953,-194.61449,2e-05,-0.94527
9463.63,BTC-27DEC19,1563361182468,open,0.48,60.5,0.4345,0.514,0.47416731,98.11,0.567,0.0,BTC-27DEC19-5500-C,9379.62,95.03,0.47,1.0,0.966,5.0,500.0,12.93212,-3.89473,16.97429,3e-05,0.87612
9463.63,BTC-27DEC19,1563361182469,open,0.01,463.2,0.0005,0.0495,0.00965943,118.35,0.008,0.0,BTC-27DEC19-52000-C,9379.62,115.24,0.008,46.1,0.0115,21.0,121.42,5.36166,-1.94801,1.24853,1e-05,0.03922
9463.63,BTC-27DEC19,1563361182469,open,4.41,1.0,4.2845,4.7245,4.50435077,118.3,4.454,0.0,BTC-27DEC19-52000-P,9379.62,0.0,0.001,1.0,0.0,0.0,0.0,5.35125,-1.94339,-230.79529,1e-05,-0.96087
9463.63,BTC-27DEC19,1563361182469,open,2.15,0.2,2.073,2.3285,2.20073134,109.73,2.2245,0.0,BTC-27DEC19-30000-P,9379.62,0.0,0.0,0.0,0.0,0.0,0.0,12.16707,-4.0987,-130.36741,3e-05,-0.88636
9403.21,BTC-27SEP19,1563361182470,open,0.0,421.0,0.0005,0.045,0.00492313,109.59,0.0045,0.0,BTC-27SEP19-4000-P,9379.62,105.5,0.004,19.5,0.006,24.0,113.85,2.24955,-1.71504,-0.51167,1e-05,-0.02271
9380.28,SYN.BTC-19JUL19,1563361182468,open,0.12,6.1,0.0635,0.143,0.10302392,145.57,0.109,0.0,BTC-19JUL19-8500-C,9379.62,123.69,0.0995,6.0,0.106,6.0,161.92,1.63225,-63.36379,0.35538,0.00025,0.84053
9380.28,SYN.BTC-19JUL19,1563361182468,open,0.0,239.0,0.0005,0.04,0.0001038,145.07,0.0005,0.0,BTC-19JUL19-12500-C,9379.62,0.0,0.0,0.0,0.0005,0.1,173.01,0.0683,-0.97363,0.00157,1e-05,0.00337
9463.63,BTC-27DEC19,1563361182471,open,3.99,0.0,3.8805,4.2865,4.08340964,116.94,None,0.0,BTC-27DEC19-48000-P,9379.62,0.0,0.0,0.0,0.0,0.0,0.0,6.06714,-2.17801,-212.74158,1e-05,-0.9543
9382.58,SYN.BTC-26JUL19,1563361182468,open,0.01,194.6,0.0005,0.049,0.00933207,133.94,0.01,0.0,BTC-26JUL19-12500-C,9379.62,130.88,0.0085,41.5,0.0115,44.1,141.36,2.60875,-19.6857,0.21188,9e-05,0.1022
9403.21,BTC-27SEP19,1563361182472,open,0.0,442.4,0.0005,0.043,0.00340069,119.57,0.0025,0.0,BTC-27SEP19-32000-C,9379.62,112.0,0.002,39.0,0.005,29.9,125.93,2.0661,-1.71857,0.31727,1e-05,0.02054
9382.58,SYN.BTC-26JUL19,1563361182470,open,0.14,265.8,0.1115,0.2035,0.15734391,129.05,0.141,0.0,BTC-26JUL19-10500-P,9379.62,129.33,0.1575,18.0,0.166,18.0,144.26,5.25426,-38.20072,-1.90282,0.00019,-0.67672
9380.28,SYN.BTC-19JUL19,1563361182469,open,0.0,170.4,0.0005,0.04,0.0,145.04,0.0005,0.0,BTC-19JUL19-16500-C,9379.62,0.0,0.0,0.0,0.0035,10.0,400.55,0.0,-1e-05,0.0,0.0,0.0
9463.63,BTC-27DEC19,1563361182473,open,2.76,1.3,2.6725,2.978,2.82512955,112.63,2.792,0.0,BTC-27DEC19-36000-P,9379.62,0.0,0.0005,1.0,0.0,0.0,0.0,9.47011,-3.27428,-158.12199,2e-05,-0.91919
9382.58,SYN.BTC-26JUL19,1563361182471,open,0.05,132.3,0.0005,0.078,0.03842067,129.36,0.038,0.0,BTC-26JUL19-10500-C,9379.62,126.81,0.037,40.5,0.0425,24.3,136.58,5.25804,-38.31928,0.65116,0.00019,0.32384
9382.58,SYN.BTC-26JUL19,1563361182472,open,0.37,28.7,0.3365,0.447,0.3917257,133.7,0.284,0.0,BTC-26JUL19-13000-P,9379.62,0.0,0.385,7.5,0.423,7.5,221.86,2.01073,-15.14541,-3.01044,7e-05,-0.92784
9382.58,SYN.BTC-26JUL19,1563361182468,open,0.01,451.5,0.0005,0.054,0.01376971,134.85,0.0115,0.0,BTC-26JUL19-7500-P,9379.62,130.74,0.0125,30.0,0.016,30.0,141.77,2.94338,-22.36219,-0.3074,0.0001,-0.12097
9382.58,SYN.BTC-26JUL19,1563361182468,open,0.02,443.2,0.0005,0.0645,0.0240003,132.43,0.024,0.0,BTC-26JUL19-8000-P,9379.62,131.25,0.0235,24.0,0.0275,24.0,140.54,3.97952,-29.69032,-0.48987,0.00014,-0.19073
9380.28,SYN.BTC-19JUL19,1563361182468,open,0.0,198.9,0.0005,0.04,7.23e-06,145.06,0.001,0.0,BTC-19JUL19-13500-C,9379.62,0.0,0.0,0.0,0.0035,10.0,282.94,0.00698,-0.06782,0.00013,0.0,0.00028
9382.58,SYN.BTC-26JUL19,1563361182468,open,0.11,516.2,0.0755,0.1645,0.11981606,129.1,0.131,0.0,BTC-26JUL19-10000-P,9379.62,129.4,0.12,18.1,0.128,18.0,142.51,5.70224,-41.47378,-1.60904,0.00021,-0.58548
9380.28,SYN.BTC-19JUL19,1563361182468,open,0.04,43.3,0.0005,0.074,0.03410144,139.62,0.032,0.0,BTC-19JUL19-9500-C,9379.62,137.51,0.0335,1.9,0.038,10.0,153.29,2.67426,-99.57026,0.20977,0.00042,0.46943
9382.58,SYN.BTC-26JUL19,1563361182474,open,0.0,57.0,0.0005,0.041,0.00108194,141.01,0.0005,0.0,BTC-26JUL19-15500-C,9379.62,128.33,0.0005,14.4,0.0015,4.1,147.36,0.55043,-4.37256,0.03149,2e-05,0.01489
9403.26,BTC-27SEP19,1563361182496,open,0.0,1657.1,0.0005,0.04,0.00015641,144.99,0.0005,0.0,BTC-27SEP19-1500-P,9379.62,0.0,0.0,0.0,0.001,21.1,177.76,0.10784,-0.10877,-0.01678,0.0,-0.00075
9403.26,BTC-27SEP19,1563361182499,open,0.91,1.0,0.8665,1.0215,0.94406154,111.61,1.5815,0.0,BTC-27SEP19-18000-P,9379.62,0.0,0.005,0.3,1.5535,0.3,500.0,9.45745,-7.34284,-33.33491,5e-05,-0.8562
9394.04,SYN.BTC-30AUG19,1563361182534,open,0.08,28.3,0.0325,0.112,0.07242984,114.16,0.082,0.0,BTC-30AUG19-12000-C,9379.62,111.04,0.0685,19.3,0.0755,15.0,116.58,11.89322,-15.47298,2.98759,0.0001,0.337
9403.26,BTC-27SEP19,1563361182595,open,0.15,179.3,0.113,0.2055,0.15928417,104.81,0.151,0.0,BTC-27SEP19-9000-P,9379.62,103.75,0.1575,19.3,0.164,4.6,107.62,15.78126,-11.50613,-9.83603,9e-05,-0.37191
9403.21,BTC-27SEP19,1563361182611,open,0.21,218.1,0.1755,0.273,0.22405929,105.36,0.2285,0.0,BTC-27SEP19-10000-P,9379.62,104.19,0.222,14.4,0.2295,4.8,108.45,16.56007,-12.13788,-12.6537,9e-05,-0.45931
9394.04,SYN.BTC-30AUG19,1563361182634,open,0.18,5.1,0.147,0.242,0.19459074,113.01,0.1915,0.0,BTC-30AUG19-10000-P,9379.62,111.14,0.192,14.4,0.2015,3.0,118.01,12.98486,-16.72305,-7.6796,0.00011,-0.48549
9463.63,BTC-27DEC19,1563361183007,open,0.45,122.9,0.399,0.4785,0.4388353,98.06,0.439,0.0,BTC-27DEC19-6000-C,9379.62,94.34,0.433,11.0,0.4415,11.0,99.74,14.94215,-4.49805,17.23213,4e-05,0.84689
9382.58,SYN.BTC-26JUL19,1563361183010,open,0.18,381.0,0.151,0.2465,0.19891341,128.98,0.215,0.0,BTC-26JUL19-11000-P,9379.62,126.08,0.1975,7.5,0.21,7.5,150.62,4.59967,-33.42364,-2.17616,0.00017,-0.75497
201.25,ETH-27DEC19,1563361183077,open,0.15,584.0,0.113,0.205,0.158866,106.33,0.1,0.0,ETH-27DEC19-160-P,199.77,102.61,0.151,189.0,0.167,191.0,110.17,0.42617,-0.13911,-0.36616,0.00222,-0.24886
201.25,ETH-27DEC19,1563361183077,open,0.1,488.0,0.053,0.132,0.092733,109.63,0.091,0.0,ETH-27DEC19-400-C,199.77,105.72,0.084,381.0,0.1,311.0,112.81,0.45543,-0.15327,0.17152,0.0023,0.28372
199.32,ETH-27SEP19,1563361183079,open,0.01,4110.0,0.001,0.055,0.014925,116.07,0.012,0.0,ETH-27SEP19-100-P,199.77,109.86,0.012,556.0,0.018,500.0,122.03,0.09863,-0.07964,-0.02751,0.00109,-0.05517
199.32,ETH-27SEP19,1563361183079,open,0.06,1846.0,0.021,0.1,0.06067,115.13,0.06,0.0,ETH-27SEP19-320-C,199.77,113.95,0.059,1.0,0.064,160.0,117.47,0.2817,-0.22563,0.07473,0.00313,0.25107
199.32,ETH-27SEP19,1563361183080,open,0.09,1914.0,0.047,0.126,0.086078,112.66,0.087,0.0,ETH-27SEP19-280-C,199.77,108.87,0.08,407.0,0.092,160.0,116.31,0.32172,-0.25215,0.09717,0.00365,0.33365
199.75,SYN.ETH-26JUL19,1563361183077,open,0.12,0.0,0.069,0.148,0.108459,134.95,None,0.0,ETH-26JUL19-190-C,199.77,132.46,0.107,150.0,0.118,150.0,151.18,0.11716,-0.89074,0.02554,0.00895,0.63425
199.75,SYN.ETH-26JUL19,1563361183079,open,0.23,0.0,0.174,0.253,0.213072,134.88,None,0.0,ETH-26JUL19-160-C,199.77,0.0,0.0,0.0,0.0,0.0,0.0,0.06339,-0.4817,0.03225,0.00484,0.87703
199.32,ETH-27SEP19,1563361183081,open,0.09,5948.0,0.052,0.139,0.095396,112.4,0.084,0.0,ETH-27SEP19-160-P,199.77,108.52,0.09,215.0,0.1,160.0,115.69,0.27812,-0.21746,-0.13365,0.00316,-0.24511
199.75,SYN.ETH-26JUL19,1563361183079,open,0.03,1358.0,0.001,0.081,0.039761,135.03,0.036,0.0,ETH-26JUL19-180-P,199.77,137.41,0.041,367.0,0.049,200.0,152.58,0.1038,-0.7897,-0.01525,0.00792,-0.27431
201.21,ETH-27DEC19,1563361183083,open,2.16,0.0,2.092,2.348,2.219994,116.19,None,0.0,ETH-27DEC19-640-P,199.77,0.0,0.0,0.0,0.0,0.0,0.0,0.29193,-0.10413,-2.76985,0.00139,-0.86493
199.75,SYN.ETH-26JUL19,1563361183078,open,0.0,1872.0,0.001,0.04,0.000504,134.99,0.001,0.0,ETH-26JUL19-340-C,199.77,0.0,0.0,0.0,0.002,118.0,161.0,0.00662,-0.05037,0.00035,0.00051,0.00773
199.8,SYN.ETH-19JUL19,1563361183077,open,0.03,502.0,0.001,0.059,0.019148,134.94,0.033,0.0,ETH-19JUL19-210-C,199.77,149.76,0.023,99.0,0.027,214.0,164.83,0.05124,-1.84373,0.00309,0.01852,0.32041
199.8,SYN.ETH-19JUL19,1563361183077,open,0.0,152.0,0.001,0.041,0.001759,135.04,0.008,0.0,ETH-19JUL19-170-P,199.77,180.1,0.006,73.0,0.009,610.0,202.92,0.01308,-0.35154,-0.00046,0.00472,-0.04297
199.75,SYN.ETH-26JUL19,1563361183079,open,0.03,979.0,0.001,0.064,0.024297,134.98,0.031,0.0,ETH-26JUL19-240-C,199.77,138.61,0.026,122.0,0.03,265.0,146.91,0.09261,-0.70422,0.00958,0.00707,0.22158
199.75,SYN.ETH-26JUL19,1563361183078,open,0.29,867.0,0.262,0.366,0.313714,135.21,0.303,0.0,ETH-26JUL19-260-P,199.77,115.01,0.308,120.0,0.352,30.0,222.11,0.06453,-0.49152,-0.05768,0.00492,-0.87386
9380.28,SYN.BTC-19JUL19,1563361183098,open,0.02,266.8,0.0005,0.064,0.02322968,143.73,0.027,0.0,BTC-19JUL19-9000-P,9379.62,143.04,0.023,1.9,0.027,25.1,158.44,2.4203,-92.76213,-0.16786,0.00037,-0.32518
9394.04,SYN.BTC-30AUG19,1563361183251,open,0.25,14.6,0.217,0.318,0.26748895,113.01,0.2625,0.0,BTC-30AUG19-11000-P,9379.62,111.64,0.2655,14.4,0.2775,3.0,120.47,12.71831,-16.37922,-9.59055,0.00011,-0.58195
9463.68,BTC-27DEC19,1563361183253,open,0.52,68.4,0.472,0.5515,0.51195729,98.06,0.511,0.0,BTC-27DEC19-5000-C,9379.62,93.63,0.507,11.0,0.5155,11.0,101.12,10.81209,-3.25478,16.53322,3e-05,0.90346
9463.63,BTC-27DEC19,1563361183264,open,0.02,246.9,0.0005,0.057,0.01709785,114.51,0.0165,0.0,BTC-27DEC19-40000-C,9379.62,112.59,0.0155,6.0,0.0195,21.0,117.18,8.1636,-2.86965,2.08813,2e-05,0.06655
9463.63,BTC-27DEC19,1563361183267,open,0.03,58.2,0.0005,0.0665,0.02687428,110.73,0.03,0.0,BTC-27DEC19-32000-C,9379.62,109.55,0.0255,6.0,0.0295,21.0,112.91,11.1577,-3.79289,3.12103,3e-05,0.10078
9403.26,BTC-27SEP19,1563361183468,open,0.84,42.8,0.801,0.8805,0.84063656,144.93,0.815,0.0,BTC-27SEP19-1500-C,9380.77,0.0,0.01,1.0,0.0,0.0,0.0,0.10747,-0.10835,2.93705,0.0,0.99925
9403.26,BTC-27SEP19,1563361183468,open,0.28,127.7,0.2465,0.35,0.29843702,106.53,0.2865,0.0,BTC-27SEP19-11000-P,9380.77,104.58,0.295,14.4,0.306,14.4,110.81,16.57119,-12.2802,-15.48824,9e-05,-0.53801
9403.26,BTC-27SEP19,1563361183468,open,0.03,310.3,0.0005,0.07,0.03009715,111.87,0.0305,0.0,BTC-27SEP19-18000-C,9380.77,109.76,0.028,5.0,0.032,11.0,113.73,9.49437,-7.38889,2.12082,5e-05,0.14463
9403.26,BTC-27SEP19,1563361183469,open,0.0,122.0,0.0005,0.0435,0.00378297,111.62,0.0015,0.0,BTC-27SEP19-3750-P,9380.77,107.29,0.003,19.6,0.0045,24.0,115.13,1.82126,-1.41417,-0.39787,1e-05,-0.0177
9463.66,BTC-27DEC19,1563361183469,open,2.35,0.3,2.272,2.5445,2.40824063,110.74,2.435,0.0,BTC-27DEC19-32000-P,9380.77,0.0,0.0,0.0,0.0,0.0,0.0,11.16007,-3.794,-139.6727,3e-05,-0.89919
9380.24,SYN.BTC-19JUL19,1563361183468,open,0.02,115.8,0.0005,0.056,0.01627381,139.4,0.015,0.0,BTC-19JUL19-10000-C,9380.77,138.25,0.016,2.0,0.017,0.1,142.41,2.25309,-83.75243,0.12585,0.00036,0.27745
9382.53,SYN.BTC-26JUL19,1563361183468,open,0.08,103.8,0.035,0.1145,0.07468445,129.28,0.087,0.0,BTC-26JUL19-9500-C,9380.77,124.96,0.072,29.5,0.0765,0.3,132.2,5.83225,-42.47936,1.00586,0.00021,0.51559
9463.66,BTC-27DEC19,1563361183470,open,0.85,0.0,0.803,0.8825,0.84275891,122.17,None,0.0,BTC-27DEC19-1500-C,9380.77,0.0,0.021,10.0,0.984,0.5,500.0,0.72337,-0.27129,6.47779,0.0,0.99615
9463.66,BTC-27DEC19,1563361183470,open,0.74,0.0,0.7,0.7795,0.73979617,105.67,None,0.0,BTC-27DEC19-2500-C,9380.77,0.0,0.0155,3.0,0.978,0.5,500.0,2.05758,-0.66744,10.45696,0.0,0.98742
9403.26,BTC-27SEP19,1563361183470,open,0.36,60.1,0.3245,0.4345,0.37938207,107.5,0.395,0.0,BTC-27SEP19-12000-P,9380.77,105.81,0.3765,2.7,0.389,6.0,113.11,16.03937,-11.99464,-18.27274,9e-05,-0.60744
9463.66,BTC-27DEC19,1563361183470,open,3.17,0.0,3.0745,3.4135,3.24380579,114.51,None,0.0,BTC-27DEC19-40000-P,9380.77,0.0,0.0005,3.0,0.0,0.0,0.0,8.16526,-2.87039,-176.40454,2e-05,-0.93343
9464.81,BTC-27DEC19,1563361183471,open,3.58,0.0,3.477,3.8495,3.66315937,116.48,None,0.0,BTC-27DEC19-44000-P,9380.77,0.0,0.0,0.0,0.0,0.0,0.0,7.1743,-2.56542,-194.56689,2e-05,-0.9436
9403.26,BTC-27SEP19,1563361183471,open,2.35,0.0,2.2705,2.5425,2.40647592,119.57,None,0.0,BTC-27SEP19-32000-P,9380.77,0.0,0.0,0.0,0.0,0.0,0.0,2.06616,-1.71862,-62.69641,1e-05,-0.97946
9464.81,BTC-27DEC19,1563361183472,open,1.54,0.0,1.482,1.6885,1.5852828,107.1,None,0.0,BTC-27DEC19-24000-P,9380.77,0.0,0.0065,1.0,2.389,0.2,500.0,16.173,-5.31755,-101.88746,4e-05,-0.82711
9464.81,BTC-27DEC19,1563361183472,open,1.15,1.6,1.098,1.2725,1.18516608,105.14,1.0905,0.0,BTC-27DEC19-20000-P,9380.77,0.0,0.005,5.0,1.466,1.0,215.87,19.54694,-6.30893,-82.25604,5e-05,-0.76241
9380.24,SYN.BTC-19JUL19,1563361183468,open,0.11,415.7,0.0815,0.171,0.12642635,140.68,0.137,0.0,BTC-19JUL19-10500-P,9380.77,134.79,0.1255,6.0,0.1325,6.0,173.96,1.51631,-56.88374,-0.47399,0.00024,-0.85724
9464.81,BTC-27DEC19,1563361183474,open,0.04,90.6,0.0005,0.0755,0.03553936,108.79,0.0355,0.0,BTC-27DEC19-28000-C,9380.77,107.69,0.034,6.0,0.0385,21.0,110.86,13.33518,-4.45372,3.96593,3e-05,0.12944
9464.81,BTC-27DEC19,1563361183474,open,0.0,148.7,0.0005,0.041,0.00126045,122.18,0.0005,0.0,BTC-27DEC19-1500-P,9380.77,0.0,0.0,0.0,0.0025,16.0,134.94,0.7236,-0.27141,-0.21579,0.0,-0.00385
9380.24,SYN.BTC-19JUL19,1563361183472,open,0.01,198.9,0.0005,0.0425,0.00297042,144.09,0.003,0.0,BTC-19JUL19-11000-C,9380.77,138.86,0.0025,3.1,0.004,0.2,154.2,0.88284,-27.86324,0.03134,0.00014,0.06801
9382.53,SYN.BTC-26JUL19,1563361183472,open,0.0,560.8,0.0005,0.04,0.00017978,145.0,0.0005,0.0,BTC-26JUL19-18000-C,9380.77,0.0,0.0,0.0,0.0005,3.5,160.54,0.12644,-1.03286,0.00601,0.0,0.00282
9382.53,SYN.BTC-26JUL19,1563361183473,open,0.02,342.6,0.0005,0.0585,0.01851481,130.04,0.02,0.0,BTC-26JUL19-11500-C,9380.77,128.79,0.018,24.0,0.0215,11.5,137.06,3.8852,-28.46271,0.37633,0.00014,0.18347
9382.53,SYN.BTC-26JUL19,1563361183471,open,0.0,389.3,0.0005,0.042,0.00211486,137.89,0.002,0.0,BTC-26JUL19-14500-C,9380.77,130.99,0.0015,11.0,0.003,3.3,145.86,0.92928,-7.21886,0.05818,3e-05,0.02762
9380.24,SYN.BTC-19JUL19,1563361183474,open,0.0,297.0,0.0005,0.04,1.72e-06,145.0,0.0005,0.0,BTC-19JUL19-14000-C,9380.77,0.0,0.0,0.0,0.0015,21.0,266.02,0.00195,-0.01613,3e-05,0.0,7e-05
9464.81,BTC-27DEC19,1563361183509,open,1.35,3.9,1.2885,1.4785,1.38350421,105.99,0.752,0.0,BTC-27DEC19-22000-P,9380.77,0.0,0.0065,2.0,2.183,0.3,500.0,17.76453,-5.7799,-92.16975,4e-05,-0.7988
9404.41,BTC-27SEP19,1563361183515,open,0.91,1.0,0.867,1.022,0.9443275,112.09,1.5815,0.0,BTC-27SEP19-18000-P,9380.77,0.0,0.005,0.3,1.553,0.3,500.0,9.5285,-7.42991,-33.31465,5e-05,-0.85462
9403.26,BTC-27SEP19,1563361183550,open,0.45,224.0,0.3975,0.477,0.43702595,105.35,0.5225,0.0,BTC-27SEP19-5500-C,9380.77,97.61,0.432,11.0,0.4405,11.0,110.3,6.41556,-4.70181,8.87551,3e-05,0.91635
9403.26,BTC-27SEP19,1563361183552,open,0.36,60.1,0.3245,0.4345,0.37938207,107.5,0.395,0.0,BTC-27SEP19-12000-P,9380.77,105.81,0.3765,2.7,0.3895,6.0,113.4,16.03937,-11.99464,-18.27274,9e-05,-0.60744
9394.02,SYN.BTC-30AUG19,1563361183676,open,0.08,28.3,0.0325,0.112,0.07238849,114.13,0.082,0.0,BTC-30AUG19-12000-C,9380.77,111.44,0.069,19.3,0.0755,15.0,116.58,11.89202,-15.46704,2.98708,0.0001,0.33692
9403.26,BTC-27SEP19,1563361183753,open,0.15,179.3,0.113,0.2055,0.15936286,104.86,0.151,0.0,BTC-27SEP19-9000-P,9380.77,103.45,0.157,19.3,0.164,4.6,107.62,15.78094,-11.51104,-9.83705,9e-05,-0.37189
9404.41,BTC-27SEP19,1563361183761,open,0.21,218.1,0.1755,0.273,0.22416405,105.47,0.2285,0.0,BTC-27SEP19-10000-P,9380.77,103.96,0.2215,16.3,0.2295,4.8,108.5,16.56107,-12.15117,-12.65248,9e-05,-0.45905
9394.02,SYN.BTC-30AUG19,1563361183785,open,0.18,5.1,0.147,0.242,0.19469674,113.09,0.1915,0.0,BTC-30AUG19-10000-P,9380.77,110.78,0.1915,14.4,0.2015,3.0,118.01,12.98472,-16.73406,-7.67973,0.00011,-0.4854
9404.41,BTC-27SEP19,1563361183808,open,0.59,227.5,0.54,0.6195,0.57954285,109.41,0.7065,0.0,BTC-27SEP19-4000-C,9380.77,83.22,0.5755,11.0,0.582,11.0,118.57,2.23709,-1.70264,7.36869,1e-05,0.97744
9380.24,SYN.BTC-19JUL19,1563361183811,open,0.2,224.5,0.178,0.276,0.22701837,143.95,0.245,0.0,BTC-19JUL19-11500-P,9380.77,0.0,0.222,6.0,0.2375,6.0,243.26,0.42199,-16.19869,-0.57813,6e-05,-0.97277
9403.26,BTC-27SEP19,1563361183813,open,0.53,78.2,0.493,0.617,0.55498188,108.45,0.54,0.0,BTC-27SEP19-14000-P,9380.77,104.73,0.5495,6.0,0.5685,6.0,117.31,14.01722,-10.57496,-23.6306,7e-05,-0.7212
9380.24,SYN.BTC-19JUL19,1563361183850,open,0.02,266.8,0.0005,0.064,0.02322968,143.93,0.027,0.0,BTC-19JUL19-9000-P,9380.77,143.04,0.023,1.8,0.027,25.1,158.43,2.42087,-92.91375,-0.16798,0.00037,-0.32537
9464.81,BTC-27DEC19,1563361183960,open,0.16,237.6,0.1205,0.2135,0.16699918,98.08,0.1565,0.0,BTC-27DEC19-8000-P,9380.77,95.64,0.1615,14.9,0.1705,6.0,99.64,21.26604,-6.40326,-18.85941,5e-05,-0.27953
9464.81,BTC-27DEC19,1563361183962,open,0.22,301.2,0.178,0.2755,0.2266523,98.09,0.2165,0.0,BTC-27DEC19-9000-P,9380.77,95.99,0.2215,4.9,0.232,6.0,100.27,23.24226,-6.9986,-24.05652,6e-05,-0.34293
9382.53,SYN.BTC-26JUL19,1563361183964,open,0.08,392.1,0.044,0.1305,0.08719948,129.28,0.0975,0.0,BTC-26JUL19-9500-P,9380.77,128.95,0.087,25.5,0.0945,25.5,141.02,5.83225,-42.47689,-1.30407,0.00021,-0.48442
9404.41,BTC-27SEP19,1563361183966,open,0.59,227.5,0.54,0.6195,0.57954285,109.41,0.7065,0.0,BTC-27SEP19-4000-C,9380.77,83.22,0.5755,11.0,0.581,11.0,115.09,2.23709,-1.70264,7.36869,1e-05,0.97744
9463.66,BTC-27DEC19,1563361183982,open,0.02,246.9,0.0005,0.057,0.01709785,114.5,0.0165,0.0,BTC-27DEC19-40000-C,9380.77,111.97,0.015,6.0,0.0195,21.0,117.18,8.16149,-2.86868,2.0875,2e-05,0.06653
9380.24,SYN.BTC-19JUL19,1563361183973,open,0.2,224.5,0.178,0.276,0.22701837,143.95,0.245,0.0,BTC-19JUL19-11500-P,9380.77,0.0,0.222,6.0,0.236,6.0,233.58,0.42199,-16.19869,-0.57813,6e-05,-0.97277
9464.81,BTC-27DEC19,1563361183984,open,0.03,58.2,0.0005,0.0665,0.02687428,110.73,0.03,0.0,BTC-27DEC19-32000-C,9380.77,109.11,0.025,6.0,0.0295,21.0,112.9,11.15944,-3.79321,3.12161,3e-05,0.10078
201.2,ETH-27DEC19,1563361184076,open,1.59,37.0,1.535,1.745,1.640329,112.07,0.707,0.0,ETH-27DEC19-520-P,199.76,0.0,0.001,500.0,0.0,0.0,0.0,0.35953,-0.12369,-2.20387,0.00178,-0.81436
201.2,ETH-27DEC19,1563361184076,open,0.07,624.0,0.026,0.105,0.065482,111.3,0.068,0.0,ETH-27DEC19-480-C,199.76,107.35,0.058,738.0,0.071,40.0,114.1,0.39007,-0.13328,0.13201,0.00194,0.21252
199.33,ETH-27SEP19,1563361184076,open,0.05,7577.0,0.017,0.1,0.058616,113.08,0.057,0.0,ETH-27SEP19-140-P,199.76,109.84,0.055,257.0,0.062,160.0,116.08,0.22365,-0.17593,-0.08965,0.00253,-0.16979
199.33,ETH-27SEP19,1563361184076,open,0.71,0.0,0.662,0.741,0.701537,134.03,0.01,0.0,ETH-27SEP19-60-C,199.76,0.0,0.003,10.0,0.0,0.0,0.0,0.02415,-0.02252,0.11312,0.00023,0.98972
199.33,ETH-27SEP19,1563361184076,open,0.39,1374.0,0.354,0.466,0.409627,112.37,0.42,0.0,ETH-27SEP19-260-P,199.76,90.19,0.373,110.0,0.0,0.0,0.0,0.33897,-0.26496,-0.40086,0.00386,-0.61164
199.32,ETH-27SEP19,1563361184077,open,0.47,981.0,0.432,0.55,0.490805,112.63,0.48,0.0,ETH-27SEP19-280-P,199.76,85.65,0.45,110.0,0.0,0.0,0.0,0.32169,-0.25205,-0.45421,0.00365,-0.66644
199.76,SYN.ETH-19JUL19,1563361184075,open,0.01,0.0,0.001,0.058,0.018086,134.75,None,0.0,ETH-19JUL19-190-P,199.76,162.51,0.025,78.0,0.028,229.0,174.26,0.04864,-1.7478,-0.00311,0.01761,-0.2854
199.32,ETH-27SEP19,1563361184078,open,0.55,868.0,0.515,0.64,0.577186,113.95,0.566,0.0,ETH-27SEP19-300-P,199.76,101.51,0.559,110.0,0.602,30.0,129.74,0.30236,-0.23967,-0.50554,0.00339,-0.71082
199.32,ETH-27SEP19,1563361184078,open,0.3,392.0,0.253,0.332,0.292735,112.44,0.51,0.0,ETH-27SEP19-160-C,199.76,0.0,0.1,10.0,0.0,0.0,0.0,0.27814,-0.21757,0.18138,0.00316,0.75486
199.71,SYN.ETH-26JUL19,1563361184075,open,0.0,1074.0,0.001,0.04,1e-06,135.03,0.001,0.0,ETH-26JUL19-480-C,199.76,0.0,0.0,0.0,0.001,300.0,223.07,3e-05,-0.00022,0.0,0.0,2e-05
199.32,ETH-27SEP19,1563361184078,open,0.02,2417.0,0.001,0.062,0.022942,119.6,0.017,0.0,ETH-27SEP19-440-C,199.76,115.95,0.02,601.0,0.026,200.0,123.15,0.16628,-0.13835,0.03416,0.00178,0.10997
199.71,SYN.ETH-26JUL19,1563361184076,open,0.02,100.0,0.001,0.057,0.017219,135.08,0.017,0.0,ETH-26JUL19-250-C,199.76,137.05,0.018,138.0,0.023,283.0,149.06,0.0783,-0.59587,0.00734,0.00598,0.16831
199.5,SYN.ETH-30AUG19,1563361184076,open,0.36,0.0,0.325,0.434,0.37972,121.49,None,0.0,ETH-30AUG19-260-P,199.76,87.91,0.34,120.0,0.0,0.0,0.0,0.25282,-0.35002,-0.24984,0.00435,-0.66214
199.71,SYN.ETH-26JUL19,1563361184075,open,0.0,1248.0,0.001,0.04,0.0,135.02,0.001,0.0,ETH-26JUL19-560-C,199.76,0.0,0.0,0.0,0.001,389.0,255.55,0.0,-1e-05,0.0,0.0,0.0
199.32,ETH-27SEP19,1563361184080,open,0.0,389.0,0.001,0.042,0.002503,133.67,0.002,0.0,ETH-27SEP19-60-P,199.76,117.33,0.001,300.0,0.004,500.0,144.4,0.02389,-0.02222,-0.00497,0.00023,-0.01016
199.71,SYN.ETH-26JUL19,1563361184076,open,0.02,545.0,0.001,0.052,0.012049,135.07,0.012,0.0,ETH-26JUL19-260-C,199.76,134.92,0.012,388.0,0.017,297.0,149.33,0.06434,-0.48962,0.00552,0.00491,0.12566
199.71,SYN.ETH-26JUL19,1563361184076,open,0.19,0.0,0.134,0.213,0.173643,135.3,None,0.0,ETH-26JUL19-170-C,199.76,0.0,0.0,0.0,0.0,0.0,0.0,0.08516,-0.64916,0.03078,0.00649,0.80759
199.5,SYN.ETH-30AUG19,1563361184076,open,0.35,0.0,0.299,0.378,0.338615,123.31,None,0.0,ETH-30AUG19-140-C,199.76,0.0,0.0,0.0,0.0,0.0,0.0,0.16031,-0.22528,0.12295,0.00272,0.85133
199.71,SYN.ETH-26JUL19,1563361184078,open,0.07,3238.0,0.042,0.127,0.084494,134.82,0.092,0.0,ETH-26JUL19-200-P,199.76,137.26,0.086,130.0,0.095,294.0,151.81,0.12364,-0.93913,-0.02648,0.00946,-0.46084
199.5,SYN.ETH-30AUG19,1563361184078,open,0.28,0.0,0.229,0.308,0.268515,120.99,None,0.0,ETH-30AUG19-160-C,199.76,0.0,0.0,0.0,0.0,0.0,0.0,0.21051,-0.29026,0.12003,0.00364,0.76903
199.71,SYN.ETH-26JUL19,1563361184077,open,0.05,711.0,0.007,0.086,0.046458,135.11,0.054,0.0,ETH-26JUL19-220-C,199.76,134.32,0.046,322.0,0.054,218.0,147.9,0.1167,-0.88829,0.01531,0.00891,0.36173
199.5,SYN.ETH-30AUG19,1563361184078,open,0.04,150.0,0.001,0.081,0.040245,123.13,0.041,0.0,ETH-30AUG19-140-P,199.76,117.77,0.036,271.0,0.044,475.0,127.76,0.16017,-0.22475,-0.04525,0.00272,-0.14847
9382.53,SYN.BTC-26JUL19,1563361184088,open,0.05,733.2,0.019,0.1035,0.06118893,131.4,0.067,0.0,BTC-26JUL19-9000-P,9380.77,128.56,0.0595,31.5,0.0665,41.5,140.34,5.57042,-41.236,-1.0064,0.0002,-0.37995
9463.66,BTC-27DEC19,1563361184095,open,0.36,93.7,0.308,0.3875,0.34760601,98.06,0.346,0.0,BTC-27DEC19-7500-C,9380.77,94.22,0.3395,11.0,0.3495,11.0,98.96,19.97965,-6.01443,17.10085,5e-05,0.75255
9382.53,SYN.BTC-26JUL19,1563361184109,open,0.05,733.2,0.019,0.1035,0.06118893,131.4,0.067,0.0,BTC-26JUL19-9000-P,9380.77,129.4,0.06,0.1,0.0665,41.5,140.34,5.57042,-41.236,-1.0064,0.0002,-0.37995
9382.53,SYN.BTC-26JUL19,1563361184113,open,0.05,733.2,0.019,0.1035,0.06118893,131.4,0.067,0.0,BTC-26JUL19-9000-P,9380.77,129.4,0.06,0.1,0.0665,31.5,140.34,5.57042,-41.236,-1.0064,0.0002,-0.37995
9403.26,BTC-27SEP19,1563361184179,open,0.03,553.4,0.0005,0.074,0.03275359,105.16,0.0305,0.0,BTC-27SEP19-6000-P,9380.77,103.11,0.031,44.6,0.0355,24.0,108.29,8.14026,-5.95481,-2.75104,4e-05,-0.11582
9380.24,SYN.BTC-19JUL19,1563361184203,open,0.07,372.8,0.0395,0.1255,0.08234418,139.37,0.093,0.0,BTC-19JUL19-10000-P,9380.77,135.86,0.0815,6.0,0.089,6.0,166.2,2.25294,-83.73292,-0.38786,0.00036,-0.72259
9394.02,SYN.BTC-30AUG19,1563361184194,open,0.08,28.3,0.0325,0.112,0.0723879,114.13,0.082,0.0,BTC-30AUG19-12000-C,9380.77,111.04,0.0685,19.3,0.0755,15.0,116.58,11.89202,-15.46704,2.98708,0.0001,0.33692
9394.02,SYN.BTC-30AUG19,1563361184206,open,0.05,10.3,0.0015,0.081,0.04137428,116.37,0.0485,0.0,BTC-30AUG19-14000-C,9380.77,113.5,0.0385,19.3,0.0425,5.0,117.47,9.53168,-12.64039,1.96725,8e-05,0.21559
9463.66,BTC-27DEC19,1563361184214,open,0.04,139.4,0.002,0.0815,0.04163251,107.89,0.0455,0.0,BTC-27DEC19-26000-C,9380.77,106.5,0.0395,6.0,0.0445,21.0,109.72,14.65647,-4.85438,4.52281,3e-05,0.14873
9380.24,SYN.BTC-19JUL19,1563361184228,open,0.07,372.8,0.0395,0.1255,0.08234418,139.37,0.093,0.0,BTC-19JUL19-10000-P,9380.77,135.86,0.0815,6.1,0.089,6.0,166.2,2.25294,-83.73292,-0.38786,0.00036,-0.72259
9403.26,BTC-27SEP19,1563361184228,open,0.01,1054.8,0.0005,0.0465,0.00655613,108.53,0.0045,0.0,BTC-27SEP19-4250-P,9380.77,106.61,0.006,15.0,0.008,24.0,113.14,2.79176,-2.10776,-0.66573,1e-05,-0.0294
199.75,SYN.ETH-19JUL19,1563361184304,open,0.67,742.0,0.634,0.77,0.702057,0.0,0.144,0.0,ETH-19JUL19-340-P,199.76,0.0,0.035,10.0,0.0,0.0,0.0,0.0,0.0,-0.01747,0.0,-1.0
9382.53,SYN.BTC-26JUL19,1563361184323,open,0.11,516.2,0.0755,0.1645,0.11992867,129.27,0.131,0.0,BTC-26JUL19-10000-P,9380.77,129.4,0.12,18.0,0.128,18.0,142.5,5.70288,-41.53426,-1.6088,0.00021,-0.58527
9463.66,BTC-27DEC19,1563361184329,open,0.36,93.7,0.308,0.3875,0.34760601,98.06,0.346,0.0,BTC-27DEC19-7500-C,9380.77,94.69,0.3405,11.0,0.3495,11.0,98.96,19.97965,-6.01443,17.10085,5e-05,0.75255
9463.66,BTC-27DEC19,1563361184340,open,0.29,181.6,0.236,0.3155,0.27564414,98.06,0.287,0.0,BTC-27DEC19-9000-C,9380.77,96.17,0.271,3.6,0.28,11.0,99.83,23.24189,-6.99638,16.10345,6e-05,0.65697
9463.66,BTC-27DEC19,1563361184377,open,0.02,186.2,0.0005,0.061,0.02110441,112.64,0.031,0.0,BTC-27DEC19-36000-C,9380.77,111.0,0.0195,6.0,0.023,11.0,114.49,9.47316,-3.27568,2.5228,2e-05,0.08084
9403.26,BTC-27SEP19,1563361184394,open,0.03,553.4,0.0005,0.074,0.03275359,105.16,0.0305,0.0,BTC-27SEP19-6000-P,9380.77,103.11,0.031,20.6,0.0355,24.0,108.29,8.14026,-5.95481,-2.75104,4e-05,-0.11582
9463.66,BTC-27DEC19,1563361184395,open,0.36,93.7,0.308,0.3875,0.34760601,98.06,0.346,0.0,BTC-27DEC19-7500-C,9380.77,94.69,0.3405,11.0,0.35,11.0,99.19,19.97965,-6.01443,17.10085,5e-05,0.75255
9381.39,SYN.BTC-19JUL19,1563361184403,open,0.2,224.5,0.178,0.276,0.22702461,147.21,0.245,0.0,BTC-19JUL19-11500-P,9380.77,0.0,0.2215,6.0,0.236,6.0,234.48,0.46064,-18.08264,-0.57675,7e-05,-0.96975
9463.66,BTC-27DEC19,1563361184405,open,0.33,205.5,0.282,0.3615,0.32165876,98.06,0.32,0.0,BTC-27DEC19-8000-C,9380.77,95.1,0.315,11.0,0.3245,11.0,99.32,21.26599,-6.40159,16.83873,5e-05,0.7204
9403.26,BTC-27SEP19,1563361184413,open,0.4,714.8,0.355,0.4345,0.394677,105.16,0.434,0.0,BTC-27SEP19-6000-C,9380.77,98.4,0.389,11.0,0.3975,11.0,108.38,8.14026,-5.95481,9.06403,4e-05,0.88418
9382.53,SYN.BTC-26JUL19,1563361184421,open,0.18,381.0,0.1515,0.247,0.19906537,129.27,0.215,0.0,BTC-26JUL19-11000-P,9380.77,125.03,0.197,7.5,0.21,7.5,150.61,4.60594,-33.54467,-2.17506,0.00017,-0.75434
9404.41,BTC-27SEP19,1563361184423,open,0.26,901.1,0.2155,0.295,0.25504868,104.93,0.25,0.0,BTC-27SEP19-8000-C,9380.77,99.92,0.2475,11.0,0.2575,11.0,106.61,14.07004,-10.27088,8.59479,8e-05,0.7191
9380.24,SYN.BTC-19JUL19,1563361184440,open,0.01,356.7,0.0005,0.049,0.00906724,144.92,0.0095,0.0,BTC-19JUL19-8500-P,9380.77,152.99,0.0105,0.1,0.012,24.1,161.09,1.62573,-62.82505,-0.08074,0.00025,-0.1585
9380.24,SYN.BTC-19JUL19,1563361184447,open,0.0,282.0,0.0005,0.041,0.00104259,144.09,0.001,0.0,BTC-19JUL19-11500-C,9380.77,129.19,0.0005,19.5,0.0015,0.4,153.1,0.42361,-9.78091,0.01268,7e-05,0.02735
9463.66,BTC-27DEC19,1563361184437,open,0.29,181.6,0.236,0.3155,0.27564414,98.06,0.287,0.0,BTC-27DEC19-9000-C,9380.77,96.17,0.271,3.6,0.279,11.0,99.43,23.24189,-6.99638,16.10345,6e-05,0.65697
9380.24,SYN.BTC-19JUL19,1563361184452,open,0.08,24.0,0.024,0.1035,0.06376738,143.95,0.056,0.0,BTC-19JUL19-9000-C,9380.77,135.1,0.0615,0.6,0.067,18.0,156.38,2.42093,-92.92819,0.29434,0.00037,0.67461
9404.38,BTC-27SEP19,1563361184468,open,0.01,408.5,0.0005,0.0545,0.01398132,106.03,0.012,0.0,BTC-27SEP19-5000-P,9379.44,104.07,0.013,15.0,0.016,24.0,109.87,4.79409,-3.53603,-1.31985,3e-05,-0.05729
9404.38,BTC-27SEP19,1563361184469,open,1.73,0.0,1.6625,1.884,1.77310635,118.1,None,0.0,BTC-27SEP19-26000-P,9379.44,0.0,0.0,0.0,0.0,0.0,0.0,4.07061,-3.34421,-50.49129,2e-05,-0.95337
9463.46,BTC-27DEC19,1563361184469,open,3.58,0.0,3.4765,3.849,3.66260922,114.85,None,0.0,BTC-27DEC19-44000-P,9379.44,0.0,0.0,0.0,0.0,0.0,0.0,6.7952,-2.39573,-194.67351,1e-05,-0.94733
9404.38,BTC-27SEP19,1563361184469,open,0.61,0.0,0.565,0.6445,0.60498498,111.38,None,0.0,BTC-27SEP19-3750-C,9379.44,0.0,0.005,10.0,0.7085,10.0,299.09,1.80767,-1.40067,6.99029,1e-05,0.98245
9403.05,BTC-27SEP19,1563361184470,open,0.69,225.7,0.643,0.7225,0.68281015,121.88,0.693,0.0,BTC-27SEP19-3000-C,9379.44,0.0,0.005,20.0,0.902,5.0,500.0,0.97406,-0.82589,5.71404,0.0,0.99141
9463.46,BTC-27DEC19,1563361184469,open,0.01,78.3,0.0005,0.051,0.01137627,116.97,0.0145,0.0,BTC-27DEC19-48000-C,9379.44,114.73,0.01,6.0,0.013,11.0,119.39,6.07244,-2.1804,1.45163,1e-05,0.04575
9463.46,BTC-27DEC19,1563361184469,open,0.65,4.0,0.602,0.6815,0.64198905,100.21,0.64,0.0,BTC-27DEC19-3500-C,9379.44,0.0,0.0075,0.2,0.78,1.0,256.51,4.80823,-1.47915,13.66859,1e-05,0.96567
9463.46,BTC-27DEC19,1563361184469,open,0.79,0.0,0.7515,0.831,0.79100164,112.76,None,0.0,BTC-27DEC19-2000-C,9379.44,0.0,0.0155,3.0,0.981,0.5,500.0,1.28476,-0.44472,8.51578,0.0,0.99266
9403.05,BTC-27SEP19,1563361184470,open,1.93,0.0,1.8645,2.1025,1.98345882,117.26,None,0.0,BTC-27SEP19-28000-P,9379.44,0.0,0.0,0.0,0.0,0.0,0.0,3.08125,-2.51351,-54.62926,2e-05,-0.96688
9463.46,BTC-27DEC19,1563361184470,open,0.96,12.4,0.91,1.069,0.98954181,103.57,0.559,0.0,BTC-27DEC19-18000-P,9379.44,0.0,0.005,5.0,1.773,0.2,500.0,21.27321,-6.76346,-72.20033,5e-05,-0.72019
9383.69,SYN.BTC-26JUL19,1563361184469,open,0.0,162.8,0.0005,0.04,7.933e-05,144.98,0.001,0.0,BTC-26JUL19-19000-C,9379.44,0.0,0.0,0.0,0.0005,4.6,171.88,0.06339,-0.51776,0.00282,0.0,0.00132
9383.69,SYN.BTC-26JUL19,1563361184470,open,1.09,0.0,1.0465,1.2165,1.1316554,173.3,None,0.0,BTC-26JUL19-20000-P,9379.44,0.0,0.0,0.0,0.0,0.0,0.0,0.16734,-1.63381,-4.85492,0.0,-0.99615
9383.69,SYN.BTC-26JUL19,1563361184468,open,1.19,0.0,1.149,1.3275,1.23821685,182.58,None,0.0,BTC-26JUL19-21000-P,9379.44,0.0,0.0,0.0,0.0,0.0,0.0,0.15789,-1.62411,-5.0986,0.0,-0.9964
9383.69,SYN.BTC-26JUL19,1563361184470,open,0.0,595.5,0.0005,0.0415,0.00162532,140.93,0.0015,0.0,BTC-26JUL19-15000-C,9379.44,131.85,0.001,0.5,0.002,2.7,145.3,0.75186,-5.96975,0.04524,2e-05,0.02145
9383.69,SYN.BTC-26JUL19,1563361184471,open,0.15,53.1,0.094,0.1735,0.13389863,131.8,0.1405,0.0,BTC-26JUL19-8500-C,9379.44,123.35,0.1295,6.0,0.137,17.5,137.68,4.92217,-36.54804,1.33818,0.00017,0.7204
9383.69,SYN.BTC-26JUL19,1563361184471,open,0.0,126.8,0.0005,0.0405,0.00052467,145.03,0.001,0.0,BTC-26JUL19-5500-P,9379.44,0.0,0.0,0.0,0.002,40.0,175.42,0.27271,-2.22824,-0.01638,1e-05,-0.00666
9381.39,SYN.BTC-19JUL19,1563361184467,open,0.0,146.9,0.0005,0.04,2.822e-05,144.95,0.0005,0.0,BTC-19JUL19-13000-C,9379.44,0.0,0.0,0.0,0.001,2.0,211.61,0.02279,-0.26471,0.00047,0.0,0.00101
9383.69,SYN.BTC-26JUL19,1563361184471,open,0.01,630.9,0.0005,0.046,0.00638165,134.6,0.0065,0.0,BTC-26JUL19-13000-C,9379.44,130.4,0.0055,40.0,0.008,0.1,141.59,2.04561,-15.5121,0.15379,7e-05,0.07379
9381.39,SYN.BTC-19JUL19,1563361184482,open,0.04,547.1,0.005,0.0885,0.04680097,139.64,0.053,0.0,BTC-19JUL19-9500-P,9379.44,145.6,0.0485,1.9,0.053,18.0,161.36,2.67481,-99.60328,-0.27802,0.00042,-0.53009
9381.39,SYN.BTC-19JUL19,1563361184484,open,0.02,266.8,0.0005,0.064,0.02323157,144.1,0.027,0.0,BTC-19JUL19-9000-P,9379.44,143.2,0.023,1.9,0.027,25.1,158.6,2.42033,-93.00452,-0.16787,0.00037,-0.3251
9463.46,BTC-27DEC19,1563361184494,open,1.35,3.9,1.288,1.4785,1.38323218,105.68,0.752,0.0,BTC-27DEC19-22000-P,9379.44,0.0,0.0065,2.0,2.1835,0.3,500.0,17.69124,-5.73914,-92.2014,4e-05,-0.80013
9404.38,BTC-27SEP19,1563361184485,open,0.4,714.8,0.355,0.4345,0.394677,105.09,0.434,0.0,BTC-27SEP19-6000-C,9379.44,99.55,0.39,11.0,0.3975,11.0,108.31,8.1342,-5.94657,9.06771,4e-05,0.88432
9381.39,SYN.BTC-19JUL19,1563361184497,open,0.2,224.5,0.178,0.276,0.22702461,147.21,0.245,0.0,BTC-19JUL19-11500-P,9379.44,0.0,0.2225,6.0,0.236,6.0,234.48,0.46064,-18.08264,-0.57675,7e-05,-0.96975
9383.69,SYN.BTC-26JUL19,1563361184511,open,0.01,475.8,0.0005,0.047,0.00691602,135.78,0.007,0.0,BTC-26JUL19-7000-P,9379.44,138.58,0.0075,0.1,0.009,37.5,145.33,1.92369,-14.7158,-0.17119,7e-05,-0.06811
9464.79,BTC-27DEC19,1563361184511,open,0.36,93.7,0.308,0.3875,0.34760601,98.04,0.346,0.0,BTC-27DEC19-7500-C,9379.44,94.67,0.3405,11.0,0.349,11.0,98.7,19.97946,-6.01294,17.10546,5e-05,0.75261
9383.69,SYN.BTC-26JUL19,1563361184522,open,0.18,381.0,0.1515,0.247,0.19906537,129.52,0.215,0.0,BTC-26JUL19-11000-P,9379.44,128.37,0.1985,7.5,0.21,7.5,150.82,4.61385,-33.66698,-2.17367,0.00017,-0.75361
9395.2,SYN.BTC-30AUG19,1563361184524,open,0.24,0.0,0.1905,0.27,0.2301849,113.36,None,0.0,BTC-30AUG19-8000-C,9379.44,104.9,0.2205,3.9,0.2315,4.3,114.5,10.81816,-13.97495,5.61749,9e-05,0.72759
9463.46,BTC-27DEC19,1563361184535,open,0.33,205.5,0.282,0.3615,0.32165876,98.06,0.32,0.0,BTC-27DEC19-8000-C,9379.44,95.1,0.315,11.0,0.3235,11.0,98.88,21.2659,-6.40184,16.83791,5e-05,0.72039
9395.2,SYN.BTC-30AUG19,1563361184536,open,0.24,0.0,0.1905,0.27,0.2301849,113.36,None,0.0,BTC-30AUG19-8000-C,9379.44,104.9,0.2205,3.9,0.231,3.9,114.06,10.81816,-13.97495,5.61749,9e-05,0.72759
9381.39,SYN.BTC-19JUL19,1563361184558,open,0.04,43.3,0.0005,0.074,0.03403322,139.2,0.032,0.0,BTC-19JUL19-9500-C,9379.44,137.33,0.0335,1.8,0.038,10.0,153.11,2.6747,-99.28819,0.20995,0.00042,0.46969
9404.38,BTC-27SEP19,1563361184557,open,0.21,379.0,0.1625,0.242,0.2022481,104.82,0.2015,0.0,BTC-27SEP19-9000-C,9379.44,102.29,0.198,14.4,0.2055,11.0,106.76,15.7817,-11.50829,7.888,9e-05,0.62819
9403.05,BTC-27SEP19,1563361184566,open,0.26,901.1,0.2155,0.295,0.25504868,105.02,0.25,0.0,BTC-27SEP19-8000-C,9379.44,99.97,0.2475,11.0,0.2565,11.0,105.99,14.07129,-10.28007,8.58993,8e-05,0.71896
9395.2,SYN.BTC-30AUG19,1563361184600,open,0.05,10.3,0.0015,0.081,0.04137428,116.35,0.0485,0.0,BTC-30AUG19-14000-C,9379.44,113.98,0.039,19.3,0.0425,5.0,117.45,9.53351,-12.64043,1.96779,8e-05,0.21561
9463.46,BTC-27DEC19,1563361184601,open,0.04,139.4,0.002,0.0815,0.04163251,107.89,0.0455,0.0,BTC-27DEC19-26000-C,9379.44,106.83,0.04,6.0,0.0445,21.0,109.72,14.65616,-4.85436,4.52269,3e-05,0.14873
199.75,SYN.ETH-19JUL19,1563361184656,open,0.76,0.0,0.731,0.874,0.802178,0.0,None,0.0,ETH-19JUL19-360-P,199.76,0.0,0.001,25.0,0.0,0.0,0.0,0.0,0.0,-0.01849,0.0,-1.0
9403.05,BTC-27SEP19,1563361184701,open,1.52,0.2,1.4605,1.665,1.56274448,115.04,1.6,0.0,BTC-27SEP19-24000-P,9379.44,0.0,0.0,0.0,0.0,0.0,0.0,4.77641,-3.82258,-46.39649,2e-05,-0.94297
9381.39,SYN.BTC-19JUL19,1563361184711,open,0.08,24.0,0.024,0.1035,0.06376738,143.64,0.056,0.0,BTC-19JUL19-9000-C,9379.44,134.8,0.0615,0.6,0.0665,18.0,154.18,2.4191,-92.66302,0.29471,0.00037,0.6753
9383.69,SYN.BTC-26JUL19,1563361184753,open,0.11,60.3,0.062,0.1415,0.10195968,131.29,0.1,0.0,BTC-26JUL19-9000-C,9379.44,123.77,0.0975,29.5,0.105,29.5,136.41,5.56994,-41.20009,1.18268,0.0002,0.62031
9464.79,BTC-27DEC19,1563361184755,open,0.6,17.7,0.5535,0.6825,0.61821269,101.15,0.6235,0.0,BTC-27DEC19-14000-P,9379.44,98.16,0.6105,6.0,0.626,3.6,104.15,24.49829,-7.60722,-51.25787,6e-05,-0.59542
9404.38,BTC-27SEP19,1563361184759,open,0.28,127.7,0.2465,0.35,0.29833494,106.53,0.2865,0.0,BTC-27SEP19-11000-P,9379.44,104.63,0.295,14.4,0.3065,14.4,111.15,16.57355,-12.28179,-15.48639,9e-05,-0.53791
9383.69,SYN.BTC-26JUL19,1563361184768,open,0.15,53.1,0.094,0.1735,0.13389863,131.8,0.1405,0.0,BTC-26JUL19-8500-C,9379.44,122.38,0.129,17.5,0.137,17.5,137.68,4.92217,-36.54804,1.33818,0.00017,0.7204
9381.39,SYN.BTC-19JUL19,1563361184774,open,0.07,372.8,0.0395,0.1255,0.08234418,139.8,0.093,0.0,BTC-19JUL19-10000-P,9379.44,138.37,0.082,6.0,0.089,6.0,166.57,2.25766,-84.16713,-0.38737,0.00036,-0.72146
9404.38,BTC-27SEP19,1563361184780,open,0.15,179.3,0.113,0.2055,0.15936297,104.89,0.151,0.0,BTC-27SEP19-9000-P,9379.44,103.78,0.1575,19.3,0.164,4.6,107.66,15.78124,-11.51541,-9.83608,9e-05,-0.37177
9403.05,BTC-27SEP19,1563361184793,open,0.21,218.1,0.1755,0.273,0.22407694,105.37,0.2285,0.0,BTC-27SEP19-10000-P,9379.44,104.19,0.222,14.4,0.2295,4.8,108.45,16.55983,-12.13809,-12.65399,9e-05,-0.45932
9383.69,SYN.BTC-26JUL19,1563361184800,open,0.05,733.2,0.019,0.1035,0.06118893,131.49,0.067,0.0,BTC-26JUL19-9000-P,9379.44,129.49,0.06,24.1,0.0665,31.5,140.43,5.57021,-41.2645,-1.00607,0.0002,-0.37975
9395.2,SYN.BTC-30AUG19,1563361184823,open,0.18,5.1,0.147,0.242,0.19469814,113.15,0.1915,0.0,BTC-30AUG19-10000-P,9379.44,111.2,0.192,14.4,0.2015,3.0,118.07,12.98611,-16.74514,-7.67838,0.00011,-0.48519
9381.39,SYN.BTC-19JUL19,1563361184835,open,0.04,547.1,0.005,0.0885,0.04680097,139.64,0.053,0.0,BTC-19JUL19-9500-P,9379.44,145.6,0.0485,1.9,0.0535,24.0,163.11,2.67481,-99.60328,-0.27802,0.00042,-0.53009
9463.46,BTC-27DEC19,1563361184866,open,0.45,122.9,0.399,0.4785,0.43883427,98.06,0.439,0.0,BTC-27DEC19-6000-C,9379.44,94.34,0.433,11.0,0.442,11.0,100.06,14.94253,-4.49834,17.23144,4e-05,0.84688
9463.46,BTC-27DEC19,1563361184867,open,0.69,5.6,0.64,0.7765,0.70822662,101.85,0.7075,0.0,BTC-27DEC19-15000-P,9379.44,0.0,0.005,10.0,1.4665,0.2,500.0,23.82889,-7.45035,-56.59142,6e-05,-0.63188
9381.39,SYN.BTC-19JUL19,1563361184879,open,0.0,282.0,0.0005,0.041,0.00104259,144.01,0.001,0.0,BTC-19JUL19-11500-C,9379.44,129.12,0.0005,19.4,0.0015,0.4,153.03,0.42378,-9.78093,0.01268,7e-05,0.02736
9381.39,SYN.BTC-19JUL19,1563361184896,open,0.25,83.2,0.2285,0.3305,0.27963504,151.99,0.2865,0.0,BTC-19JUL19-12000-P,9379.44,0.0,0.2735,6.0,0.3065,6.0,364.86,0.23571,-9.55351,-0.61007,3e-05,-0.98629
9463.46,BTC-27DEC19,1563361184898,open,0.78,7.1,0.728,0.8715,0.79977791,102.28,0.491,0.0,BTC-27DEC19-16000-P,9379.44,0.0,0.005,5.0,1.569,0.2,500.0,23.02216,-7.2285,-61.86951,6e-05,-0.66532
9381.39,SYN.BTC-19JUL19,1563361184900,open,0.0,282.0,0.0005,0.041,0.00104259,144.01,0.001,0.0,BTC-19JUL19-11500-C,9379.44,129.12,0.0005,19.5,0.0015,0.4,153.03,0.42378,-9.78093,0.01268,7e-05,0.02736
9463.46,BTC-27DEC19,1563361184923,open,0.08,539.9,0.032,0.1115,0.07183263,105.03,0.071,0.0,BTC-27DEC19-20000-C,9379.44,103.4,0.0685,4.9,0.0745,21.0,106.32,19.5213,-6.29428,6.97845,5e-05,0.23708
9381.39,SYN.BTC-19JUL19,1563361184932,open,0.25,83.2,0.2285,0.3305,0.27963504,151.99,0.2865,0.0,BTC-19JUL19-12000-P,9379.44,0.0,0.275,6.0,0.3065,6.0,364.86,0.23571,-9.55351,-0.61007,3e-05,-0.98629
9463.46,BTC-27DEC19,1563361184939,open,0.45,122.9,0.399,0.4785,0.43883427,98.06,0.439,0.0,BTC-27DEC19-6000-C,9379.44,94.34,0.433,11.0,0.441,11.0,99.43,14.94253,-4.49834,17.23144,4e-05,0.84688
201.19,ETH-27DEC19,1563361184965,open,0.29,194.0,0.24,0.319,0.279637,106.36,0.275,0.0,ETH-27DEC19-200-C,199.76,102.07,0.269,30.0,0.29,30.0,110.48,0.50187,-0.16387,0.32515,0.00261,0.64192
201.19,ETH-27DEC19,1563361184968,open,0.07,1057.0,0.03,0.115,0.072634,106.62,0.068,0.0,ETH-27DEC19-120-P,199.76,102.84,0.067,312.0,0.079,312.0,110.91,0.29869,-0.09776,-0.19057,0.00155,-0.1397
9383.69,SYN.BTC-26JUL19,1563361184991,open,0.03,450.9,0.0005,0.081,0.03983736,132.01,0.042,0.0,BTC-26JUL19-8500-P,9379.44,129.46,0.0385,31.5,0.044,31.5,139.89,4.92392,-36.62007,-0.72932,0.00017,-0.27981
199.71,SYN.ETH-26JUL19,1563361184995,open,0.05,10.0,0.018,0.102,0.059742,134.85,0.05,0.0,ETH-26JUL19-190-P,199.76,137.14,0.061,140.0,0.07,200.0,152.44,0.11717,-0.8902,-0.02067,0.00896,-0.36607
199.71,SYN.ETH-26JUL19,1563361185004,open,0.05,10.0,0.018,0.102,0.059742,134.85,0.05,0.0,ETH-26JUL19-190-P,199.76,137.14,0.061,140.0,0.07,382.0,152.44,0.11717,-0.8902,-0.02067,0.00896,-0.36607
9383.69,SYN.BTC-26JUL19,1563361185012,open,0.03,450.9,0.0005,0.081,0.03983736,132.01,0.042,0.0,BTC-26JUL19-8500-P,9379.44,130.41,0.039,0.1,0.044,31.5,139.89,4.92392,-36.62007,-0.72932,0.00017,-0.27981
199.75,SYN.ETH-19JUL19,1563361185023,open,0.86,0.0,0.827,0.978,0.902299,0.0,None,0.0,ETH-19JUL19-380-P,199.76,0.0,0.0,0.0,0.0,0.0,0.0,0.0,0.0,-0.01952,0.0,-1.0
201.19,ETH-27DEC19,1563361185019,open,0.54,441.0,0.501,0.625,0.563166,107.03,0.561,0.0,ETH-27DEC19-280-P,199.76,102.1,0.55,30.0,0.576,30.0,111.91,0.53323,-0.1752,-0.99186,0.00276,-0.54174
201.19,ETH-27DEC19,1563361185028,open,0.12,219.0,0.074,0.153,0.113055,109.12,0.118,0.0,ETH-27DEC19-360-C,199.76,107.02,0.108,2.0,0.12,299.0,111.96,0.48802,-0.16348,0.19675,0.00248,0.33223
199.32,ETH-27SEP19,1563361185037,open,0.11,1655.0,0.066,0.145,0.105192,112.34,0.112,0.0,ETH-27SEP19-260-C,199.76,108.68,0.099,233.0,0.111,160.0,115.74,0.33892,-0.26486,0.1111,0.00386,0.38824
199.32,ETH-27SEP19,1563361185047,open,0.14,1653.0,0.09,0.169,0.129045,112.14,0.127,0.0,ETH-27SEP19-240-C,199.76,108.69,0.123,217.0,0.135,120.0,115.52,0.35014,-0.27314,0.12616,0.00399,0.45049
201.19,ETH-27DEC19,1563361185077,open,1.78,0.0,1.719,1.945,1.832001,113.13,0.845,0.0,ETH-27DEC19-560-P,199.75,0.0,0.0,0.0,0.0,0.0,0.0,0.33275,-0.11556,-2.39497,0.00163,-0.83566
201.19,ETH-27DEC19,1563361185077,open,0.04,424.0,0.001,0.079,0.039693,116.51,0.04,0.0,ETH-27DEC19-640-C,199.75,116.03,0.039,1.0,0.042,50.0,118.07,0.29352,-0.10498,0.08661,0.00139,0.13617
199.32,ETH-27SEP19,1563361185077,open,0.01,1984.0,0.001,0.044,0.004857,130.19,0.004,0.0,ETH-27SEP19-720-C,199.75,122.25,0.003,300.0,0.007,100.0,137.13,0.05435,-0.04922,0.00851,0.00053,0.02654
201.19,ETH-27DEC19,1563361185077,open,0.05,435.0,0.003,0.082,0.042705,114.2,0.045,0.0,ETH-27DEC19-600-C,199.75,110.36,0.037,601.0,0.047,50.0,116.94,0.30868,-0.10822,0.09333,0.0015,0.14666
201.19,ETH-27DEC19,1563361185077,open,0.05,163.0,0.009,0.088,0.048695,113.21,0.051,0.0,ETH-27DEC19-560-C,199.75,109.03,0.042,710.0,0.053,40.0,115.76,0.33314,-0.11578,0.10409,0.00163,0.16464
201.19,ETH-27DEC19,1563361185077,open,0.03,782.0,0.001,0.071,0.031858,118.36,0.032,0.0,ETH-27DEC19-720-C,199.75,117.68,0.031,1.0,0.034,50.0,120.02,0.25561,-0.09288,0.07174,0.0012,0.11176
201.19,ETH-27DEC19,1563361185077,open,0.39,693.0,0.354,0.466,0.409831,106.4,0.423,0.0,ETH-27DEC19-240-P,199.75,101.94,0.398,30.0,0.422,30.0,110.99,0.53309,-0.17412,-0.77851,0.00277,-0.45732
201.19,ETH-27DEC19,1563361185077,open,0.7,82.0,0.66,0.797,0.728293,107.92,0.64,0.0,ETH-27DEC19-320-P,199.75,84.54,0.671,110.0,1.58,1.0,500.0,0.51508,-0.17065,-1.20283,0.00264,-0.6115
199.32,ETH-27SEP19,1563361185077,open,0.05,1705.0,0.01,0.089,0.049882,115.11,0.05,0.0,ETH-27SEP19-340-C,199.75,112.08,0.046,580.0,0.052,1.0,116.74,0.25827,-0.20682,0.06471,0.00287,0.21476
201.19,ETH-27DEC19,1563361185077,open,1.23,0.0,1.175,1.355,1.264639,110.56,None,0.0,ETH-27DEC19-440-P,199.75,0.0,1.172,110.0,0.0,0.0,0.0,0.42252,-0.14341,-1.81316,0.00212,-0.75498
201.19,ETH-27DEC19,1563361185077,open,0.48,0.0,0.437,0.516,0.476182,106.66,None,0.0,ETH-27DEC19-120-C,199.75,0.0,0.001,1100.0,2.47,1.0,500.0,0.29874,-0.09782,0.34482,0.00155,0.86027
201.19,ETH-27DEC19,1563361185077,open,0.37,0.0,0.324,0.403,0.363719,106.33,None,0.0,ETH-27DEC19-160-C,199.75,0.0,0.001,1000.0,1.6,1.0,500.0,0.42617,-0.1391,0.3477,0.00222,0.751
201.19,ETH-27DEC19,1563361185077,open,2.54,0.0,2.467,2.754,2.61056,118.36,None,0.0,ETH-27DEC19-720-P,199.75,0.0,0.003,5.0,0.0,0.0,0.0,0.25559,-0.09287,-3.14115,0.0012,-0.88825
201.19,ETH-27DEC19,1563361185077,open,1.97,0.0,1.904,2.145,2.024813,114.11,0.953,0.0,ETH-27DEC19-600-P,199.75,0.0,0.0,0.0,0.0,0.0,0.0,0.30818,-0.10795,-2.58425,0.0015,-0.85369
201.19,ETH-27DEC19,1563361185077,open,0.26,1838.0,0.223,0.324,0.273722,106.32,0.273,0.0,ETH-27DEC19-200-P,199.75,102.03,0.263,40.0,0.284,40.0,110.45,0.50189,-0.16381,-0.56726,0.00261,-0.35813
201.19,ETH-27DEC19,1563361185077,open,1.05,16.0,0.998,1.163,1.080766,109.59,1.195,0.0,ETH-27DEC19-400-P,199.75,63.29,1.001,110.0,1.49,1.0,270.63,0.45508,-0.1531,-1.6136,0.0023,-0.71656
199.32,ETH-27SEP19,1563361185077,open,0.37,191.0,0.317,0.396,0.356274,113.11,0.5,0.0,ETH-27SEP19-140-C,199.75,0.0,0.01,50.0,0.0,0.0,0.0,0.22369,-0.17601,0.186,0.00253,0.83016
199.32,ETH-27SEP19,1563361185078,open,1.96,27.0,1.899,2.139,2.019123,126.6,1.044,0.0,ETH-27SEP19-600-P,199.75,0.0,0.0,0.0,0.0,0.0,0.0,0.08594,-0.07569,-1.16678,0.00087,-0.95359
201.18,ETH-27DEC19,1563361185078,open,2.35,0.0,2.279,2.551,2.415328,117.33,None,0.0,ETH-27DEC19-680-P,199.75,0.0,0.0,0.0,0.0,0.0,0.0,0.27293,-0.0983,-2.95598,0.00129,-0.87739
199.32,ETH-27SEP19,1563361185078,open,1.0,79.0,0.957,1.119,1.037837,118.1,0.351,0.0,ETH-27SEP19-400-P,199.75,0.0,0.01,1.0,0.0,0.0,0.0,0.19969,-0.16406,-0.74373,0.00216,-0.85703
199.32,ETH-27SEP19,1563361185078,open,1.19,0.0,1.142,1.319,1.230341,119.47,None,0.0,ETH-27SEP19-440-P,199.75,0.0,0.0,0.0,0.0,0.0,0.0,0.1659,-0.13788,-0.83238,0.00178,-0.89038
201.18,ETH-27DEC19,1563361185078,open,0.87,241.0,0.827,0.978,0.902408,109.08,0.986,0.0,ETH-27DEC19-360-P,199.75,77.08,0.833,110.0,1.59,1.0,429.86,0.48789,-0.16337,-1.40976,0.00248,-0.66795
199.32,ETH-27SEP19,1563361185078,open,1.76,24.0,1.708,1.932,1.820083,124.06,1.356,0.0,ETH-27SEP19-560-P,199.75,0.0,0.0,0.0,0.0,0.0,0.0,0.09793,-0.08451,-1.08541,0.00101,-0.94533
199.32,ETH-27SEP19,1563361185078,open,0.61,0.0,0.566,0.645,0.605183,122.9,None,0.0,ETH-27SEP19-80-C,199.75,0.0,0.003,10.0,0.0,0.0,0.0,0.05307,-0.04537,0.14484,0.00055,0.97421
199.75,SYN.ETH-19JUL19,1563361185077,open,0.17,0.0,0.111,0.19,0.150738,135.59,None,0.0,ETH-19JUL19-170-C,199.75,0.0,0.0,0.0,0.0,0.0,0.0,0.01328,-0.48033,0.00826,0.00478,0.95617
199.32,ETH-27SEP19,1563361185063,open,0.32,2398.0,0.28,0.386,0.333139,112.14,0.345,0.0,ETH-27SEP19-240-P,199.76,106.35,0.323,120.0,0.339,120.0,115.47,0.35014,-0.27314,-0.34644,0.00399,-0.54951
199.32,ETH-27SEP19,1563361185079,open,0.02,2676.0,0.001,0.057,0.017529,121.36,0.023,0.0,ETH-27SEP19-480-C,199.75,117.59,0.015,600.0,0.02,200.0,124.77,0.13944,-0.11772,0.02707,0.00147,0.08649
199.32,ETH-27SEP19,1563361185079,open,0.52,0.0,0.474,0.553,0.513233,116.1,None,0.0,ETH-27SEP19-100-C,199.75,0.0,0.003,10.0,0.0,0.0,0.0,0.09867,-0.07969,0.16939,0.00109,0.9448
199.32,ETH-27SEP19,1563361185079,open,0.64,496.0,0.6,0.732,0.666101,115.11,0.67,0.0,ETH-27SEP19-320-P,199.75,0.0,0.041,30.0,1.39,1.0,500.0,0.28167,-0.22556,-0.55542,0.00313,-0.749
199.71,SYN.ETH-26JUL19,1563361185078,open,0.25,0.0,0.219,0.319,0.268976,134.88,None,0.0,ETH-26JUL19-250-P,199.75,0.0,0.247,120.0,0.0,0.0,0.0,0.07815,-0.59384,-0.05347,0.00598,-0.83218
199.31,ETH-27SEP19,1563361185079,open,0.19,3341.0,0.151,0.246,0.198086,111.86,0.198,0.0,ETH-27SEP19-200-P,199.75,108.9,0.193,200.0,0.204,120.0,115.3,0.34273,-0.26669,-0.23658,0.00392,-0.40469
199.71,SYN.ETH-26JUL19,1563361185078,open,0.01,2051.0,0.001,0.054,0.01412,134.98,0.013,0.0,ETH-26JUL19-160-P,199.75,143.74,0.017,113.0,0.021,250.0,155.12,0.06351,-0.48297,-0.00668,0.00485,-0.12335
199.31,ETH-27SEP19,1563361185079,open,0.25,779.0,0.2,0.279,0.239055,112.02,0.227,0.0,ETH-27SEP19-180-C,199.75,107.61,0.232,120.0,0.246,120.0,116.37,0.31836,-0.24809,0.17107,0.00363,0.67492
199.31,ETH-27SEP19,1563361185079,open,1.57,12.0,1.519,1.728,1.623107,123.81,1.193,0.0,ETH-27SEP19-520-P,199.75,0.0,0.0,0.0,0.0,0.0,0.0,0.11963,-0.10304,-1.00177,0.00124,-0.92932
199.71,SYN.ETH-26JUL19,1563361185077,open,0.32,0.0,0.263,0.342,0.302308,135.23,None,0.0,ETH-26JUL19-140-C,199.75,0.0,0.0,0.0,0.0,0.0,0.0,0.02504,-0.19074,0.0321,0.00191,0.96326
199.31,ETH-27SEP19,1563361185079,open,0.44,47.0,0.39,0.469,0.4291,113.14,0.689,0.0,ETH-27SEP19-120-C,199.75,0.0,0.0,0.0,0.0,0.0,0.0,0.15921,-0.1253,0.18343,0.0018,0.89646
199.49,SYN.ETH-30AUG19,1563361185077,open,0.14,113.0,0.088,0.167,0.127477,120.67,0.106,0.0,ETH-30AUG19-220-C,199.75,113.81,0.118,200.0,0.132,200.0,123.94,0.27584,-0.37932,0.08697,0.00478,0.49014
199.31,ETH-27SEP19,1563361185080,open,1.38,0.0,1.329,1.522,1.425714,121.19,None,0.0,ETH-27SEP19-480-P,199.75,0.0,0.0,0.0,0.0,0.0,0.0,0.1389,-0.1171,-0.91826,0.00147,-0.91395
199.71,SYN.ETH-26JUL19,1563361185077,open,0.67,1130.0,0.635,0.771,0.702934,132.62,0.6,0.0,ETH-26JUL19-340-P,199.75,0.0,0.666,30.0,0.745,30.0,310.23,0.00589,-0.04398,-0.08236,0.00046,-0.99324
199.75,SYN.ETH-19JUL19,1563361185077,open,0.0,2.0,0.001,0.04,0.0,135.01,0.002,0.0,ETH-19JUL19-420-C,199.75,0.0,0.0,0.0,0.001,300.0,422.33,0.0,0.0,0.0,0.0,0.0
199.75,SYN.ETH-19JUL19,1563361185077,open,0.0,262.0,0.001,0.041,0.001181,135.03,0.003,0.0,ETH-19JUL19-240-C,199.75,131.35,0.001,461.0,0.003,100.0,161.0,0.01035,-0.23592,0.00032,0.00374,0.03226
199.31,ETH-27SEP19,1563361185080,open,0.81,233.0,0.775,0.922,0.848208,115.85,0.763,0.0,ETH-27SEP19-360-P,199.75,0.0,0.0,0.0,0.99,1.0,207.46,0.23683,-0.19087,-0.6524,0.00261,-0.81406
199.49,SYN.ETH-30AUG19,1563361185078,open,0.17,123.0,0.124,0.203,0.163779,120.04,0.155,0.0,ETH-30AUG19-200-C,199.75,113.57,0.155,178.0,0.17,178.0,124.63,0.27036,-0.36984,0.09982,0.00471,0.58003
199.49,SYN.ETH-30AUG19,1563361185077,open,0.06,552.0,0.028,0.113,0.070438,120.89,0.075,0.0,ETH-30AUG19-160-P,199.75,115.71,0.065,232.0,0.078,392.0,128.01,0.21048,-0.28997,-0.07226,0.00364,-0.2309
199.71,SYN.ETH-26JUL19,1563361185077,open,1.55,0.0,1.5,1.707,1.603718,0.0,None,0.0,ETH-26JUL19-520-P,199.75,0.0,0.0,0.0,0.0,0.0,0.0,0.0,0.0,-0.12644,0.0,-1.0
199.71,SYN.ETH-26JUL19,1563361185079,open,0.15,50.0,0.099,0.178,0.138519,135.05,0.138,0.0,ETH-26JUL19-180-C,199.75,132.12,0.137,50.0,0.148,50.0,153.03,0.10385,-0.79017,0.02849,0.00793,0.72529
199.75,SYN.ETH-19JUL19,1563361185078,open,0.0,142.0,0.001,0.04,0.0,135.01,0.001,0.0,ETH-19JUL19-400-C,199.75,0.0,0.0,0.0,0.001,300.0,398.89,0.0,0.0,0.0,0.0,0.0
199.75,SYN.ETH-19JUL19,1563361185077,open,0.0,573.0,0.001,0.04,0.0,135.01,0.001,0.0,ETH-19JUL19-320-C,199.75,0.0,0.0,0.0,0.001,300.0,287.97,0.0,0.0,0.0,0.0,0.0
199.71,SYN.ETH-26JUL19,1563361185077,open,1.45,0.0,1.404,1.603,1.503575,0.0,None,0.0,ETH-26JUL19-500-P,199.75,0.0,0.0,0.0,0.0,0.0,0.0,0.0,0.0,-0.12158,0.0,-1.0
199.71,SYN.ETH-26JUL19,1563361185077,open,1.74,0.0,1.692,1.916,1.804004,0.0,None,0.0,ETH-26JUL19-560-P,199.75,0.0,0.0,0.0,0.0,0.0,0.0,0.0,0.0,-0.13616,0.0,-1.0
199.71,SYN.ETH-26JUL19,1563361185079,open,0.96,985.0,0.923,1.083,1.002898,0.0,0.205,0.0,ETH-26JUL19-400-P,199.75,0.0,0.0,0.0,0.0,0.0,0.0,0.0,0.0,-0.09726,0.0,-1.0
199.71,SYN.ETH-26JUL19,1563361185077,open,0.0,1236.0,0.001,0.04,0.0,135.01,0.003,0.0,ETH-26JUL19-520-C,199.75,0.0,0.0,0.0,0.001,300.0,240.06,1e-05,-4e-05,0.0,0.0,0.0
199.75,SYN.ETH-19JUL19,1563361185078,open,1.06,0.0,1.019,1.186,1.102541,0.0,None,0.0,ETH-19JUL19-420-P,199.75,0.0,0.0,0.0,0.0,0.0,0.0,0.0,0.0,-0.02158,0.0,-1.0
199.71,SYN.ETH-26JUL19,1563361185077,open,0.17,0.0,0.139,0.232,0.185449,134.93,None,0.0,ETH-26JUL19-230-P,199.75,101.59,0.169,120.0,0.0,0.0,0.0,0.10584,-0.80454,-0.04369,0.00809,-0.71433
199.71,SYN.ETH-26JUL19,1563361185078,open,0.57,519.0,0.54,0.667,0.603446,133.88,0.183,0.0,ETH-26JUL19-320-P,199.75,0.0,0.051,5.0,0.0,0.0,0.0,0.01221,-0.09211,-0.0771,0.00094,-0.98438
199.75,SYN.ETH-19JUL19,1563361185077,open,0.0,1033.0,0.001,0.04,7e-06,135.02,0.001,0.0,ETH-19JUL19-280-C,199.75,0.0,0.0,0.0,0.001,183.0,217.83,0.00015,-0.00139,0.0,6e-05,0.00029
199.75,SYN.ETH-19JUL19,1563361185077,open,0.18,1552.0,0.155,0.25,0.202633,133.88,0.18,0.0,ETH-19JUL19-240-P,199.75,0.0,0.012,4.0,0.9,10.0,500.0,0.01003,-0.35809,-0.01202,0.00366,-0.96892
199.75,SYN.ETH-19JUL19,1563361185077,open,0.0,90.0,0.001,0.04,0.0,135.01,0.002,0.0,ETH-19JUL19-360-C,199.75,0.0,0.0,0.0,0.001,300.0,347.34,0.0,0.0,0.0,0.0,0.0
199.75,SYN.ETH-19JUL19,1563361185078,open,0.12,10.0,0.066,0.145,0.105508,135.24,0.116,0.0,ETH-19JUL19-180-C,199.75,144.68,0.107,50.0,0.116,50.0,193.05,0.03042,-1.09716,0.00784,0.01097,0.86916
199.71,SYN.ETH-26JUL19,1563361185077,open,1.35,0.0,1.308,1.499,1.403433,0.0,None,0.0,ETH-26JUL19-480-P,199.75,0.0,0.0,0.0,0.0,0.0,0.0,0.0,0.0,-0.11671,0.0,-1.0
199.71,SYN.ETH-26JUL19,1563361185077,open,0.0,1091.0,0.001,0.04,0.0,135.01,0.001,0.0,ETH-26JUL19-600-C,199.75,0.0,0.0,0.0,0.001,300.0,269.82,0.0,0.0,0.0,0.0,0.0
199.75,SYN.ETH-19JUL19,1563361185077,open,0.13,0.0,0.109,0.2,0.154743,134.5,None,0.0,ETH-19JUL19-230-P,199.75,0.0,0.001,30.0,0.0,0.0,0.0,0.021,-0.75318,-0.01104,0.00762,-0.92141
199.75,SYN.ETH-19JUL19,1563361185077,open,0.08,0.0,0.027,0.106,0.066997,135.13,None,0.0,ETH-19JUL19-190-C,199.75,143.29,0.069,150.0,0.079,150.0,182.71,0.04869,-1.75443,0.00664,0.01758,0.71398
199.75,SYN.ETH-19JUL19,1563361185078,open,0.09,1115.0,0.066,0.154,0.109825,134.75,0.11,0.0,ETH-19JUL19-220-P,199.75,0.0,0.094,10.0,0.147,10.0,290.6,0.03632,-1.30497,-0.00964,0.01315,-0.82935
199.71,SYN.ETH-26JUL19,1563361185078,open,0.27,0.0,0.217,0.296,0.256203,135.14,None,0.0,ETH-26JUL19-150-C,199.75,0.0,0.0,0.0,0.0,0.0,0.0,0.04257,-0.3241,0.03264,0.00325,0.92834
199.75,SYN.ETH-19JUL19,1563361185077,open,0.0,592.0,0.001,0.046,0.006597,134.96,0.012,0.0,ETH-19JUL19-180-P,199.75,166.76,0.012,84.0,0.015,482.0,182.42,0.03035,-1.09212,-0.00141,0.01097,-0.13038
199.71,SYN.ETH-26JUL19,1563361185077,open,0.38,867.0,0.352,0.464,0.407702,134.71,0.42,0.0,ETH-26JUL19-280-P,199.75,0.0,0.391,30.0,0.447,30.0,242.38,0.0401,-0.30434,-0.06514,0.00307,-0.93369
199.75,SYN.ETH-19JUL19,1563361185077,open,0.96,0.0,0.923,1.082,1.00242,0.0,None,0.0,ETH-19JUL19-400-P,199.75,0.0,0.0,0.0,0.0,0.0,0.0,0.0,0.0,-0.02055,0.0,-1.0
199.75,SYN.ETH-19JUL19,1563361185079,open,0.0,739.0,0.001,0.04,0.0,135.02,0.003,0.0,ETH-19JUL19-300-C,199.75,0.0,0.0,0.0,0.001,300.0,254.5,1e-05,-7e-05,0.0,0.0,2e-05
199.71,SYN.ETH-26JUL19,1563361185078,open,0.0,1780.0,0.001,0.04,3.8e-05,135.01,0.001,0.0,ETH-26JUL19-400-C,199.75,0.0,0.0,0.0,0.001,187.0,183.39,0.00076,-0.00575,3e-05,6e-05,0.0007
199.71,SYN.ETH-26JUL19,1563361185080,open,0.86,504.0,0.827,0.978,0.902807,112.37,0.168,0.0,ETH-26JUL19-380-P,199.75,0.0,0.0,0.0,0.0,0.0,0.0,0.0002,-0.00128,-0.09239,2e-05,-0.99983
199.75,SYN.ETH-19JUL19,1563361185077,open,0.27,789.0,0.25,0.353,0.301681,124.24,0.297,0.0,ETH-19JUL19-260-P,199.75,0.0,0.282,10.0,0.331,10.0,389.84,0.00081,-0.02696,-0.01334,0.00032,-0.99823
199.49,SYN.ETH-30AUG19,1563361185077,open,0.8,0.0,0.758,0.903,0.83066,129.4,None,0.0,ETH-30AUG19-360-P,199.75,0.0,0.0,0.0,0.0,0.0,0.0,0.15209,-0.22428,-0.40601,0.00246,-0.86247
199.75,SYN.ETH-19JUL19,1563361185079,open,0.0,315.0,0.001,0.04,0.0,135.01,0.001,0.0,ETH-19JUL19-380-C,199.75,0.0,0.0,0.0,0.001,300.0,373.96,0.0,0.0,0.0,0.0,0.0
9381.39,SYN.BTC-19JUL19,1563361185088,open,0.02,115.8,0.0005,0.056,0.01630533,139.26,0.015,0.0,BTC-19JUL19-10000-C,9379.44,138.12,0.016,1.9,0.017,0.1,142.27,2.2541,-83.7072,0.12596,0.00036,0.27763
9395.2,SYN.BTC-30AUG19,1563361185090,open,0.14,30.4,0.0905,0.17,0.13023949,113.05,0.1215,0.0,BTC-30AUG19-10000-C,9379.44,108.94,0.1245,14.4,0.132,5.0,114.36,12.98625,-16.73102,4.34231,0.00011,0.51469
199.31,ETH-27SEP19,1563361185099,open,0.32,2398.0,0.28,0.386,0.333139,112.11,0.345,0.0,ETH-27SEP19-240-P,199.75,106.33,0.323,120.0,0.34,120.0,116.01,0.35011,-0.27305,-0.34646,0.00399,-0.54961
9381.39,SYN.BTC-19JUL19,1563361185097,open,0.08,24.0,0.024,0.1035,0.06384245,143.64,0.056,0.0,BTC-19JUL19-9000-C,9379.44,132.84,0.061,1.2,0.0665,18.0,154.18,2.4191,-92.66302,0.29471,0.00037,0.6753
9383.69,SYN.BTC-26JUL19,1563361185102,open,0.05,733.2,0.019,0.1035,0.06113508,131.49,0.067,0.0,BTC-26JUL19-9000-P,9379.44,129.49,0.06,24.1,0.0665,41.5,140.43,5.57021,-41.2645,-1.00607,0.0002,-0.37975
9395.2,SYN.BTC-30AUG19,1563361185106,open,0.12,40.2,0.086,0.176,0.13077019,112.19,0.133,0.0,BTC-30AUG19-9000-P,9379.44,110.42,0.1285,19.3,0.136,3.0,116.1,12.4046,-15.85919,-5.77135,0.0001,-0.3802
9383.69,SYN.BTC-26JUL19,1563361185118,open,0.02,542.0,0.0005,0.0525,0.0129949,131.5,0.015,0.0,BTC-26JUL19-12000-C,9379.44,130.08,0.0125,30.0,0.015,0.2,137.25,3.19869,-23.69721,0.28149,0.00011,0.13635
199.32,ETH-27SEP19,1563361185123,open,0.08,3015.0,0.033,0.112,0.072328,114.12,0.063,0.0,ETH-27SEP19-300-C,199.75,112.58,0.07,1.0,0.076,160.0,116.52,0.30263,-0.24024,0.08532,0.00339,0.28972
9381.39,SYN.BTC-19JUL19,1563361185130,open,0.01,198.9,0.0005,0.0425,0.00297812,144.0,0.003,0.0,BTC-19JUL19-11000-C,9379.44,138.78,0.0025,3.0,0.004,0.2,154.11,0.88323,-27.86372,0.03136,0.00014,0.06804
9383.69,SYN.BTC-26JUL19,1563361185137,open,0.02,542.0,0.0005,0.0525,0.0129949,131.5,0.015,0.0,BTC-26JUL19-12000-C,9379.44,130.08,0.0125,30.0,0.0145,0.1,135.86,3.19869,-23.69721,0.28149,0.00011,0.13635
199.49,SYN.ETH-30AUG19,1563361185139,open,0.22,107.0,0.171,0.25,0.210867,120.47,0.184,0.0,ETH-30AUG19-180-C,199.75,108.53,0.196,120.0,0.22,120.0,127.79,0.2488,-0.34157,0.11141,0.00432,0.67544
9404.38,BTC-27SEP19,1563361185150,open,0.59,227.5,0.54,0.6195,0.57959026,109.62,0.7065,0.0,BTC-27SEP19-4000-C,9379.44,74.68,0.575,11.0,0.581,11.0,115.09,2.25012,-1.71584,7.36487,1e-05,0.97729
9395.2,SYN.BTC-30AUG19,1563361185151,open,0.24,0.0,0.1905,0.27,0.23024745,113.36,None,0.0,BTC-30AUG19-8000-C,9379.44,104.46,0.22,4.3,0.231,3.9,114.06,10.81816,-13.97495,5.61749,9e-05,0.72759
9464.79,BTC-27DEC19,1563361185159,open,0.36,74.2,0.315,0.424,0.36953085,99.56,0.3645,0.0,BTC-27DEC19-11000-P,9379.44,96.87,0.3625,6.0,0.376,3.6,101.97,25.08061,-7.66547,-34.93747,6e-05,-0.45759
9383.69,SYN.BTC-26JUL19,1563361185161,open,0.22,273.8,0.1945,0.2935,0.24406585,130.35,0.222,0.0,BTC-26JUL19-11500-P,9379.44,122.4,0.241,7.5,0.255,7.5,154.42,3.89713,-28.61905,-2.41822,0.00014,-0.81566
9395.2,SYN.BTC-30AUG19,1563361185158,open,0.24,0.0,0.1905,0.27,0.23024745,113.36,None,0.0,BTC-30AUG19-8000-C,9379.44,104.46,0.22,4.3,0.231,4.0,114.06,10.81816,-13.97495,5.61749,9e-05,0.72759
9395.2,SYN.BTC-30AUG19,1563361185175,open,0.18,0.4,0.133,0.2125,0.1728343,112.1,0.1895,0.0,BTC-30AUG19-9000-C,9379.44,107.72,0.167,14.4,0.1755,4.1,114.16,12.40485,-15.84664,5.04821,0.0001,0.61978
9381.39,SYN.BTC-19JUL19,1563361185189,open,0.04,43.3,0.0005,0.074,0.03408714,139.2,0.032,0.0,BTC-19JUL19-9500-C,9379.44,137.33,0.0335,1.7,0.038,10.0,153.11,2.6747,-99.28819,0.20995,0.00042,0.46969
9463.46,BTC-27DEC19,1563361185184,open,0.39,54.4,0.336,0.4155,0.37568852,98.06,0.3805,0.0,BTC-27DEC19-7000-C,9379.44,94.12,0.368,11.0,0.3775,11.0,98.99,18.49105,-5.56654,17.26771,5e-05,0.7846
9403.05,BTC-27SEP19,1563361185195,open,0.49,793.2,0.4425,0.522,0.4822407,106.14,0.5945,0.0,BTC-27SEP19-5000-C,9379.44,95.82,0.4775,11.0,0.4855,11.0,112.11,4.80468,-3.54764,8.52179,3e-05,0.94254
9464.79,BTC-27DEC19,1563361185205,open,0.25,452.1,0.1985,0.278,0.23836673,98.72,0.238,0.0,BTC-27DEC19-10000-C,9379.44,96.86,0.2335,3.6,0.243,11.0,100.53,24.46955,-7.4158,15.16075,6e-05,0.59729
9464.79,BTC-27DEC19,1563361185215,open,0.36,74.2,0.315,0.424,0.36953085,99.56,0.3645,0.0,BTC-27DEC19-11000-P,9379.44,97.25,0.3635,6.0,0.376,3.6,101.97,25.08061,-7.66547,-34.93747,6e-05,-0.45759
9383.69,SYN.BTC-26JUL19,1563361185228,open,0.22,273.8,0.1945,0.2935,0.24406585,130.35,0.222,0.0,BTC-26JUL19-11500-P,9379.44,126.2,0.2425,7.5,0.255,7.5,154.42,3.89713,-28.61905,-2.41822,0.00014,-0.81566
9463.46,BTC-27DEC19,1563361185236,open,0.21,426.5,0.1675,0.247,0.20728155,99.54,0.206,0.0,BTC-27DEC19-11000-C,9379.44,97.72,0.2025,11.0,0.2125,11.0,101.49,25.07794,-7.66317,14.14495,6e-05,0.54229
9382.36,SYN.BTC-26JUL19,1563361185272,open,0.0,375.4,0.0005,0.04,1.53e-05,145.02,0.0005,0.0,BTC-26JUL19-21000-C,9379.44,0.0,0.0,0.0,0.0005,6.0,192.63,0.0152,-0.12422,0.00061,0.0,0.00028
9381.39,SYN.BTC-19JUL19,1563361185313,open,0.02,115.8,0.0005,0.056,0.01630533,139.26,0.015,0.0,BTC-19JUL19-10000-C,9379.44,138.12,0.016,1.9,0.0175,5.0,144.33,2.2541,-83.7072,0.12596,0.00036,0.27763
9381.39,SYN.BTC-19JUL19,1563361185333,open,0.02,115.8,0.0005,0.056,0.01630533,139.26,0.015,0.0,BTC-19JUL19-10000-C,9379.44,138.12,0.016,1.9,0.0175,5.1,144.33,2.2541,-83.7072,0.12596,0.00036,0.27763
9403.05,BTC-27SEP19,1563361185369,open,0.49,793.2,0.4425,0.522,0.4822407,106.14,0.5945,0.0,BTC-27SEP19-5000-C,9379.44,95.82,0.4775,11.0,0.484,11.0,109.37,4.80468,-3.54764,8.52179,3e-05,0.94254
9404.38,BTC-27SEP19,1563361185371,open,0.45,35.9,0.406,0.5225,0.46433838,107.65,0.391,0.0,BTC-27SEP19-13000-P,9379.44,104.63,0.4595,6.0,0.477,6.0,115.43,15.12006,-11.32328,-20.99981,8e-05,-0.66963
9464.79,BTC-27DEC19,1563361185374,open,0.25,452.1,0.1985,0.278,0.23836673,98.72,0.238,0.0,BTC-27DEC19-10000-C,9379.44,96.86,0.2335,3.6,0.2415,11.0,99.95,24.46955,-7.4158,15.16075,6e-05,0.59729
9404.38,BTC-27SEP19,1563361185387,open,0.53,78.2,0.493,0.617,0.55482995,108.55,0.54,0.0,BTC-27SEP19-14000-P,9379.44,104.49,0.549,6.0,0.5685,6.0,117.4,14.02916,-10.59392,-23.62563,7e-05,-0.72078
9463.52,BTC-27DEC19,1563361185389,open,0.21,426.5,0.1675,0.247,0.20728155,99.52,0.206,0.0,BTC-27DEC19-11000-C,9379.44,97.72,0.2025,11.0,0.211,11.0,100.93,25.07835,-7.66185,14.14545,6e-05,0.54225
9463.46,BTC-27DEC19,1563361185441,open,0.43,83.4,0.391,0.5065,0.4486633,100.02,0.4295,0.0,BTC-27DEC19-12000-P,9379.44,97.2,0.441,6.0,0.4555,3.6,102.64,25.21401,-7.74194,-40.41486,6e-05,-0.50851
9463.46,BTC-27DEC19,1563361185442,open,0.51,58.3,0.471,0.593,0.53194071,100.61,0.537,0.0,BTC-27DEC19-13000-P,9379.44,97.65,0.524,6.0,0.539,3.6,103.34,24.98621,-7.71697,-45.8624,6e-05,-0.55425
9463.52,BTC-27DEC19,1563361185444,open,0.6,17.7,0.5535,0.6825,0.61806788,101.03,0.6235,0.0,BTC-27DEC19-14000-P,9379.44,97.9,0.61,6.0,0.626,3.6,104.09,24.48742,-7.5949,-51.26578,6e-05,-0.59592
9463.52,BTC-27DEC19,1563361185468,open,0.56,6.7,0.513,0.5925,0.55266013,98.34,0.55,0.0,BTC-27DEC19-4500-C,9379.95,0.0,0.0115,0.1,0.97,1.0,500.0,8.68633,-2.6223,15.84456,2e-05,0.92786
9463.52,BTC-27DEC19,1563361185468,open,0.7,0.0,0.65,0.7295,0.68999646,102.16,None,0.0,BTC-27DEC19-3000-C,9379.95,0.0,0.0055,0.1,0.976,0.5,500.0,3.24782,-1.01854,12.1854,1e-05,0.97855
9463.52,BTC-27DEC19,1563361185469,open,3.58,0.0,3.477,3.8495,3.66326661,115.79,None,0.0,BTC-27DEC19-44000-P,9379.95,0.0,0.0,0.0,0.0,0.0,0.0,7.01122,-2.49214,-194.61288,2e-05,-0.94521
9380.06,SYN.BTC-19JUL19,1563361185468,open,0.0,127.8,0.0005,0.04,2e-08,145.04,0.0005,0.0,BTC-19JUL19-15500-C,9379.95,0.0,0.0,0.0,0.0025,10.0,345.72,3e-05,-0.00016,0.0,0.0,0.0
9382.36,SYN.BTC-26JUL19,1563361185468,open,0.98,0.0,0.944,1.1055,1.02486951,0.0,None,0.0,BTC-26JUL19-19000-P,9379.95,0.0,0.0,0.0,0.0,0.0,0.0,0.0,0.0,-4.61986,0.0,-1.0
9403.62,BTC-27SEP19,1563361185470,open,2.14,0.0,2.0665,2.3215,2.19411902,116.44,None,0.0,BTC-27SEP19-30000-P,9379.95,0.0,0.0,0.0,0.0,0.0,0.0,2.31338,-1.87395,-58.71207,1e-05,-0.97652
9403.62,BTC-27SEP19,1563361185470,open,0.74,55.9,0.695,0.7745,0.73488755,124.24,0.689,0.0,BTC-27SEP19-2500-C,9379.95,0.0,0.005,10.0,0.913,5.0,500.0,0.46049,-0.39798,4.84076,0.0,0.9963
9382.36,SYN.BTC-26JUL19,1563361185468,open,0.0,477.9,0.0005,0.043,0.00309806,137.17,0.0025,0.0,BTC-26JUL19-14000-C,9379.95,132.31,0.0025,10.0,0.004,3.3,143.52,1.23108,-9.51355,0.08155,4e-05,0.03885
9393.85,SYN.BTC-30AUG19,1563361185468,open,0.39,0.0,0.343,0.4225,0.38299595,116.98,None,0.0,BTC-30AUG19-6000-C,9379.95,0.0,0.0,0.0,0.0,0.0,0.0,5.52231,-7.36155,5.88979,4e-05,0.90459
9403.62,BTC-27SEP19,1563361185471,open,0.72,34.4,0.6755,0.8145,0.74506983,109.83,0.3735,0.0,BTC-27SEP19-16000-P,9379.95,0.0,0.005,10.0,1.3585,0.2,500.0,11.63146,-8.88702,-28.63752,6e-05,-0.80145
9464.03,BTC-27DEC19,1563361185471,open,1.94,0.1,1.875,2.114,1.99428677,108.93,2.02,0.0,BTC-27DEC19-28000-P,9379.95,0.0,0.001,1.0,2.5,0.1,319.46,13.36597,-4.46937,-120.96819,3e-05,-0.87011
9464.03,BTC-27DEC19,1563361185472,open,0.02,181.3,0.0005,0.0535,0.01381011,115.75,0.0125,0.0,BTC-27DEC19-44000-C,9379.95,113.2,0.012,6.0,0.016,21.0,118.58,7.00433,-2.48894,1.72765,2e-05,0.05472
9403.62,BTC-27SEP19,1563361185472,open,0.56,0.2,0.515,0.5945,0.55463489,108.64,0.65,0.0,BTC-27SEP19-4250-C,9379.95,0.0,0.005,10.1,0.682,5.0,298.71,2.79922,-2.11561,7.70092,1e-05,0.97051
9403.62,BTC-27SEP19,1563361185471,open,1.31,0.2,1.26,1.448,1.3539606,113.9,1.391,0.0,BTC-27SEP19-22000-P,9379.95,0.0,0.005,10.0,1.8,0.1,401.76,5.99798,-4.75255,-42.17227,3e-05,-0.92348
9464.03,BTC-27DEC19,1563361185472,open,0.42,63.0,0.3665,0.446,0.40605708,98.05,0.4965,0.0,BTC-27DEC19-6500-C,9379.95,60.76,0.345,1.0,0.963,2.0,500.0,16.80533,-5.05813,17.32238,4e-05,0.81623
9380.06,SYN.BTC-19JUL19,1563361185468,open,0.0,163.8,0.0005,0.04,0.0,145.04,0.0005,0.0,BTC-19JUL19-16000-C,9379.95,0.0,0.0,0.0,0.0015,10.0,337.44,1e-05,-3e-05,0.0,0.0,0.0
9393.85,SYN.BTC-30AUG19,1563361185468,open,0.42,0.0,0.381,0.4955,0.43809969,114.95,None,0.0,BTC-30AUG19-13000-P,9379.95,0.0,0.0,0.0,0.0,0.0,0.0,10.74794,-14.07905,-13.20188,9e-05,-0.73104
9380.06,SYN.BTC-19JUL19,1563361185468,open,0.0,275.5,0.0005,0.04,8e-08,145.04,0.0005,0.0,BTC-19JUL19-15000-C,9379.95,0.0,0.0,0.0,0.0035,10.0,345.86,0.00013,-0.00079,0.0,0.0,0.0
9403.62,BTC-27SEP19,1563361185474,open,0.51,13.5,0.466,0.5455,0.50580093,106.51,0.382,0.0,BTC-27SEP19-4750-C,9379.95,0.0,0.005,10.0,0.658,5.0,299.09,4.05042,-3.00099,8.29301,2e-05,0.95365
9380.06,SYN.BTC-19JUL19,1563361185468,open,0.41,35.3,0.3815,0.4965,0.43902688,0.0,0.2545,0.0,BTC-19JUL19-13500-P,9379.95,0.0,0.05,0.1,0.0,0.0,0.0,0.0,0.0,-0.69349,0.0,-1.0
9393.85,SYN.BTC-30AUG19,1563361185473,open,0.9,0.0,0.8535,1.0075,0.93069765,120.33,None,0.0,BTC-30AUG19-18000-P,9379.95,0.0,0.0,0.0,0.0,0.0,0.0,5.22259,-7.1619,-20.80211,4e-05,-0.91151
9382.36,SYN.BTC-26JUL19,1563361185471,open,0.27,315.8,0.2405,0.343,0.29180965,131.06,0.284,0.0,BTC-26JUL19-12000-P,9379.95,122.34,0.289,7.5,0.3205,7.5,197.22,3.18054,-23.4842,-2.63849,0.00011,-0.86475
9382.36,SYN.BTC-26JUL19,1563361185473,open,0.03,281.8,0.0005,0.0665,0.02670142,129.35,0.026,0.0,BTC-26JUL19-11000-C,9379.95,127.91,0.026,35.5,0.03,0.1,135.96,4.60716,-33.57282,0.49981,0.00017,0.24579
9382.36,SYN.BTC-26JUL19,1563361185472,open,0.0,511.1,0.0005,0.0405,0.00074899,141.79,0.0005,0.0,BTC-26JUL19-16000-C,9379.95,0.0,0.0,0.0,0.001,3.6,146.96,0.41107,-3.28378,0.02253,1e-05,0.01062
9380.06,SYN.BTC-19JUL19,1563361185468,open,0.57,0.0,0.535,0.6625,0.59891082,0.0,None,0.0,BTC-19JUL19-15000-P,9379.95,0.0,0.001,1.0,0.0,0.0,0.0,0.0,0.0,-0.77055,0.0,-1.0
9380.06,SYN.BTC-19JUL19,1563361185468,open,0.0,415.6,0.0005,0.04,3.9e-07,145.04,0.0005,0.0,BTC-19JUL19-14500-C,9379.95,0.0,0.0,0.0,0.0025,10.0,308.16,0.00051,-0.00367,1e-05,0.0,2e-05
9380.06,SYN.BTC-19JUL19,1563361185468,open,0.67,0.0,0.6375,0.7735,0.70550479,0.0,None,0.0,BTC-19JUL19-16000-P,9379.95,0.0,0.0,0.0,0.0,0.0,0.0,0.0,0.0,-0.82192,0.0,-1.0
9382.36,SYN.BTC-26JUL19,1563361185472,open,0.52,10.8,0.4855,0.609,0.54735244,135.63,0.166,0.0,BTC-26JUL19-14500-P,9379.95,0.0,0.0,0.0,0.0,0.0,0.0,0.86751,-6.62871,-3.47199,3e-05,-0.97457
9393.85,SYN.BTC-30AUG19,1563361185474,open,0.33,1.0,0.296,0.4035,0.3496689,114.01,0.3045,0.0,BTC-30AUG19-12000-P,9379.95,107.09,0.341,3.0,0.3785,3.0,136.18,11.88744,-15.44545,-11.43952,0.0001,-0.6634
9382.36,SYN.BTC-26JUL19,1563361185473,open,0.88,0.0,0.842,0.995,0.91840221,0.0,None,0.0,BTC-26JUL19-18000-P,9379.95,0.0,0.0,0.0,0.0,0.0,0.0,0.0,0.0,-4.37671,0.0,-1.0
9382.36,SYN.BTC-26JUL19,1563361185471,open,0.57,10.0,0.5365,0.664,0.60014617,138.02,0.17,0.0,BTC-26JUL19-15000-P,9379.95,0.0,0.0,0.0,0.0,0.0,0.0,0.68146,-5.29907,-3.60686,2e-05,-0.98089
9382.36,SYN.BTC-26JUL19,1563361185469,open,0.62,0.0,0.587,0.7185,0.65288377,136.66,None,0.0,BTC-26JUL19-15500-P,9379.95,0.0,0.0,0.0,0.0,0.0,0.0,0.46513,-3.58102,-3.74283,2e-05,-0.98775
9393.85,SYN.BTC-30AUG19,1563361185474,open,0.51,0.0,0.4705,0.5925,0.53151851,116.18,None,0.0,BTC-30AUG19-14000-P,9379.95,0.0,0.0,0.0,0.0,0.0,0.0,9.51679,-12.60038,-14.86584,8e-05,-0.78498
9393.85,SYN.BTC-30AUG19,1563361185469,open,0.6,0.0,0.563,0.693,0.62808411,117.14,None,0.0,BTC-30AUG19-15000-P,9379.95,0.0,0.0,0.0,0.0,0.0,0.0,8.2807,-11.05454,-16.45038,7e-05,-0.82874
9382.36,SYN.BTC-26JUL19,1563361185480,open,0.43,0.0,0.3745,0.454,0.41440035,147.69,0.4,0.0,BTC-26JUL19-5500-C,9379.95,0.0,0.0005,0.1,0.0,0.0,0.0,0.3016,-2.50948,1.31892,1e-05,0.99254
9403.11,BTC-27SEP19,1563361185521,open,0.91,1.0,0.8665,1.0215,0.94411312,111.63,1.5815,0.0,BTC-27SEP19-18000-P,9379.95,0.0,0.005,0.3,1.5535,0.3,500.0,9.46017,-7.34644,-33.33414,5e-05,-0.85614
9380.06,SYN.BTC-19JUL19,1563361185583,open,0.15,296.3,0.1285,0.2225,0.17551266,142.39,0.1615,0.0,BTC-19JUL19-11000-P,9379.95,0.0,0.1705,6.0,0.2,8.0,284.29,0.85778,-32.57119,-0.53485,0.00013,-0.93447
9380.06,SYN.BTC-19JUL19,1563361185603,open,0.15,296.3,0.1285,0.2225,0.17551266,142.39,0.1615,0.0,BTC-19JUL19-11000-P,9379.95,0.0,0.171,0.1,0.2,8.0,284.29,0.85778,-32.57119,-0.53485,0.00013,-0.93447
9382.36,SYN.BTC-26JUL19,1563361185595,open,0.06,303.1,0.0145,0.094,0.05416323,129.36,0.0545,0.0,BTC-26JUL19-10000-C,9379.95,126.63,0.0525,0.1,0.056,1.0,132.38,5.70301,-41.5645,0.82275,0.00021,0.41481
9380.06,SYN.BTC-19JUL19,1563361185610,open,0.08,24.0,0.024,0.1035,0.06384245,144.27,0.056,0.0,BTC-19JUL19-9000-C,9379.95,133.19,0.061,1.3,0.0665,18.0,154.51,2.42194,-93.17648,0.29413,0.00037,0.67426
9380.06,SYN.BTC-19JUL19,1563361185622,open,0.04,547.1,0.005,0.0885,0.04673061,139.11,0.053,0.0,BTC-19JUL19-9500-P,9379.95,145.31,0.0485,2.0,0.0535,24.0,162.83,2.67401,-99.19231,-0.27834,0.00043,-0.53092
9380.06,SYN.BTC-19JUL19,1563361185624,open,0.02,266.8,0.0005,0.064,0.02318889,143.74,0.027,0.0,BTC-19JUL19-9000-P,9379.95,143.01,0.023,2.0,0.027,25.1,158.4,2.42054,-92.78228,-0.16791,0.00037,-0.32528
9380.06,SYN.BTC-19JUL19,1563361185635,open,0.01,198.9,0.0005,0.0425,0.00297812,144.18,0.003,0.0,BTC-19JUL19-11000-C,9379.95,138.88,0.0025,3.1,0.004,0.2,154.21,0.88396,-27.93494,0.03139,0.00014,0.06812
9380.06,SYN.BTC-19JUL19,1563361185652,open,0.04,43.3,0.0005,0.074,0.03408714,139.61,0.032,0.0,BTC-19JUL19-9500-C,9379.95,137.55,0.0335,1.8,0.038,10.0,153.33,2.67414,-99.55659,0.20972,0.00042,0.46933
9463.52,BTC-27DEC19,1563361185687,open,0.39,54.4,0.336,0.4155,0.37568852,98.06,0.3805,0.0,BTC-27DEC19-7000-C,9379.95,93.86,0.3675,11.0,0.3775,11.0,98.98,18.49091,-5.56617,17.2684,5e-05,0.78461
9464.03,BTC-27DEC19,1563361185703,open,0.51,58.3,0.471,0.593,0.53194071,100.69,0.537,0.0,BTC-27DEC19-13000-P,9379.95,98.25,0.5255,6.0,0.539,3.6,103.36,24.99027,-7.72456,-45.85904,6e-05,-0.55395
9463.52,BTC-27DEC19,1563361185707,open,0.6,17.7,0.5535,0.6825,0.61806788,101.03,0.6235,0.0,BTC-27DEC19-14000-P,9379.95,98.49,0.6115,6.0,0.626,3.6,104.09,24.48742,-7.5949,-51.26578,6e-05,-0.59592
9380.06,SYN.BTC-19JUL19,1563361185794,open,0.02,115.8,0.0005,0.056,0.01630533,139.55,0.015,0.0,BTC-19JUL19-10000-C,9379.95,138.27,0.016,2.0,0.0175,5.1,144.49,2.25379,-83.86989,0.12592,0.00036,0.27764
9403.62,BTC-27SEP19,1563361185975,open,0.11,586.4,0.0635,0.143,0.10322217,107.49,0.1,0.0,BTC-27SEP19-12000-C,9379.95,105.6,0.1,23.8,0.1055,11.0,108.82,16.04002,-11.99396,5.35778,9e-05,0.39256
9382.36,SYN.BTC-26JUL19,1563361185990,open,0.27,315.8,0.2405,0.343,0.29180965,131.06,0.284,0.0,BTC-26JUL19-12000-P,9379.95,120.68,0.2885,7.5,0.3205,7.5,197.22,3.18054,-23.4842,-2.63849,0.00011,-0.86475
9403.62,BTC-27SEP19,1563361185992,open,0.45,224.0,0.3975,0.477,0.43708321,105.41,0.5225,0.0,BTC-27SEP19-5500-C,9379.95,96.76,0.4315,11.0,0.4405,11.0,110.28,6.41946,-4.70721,8.87361,3e-05,0.91629
9393.85,SYN.BTC-30AUG19,1563361186052,open,0.05,10.3,0.0015,0.081,0.04139601,116.39,0.0485,0.0,BTC-30AUG19-14000-C,9379.95,113.51,0.0385,19.3,0.0425,5.0,117.48,9.53301,-12.64477,1.96764,8e-05,0.21565
9463.52,BTC-27DEC19,1563361186054,open,0.04,139.4,0.002,0.0815,0.04163042,107.89,0.0455,0.0,BTC-27DEC19-26000-C,9379.95,106.5,0.0395,6.0,0.0445,21.0,109.72,14.65594,-4.8542,4.52261,3e-05,0.14873
201.19,ETH-27DEC19,1563361186064,open,0.29,194.0,0.24,0.319,0.279637,106.32,0.275,0.0,ETH-27DEC19-200-C,199.75,102.07,0.269,30.0,0.291,30.0,110.89,0.50189,-0.16381,0.3252,0.00261,0.64187
201.18,ETH-27DEC19,1563361186066,open,0.54,441.0,0.501,0.625,0.56322,107.05,0.561,0.0,ETH-27DEC19-280-P,199.75,102.07,0.55,30.0,0.575,30.0,111.51,0.5332,-0.17523,-0.99187,0.00276,-0.5417
199.32,ETH-27SEP19,1563361186077,open,2.74,0.0,2.665,2.969,2.817289,132.4,None,0.0,ETH-27SEP19-760-P,199.74,0.0,0.0,0.0,0.0,0.0,0.0,0.04928,-0.04539,-1.489,0.00048,-0.97638
199.32,ETH-27SEP19,1563361186077,open,2.35,0.0,2.282,2.554,2.417841,130.19,None,0.0,ETH-27SEP19-680-P,199.74,0.0,0.0,0.0,0.0,0.0,0.0,0.06548,-0.0593,-1.32845,0.00064,-0.96678
199.32,ETH-27SEP19,1563361186077,open,0.25,1828.0,0.213,0.313,0.262525,112.14,0.254,0.0,ETH-27SEP19-220-P,199.74,108.45,0.256,200.0,0.268,120.0,115.23,0.35241,-0.27491,-0.2914,0.00402,-0.47989
201.18,ETH-27DEC19,1563361186077,open,0.18,209.0,0.132,0.211,0.171446,107.08,0.178,0.0,ETH-27DEC19-280-C,199.74,103.13,0.161,380.0,0.18,230.0,110.3,0.53322,-0.17528,0.25759,0.00276,0.45838
199.32,ETH-27SEP19,1563361186077,open,0.04,1726.0,0.001,0.077,0.037188,118.1,0.025,0.0,ETH-27SEP19-380-C,199.74,117.93,0.037,1.0,0.039,160.0,119.72,0.22061,-0.18125,0.05065,0.00239,0.16623
201.18,ETH-27DEC19,1563361186077,open,0.04,150.0,0.001,0.075,0.035438,117.45,0.036,0.0,ETH-27DEC19-680-C,199.74,117.13,0.035,1.0,0.037,50.0,118.59,0.27358,-0.09864,0.07863,0.00129,0.12303
199.32,ETH-27SEP19,1563361186077,open,0.0,1735.0,0.001,0.046,0.006548,122.9,0.006,0.0,ETH-27SEP19-80-P,199.74,116.65,0.005,300.0,0.008,500.0,128.06,0.05307,-0.04537,-0.01269,0.00055,-0.02579
201.18,ETH-27DEC19,1563361186077,open,0.06,513.0,0.017,0.096,0.056439,112.41,0.059,0.0,ETH-27DEC19-520-C,199.74,108.73,0.05,595.0,0.061,40.0,114.91,0.36106,-0.1246,0.11716,0.00178,0.18695
199.32,ETH-27SEP19,1563361186077,open,2.54,0.0,2.473,2.761,2.617137,130.19,None,0.0,ETH-27SEP19-720-P,199.74,0.0,0.0,0.0,0.0,0.0,0.0,0.05434,-0.04921,-1.4093,0.00053,-0.97346
201.18,ETH-27DEC19,1563361186077,open,0.08,555.0,0.038,0.117,0.077752,110.61,0.081,0.0,ETH-27DEC19-440-C,199.74,106.86,0.07,390.0,0.084,320.0,113.55,0.42267,-0.14353,0.15033,0.00212,0.24521
199.32,ETH-27SEP19,1563361186077,open,2.15,0.0,2.09,2.346,2.21817,128.04,None,0.0,ETH-27SEP19-640-P,199.74,0.0,0.0,0.0,0.0,0.0,0.0,0.07379,-0.06573,-1.24803,0.00074,-0.96156
199.74,SYN.ETH-19JUL19,1563361186077,open,0.37,617.0,0.346,0.457,0.40177,0.0,0.407,0.0,ETH-19JUL19-280-P,199.74,0.0,0.382,10.0,0.438,10.0,486.59,0.0,0.0,-0.01438,0.0,-1.0
199.31,ETH-27SEP19,1563361186079,open,0.17,1106.0,0.119,0.198,0.158754,112.14,0.158,0.0,ETH-27SEP19-220-C,199.74,108.32,0.152,201.0,0.165,120.0,115.67,0.3524,-0.2749,0.14181,0.00402,0.52007
199.31,ETH-27SEP19,1563361186079,open,0.03,8193.0,0.001,0.072,0.031147,113.1,0.031,0.0,ETH-27SEP19-120-P,199.74,109.09,0.028,490.0,0.033,200.0,115.4,0.15915,-0.12522,-0.05285,0.0018,-0.1035
201.17,ETH-27DEC19,1563361186079,open,1.41,21.0,1.354,1.549,1.451242,111.17,0.629,0.0,ETH-27DEC19-480-P,199.74,0.0,1.347,110.0,0.0,0.0,0.0,0.38937,-0.13288,-2.01021,0.00194,-0.78808
199.48,SYN.ETH-30AUG19,1563361186077,open,0.28,0.0,0.25,0.353,0.301257,120.63,None,0.0,ETH-30AUG19-240-P,199.74,112.22,0.29,120.0,0.317,120.0,132.25,0.26852,-0.36913,-0.21422,0.00465,-0.59213
199.7,SYN.ETH-26JUL19,1563361186077,open,1.94,0.0,1.885,2.124,2.004421,0.0,None,0.0,ETH-26JUL19-600-P,199.74,0.0,0.0,0.0,0.0,0.0,0.0,0.0,0.0,-0.14589,0.0,-1.0
199.7,SYN.ETH-26JUL19,1563361186077,open,1.16,0.0,1.116,1.291,1.203249,0.0,None,0.0,ETH-26JUL19-440-P,199.74,0.0,0.0,0.0,0.0,0.0,0.0,0.0,0.0,-0.10699,0.0,-1.0
199.48,SYN.ETH-30AUG19,1563361186077,open,0.7,0.0,0.667,0.805,0.735796,127.42,None,0.0,ETH-30AUG19-340-P,199.74,0.0,0.0,0.0,0.0,0.0,0.0,0.16968,-0.24639,-0.37737,0.00278,-0.83796
199.7,SYN.ETH-26JUL19,1563361186078,open,0.0,0.0,0.001,0.043,0.00331,134.98,None,0.0,ETH-26JUL19-140-P,199.74,147.02,0.005,425.0,0.009,250.0,168.93,0.02492,-0.18948,-0.00193,0.0019,-0.03652
199.7,SYN.ETH-26JUL19,1563361186077,open,0.0,2384.0,0.001,0.04,0.0,135.01,0.001,0.0,ETH-26JUL19-500-C,199.74,0.0,0.0,0.0,0.001,571.0,231.78,1e-05,-9e-05,0.0,0.0,1e-05
199.48,SYN.ETH-30AUG19,1563361186077,open,0.11,941.0,0.069,0.157,0.113153,120.45,0.113,0.0,ETH-30AUG19-180-P,199.74,114.71,0.106,180.0,0.121,180.0,126.74,0.2488,-0.3415,-0.10497,0.00432,-0.3246
199.7,SYN.ETH-26JUL19,1563361186077,open,0.01,0.0,0.001,0.047,0.007279,134.98,None,0.0,ETH-26JUL19-150-P,199.74,146.84,0.01,112.0,0.014,250.0,162.0,0.04249,-0.32313,-0.00382,0.00325,-0.07149
199.7,SYN.ETH-26JUL19,1563361186079,open,0.13,2700.0,0.103,0.193,0.148003,134.93,0.155,0.0,ETH-26JUL19-220-P,199.74,128.04,0.144,284.0,0.159,100.0,153.54,0.11664,-0.88668,-0.0382,0.00891,-0.63871
199.7,SYN.ETH-26JUL19,1563361186079,open,0.47,659.0,0.445,0.565,0.504815,134.36,0.34,0.0,ETH-26JUL19-300-P,199.74,0.0,0.03,1.0,3.4,5.0,500.0,0.02295,-0.17376,-0.07146,0.00176,-0.96695
199.7,SYN.ETH-26JUL19,1563361186079,open,0.0,2011.0,0.001,0.041,0.001157,135.01,0.002,0.0,ETH-26JUL19-320-C,199.74,0.0,0.0,0.0,0.003,107.0,155.48,0.01273,-0.09685,0.00074,0.00097,0.0164
199.74,SYN.ETH-19JUL19,1563361186077,open,0.47,211.0,0.442,0.561,0.501889,0.0,0.495,0.0,ETH-19JUL19-300-P,199.74,0.0,0.002,25.0,0.0,0.0,0.0,0.0,0.0,-0.01541,0.0,-1.0
199.7,SYN.ETH-26JUL19,1563361186079,open,0.09,151.0,0.044,0.123,0.083153,135.04,0.079,0.0,ETH-26JUL19-200-C,199.74,134.79,0.083,138.0,0.093,313.0,150.95,0.12363,-0.94055,0.02214,0.00944,0.53905
201.17,ETH-27DEC19,1563361186097,open,0.07,1057.0,0.03,0.115,0.072634,106.64,0.068,0.0,ETH-27DEC19-120-P,199.74,102.82,0.067,262.0,0.079,312.0,110.9,0.29874,-0.0978,-0.19065,0.00155,-0.13975
199.7,SYN.ETH-26JUL19,1563361186106,open,0.05,10.0,0.018,0.102,0.05976,134.96,0.05,0.0,ETH-26JUL19-190-P,199.74,137.08,0.061,140.0,0.069,200.0,150.67,0.11718,-0.891,-0.02069,0.00895,-0.36628
201.17,ETH-27DEC19,1563361186127,open,0.54,441.0,0.501,0.625,0.56322,107.05,0.561,0.0,ETH-27DEC19-280-P,199.74,101.67,0.549,30.0,0.575,30.0,111.49,0.53317,-0.17522,-0.9919,0.00276,-0.54173
201.18,ETH-27DEC19,1563361186134,open,0.12,219.0,0.074,0.153,0.113055,109.12,0.118,0.0,ETH-27DEC19-360-C,199.74,107.02,0.108,2.0,0.12,259.0,111.96,0.48798,-0.16346,0.19672,0.00248,0.33219
199.31,ETH-27SEP19,1563361186140,open,0.11,1655.0,0.066,0.145,0.105192,112.34,0.112,0.0,ETH-27SEP19-260-C,199.74,108.69,0.099,233.0,0.112,160.0,116.33,0.3389,-0.26486,0.11108,0.00386,0.38823
9382.87,SYN.BTC-26JUL19,1563361186150,open,0.19,35.6,0.1315,0.211,0.1713755,132.43,0.1785,0.0,BTC-26JUL19-8000-C,9379.95,0.0,0.0005,5.0,0.0,0.0,0.0,3.97909,-29.68671,1.45544,0.00014,0.80932
199.32,ETH-27SEP19,1563361186147,open,0.14,1653.0,0.09,0.169,0.129045,112.14,0.127,0.0,ETH-27SEP19-240-C,199.74,108.69,0.123,217.0,0.136,120.0,116.09,0.35014,-0.27314,0.12616,0.00399,0.45049
201.18,ETH-27DEC19,1563361186154,open,0.15,584.0,0.113,0.205,0.158968,106.31,0.1,0.0,ETH-27DEC19-160-P,199.74,102.55,0.151,189.0,0.167,231.0,110.1,0.42617,-0.13908,-0.36626,0.00222,-0.24902
199.31,ETH-27SEP19,1563361186170,open,0.32,2398.0,0.28,0.386,0.333183,112.14,0.345,0.0,ETH-27SEP19-240-P,199.74,105.75,0.322,120.0,0.34,120.0,116.01,0.35012,-0.27312,-0.34645,0.00399,-0.54955
199.31,ETH-27SEP19,1563361186173,open,0.32,2398.0,0.28,0.386,0.333183,112.14,0.345,0.0,ETH-27SEP19-240-P,199.74,105.75,0.322,120.0,0.339,120.0,115.44,0.35012,-0.27312,-0.34645,0.00399,-0.54955
199.32,ETH-27SEP19,1563361186200,open,0.08,3015.0,0.033,0.112,0.072328,114.12,0.063,0.0,ETH-27SEP19-300-C,199.74,112.58,0.07,1.0,0.077,160.0,117.17,0.30263,-0.24024,0.08532,0.00339,0.28972
9393.85,SYN.BTC-30AUG19,1563361186208,open,0.05,10.3,0.0015,0.081,0.04137075,116.39,0.0485,0.0,BTC-30AUG19-14000-C,9379.95,114.01,0.039,19.3,0.0425,5.0,117.48,9.53301,-12.64477,1.96764,8e-05,0.21565
9463.52,BTC-27DEC19,1563361186210,open,0.04,139.4,0.002,0.0815,0.0416312,107.89,0.0455,0.0,BTC-27DEC19-26000-C,9379.95,106.83,0.04,6.0,0.0445,21.0,109.72,14.65594,-4.8542,4.52261,3e-05,0.14873
199.48,SYN.ETH-30AUG19,1563361186214,open,0.22,107.0,0.171,0.25,0.210858,120.48,0.184,0.0,ETH-30AUG19-180-C,199.74,109.36,0.197,120.0,0.22,120.0,127.81,0.2488,-0.3416,0.11139,0.00432,0.6754
9380.57,SYN.BTC-19JUL19,1563361186227,open,0.62,0.0,0.5865,0.7185,0.65244218,235.49,None,0.0,BTC-19JUL19-15500-P,9379.95,0.0,0.001,1.0,0.0,0.0,0.0,0.04107,-2.57937,-0.79535,0.0,-0.99808
9403.62,BTC-27SEP19,1563361186247,open,0.11,586.4,0.0635,0.143,0.10323957,107.49,0.1,0.0,BTC-27SEP19-12000-C,9379.95,105.6,0.1,23.8,0.106,11.0,109.12,16.04002,-11.99396,5.35778,9e-05,0.39256
9403.62,BTC-27SEP19,1563361186252,open,0.45,224.0,0.3975,0.477,0.43704457,105.35,0.5225,0.0,BTC-27SEP19-5500-C,9379.95,98.39,0.4325,11.0,0.4405,11.0,110.28,6.41511,-4.7015,8.87573,3e-05,0.91636
9393.85,SYN.BTC-30AUG19,1563361186274,open,0.12,40.2,0.086,0.176,0.13084351,112.08,0.133,0.0,BTC-30AUG19-9000-P,9379.95,110.36,0.1285,19.3,0.1365,3.0,116.42,12.40451,-15.84435,-5.77172,0.0001,-0.38037
9403.62,BTC-27SEP19,1563361186275,open,0.49,793.2,0.4425,0.522,0.48226876,106.01,0.5945,0.0,BTC-27SEP19-5000-C,9379.95,95.75,0.4775,11.0,0.4845,11.0,110.24,4.79374,-3.53523,8.52618,3e-05,0.94271
9380.06,SYN.BTC-19JUL19,1563361186285,open,0.25,83.2,0.2285,0.3305,0.27965933,133.29,0.2865,0.0,BTC-19JUL19-12000-P,9379.95,0.0,0.2745,6.0,0.3065,6.0,364.11,0.10908,-3.8769,-0.61378,2e-05,-0.99431
9382.87,SYN.BTC-26JUL19,1563361186379,open,0.27,4.8,0.221,0.3005,0.26083647,135.56,0.455,0.0,BTC-26JUL19-7000-C,9379.95,0.0,0.006,3.0,0.0,0.0,0.0,1.91865,-14.65298,1.53148,7e-05,0.93211
9380.06,SYN.BTC-19JUL19,1563361186403,open,0.02,115.8,0.0005,0.056,0.01626866,139.55,0.015,0.0,BTC-19JUL19-10000-C,9379.95,138.27,0.016,1.9,0.0175,5.1,144.49,2.25379,-83.86989,0.12592,0.00036,0.27764
9403.68,BTC-27SEP19,1563361186406,open,0.01,1054.8,0.0005,0.0465,0.00655695,108.54,0.0045,0.0,BTC-27SEP19-4250-P,9379.95,106.62,0.006,15.0,0.0075,24.0,111.6,2.79196,-2.10808,-0.66579,1e-05,-0.0294
9382.87,SYN.BTC-26JUL19,1563361186409,open,0.23,17.0,0.1745,0.254,0.21442132,134.81,0.246,0.0,BTC-26JUL19-7500-C,9379.95,0.0,0.005,0.1,0.0,0.0,0.0,2.94175,-22.34169,1.5165,0.0001,0.87913
9380.57,SYN.BTC-19JUL19,1563361186409,open,0.51,0.0,0.4845,0.6075,0.54583338,206.26,None,0.0,BTC-19JUL19-14500-P,9379.95,0.0,0.001,1.0,0.0,0.0,0.0,0.04338,-2.38589,-0.74392,0.0,-0.99796
9464.06,BTC-27DEC19,1563361186468,open,0.01,113.5,0.0005,0.052,0.0118256,100.2,0.0095,0.0,BTC-27DEC19-3500-P,9379.68,98.55,0.011,10.0,0.013,6.0,102.46,4.8069,-1.47862,-1.94878,1e-05,-0.03432
9403.68,BTC-27SEP19,1563361186468,open,0.02,387.3,0.0005,0.054,0.01429794,113.68,0.0155,0.0,BTC-27SEP19-22000-C,9379.68,111.58,0.013,39.0,0.0155,0.5,115.54,5.96643,-4.71852,1.14242,3e-05,0.07599
9403.68,BTC-27SEP19,1563361186469,open,0.06,441.1,0.014,0.0935,0.0536703,109.23,0.055,0.0,BTC-27SEP19-15000-C,9379.68,107.26,0.051,44.3,0.057,11.0,111.65,12.83734,-9.75473,3.36632,7e-05,0.23546
9403.68,BTC-27SEP19,1563361186469,open,0.0,609.1,0.0005,0.0415,0.00184813,121.82,0.002,0.0,BTC-27SEP19-3000-P,9379.68,111.91,0.001,4.8,0.003,15.0,131.3,0.97155,-0.82333,-0.19289,0.0,-0.00857
9403.68,BTC-27SEP19,1563361186469,open,0.06,296.4,0.021,0.1055,0.06321067,104.98,0.058,0.0,BTC-27SEP19-7000-P,9379.68,103.15,0.061,19.3,0.066,6.0,107.26,11.43602,-8.35138,-4.74589,6e-05,-0.19308
9403.68,BTC-27SEP19,1563361186469,open,0.54,289.7,0.49,0.5695,0.52990705,107.22,0.588,0.0,BTC-27SEP19-4500-C,9379.68,0.0,0.002,1.1,0.67,5.0,299.17,3.37296,-2.51592,8.02021,2e-05,0.96302
9380.57,SYN.BTC-19JUL19,1563361186468,open,0.36,82.8,0.331,0.441,0.38594743,162.53,0.348,0.0,BTC-19JUL19-13000-P,9379.68,0.0,0.3795,6.0,0.4165,6.0,449.89,0.06232,-2.7011,-0.66639,1e-05,-0.99696
9403.41,BTC-27SEP19,1563361186470,open,0.64,261.1,0.591,0.6705,0.63071737,114.2,0.714,0.0,BTC-27SEP19-3500-C,9379.68,0.0,0.161,1.0,0.7225,10.0,299.32,1.46868,-1.16679,6.58289,1e-05,0.98622
9403.41,BTC-27SEP19,1563361186469,open,0.66,0.0,0.617,0.6965,0.65652256,116.3,None,0.0,BTC-27SEP19-3250-C,9379.68,0.0,0.005,10.0,0.898,5.0,500.0,1.13761,-0.92041,6.17013,1e-05,0.98974
9403.41,BTC-27SEP19,1563361186470,open,0.79,28.2,0.748,0.8275,0.78785621,139.39,0.755,0.0,BTC-27SEP19-2000-C,9379.68,0.0,0.01,1.0,0.924,5.0,500.0,0.3195,-0.3098,3.88266,0.0,0.99754
9463.79,BTC-27DEC19,1563361186470,open,0.14,161.0,0.0945,0.1855,0.14009586,98.05,0.132,0.0,BTC-27DEC19-7500-P,9379.68,95.64,0.135,14.9,0.1425,6.0,99.19,19.97962,-6.0141,-16.36584,5e-05,-0.24744
9403.41,BTC-27SEP19,1563361186470,open,0.13,406.8,0.089,0.1685,0.12864339,106.53,0.13,0.0,BTC-27SEP19-11000-C,9379.68,104.18,0.1245,26.4,0.1315,11.0,108.15,16.57155,-12.281,6.173,9e-05,0.46201
9463.79,BTC-27DEC19,1563361186470,open,0.13,243.3,0.0835,0.163,0.12322576,101.86,0.133,0.0,BTC-27DEC19-15000-C,9379.68,100.18,0.119,15.9,0.1275,21.0,103.56,23.83123,-7.45208,10.34505,6e-05,0.36819
9463.79,BTC-27DEC19,1563361186470,open,0.04,234.7,0.0005,0.0815,0.04028789,98.06,0.041,0.0,BTC-27DEC19-5000-P,9379.68,96.48,0.0385,10.0,0.042,6.0,99.55,10.81167,-3.25456,-5.778,3e-05,-0.09653
9463.79,BTC-27DEC19,1563361186470,open,0.01,340.0,0.0005,0.047,0.00696458,102.05,0.0065,0.0,BTC-27DEC19-3000-P,9379.68,100.66,0.0065,10.0,0.008,12.0,104.96,3.23809,-1.0144,-1.19675,1e-05,-0.02137
9403.41,BTC-27SEP19,1563361186470,open,0.62,29.6,0.583,0.7145,0.64880068,109.21,0.601,0.0,BTC-27SEP19-15000-P,9379.68,0.0,0.005,10.0,1.262,0.3,500.0,12.83414,-9.75031,-26.17253,7e-05,-0.76463
9382.87,SYN.BTC-26JUL19,1563361186468,open,0.0,625.7,0.0005,0.04,0.00039835,144.77,0.0005,0.0,BTC-26JUL19-17000-C,9379.68,0.0,0.0,0.0,0.001,5.4,160.85,0.24394,-1.98951,0.01248,1e-05,0.00587
9403.41,BTC-27SEP19,1563361186471,open,0.0,490.7,0.0005,0.0405,0.00054027,139.25,0.0005,0.0,BTC-27SEP19-2000-P,9379.68,0.0,0.0,0.0,0.001,6.0,150.06,0.31752,-0.30757,-0.0553,0.0,-0.00245
9394.4,SYN.BTC-30AUG19,1563361186468,open,0.31,0.0,0.26,0.3395,0.29998743,114.48,None,0.0,BTC-30AUG19-7000-C,9379.68,0.0,0.0,0.0,0.0,0.0,0.0,8.35603,-10.90159,5.94353,7e-05,0.82631
9403.41,BTC-27SEP19,1563361186472,open,0.05,184.1,0.004,0.0835,0.04372246,109.94,0.045,0.0,BTC-27SEP19-16000-C,9379.68,108.12,0.0415,33.7,0.0465,11.0,112.15,11.64316,-8.90437,2.87323,6e-05,0.19889
9382.87,SYN.BTC-26JUL19,1563361186470,open,0.67,5.0,0.638,0.774,0.70607629,143.81,0.2255,0.0,BTC-26JUL19-16000-P,9379.68,0.0,0.0,0.0,0.0,0.0,0.0,0.44601,-3.6135,-3.86571,1e-05,-0.98833
9382.87,SYN.BTC-26JUL19,1563361186468,open,0.47,11.0,0.4355,0.555,0.49525565,137.74,0.1845,0.0,BTC-26JUL19-14000-P,9379.68,0.0,0.4905,7.5,0.5285,7.5,248.1,1.24957,-9.69646,-3.3211,4e-05,-0.96044
9403.41,BTC-27SEP19,1563361186473,open,1.11,0.0,1.062,1.2335,1.14774294,113.18,None,0.0,BTC-27SEP19-20000-P,9379.68,0.0,0.005,10.0,1.7495,0.2,500.0,7.6069,-5.98895,-37.81863,4e-05,-0.89463
9380.57,SYN.BTC-19JUL19,1563361186468,open,0.31,62.5,0.2795,0.386,0.33271787,153.11,0.3,0.0,BTC-19JUL19-12500-P,9379.68,0.0,0.327,6.0,0.361,6.0,405.7,0.10091,-4.12016,-0.6397,1e-05,-0.99479
9394.4,SYN.BTC-30AUG19,1563361186470,open,0.02,0.5,0.0005,0.0585,0.0188474,119.62,0.019,0.0,BTC-30AUG19-17000-C,9379.68,115.1,0.016,34.0,0.0205,15.0,122.09,6.15302,-8.38766,1.03742,5e-05,0.11071
9380.57,SYN.BTC-19JUL19,1563361186471,open,0.46,16.4,0.433,0.552,0.49253013,191.04,0.495,0.0,BTC-19JUL19-14000-P,9379.68,0.0,0.485,6.0,0.526,6.0,500.0,0.04543,-2.3144,-0.71818,1e-05,-0.99785
9382.87,SYN.BTC-26JUL19,1563361186471,open,0.78,0.0,0.74,0.8845,0.81231011,148.3,None,0.0,BTC-26JUL19-17000-P,9379.68,0.0,0.0,0.0,0.0,0.0,0.0,0.28711,-2.39878,-4.1186,1e-05,-0.99294
9382.87,SYN.BTC-26JUL19,1563361186471,open,0.37,1.0,0.322,0.4015,0.36179386,139.36,0.354,0.0,BTC-26JUL19-6000-C,9379.68,0.0,0.0005,0.1,0.0,0.0,0.0,0.55873,-4.38667,1.42148,2e-05,0.98485
9380.57,SYN.BTC-19JUL19,1563361186468,open,0.72,0.0,0.689,0.829,0.75905134,262.85,None,0.0,BTC-19JUL19-16500-P,9379.68,0.0,0.0,0.0,0.0,0.0,0.0,0.03963,-2.77766,-0.84676,0.0,-0.99815
9382.87,SYN.BTC-26JUL19,1563361186468,open,0.32,56.6,0.288,0.395,0.34160438,134.14,0.3555,0.0,BTC-26JUL19-12500-P,9379.68,90.73,0.3335,7.5,0.3715,7.5,209.89,2.61651,-19.77329,-2.82669,9e-05,-0.89738
9382.87,SYN.BTC-26JUL19,1563361186469,open,0.42,32.3,0.386,0.501,0.44352291,137.56,0.29,0.0,BTC-26JUL19-13500-P,9379.68,0.0,0.435,7.5,0.476,7.5,236.06,1.65228,-12.80534,-3.16543,6e-05,-0.94394
9394.4,SYN.BTC-30AUG19,1563361186473,open,0.8,0.0,0.7555,0.9015,0.82854158,119.78,None,0.0,BTC-30AUG19-17000-P,9379.68,0.0,0.0,0.0,0.0,0.0,0.0,6.16954,-8.42147,-19.39401,5e-05,-0.88887
9382.87,SYN.BTC-26JUL19,1563361186471,open,0.01,280.7,0.0005,0.0445,0.00465181,137.11,0.006,0.0,BTC-26JUL19-13500-C,9379.68,133.21,0.004,10.1,0.0055,3.0,141.75,1.6367,-12.64282,0.11576,6e-05,0.05539
9382.87,SYN.BTC-26JUL19,1563361186470,open,0.32,0.0,0.271,0.3505,0.31064304,139.47,0.3665,0.0,BTC-26JUL19-6500-C,9379.68,0.0,0.005,0.1,0.0,0.0,0.0,1.16222,-9.13239,1.49015,4e-05,0.9638
9394.4,SYN.BTC-30AUG19,1563361186473,open,0.7,0.0,0.6585,0.796,0.72740354,118.5,None,0.0,BTC-30AUG19-16000-P,9379.68,0.0,0.0,0.0,0.0,0.0,0.0,7.16894,-9.68112,-17.95163,6e-05,-0.86228
9380.57,SYN.BTC-19JUL19,1563361186474,open,0.17,0.0,0.11,0.1895,0.14974194,144.47,None,0.0,BTC-19JUL19-8000-C,9379.68,0.0,0.0,0.0,0.0,0.0,0.0,0.75862,-29.22545,0.38274,0.00012,0.944
9463.79,BTC-27DEC19,1563361186608,open,0.09,358.7,0.048,0.1275,0.08773413,103.67,0.087,0.0,BTC-27DEC19-18000-C,9379.68,102.0,0.084,15.9,0.0915,21.0,105.34,21.29074,-6.77597,8.13077,5e-05,0.28027
9403.68,BTC-27SEP19,1563361186620,open,0.17,806.4,0.121,0.2005,0.16069372,105.41,0.161,0.0,BTC-27SEP19-10000-C,9379.68,103.31,0.157,14.4,0.163,11.0,106.72,16.56044,-12.14352,7.03853,9e-05,0.54079
9403.41,BTC-27SEP19,1563361186669,open,0.09,208.8,0.042,0.1215,0.08198384,107.66,0.083,0.0,BTC-27SEP19-13000-C,9379.68,105.8,0.079,32.4,0.086,11.0,110.15,15.1174,-11.32191,4.59822,8e-05,0.33031
9463.79,BTC-27DEC19,1563361186744,open,0.14,161.0,0.0945,0.1855,0.14009586,98.05,0.132,0.0,BTC-27DEC19-7500-P,9379.68,95.64,0.135,14.9,0.143,6.0,99.43,19.97962,-6.0141,-16.36584,5e-05,-0.24744
9380.57,SYN.BTC-19JUL19,1563361186745,open,0.31,62.5,0.2795,0.386,0.33271787,153.11,0.3,0.0,BTC-19JUL19-12500-P,9379.68,0.0,0.3265,6.0,0.361,6.0,405.7,0.10091,-4.12016,-0.6397,1e-05,-0.99479
9380.57,SYN.BTC-19JUL19,1563361186747,open,0.46,16.4,0.433,0.552,0.49253013,191.04,0.495,0.0,BTC-19JUL19-14000-P,9379.68,0.0,0.4845,6.0,0.526,6.0,500.0,0.04543,-2.3144,-0.71818,1e-05,-0.99785
9380.57,SYN.BTC-19JUL19,1563361186818,open,0.02,115.8,0.0005,0.056,0.01626866,139.34,0.015,0.0,BTC-19JUL19-10000-C,9379.68,138.22,0.016,2.0,0.0175,5.1,144.43,2.25325,-83.7222,0.12587,0.00036,0.27747
9463.79,BTC-27DEC19,1563361186814,open,0.52,68.4,0.472,0.5515,0.51195064,98.05,0.511,0.0,BTC-27DEC19-5000-C,9379.68,93.17,0.5065,11.0,0.5155,11.0,101.12,10.81105,-3.25415,16.53429,3e-05,0.90348
9382.87,SYN.BTC-26JUL19,1563361186828,open,0.22,273.8,0.1945,0.2935,0.24421694,130.18,0.222,0.0,BTC-26JUL19-11500-P,9379.68,125.97,0.2425,7.5,0.2555,7.5,155.27,3.89018,-28.53028,-2.4192,0.00014,-0.81616
9403.68,BTC-27SEP19,1563361186830,open,0.45,35.9,0.406,0.523,0.46449169,107.7,0.391,0.0,BTC-27SEP19-13000-P,9379.68,104.58,0.4595,6.0,0.4775,6.0,115.68,15.12045,-11.32833,-20.99962,8e-05,-0.66955
199.31,ETH-27SEP19,1563361186898,open,0.2,1291.0,0.155,0.234,0.194675,111.89,0.194,0.0,ETH-27SEP19-200-C,199.74,107.43,0.187,120.0,0.202,120.0,116.15,0.34272,-0.26676,0.15725,0.00392,0.59534
9380.57,SYN.BTC-19JUL19,1563361186909,open,0.08,24.0,0.024,0.1035,0.06375585,143.8,0.056,0.0,BTC-19JUL19-9000-C,9379.68,133.05,0.061,1.3,0.067,18.0,156.3,2.42026,-92.81198,0.29448,0.00037,0.67486
199.69,SYN.ETH-26JUL19,1563361186928,open,0.0,1038.0,0.001,0.042,0.002603,135.01,0.005,0.0,ETH-26JUL19-300-C,199.74,129.43,0.002,300.0,0.006,673.0,157.14,0.02336,-0.17769,0.00151,0.00178,0.03377
9403.41,BTC-27SEP19,1563361186959,open,0.28,127.7,0.2465,0.35,0.29840567,106.52,0.2865,0.0,BTC-27SEP19-11000-P,9379.68,104.58,0.295,14.4,0.306,14.4,110.82,16.57143,-12.2792,-15.48806,9e-05,-0.53802
9382.87,SYN.BTC-26JUL19,1563361186968,open,0.15,53.1,0.094,0.1735,0.13388841,131.87,0.1405,0.0,BTC-26JUL19-8500-C,9379.68,123.45,0.1295,6.0,0.137,17.5,137.78,4.9236,-36.58021,1.33759,0.00017,0.72018
199.31,ETH-27SEP19,1563361186970,open,0.91,259.0,0.867,1.021,0.94376,118.1,0.94,0.0,ETH-27SEP19-380-P,199.74,0.0,0.008,12.0,0.0,0.0,0.0,0.22058,-0.18123,-0.69765,0.00239,-0.8338
9380.57,SYN.BTC-19JUL19,1563361186987,open,0.04,547.1,0.005,0.0885,0.04681297,139.51,0.053,0.0,BTC-19JUL19-9500-P,9379.68,145.42,0.0485,2.0,0.053,18.0,161.19,2.67437,-99.49062,-0.2782,0.00042,-0.5305
9394.4,SYN.BTC-30AUG19,1563361187046,open,0.04,52.8,0.0005,0.0715,0.03150398,117.37,0.036,0.0,BTC-30AUG19-15000-C,9379.68,114.49,0.029,19.3,0.0335,5.0,119.6,8.30295,-11.10575,1.58614,7e-05,0.17196
9394.4,SYN.BTC-30AUG19,1563361187048,open,0.04,52.8,0.0005,0.0715,0.03150398,117.37,0.036,0.0,BTC-30AUG19-15000-C,9379.68,114.49,0.029,19.3,0.0335,15.0,119.6,8.30295,-11.10575,1.58614,7e-05,0.17196
9463.79,BTC-27DEC19,1563361187049,open,0.52,68.4,0.472,0.5515,0.51195064,98.05,0.511,0.0,BTC-27DEC19-5000-C,9379.68,94.09,0.5075,11.0,0.5155,11.0,101.12,10.81105,-3.25415,16.53429,3e-05,0.90348
9464.06,BTC-27DEC19,1563361187051,open,0.06,105.1,0.019,0.0985,0.05881356,105.84,0.059,0.0,BTC-27DEC19-22000-C,9379.68,104.59,0.0565,4.9,0.062,21.0,107.52,17.72904,-5.76022,5.98615,4e-05,0.20056
9394.4,SYN.BTC-30AUG19,1563361187079,open,0.04,52.8,0.0005,0.0715,0.03150398,117.37,0.036,0.0,BTC-30AUG19-15000-C,9379.68,114.49,0.029,19.3,0.0325,5.0,118.49,8.30295,-11.10575,1.58614,7e-05,0.17196
9464.06,BTC-27DEC19,1563361187090,open,0.02,246.9,0.0005,0.057,0.01710027,114.5,0.0165,0.0,BTC-27DEC19-40000-C,9379.68,112.59,0.0155,6.0,0.0195,21.0,117.17,8.16255,-2.86905,2.08781,2e-05,0.06654
9403.68,BTC-27SEP19,1563361187082,open,0.17,806.4,0.121,0.2005,0.16069372,105.41,0.161,0.0,BTC-27SEP19-10000-C,9379.68,103.31,0.157,14.4,0.1635,11.0,107.0,16.56044,-12.14352,7.03853,9e-05,0.54079
9463.84,BTC-27DEC19,1563361187096,open,0.03,58.2,0.0005,0.0665,0.02687634,110.73,0.03,0.0,BTC-27DEC19-32000-C,9379.68,109.55,0.0255,6.0,0.0295,21.0,112.9,11.15787,-3.79288,3.12109,3e-05,0.10078
9403.41,BTC-27SEP19,1563361187093,open,0.13,406.8,0.089,0.1685,0.12863614,106.53,0.13,0.0,BTC-27SEP19-11000-C,9379.68,104.18,0.1245,26.4,0.132,11.0,108.44,16.57155,-12.281,6.173,9e-05,0.46201
9403.68,BTC-27SEP19,1563361187101,open,0.02,319.0,0.0005,0.0625,0.02192512,105.36,0.0225,0.0,BTC-27SEP19-5500-P,9379.68,103.24,0.0205,21.0,0.024,24.0,108.34,6.41575,-4.70238,-1.95506,3e-05,-0.08365
199.31,ETH-27SEP19,1563361187129,open,0.72,345.0,0.686,0.825,0.755683,115.05,0.76,0.0,ETH-27SEP19-340-P,199.74,0.0,0.697,110.0,1.19,1.0,375.69,0.2581,-0.20658,-0.60487,0.00287,-0.78547
199.73,SYN.ETH-19JUL19,1563361187148,open,0.0,459.0,0.001,0.04,0.0,135.01,0.001,0.0,ETH-19JUL19-340-C,199.74,0.0,0.0,0.0,0.001,300.0,318.83,0.0,0.0,0.0,0.0,0.0
199.48,SYN.ETH-30AUG19,1563361187263,open,0.22,220.0,0.182,0.279,0.230312,120.65,0.242,0.0,ETH-30AUG19-220-P,199.74,114.64,0.222,276.0,0.244,120.0,130.55,0.27582,-0.37924,-0.1775,0.00478,-0.50995
9394.4,SYN.BTC-30AUG19,1563361187307,open,0.05,10.3,0.0015,0.081,0.04138072,116.36,0.0485,0.0,BTC-30AUG19-14000-C,9379.68,114.0,0.039,19.3,0.043,5.0,117.95,9.53197,-12.6396,1.96734,8e-05,0.21559
9403.41,BTC-27SEP19,1563361187311,open,0.49,793.2,0.4425,0.522,0.48225862,106.03,0.5945,0.0,BTC-27SEP19-5000-C,9379.68,94.56,0.477,11.0,0.4845,11.0,110.26,4.79558,-3.53727,8.52544,3e-05,0.94268
9403.68,BTC-27SEP19,1563361187326,open,0.4,714.8,0.355,0.4345,0.39469929,105.15,0.434,0.0,BTC-27SEP19-6000-C,9379.68,99.59,0.39,11.0,0.398,11.0,108.91,8.13948,-5.95407,9.0645,4e-05,0.88421
9403.41,BTC-27SEP19,1563361187350,open,0.49,793.2,0.4425,0.522,0.48225862,106.03,0.5945,0.0,BTC-27SEP19-5000-C,9379.68,96.96,0.478,11.0,0.4845,11.0,110.26,4.79558,-3.53727,8.52544,3e-05,0.94268
9463.79,BTC-27DEC19,1563361187355,open,0.33,205.5,0.282,0.3615,0.32166385,98.06,0.32,0.0,BTC-27DEC19-8000-C,9379.68,94.87,0.3145,11.0,0.3235,11.0,98.88,21.26598,-6.4019,16.83861,5e-05,0.7204
199.48,SYN.ETH-30AUG19,1563361187440,open,0.11,473.0,0.059,0.138,0.098182,120.67,0.1,0.0,ETH-30AUG19-240-C,199.74,113.81,0.089,501.0,0.104,223.0,124.98,0.26853,-0.36926,0.07427,0.00465,0.40793
201.17,ETH-27DEC19,1563361187463,open,0.22,381.0,0.177,0.256,0.216956,106.42,0.231,0.0,ETH-27DEC19-240-C,199.74,103.04,0.208,214.0,0.227,214.0,110.21,0.53304,-0.17414,0.29239,0.00277,0.54267
9403.68,BTC-27SEP19,1563361187465,open,0.15,179.3,0.113,0.2055,0.15933999,104.86,0.151,0.0,BTC-27SEP19-9000-P,9379.68,104.06,0.158,0.3,0.164,4.6,107.63,15.78113,-11.51144,-9.83643,9e-05,-0.37185
9403.48,BTC-27SEP19,1563361187468,open,0.01,297.6,0.0005,0.051,0.01095249,106.57,0.005,0.0,BTC-27SEP19-4750-P,9379.69,104.31,0.01,15.0,0.0125,24.0,110.04,4.05524,-3.00627,-1.06235,2e-05,-0.04642
9463.84,BTC-27DEC19,1563361187468,open,0.6,27.6,0.5565,0.636,0.596022,98.89,0.6525,0.0,BTC-27DEC19-4000-C,9379.69,0.0,0.0155,10.0,0.643,0.2,150.33,6.63768,-2.01503,14.90087,2e-05,0.94887
9382.61,SYN.BTC-26JUL19,1563361187468,open,0.02,443.2,0.0005,0.0645,0.02402836,132.5,0.024,0.0,BTC-26JUL19-8000-P,9379.69,131.25,0.0235,24.0,0.0275,24.0,140.54,3.98067,-29.71413,-0.49014,0.00014,-0.19081
9463.85,BTC-27DEC19,1563361187469,open,0.48,60.5,0.4345,0.514,0.47412275,98.07,0.567,0.0,BTC-27DEC19-5500-C,9379.69,95.02,0.47,1.0,0.966,5.0,500.0,12.92888,-3.89218,16.97861,3e-05,0.87617
9403.48,BTC-27SEP19,1563361187470,open,0.01,92.2,0.0005,0.048,0.00810833,117.34,0.007,0.0,BTC-27SEP19-26000-C,9379.69,114.59,0.007,16.7,0.009,11.0,119.38,3.9723,-3.24243,0.68758,2e-05,0.04524
9463.85,BTC-27DEC19,1563361187470,open,2.15,0.2,2.073,2.3285,2.20068968,109.76,2.2245,0.0,BTC-27DEC19-30000-P,9379.69,0.0,0.0,0.0,0.0,0.0,0.0,12.1739,-4.10188,-130.36506,3e-05,-0.88628
9403.49,BTC-27SEP19,1563361187471,open,0.33,748.2,0.279,0.3585,0.31880567,104.97,0.3315,0.0,BTC-27SEP19-7000-C,9379.69,99.32,0.312,11.0,0.3535,11.0,132.54,11.43604,-8.35102,9.03833,6e-05,0.80691
9463.85,BTC-27DEC19,1563361187472,open,1.74,0.0,1.6775,1.9005,1.78894813,107.9,None,0.0,BTC-27DEC19-26000-P,9379.69,0.0,0.005,10.0,2.595,0.2,500.0,14.66003,-4.85607,-111.49639,3e-05,-0.85122
9463.85,BTC-27DEC19,1563361187472,open,0.01,463.2,0.0005,0.0495,0.00965996,118.35,0.008,0.0,BTC-27DEC19-52000-C,9379.69,115.24,0.008,46.1,0.0115,21.0,121.42,5.362,-1.94813,1.24862,1e-05,0.03923
9380.3,SYN.BTC-19JUL19,1563361187468,open,0.12,6.1,0.063,0.1425,0.10293277,145.04,0.109,0.0,BTC-19JUL19-8500-C,9379.69,123.68,0.0995,6.0,0.106,6.0,161.92,1.62691,-62.92585,0.35581,0.00025,0.84133
9463.85,BTC-27DEC19,1563361187472,open,0.05,172.4,0.0095,0.089,0.04926039,106.93,0.0485,0.0,BTC-27DEC19-24000-C,9379.69,105.59,0.047,4.9,0.052,21.0,108.52,16.12745,-5.29383,5.19009,4e-05,0.17216
9394.17,SYN.BTC-30AUG19,1563361187468,open,0.02,0.0,0.0005,0.062,0.02163005,116.84,None,0.0,BTC-30AUG19-6000-P,9379.69,111.35,0.0185,38.3,0.0255,14.3,123.24,5.51453,-7.34287,-1.31955,4e-05,-0.09522
9394.17,SYN.BTC-30AUG19,1563361187471,open,0.06,1.1,0.0145,0.094,0.05439594,115.1,0.063,0.0,BTC-30AUG19-13000-C,9379.69,112.11,0.051,19.3,0.057,15.0,117.36,10.75766,-14.11029,2.42815,9e-05,0.26942
9380.3,SYN.BTC-19JUL19,1563361187467,open,0.0,459.3,0.0005,0.04,0.0003498,145.01,0.0005,0.0,BTC-19JUL19-12000-C,9379.69,0.0,0.0,0.0,0.001,0.9,167.46,0.18279,-3.28123,0.00476,3e-05,0.01023
9382.61,SYN.BTC-26JUL19,1563361187468,open,0.01,451.5,0.0005,0.054,0.01378685,134.91,0.0115,0.0,BTC-26JUL19-7500-P,9379.69,130.74,0.0125,30.0,0.016,30.0,141.77,2.9447,-22.38159,-0.30761,0.0001,-0.12105
9382.61,SYN.BTC-26JUL19,1563361187472,open,0.0,313.8,0.0005,0.04,3.486e-05,145.0,0.001,0.0,BTC-26JUL19-20000-C,9379.69,0.0,0.0,0.0,0.0005,5.8,182.58,0.03124,-0.25517,0.00131,0.0,0.00061
9382.61,SYN.BTC-26JUL19,1563361187471,open,0.14,265.8,0.1115,0.2035,0.15744786,129.24,0.141,0.0,BTC-26JUL19-10500-P,9379.69,129.33,0.1575,18.0,0.166,18.0,144.27,5.25667,-38.27475,-1.90225,0.00019,-0.67636
9380.3,SYN.BTC-19JUL19,1563361187470,open,0.0,170.4,0.0005,0.04,0.0,145.01,0.0005,0.0,BTC-19JUL19-16500-C,9379.69,0.0,0.0,0.0,0.0035,10.0,400.55,0.0,-1e-05,0.0,0.0,0.0
9382.61,SYN.BTC-26JUL19,1563361187469,open,0.01,194.6,0.0005,0.049,0.00932163,133.9,0.01,0.0,BTC-26JUL19-12500-C,9379.69,130.88,0.0085,41.5,0.0115,44.1,141.36,2.6074,-19.66982,0.21173,9e-05,0.10213
9380.3,SYN.BTC-19JUL19,1563361187473,open,0.0,3.0,0.0005,0.0425,0.00261208,144.98,0.0025,0.0,BTC-19JUL19-8000-P,9379.69,155.06,0.0035,1.5,0.0055,46.0,173.95,0.76527,-24.50212,-0.02854,0.00012,-0.05662
9382.61,SYN.BTC-26JUL19,1563361187474,open,0.05,132.3,0.0005,0.078,0.03838761,129.3,0.038,0.0,BTC-26JUL19-10500-C,9379.69,126.81,0.037,40.5,0.0425,24.3,136.58,5.25735,-38.2963,0.651,0.00019,0.32374
9463.85,BTC-27DEC19,1563361187479,open,0.52,68.4,0.472,0.5515,0.51196179,98.06,0.511,0.0,BTC-27DEC19-5000-C,9379.69,94.08,0.5075,11.0,0.516,11.0,101.54,10.81169,-3.25459,16.53363,3e-05,0.90347
9403.48,BTC-27SEP19,1563361187481,open,0.26,901.1,0.2155,0.295,0.25501309,104.98,0.25,0.0,BTC-27SEP19-8000-C,9379.69,99.62,0.247,11.0,0.2565,11.0,105.97,14.0708,-10.27599,8.59185,8e-05,0.71901
199.31,ETH-27SEP19,1563361187499,open,0.25,1828.0,0.213,0.313,0.262562,112.12,0.254,0.0,ETH-27SEP19-220-P,199.74,108.99,0.257,200.0,0.268,120.0,115.21,0.3524,-0.27485,-0.29141,0.00402,-0.47997
9403.49,BTC-27SEP19,1563361187497,open,0.33,748.2,0.279,0.3585,0.31880567,104.97,0.3315,0.0,BTC-27SEP19-7000-C,9379.69,98.9,0.3115,11.0,0.3535,11.0,132.54,11.43604,-8.35102,9.03833,6e-05,0.80691
199.69,SYN.ETH-26JUL19,1563361187538,open,0.13,2700.0,0.103,0.193,0.148076,134.94,0.155,0.0,ETH-26JUL19-220-P,199.74,127.98,0.144,284.0,0.16,100.0,155.15,0.11663,-0.88664,-0.0382,0.00891,-0.63878
199.48,SYN.ETH-30AUG19,1563361187539,open,0.16,220.0,0.12,0.213,0.166362,120.02,0.147,0.0,ETH-30AUG19-200-P,199.74,114.61,0.159,402.0,0.178,137.0,128.63,0.27035,-0.36978,-0.14061,0.00471,-0.42004
199.31,ETH-27SEP19,1563361187547,open,0.19,3341.0,0.151,0.246,0.198117,111.88,0.198,0.0,ETH-27SEP19-200-P,199.74,108.9,0.193,334.0,0.204,120.0,115.3,0.34272,-0.26673,-0.23658,0.00392,-0.40467
9463.85,BTC-27DEC19,1563361187611,open,0.45,122.9,0.399,0.4785,0.43883961,98.06,0.439,0.0,BTC-27DEC19-6000-C,9379.69,94.01,0.4325,11.0,0.441,11.0,99.42,14.94177,-4.49778,17.23282,4e-05,0.8469
199.73,SYN.ETH-19JUL19,1563361187757,open,0.01,101.0,0.001,0.043,0.003344,135.04,0.011,0.0,ETH-19JUL19-230-C,199.74,140.96,0.004,316.0,0.008,402.0,170.15,0.02114,-0.66786,0.00078,0.00764,0.07931
9394.17,SYN.BTC-30AUG19,1563361187862,open,0.25,14.6,0.217,0.318,0.26745613,113.09,0.2625,0.0,BTC-30AUG19-11000-P,9379.69,111.64,0.2655,14.4,0.278,3.0,120.85,12.71971,-16.39289,-9.58974,0.00011,-0.58177
9382.61,SYN.BTC-26JUL19,1563361187871,open,0.18,381.0,0.1515,0.2465,0.19903193,129.23,0.215,0.0,BTC-26JUL19-11000-P,9379.69,128.14,0.1985,7.5,0.2105,7.5,151.56,4.60518,-33.52818,-2.1752,0.00017,-0.75442
9403.48,BTC-27SEP19,1563361187873,open,0.45,224.0,0.3975,0.477,0.43703395,105.35,0.5225,0.0,BTC-27SEP19-5500-C,9379.69,98.4,0.4325,11.0,0.441,11.0,110.98,6.41491,-4.70112,8.87583,3e-05,0.91636
9394.17,SYN.BTC-30AUG19,1563361187889,open,0.25,14.6,0.217,0.318,0.26745613,113.09,0.2625,0.0,BTC-30AUG19-11000-P,9379.69,111.64,0.2655,14.4,0.277,3.0,120.11,12.71971,-16.39289,-9.58974,0.00011,-0.58177
9382.61,SYN.BTC-26JUL19,1563361187891,open,0.18,381.0,0.1515,0.2465,0.19903193,129.23,0.215,0.0,BTC-26JUL19-11000-P,9379.69,127.12,0.198,7.5,0.2105,7.5,151.56,4.60518,-33.52818,-2.1752,0.00017,-0.75442
9463.84,BTC-27DEC19,1563361187893,open,0.25,452.1,0.1985,0.278,0.2383392,98.74,0.238,0.0,BTC-27DEC19-10000-C,9379.69,96.87,0.2335,3.6,0.242,11.0,100.16,24.46751,-7.41668,15.15745,6e-05,0.59726
9382.61,SYN.BTC-26JUL19,1563361187910,open,0.22,273.8,0.1945,0.2935,0.24415879,129.97,0.222,0.0,BTC-26JUL19-11500-P,9379.69,124.64,0.242,7.5,0.2555,7.5,155.21,3.88327,-28.43324,-2.42018,0.00014,-0.81668
9463.85,BTC-27DEC19,1563361187912,open,0.21,426.5,0.1675,0.247,0.20729311,99.52,0.206,0.0,BTC-27DEC19-11000-C,9379.69,97.71,0.2025,11.0,0.2115,11.0,101.11,25.07909,-7.66207,14.14633,6e-05,0.54227
9463.85,BTC-27DEC19,1563361187920,open,0.51,58.3,0.471,0.593,0.53189724,100.67,0.537,0.0,BTC-27DEC19-13000-P,9379.69,98.05,0.525,6.0,0.539,3.6,103.35,24.98904,-7.72232,-45.86006,6e-05,-0.55404
9463.84,BTC-27DEC19,1563361187922,open,0.6,17.7,0.5535,0.6825,0.6181617,101.09,0.6235,0.0,BTC-27DEC19-14000-P,9379.69,98.31,0.611,6.0,0.626,3.6,104.1,24.49136,-7.60005,-51.26291,6e-05,-0.59571
9403.48,BTC-27SEP19,1563361187925,open,0.45,224.0,0.3975,0.477,0.43703395,105.35,0.5225,0.0,BTC-27SEP19-5500-C,9379.69,98.4,0.4325,11.0,0.4395,11.0,108.89,6.41491,-4.70112,8.87583,3e-05,0.91636
9382.61,SYN.BTC-26JUL19,1563361187934,open,0.18,381.0,0.1515,0.2465,0.19903193,129.23,0.215,0.0,BTC-26JUL19-11000-P,9379.69,127.12,0.198,7.5,0.2095,7.5,149.68,4.60518,-33.52818,-2.1752,0.00017,-0.75442
9463.85,BTC-27DEC19,1563361187954,open,4.41,1.0,4.2845,4.724,4.50428737,118.41,4.454,0.0,BTC-27DEC19-52000-P,9379.69,0.0,0.001,1.0,0.0,0.0,0.0,5.3745,-1.95368,-230.7892,1e-05,-0.96066
9382.61,SYN.BTC-26JUL19,1563361188053,open,0.11,60.3,0.062,0.1415,0.10197993,131.43,0.1,0.0,BTC-26JUL19-9000-C,9379.69,123.88,0.0975,29.5,0.105,11.5,136.51,5.57044,-41.24593,1.18192,0.0002,0.62005
9394.17,SYN.BTC-30AUG19,1563361188067,open,0.08,28.3,0.0325,0.112,0.07239824,114.13,0.082,0.0,BTC-30AUG19-12000-C,9379.69,111.44,0.069,19.3,0.0755,15.0,116.58,11.89256,-15.46835,2.98731,0.0001,0.33694
9380.3,SYN.BTC-19JUL19,1563361188078,open,0.07,372.8,0.0395,0.1255,0.08231689,139.3,0.093,0.0,BTC-19JUL19-10000-P,9379.69,135.88,0.0815,6.1,0.089,6.0,166.22,2.25257,-83.6761,-0.3879,0.00036,-0.72268
9403.48,BTC-27SEP19,1563361188092,open,0.21,218.1,0.1755,0.273,0.22414505,105.43,0.2285,0.0,BTC-27SEP19-10000-P,9379.69,103.92,0.2215,16.3,0.2295,4.8,108.47,16.56007,-12.1451,-12.6537,9e-05,-0.4592
9403.48,BTC-27SEP19,1563361188106,open,0.36,60.1,0.3245,0.4345,0.37935844,107.49,0.395,0.0,BTC-27SEP19-12000-P,9379.69,105.82,0.3765,2.7,0.39,6.0,113.7,16.03958,-11.99339,-18.27262,9e-05,-0.60746
199.48,SYN.ETH-30AUG19,1563361188106,open,0.03,494.0,0.001,0.066,0.026098,129.45,0.027,0.0,ETH-30AUG19-360-C,199.74,122.44,0.021,576.0,0.03,300.0,134.41,0.15214,-0.22444,0.02674,0.00246,0.13762
9382.61,SYN.BTC-26JUL19,1563361188122,open,0.05,733.2,0.019,0.1035,0.06118727,131.38,0.067,0.0,BTC-26JUL19-9000-P,9379.69,129.4,0.06,0.1,0.0665,41.5,140.35,5.57038,-41.2313,-1.00634,0.0002,-0.37993
9403.49,BTC-27SEP19,1563361188134,open,0.59,227.5,0.54,0.6195,0.57955268,109.6,0.7065,0.0,BTC-27SEP19-4000-C,9379.69,75.62,0.575,11.0,0.5815,11.0,117.0,2.24959,-1.71513,7.36503,1e-05,0.97729
9380.3,SYN.BTC-19JUL19,1563361188148,open,0.2,224.5,0.178,0.276,0.22701652,143.32,0.245,0.0,BTC-19JUL19-11500-P,9379.69,0.0,0.2225,6.0,0.2365,6.0,236.92,0.41488,-15.856,-0.57838,6e-05,-0.97332
9403.48,BTC-27SEP19,1563361188150,open,0.53,78.2,0.493,0.617,0.55495217,108.46,0.54,0.0,BTC-27SEP19-14000-P,9379.69,104.41,0.549,6.0,0.569,6.0,117.65,14.01847,-10.57653,-23.63008,7e-05,-0.72116
9403.48,BTC-27SEP19,1563361188152,open,0.36,60.1,0.3245,0.4345,0.37935844,107.49,0.395,0.0,BTC-27SEP19-12000-P,9379.69,105.82,0.3765,2.7,0.389,6.0,113.12,16.03958,-11.99339,-18.27262,9e-05,-0.60746
9394.17,SYN.BTC-30AUG19,1563361188146,open,0.18,5.1,0.147,0.242,0.19468767,113.08,0.1915,0.0,BTC-30AUG19-10000-P,9379.69,110.78,0.1915,14.4,0.2015,3.0,118.02,12.98492,-16.73267,-7.67954,0.00011,-0.4854
9403.48,BTC-27SEP19,1563361188211,open,0.15,179.3,0.113,0.2055,0.1593516,104.85,0.151,0.0,BTC-27SEP19-9000-P,9379.69,103.45,0.157,19.3,0.164,4.6,107.63,15.78109,-11.51047,-9.83656,9e-05,-0.37187
9382.61,SYN.BTC-26JUL19,1563361188277,open,0.0,595.5,0.0005,0.0415,0.00162534,140.97,0.0015,0.0,BTC-26JUL19-15000-C,9379.69,131.87,0.001,0.5,0.002,2.6,145.33,0.75185,-5.97121,0.04524,2e-05,0.02146
9380.3,SYN.BTC-19JUL19,1563361188306,open,0.0,282.0,0.0005,0.041,0.00104281,144.1,0.001,0.0,BTC-19JUL19-11500-C,9379.69,129.18,0.0005,19.6,0.0015,0.4,153.1,0.42383,-9.78886,0.01269,7e-05,0.02737
9380.3,SYN.BTC-19JUL19,1563361188311,open,0.08,24.0,0.024,0.1035,0.06377183,144.0,0.056,0.0,BTC-19JUL19-9000-C,9379.69,135.09,0.0615,0.8,0.067,18.0,156.36,2.42102,-92.96839,0.29432,0.00037,0.67458
201.17,ETH-27DEC19,1563361188322,open,0.14,129.0,0.098,0.177,0.137743,107.93,0.144,0.0,ETH-27DEC19-320-C,199.74,104.1,0.128,356.0,0.146,246.0,111.14,0.51502,-0.17064,0.22507,0.00264,0.38846
9380.3,SYN.BTC-19JUL19,1563361188323,open,0.04,547.1,0.005,0.0885,0.04679896,139.34,0.053,0.0,BTC-19JUL19-9500-P,9379.69,145.36,0.0485,1.7,0.053,18.0,161.13,2.67419,-99.36504,-0.27827,0.00042,-0.5307
9380.3,SYN.BTC-19JUL19,1563361188365,open,0.02,266.8,0.0005,0.064,0.02322951,143.9,0.027,0.0,BTC-19JUL19-9000-P,9379.69,143.04,0.023,1.8,0.027,25.1,158.44,2.42074,-92.88884,-0.16795,0.00037,-0.32532
9463.85,BTC-27DEC19,1563361188369,open,0.16,237.6,0.1205,0.2135,0.16698818,98.06,0.1565,0.0,BTC-27DEC19-8000-P,9379.69,95.62,0.1615,14.9,0.171,6.0,99.85,21.26602,-6.4017,-18.8596,5e-05,-0.27959
9463.85,BTC-27DEC19,1563361188378,open,0.22,301.2,0.178,0.2755,0.22663837,98.06,0.2165,0.0,BTC-27DEC19-9000-P,9379.69,95.97,0.2215,4.9,0.2325,6.0,100.45,23.24202,-6.99655,-24.05715,6e-05,-0.34302
9394.17,SYN.BTC-30AUG19,1563361188380,open,0.02,0.0,0.0005,0.062,0.02163306,116.84,None,0.0,BTC-30AUG19-6000-P,9379.69,111.35,0.0185,38.2,0.0255,14.3,123.24,5.51453,-7.34287,-1.31955,4e-05,-0.09522
9394.17,SYN.BTC-30AUG19,1563361188382,open,0.02,0.0,0.0005,0.062,0.02163306,116.84,None,0.0,BTC-30AUG19-6000-P,9379.69,111.35,0.0185,38.2,0.025,3.6,122.43,5.51453,-7.34287,-1.31955,4e-05,-0.09522
9403.48,BTC-27SEP19,1563361188381,open,0.53,78.2,0.493,0.617,0.55495217,108.46,0.54,0.0,BTC-27SEP19-14000-P,9379.69,104.41,0.549,6.0,0.568,6.0,117.0,14.01847,-10.57653,-23.63008,7e-05,-0.72116
9380.3,SYN.BTC-19JUL19,1563361188397,open,0.0,3.0,0.0005,0.0425,0.00261378,144.98,0.0025,0.0,BTC-19JUL19-8000-P,9379.69,155.06,0.0035,1.4,0.0055,46.0,173.95,0.76527,-24.50212,-0.02854,0.00012,-0.05662
199.48,SYN.ETH-30AUG19,1563361188402,open,0.44,0.0,0.407,0.523,0.464719,123.55,None,0.0,ETH-30AUG19-280-P,199.74,0.0,0.0,0.0,0.0,0.0,0.0,0.23356,-0.32886,-0.28364,0.00395,-0.71814
9463.85,BTC-27DEC19,1563361188399,open,0.16,237.6,0.1205,0.2135,0.16698818,98.06,0.1565,0.0,BTC-27DEC19-8000-P,9379.69,95.62,0.1615,14.9,0.17,6.0,99.4,21.26602,-6.4017,-18.8596,5e-05,-0.27959
9463.85,BTC-27DEC19,1563361188415,open,0.22,301.2,0.178,0.2755,0.22663837,98.06,0.2165,0.0,BTC-27DEC19-9000-P,9379.69,95.97,0.2215,4.9,0.2315,6.0,100.04,23.24202,-6.99655,-24.05715,6e-05,-0.34302
9394.17,SYN.BTC-30AUG19,1563361188419,open,0.18,5.1,0.147,0.242,0.19468767,113.08,0.1915,0.0,BTC-30AUG19-10000-P,9379.69,110.78,0.1915,14.4,0.2015,7.1,118.02,12.98492,-16.73267,-7.67954,0.00011,-0.4854
9394.17,SYN.BTC-30AUG19,1563361188430,open,0.24,0.0,0.1905,0.27,0.23019284,113.42,None,0.0,BTC-30AUG19-8000-C,9379.69,104.95,0.2205,4.0,0.231,4.0,114.11,10.81961,-13.98484,5.61513,9e-05,0.72746
9394.17,SYN.BTC-30AUG19,1563361188436,open,0.24,0.0,0.1905,0.27,0.23019284,113.42,None,0.0,BTC-30AUG19-8000-C,9379.69,104.95,0.2205,4.0,0.2315,4.3,114.54,10.81961,-13.98484,5.61513,9e-05,0.72746
9463.89,BTC-27DEC19,1563361188457,open,0.0,88.9,0.0005,0.042,0.00231187,112.55,0.003,0.0,BTC-27DEC19-2000-P,9379.69,105.67,0.0015,10.0,0.0035,16.0,120.26,1.27475,-0.44043,-0.40492,0.0,-0.00728
9463.85,BTC-27DEC19,1563361188458,open,0.14,217.3,0.099,0.1785,0.13887535,101.1,0.141,0.0,BTC-27DEC19-14000-C,9379.69,99.79,0.1355,11.0,0.143,0.2,102.69,24.49195,-7.601,11.21012,6e-05,0.40432
9403.56,BTC-27SEP19,1563361188468,open,0.0,437.8,0.0005,0.044,0.00411408,117.46,0.004,0.0,BTC-27SEP19-30000-C,9381.08,112.66,0.003,69.0,0.005,1.0,120.69,2.41475,-1.97317,0.3813,1e-05,0.02471
9403.56,BTC-27SEP19,1563361188469,open,0.0,122.0,0.0005,0.0435,0.00378231,111.62,0.0015,0.0,BTC-27SEP19-3750-P,9381.08,107.3,0.003,19.6,0.0045,24.0,115.14,1.82108,-1.41403,-0.39782,1e-05,-0.0177
9463.89,BTC-27DEC19,1563361188469,open,0.09,221.5,0.0495,0.1365,0.09289802,98.06,0.094,0.0,BTC-27DEC19-6500-P,9381.08,95.86,0.089,10.0,0.095,10.9,99.24,16.80598,-5.05907,-11.68451,4e-05,-0.18378
9403.56,BTC-27SEP19,1563361188469,open,0.03,310.3,0.0005,0.07,0.03010029,111.87,0.0305,0.0,BTC-27SEP19-18000-C,9381.08,109.76,0.028,5.0,0.032,11.0,113.73,9.49525,-7.38954,2.12107,5e-05,0.14465
9463.89,BTC-27DEC19,1563361188469,open,2.35,0.3,2.272,2.544,2.40816782,110.75,2.435,0.0,BTC-27DEC19-32000-P,9381.08,0.0,0.0,0.0,0.0,0.0,0.0,11.16248,-3.79504,-139.67191,3e-05,-0.89916
9403.56,BTC-27SEP19,1563361188469,open,0.84,42.8,0.801,0.8805,0.84064111,144.88,0.815,0.0,BTC-27SEP19-1500-C,9381.08,0.0,0.01,1.0,0.0,0.0,0.0,0.10719,-0.10804,2.9371,0.0,0.99925
9382.63,SYN.BTC-26JUL19,1563361188469,open,0.08,103.8,0.035,0.1145,0.07468799,129.28,0.087,0.0,BTC-26JUL19-9500-C,9381.08,124.96,0.072,29.5,0.0765,0.3,132.2,5.8323,-42.4792,1.00591,0.00021,0.51561
9380.31,SYN.BTC-19JUL19,1563361188468,open,0.0,198.9,0.0005,0.04,7.19e-06,145.0,0.001,0.0,BTC-19JUL19-13500-C,9381.08,0.0,0.0,0.0,0.0035,10.0,282.94,0.00695,-0.06743,0.00013,0.0,0.00028
9465.28,BTC-27DEC19,1563361188470,open,0.02,227.9,0.0005,0.059,0.01868529,98.91,0.0135,0.0,BTC-27DEC19-4000-P,9381.08,97.19,0.0175,16.0,0.0205,6.0,101.44,6.63809,-2.01552,-2.94873,2e-05,-0.05113
9403.56,BTC-27SEP19,1563361188470,open,0.0,433.4,0.0005,0.043,0.00291475,114.15,0.002,0.0,BTC-27SEP19-3500-P,9381.08,111.37,0.0025,3.9,0.0035,24.0,117.7,1.46621,-1.16433,-0.30859,1e-05,-0.01375
9465.28,BTC-27DEC19,1563361188470,open,0.85,0.0,0.803,0.8825,0.8427623,121.87,None,0.0,BTC-27DEC19-1500-C,9381.08,0.0,0.021,10.0,0.984,0.5,500.0,0.71433,-0.26724,6.48105,0.0,0.99621
9465.28,BTC-27DEC19,1563361188470,open,3.17,0.0,3.074,3.413,3.24371337,115.23,None,0.0,BTC-27DEC19-40000-P,9381.08,0.0,0.0005,3.0,0.0,0.0,0.0,8.34281,-2.95109,-176.3521,2e-05,-0.93157
9465.28,BTC-27DEC19,1563361188470,open,3.58,0.0,3.477,3.8495,3.66307685,116.68,None,0.0,BTC-27DEC19-44000-P,9381.08,0.0,0.0,0.0,0.0,0.0,0.0,7.21981,-2.58595,-194.55402,2e-05,-0.94315
9403.56,BTC-27SEP19,1563361188471,open,0.0,442.4,0.0005,0.043,0.00340135,119.57,0.0025,0.0,BTC-27SEP19-32000-C,9381.08,111.99,0.002,39.0,0.005,29.9,125.92,2.06648,-1.71888,0.31734,1e-05,0.02054
9465.28,BTC-27DEC19,1563361188471,open,0.05,88.4,0.0135,0.097,0.05527276,98.08,0.0495,0.0,BTC-27DEC19-5500-P,9381.08,96.04,0.0525,10.0,0.057,6.0,99.34,12.92841,-3.89257,-7.56356,3e-05,-0.1238
9465.28,BTC-27DEC19,1563361188471,open,0.74,0.0,0.7,0.7795,0.73980232,105.5,None,0.0,BTC-27DEC19-2500-C,9381.08,0.0,0.0155,3.0,0.978,0.5,500.0,2.04564,-0.66252,10.46215,0.0,0.9875
9403.56,BTC-27SEP19,1563361188471,open,0.0,421.0,0.0005,0.045,0.00492669,109.61,0.0045,0.0,BTC-27SEP19-4000-P,9381.08,105.51,0.004,19.5,0.006,24.0,113.85,2.25048,-1.71605,-0.51195,1e-05,-0.02272
9465.28,BTC-27DEC19,1563361188472,open,1.15,1.6,1.098,1.2725,1.18512035,105.16,1.0905,0.0,BTC-27DEC19-20000-P,9381.08,0.0,0.005,5.0,1.466,1.0,215.9,19.55353,-6.31254,-82.25293,5e-05,-0.76228
9465.28,BTC-27DEC19,1563361188472,open,1.54,0.0,1.482,1.6885,1.58522704,107.14,None,0.0,BTC-27DEC19-24000-P,9381.08,0.0,0.0065,1.0,2.389,0.2,500.0,16.1837,-5.32293,-101.88315,4e-05,-0.82694
9465.28,BTC-27DEC19,1563361188472,open,3.99,0.0,3.88,4.2865,4.08330871,118.13,None,0.0,BTC-27DEC19-48000-P,9381.08,0.0,0.0,0.0,0.0,0.0,0.0,6.32849,-2.29488,-212.67063,1e-05,-0.95184
9403.56,BTC-27SEP19,1563361188472,open,2.35,0.0,2.2705,2.5425,2.40639323,119.69,None,0.0,BTC-27SEP19-32000-P,9381.08,0.0,0.0,0.0,0.0,0.0,0.0,2.07694,-1.72925,-62.69455,1e-05,-0.97934
9465.28,BTC-27DEC19,1563361188473,open,2.76,1.3,2.6725,2.978,2.82505448,113.2,2.792,0.0,BTC-27DEC19-36000-P,9381.08,0.0,0.0005,1.0,0.0,0.0,0.0,9.61984,-3.34296,-158.07543,2e-05,-0.91751
9382.63,SYN.BTC-26JUL19,1563361188473,open,0.0,560.8,0.0005,0.04,0.00017978,145.0,0.0005,0.0,BTC-26JUL19-18000-C,9381.08,0.0,0.0,0.0,0.0005,3.5,160.53,0.12644,-1.03291,0.00601,0.0,0.00282
9380.31,SYN.BTC-19JUL19,1563361188468,open,0.11,415.7,0.0815,0.171,0.12642545,140.72,0.137,0.0,BTC-19JUL19-10500-P,9381.08,134.84,0.1255,6.0,0.1325,6.0,174.0,1.51703,-56.92849,-0.47395,0.00024,-0.85714
9382.63,SYN.BTC-26JUL19,1563361188471,open,0.37,28.7,0.3365,0.4475,0.39192456,134.65,0.284,0.0,BTC-26JUL19-13000-P,9381.08,0.0,0.385,7.5,0.423,7.5,221.88,2.04568,-15.51863,-3.00716,7e-05,-0.9262
9380.31,SYN.BTC-19JUL19,1563361188468,open,0.0,239.0,0.0005,0.04,0.0001033,145.0,0.0005,0.0,BTC-19JUL19-12500-C,9381.08,0.0,0.0,0.0,0.0005,0.1,173.0,0.06805,-0.96898,0.00157,1e-05,0.00336
9382.63,SYN.BTC-26JUL19,1563361188471,open,0.0,57.0,0.0005,0.041,0.00107973,140.97,0.0005,0.0,BTC-26JUL19-15500-C,9381.08,128.33,0.0005,14.4,0.0015,4.1,147.36,0.54967,-4.36532,0.03144,2e-05,0.01486
9380.31,SYN.BTC-19JUL19,1563361188468,open,0.0,0.6,0.0005,0.0405,0.00051867,145.0,0.0025,0.0,BTC-19JUL19-7500-P,9381.08,160.23,0.001,23.2,0.0025,0.5,189.2,0.23612,-4.86531,-0.00687,4e-05,-0.01374
9382.63,SYN.BTC-26JUL19,1563361188475,open,0.0,389.3,0.0005,0.042,0.00211513,137.89,0.002,0.0,BTC-26JUL19-14500-C,9381.08,130.98,0.0015,11.0,0.003,3.3,145.86,0.92937,-7.21962,0.05819,3e-05,0.02762
199.69,SYN.ETH-26JUL19,1563361188485,open,0.1,150.0,0.07,0.158,0.114224,134.96,0.121,0.0,ETH-26JUL19-210-P,199.74,137.84,0.116,123.0,0.125,272.0,152.39,0.12311,-0.93606,-0.03241,0.00941,-0.55331
9394.22,SYN.BTC-30AUG19,1563361188490,open,0.18,0.4,0.133,0.2125,0.1727851,112.14,0.1895,0.0,BTC-30AUG19-9000-C,9381.08,107.76,0.167,14.4,0.1755,4.0,114.19,12.40446,-15.85188,5.04658,0.0001,0.61969
9465.28,BTC-27DEC19,1563361188508,open,1.74,0.0,1.6775,1.9,1.78893156,108.15,None,0.0,BTC-27DEC19-26000-P,9381.08,0.0,0.005,10.0,2.5945,0.2,500.0,14.72677,-4.88931,-111.47108,3e-05,-0.85024
9465.28,BTC-27DEC19,1563361188514,open,1.35,3.9,1.2885,1.4785,1.38345406,106.02,0.752,0.0,BTC-27DEC19-22000-P,9381.08,0.0,0.0065,2.0,2.183,0.3,500.0,17.77318,-5.7844,-92.16601,4e-05,-0.79865
9380.31,SYN.BTC-19JUL19,1563361188532,open,0.04,43.3,0.0005,0.074,0.03403807,139.4,0.032,0.0,BTC-19JUL19-9500-C,9381.08,137.51,0.0335,1.9,0.038,10.0,153.29,2.67421,-99.40696,0.20975,0.00042,0.46933
199.73,SYN.ETH-19JUL19,1563361188545,open,0.22,0.0,0.16,0.239,0.199276,136.96,None,0.0,ETH-19JUL19-160-C,199.74,0.0,0.0,0.0,0.0,0.0,0.0,0.00398,-0.14522,0.00811,0.00142,0.98951
9465.28,BTC-27DEC19,1563361188564,open,0.04,90.6,0.0005,0.0755,0.03554252,108.79,0.0355,0.0,BTC-27DEC19-28000-C,9381.08,107.69,0.034,6.0,0.0385,21.0,110.85,13.3366,-4.45415,3.96644,3e-05,0.12945
199.48,SYN.ETH-30AUG19,1563361188583,open,0.05,189.0,0.009,0.088,0.048697,124.98,0.046,0.0,ETH-30AUG19-300-C,199.74,120.5,0.044,254.0,0.053,276.0,128.98,0.21215,-0.30216,0.04449,0.00355,0.23422
9463.89,BTC-27DEC19,1563361188650,open,0.36,93.7,0.308,0.3875,0.34761323,98.06,0.346,0.0,BTC-27DEC19-7500-C,9381.08,94.45,0.34,11.0,0.349,11.0,98.71,19.97962,-6.01431,17.10151,5e-05,0.75256
9380.31,SYN.BTC-19JUL19,1563361188671,open,0.2,224.5,0.178,0.276,0.22701652,144.12,0.245,0.0,BTC-19JUL19-11500-P,9381.08,0.0,0.222,6.0,0.2365,6.0,236.93,0.42404,-16.29668,-0.57806,7e-05,-0.97262
9465.28,BTC-27DEC19,1563361188673,open,0.29,181.6,0.236,0.3155,0.27565119,98.04,0.287,0.0,BTC-27DEC19-9000-C,9381.08,96.14,0.271,3.6,0.2795,11.0,99.6,23.24397,-6.99535,16.10899,6e-05,0.65704
9403.56,BTC-27SEP19,1563361188681,open,0.4,714.8,0.355,0.4345,0.39468902,105.15,0.434,0.0,BTC-27SEP19-6000-C,9381.08,98.99,0.3895,11.0,0.398,11.0,108.92,8.13958,-5.95409,9.06444,4e-05,0.8842
9403.56,BTC-27SEP19,1563361188742,open,0.15,179.3,0.113,0.2055,0.1593516,104.86,0.151,0.0,BTC-27SEP19-9000-P,9381.08,103.76,0.1575,0.3,0.164,4.6,107.63,15.78107,-11.51151,-9.83665,9e-05,-0.37186
199.73,SYN.ETH-19JUL19,1563361188752,open,0.0,899.0,0.001,0.04,0.000108,135.02,0.001,0.0,ETH-19JUL19-260-C,199.74,0.0,0.0,0.0,0.001,104.0,177.24,0.00159,-0.02151,4e-05,0.00057,0.00372
199.48,SYN.ETH-30AUG19,1563361188793,open,0.52,0.0,0.491,0.614,0.552597,125.0,None,0.0,ETH-30AUG19-300-P,199.74,0.0,0.0,0.0,0.0,0.0,0.0,0.21217,-0.30223,-0.31612,0.00355,-0.76574
9403.56,BTC-27SEP19,1563361188870,open,0.0,442.4,0.0005,0.043,0.00340135,119.57,0.0025,0.0,BTC-27SEP19-32000-C,9381.08,111.99,0.002,39.0,0.005,29.8,125.92,2.06648,-1.71888,0.31734,1e-05,0.02054
9465.28,BTC-27DEC19,1563361188916,open,0.33,205.5,0.282,0.3615,0.32166624,98.03,0.32,0.0,BTC-27DEC19-8000-C,9381.08,94.84,0.3145,11.0,0.324,11.0,99.07,21.26662,-6.40004,16.84469,5e-05,0.72048
9465.28,BTC-27DEC19,1563361188920,open,0.02,186.2,0.0005,0.061,0.02110577,112.63,0.031,0.0,BTC-27DEC19-36000-C,9381.08,110.99,0.0195,6.0,0.0235,11.0,114.95,9.47559,-3.27626,2.52355,2e-05,0.08085
9404.95,BTC-27SEP19,1563361188931,open,0.01,318.1,0.0005,0.0485,0.00844682,107.25,0.007,0.0,BTC-27SEP19-4500-P,9381.08,104.53,0.0075,15.0,0.0095,5.0,110.1,3.37373,-2.51714,-0.84135,2e-05,-0.03698
9403.56,BTC-27SEP19,1563361188935,open,0.26,901.1,0.2155,0.295,0.25500336,104.97,0.25,0.0,BTC-27SEP19-8000-C,9381.08,99.61,0.247,11.0,0.257,11.0,106.31,14.07068,-10.27501,8.59229,8e-05,0.71902
9463.89,BTC-27DEC19,1563361188953,open,0.36,93.7,0.308,0.3875,0.34761323,98.06,0.346,0.0,BTC-27DEC19-7500-C,9381.08,94.45,0.34,11.0,0.3495,11.0,98.95,19.97962,-6.01431,17.10151,5e-05,0.75256
9403.56,BTC-27SEP19,1563361188995,open,0.07,163.5,0.0265,0.106,0.06614164,108.45,0.069,0.0,BTC-27SEP19-14000-C,9381.08,106.67,0.0635,19.3,0.0695,11.0,110.69,14.01813,-10.57553,3.93827,7e-05,0.27882
9380.31,SYN.BTC-19JUL19,1563361189012,open,0.07,372.8,0.0395,0.1255,0.08234032,139.4,0.093,0.0,BTC-19JUL19-10000-P,9381.08,137.98,0.082,6.0,0.089,6.0,166.23,2.25326,-83.76293,-0.38783,0.00036,-0.72251
9465.28,BTC-27DEC19,1563361189002,open,0.02,186.2,0.0005,0.061,0.02110577,112.63,0.031,0.0,BTC-27DEC19-36000-C,9381.08,110.99,0.0195,6.0,0.0225,11.0,114.0,9.47559,-3.27626,2.52355,2e-05,0.08085
9403.56,BTC-27SEP19,1563361189026,open,0.21,379.0,0.1625,0.242,0.20225958,104.85,0.2015,0.0,BTC-27SEP19-9000-C,9381.08,102.32,0.198,14.4,0.206,11.0,107.08,15.7811,-11.51102,7.88606,9e-05,0.62814
9403.56,BTC-27SEP19,1563361189013,open,0.03,553.4,0.0005,0.074,0.03275067,105.16,0.0305,0.0,BTC-27SEP19-6000-P,9381.08,103.12,0.031,20.6,0.035,24.0,107.73,8.14001,-5.95475,-2.75089,4e-05,-0.11581
201.17,ETH-27DEC19,1563361189082,open,2.16,0.0,2.093,2.349,2.221068,116.51,None,0.0,ETH-27DEC19-640-P,199.74,0.0,0.0,0.0,0.0,0.0,0.0,0.29344,-0.10495,-2.76931,0.00139,-0.86387
9465.28,BTC-27DEC19,1563361189179,open,0.45,122.9,0.399,0.4785,0.43890366,98.02,0.439,0.0,BTC-27DEC19-6000-C,9381.08,93.97,0.4325,11.0,0.4415,11.0,99.7,14.9384,-4.4951,17.23892,4e-05,0.84699
9403.56,BTC-27SEP19,1563361189194,open,0.21,379.0,0.1625,0.242,0.20226307,104.85,0.2015,0.0,BTC-27SEP19-9000-C,9381.08,102.32,0.198,14.4,0.2045,11.0,106.19,15.7811,-11.51102,7.88606,9e-05,0.62814
199.48,SYN.ETH-30AUG19,1563361189220,open,0.61,0.0,0.578,0.708,0.642904,126.02,None,0.0,ETH-30AUG19-320-P,199.74,0.0,0.0,0.0,0.0,0.0,0.0,0.1901,-0.273,-0.34743,0.00315,-0.80599
9405.01,BTC-27SEP19,1563361189276,open,2.35,0.0,2.2705,2.5425,2.40636806,121.83,None,0.0,BTC-27SEP19-32000-P,9381.08,0.0,0.0,0.0,0.0,0.0,0.0,2.2777,-1.9304,-62.65966,1e-05,-0.97696
199.69,SYN.ETH-26JUL19,1563361189285,open,0.04,0.0,0.001,0.073,0.033781,135.02,None,0.0,ETH-26JUL19-230-C,199.74,137.31,0.035,120.0,0.041,243.0,148.37,0.10584,-0.80507,0.01223,0.00808,0.2857
199.69,SYN.ETH-26JUL19,1563361189297,open,0.12,0.0,0.069,0.148,0.108311,134.99,None,0.0,ETH-26JUL19-190-C,199.74,132.76,0.107,150.0,0.118,150.0,151.47,0.11719,-0.89123,0.02551,0.00895,0.63364
201.17,ETH-27DEC19,1563361189319,open,0.1,488.0,0.053,0.132,0.092665,109.63,0.091,0.0,ETH-27DEC19-400-C,199.74,105.75,0.084,381.0,0.1,311.0,112.84,0.45512,-0.15317,0.17136,0.0023,0.28355
199.73,SYN.ETH-19JUL19,1563361189345,open,0.0,152.0,0.001,0.041,0.001773,135.0,0.008,0.0,ETH-19JUL19-170-P,199.74,179.82,0.006,73.0,0.009,610.0,202.61,0.01315,-0.35408,-0.00046,0.00475,-0.04326
9403.56,BTC-27SEP19,1563361189346,open,0.0,442.4,0.0005,0.043,0.00340152,119.57,0.0025,0.0,BTC-27SEP19-32000-C,9381.08,111.99,0.002,39.0,0.005,29.9,125.92,2.06648,-1.71888,0.31734,1e-05,0.02054
9403.56,BTC-27SEP19,1563361189382,open,0.1,463.4,0.062,0.1495,0.1057491,104.98,0.103,0.0,BTC-27SEP19-8000-P,9381.08,103.14,0.103,19.3,0.1095,10.6,107.48,14.07073,-10.27552,-7.16131,8e-05,-0.28098
9403.56,BTC-27SEP19,1563361189396,open,0.21,218.1,0.1755,0.273,0.22413937,105.43,0.2285,0.0,BTC-27SEP19-10000-P,9381.08,103.92,0.2215,16.3,0.229,4.5,108.18,16.56018,-12.14523,-12.65357,9e-05,-0.45919
199.73,SYN.ETH-19JUL19,1563361189429,open,0.03,502.0,0.001,0.059,0.019059,135.0,0.033,0.0,ETH-19JUL19-210-C,199.74,150.18,0.023,99.0,0.027,214.0,165.26,0.05114,-1.84102,0.00308,0.01849,0.31922
9465.23,BTC-27DEC19,1563361189437,open,3.99,0.0,3.8795,4.2855,4.08254768,116.92,None,0.0,BTC-27DEC19-48000-P,9381.08,0.0,0.0,0.0,0.0,0.0,0.0,6.06688,-2.17761,-212.74165,1e-05,-0.95431
9403.56,BTC-27SEP19,1563361189439,open,0.53,78.2,0.493,0.617,0.5549414,108.46,0.54,0.0,BTC-27SEP19-14000-P,9381.08,104.07,0.5485,6.0,0.568,6.0,117.01,14.01881,-10.57688,-23.62994,7e-05,-0.72115
9403.56,BTC-27SEP19,1563361189456,open,0.59,227.5,0.54,0.6195,0.57955566,109.6,0.7065,0.0,BTC-27SEP19-4000-C,9381.08,0.0,0.5745,11.0,0.5815,11.0,116.99,2.24965,-1.71521,7.36501,1e-05,0.97729
9465.23,BTC-27DEC19,1563361189468,open,0.11,238.8,0.071,0.1595,0.1153602,98.08,0.1195,0.0,BTC-27DEC19-7000-P,9381.15,95.59,0.1105,14.9,0.1175,6.0,99.18,18.49073,-5.56754,-13.96698,5e-05,-0.21532
9381.7,SYN.BTC-19JUL19,1563361189468,open,0.0,146.9,0.0005,0.04,2.822e-05,144.94,0.0005,0.0,BTC-19JUL19-13000-C,9381.15,0.0,0.0,0.0,0.001,2.0,211.59,0.0228,-0.26479,0.00047,0.0,0.00101
9465.23,BTC-27DEC19,1563361189469,open,2.35,0.3,2.2715,2.5435,2.40766483,110.72,2.435,0.0,BTC-27DEC19-32000-P,9381.15,0.0,0.0,0.0,0.0,0.0,0.0,11.15913,-3.79289,-139.67302,3e-05,-0.89923
9465.23,BTC-27DEC19,1563361189469,open,3.17,0.0,3.0735,3.4125,3.24307799,114.47,None,0.0,BTC-27DEC19-40000-P,9381.15,0.0,0.0005,3.0,0.0,0.0,0.0,8.15944,-2.86734,-176.40625,2e-05,-0.93351
9465.23,BTC-27DEC19,1563361189470,open,0.01,78.3,0.0005,0.051,0.01138232,116.96,0.0145,0.0,BTC-27DEC19-48000-C,9381.15,114.72,0.01,6.0,0.013,11.0,119.38,6.0759,-2.18163,1.45257,1e-05,0.04577
9465.23,BTC-27DEC19,1563361189469,open,4.41,1.0,4.2845,4.724,4.50422968,119.68,4.454,0.0,BTC-27DEC19-52000-P,9381.15,0.0,0.001,1.0,0.0,0.0,0.0,5.63738,-2.07123,-230.72006,1e-05,-0.95829
9465.23,BTC-27DEC19,1563361189470,open,0.16,164.1,0.1185,0.198,0.15829155,100.67,0.1555,0.0,BTC-27DEC19-13000-C,9381.15,99.04,0.154,11.0,0.163,21.0,102.45,24.99342,-7.72369,12.15384,6e-05,0.44605
9405.01,BTC-27SEP19,1563361189470,open,0.0,49.2,0.0005,0.042,0.00213431,116.26,0.0025,0.0,BTC-27SEP19-3250-P,9381.15,110.4,0.0015,19.6,0.003,25.0,122.68,1.1351,-0.91802,-0.22908,1e-05,-0.01024
9465.23,BTC-27DEC19,1563361189470,open,3.58,0.0,3.476,3.8485,3.66238068,115.72,None,0.0,BTC-27DEC19-44000-P,9381.15,0.0,0.0,0.0,0.0,0.0,0.0,6.99853,-2.48609,-194.61645,2e-05,-0.94535
9405.01,BTC-27SEP19,1563361189471,open,1.52,0.2,1.4605,1.665,1.56297084,116.49,1.6,0.0,BTC-27SEP19-24000-P,9381.15,0.0,0.0,0.0,0.0,0.0,0.0,4.9787,-4.03445,-46.35335,2e-05,-0.93989
9465.3,BTC-27DEC19,1563361189471,open,1.94,0.1,1.874,2.113,1.99373669,108.81,2.02,0.0,BTC-27DEC19-28000-P,9381.15,0.0,0.001,1.0,2.5,0.1,319.63,13.34039,-4.45601,-120.9774,3e-05,-0.8705
9465.3,BTC-27DEC19,1563361189472,open,0.65,4.0,0.6025,0.682,0.6420447,100.2,0.64,0.0,BTC-27DEC19-3500-C,9381.15,0.0,0.0075,0.2,0.78,1.0,256.48,4.80518,-1.478,13.67036,1e-05,0.9657
9384.03,SYN.BTC-26JUL19,1563361189468,open,1.19,0.0,1.149,1.3275,1.23819397,185.78,None,0.0,BTC-26JUL19-21000-P,9381.15,0.0,0.0,0.0,0.0,0.0,0.0,0.18101,-1.8945,-5.09738,0.0,-0.9958
9405.08,BTC-27SEP19,1563361189472,open,1.73,0.0,1.6625,1.8835,1.77301917,118.36,None,0.0,BTC-27SEP19-26000-P,9381.15,0.0,0.0,0.0,0.0,0.0,0.0,4.10583,-3.38075,-50.48419,2e-05,-0.95287
9465.3,BTC-27DEC19,1563361189472,open,0.0,148.7,0.0005,0.041,0.00125955,122.17,0.0005,0.0,BTC-27DEC19-1500-P,9381.15,0.0,0.0,0.0,0.0025,16.0,134.94,0.72327,-0.27127,-0.21567,0.0,-0.00385
9405.08,BTC-27SEP19,1563361189473,open,1.93,0.0,1.8645,2.1025,1.98336468,118.87,None,0.0,BTC-27SEP19-28000-P,9381.15,0.0,0.0,0.0,0.0,0.0,0.0,3.2687,-2.70297,-54.59378,2e-05,-0.96442
9465.3,BTC-27DEC19,1563361189473,open,0.96,12.4,0.91,1.069,0.98945694,103.68,0.559,0.0,BTC-27DEC19-18000-P,9381.15,0.0,0.005,5.0,1.773,0.2,500.0,21.29761,-6.77842,-72.18754,5e-05,-0.71964
9465.3,BTC-27DEC19,1563361189473,open,0.79,0.0,0.7515,0.831,0.79101191,112.54,None,0.0,BTC-27DEC19-2000-C,9381.15,0.0,0.0155,3.0,0.981,0.5,500.0,1.27417,-0.44022,8.51997,0.0,0.99273
9381.7,SYN.BTC-19JUL19,1563361189471,open,0.0,297.0,0.0005,0.04,1.72e-06,144.95,0.0005,0.0,BTC-19JUL19-14000-C,9381.15,0.0,0.0,0.0,0.0015,21.0,265.94,0.00195,-0.01614,3e-05,0.0,7e-05
9405.08,BTC-27SEP19,1563361189474,open,0.61,0.0,0.5655,0.645,0.60505274,111.59,None,0.0,BTC-27SEP19-3750-C,9381.15,0.0,0.005,10.0,0.7085,10.0,299.07,1.81858,-1.41173,6.98729,1e-05,0.98233
9405.08,BTC-27SEP19,1563361189474,open,0.69,225.7,0.643,0.7225,0.68286582,121.78,0.693,0.0,BTC-27SEP19-3000-C,9381.15,0.0,0.005,20.0,0.902,5.0,500.0,0.96963,-0.82142,5.7151,0.0,0.99145
9384.03,SYN.BTC-26JUL19,1563361189472,open,0.0,162.8,0.0005,0.04,7.935e-05,144.97,0.001,0.0,BTC-26JUL19-19000-C,9381.15,0.0,0.0,0.0,0.0005,4.6,171.88,0.0634,-0.51785,0.00282,0.0,0.00132
9384.03,SYN.BTC-26JUL19,1563361189472,open,0.0,126.8,0.0005,0.0405,0.00052459,145.04,0.001,0.0,BTC-26JUL19-5500-P,9381.15,0.0,0.0,0.0,0.002,40.0,175.43,0.27268,-2.22808,-0.01638,1e-05,-0.00665
9465.3,BTC-27DEC19,1563361189478,open,2.76,1.3,2.672,2.977,2.82448878,112.65,2.792,0.0,BTC-27DEC19-36000-P,9381.15,0.0,0.0005,1.0,0.0,0.0,0.0,9.47992,-3.27825,-158.11894,2e-05,-0.9191
9384.03,SYN.BTC-26JUL19,1563361189475,open,0.01,630.9,0.0005,0.046,0.00638284,134.59,0.0065,0.0,BTC-26JUL19-13000-C,9381.15,130.39,0.0055,40.0,0.008,0.1,141.58,2.04599,-15.5143,0.15383,7e-05,0.0738
9384.03,SYN.BTC-26JUL19,1563361189472,open,1.09,0.0,1.0465,1.2165,1.13163361,176.18,None,0.0,BTC-26JUL19-20000-P,9381.15,0.0,0.0,0.0,0.0,0.0,0.0,0.1901,-1.88693,-4.8537,1e-05,-0.99557
9405.01,BTC-27SEP19,1563361189485,open,0.0,383.8,0.0005,0.0405,0.00075848,124.57,0.0005,0.0,BTC-27SEP19-2500-P,9381.15,0.0,0.0,0.0,0.0015,0.1,136.19,0.46733,-0.40498,-0.08361,0.0,-0.00376
9465.23,BTC-27DEC19,1563361189466,open,0.39,54.4,0.336,0.4155,0.37570663,98.03,0.3805,0.0,BTC-27DEC19-7000-C,9381.08,93.82,0.3675,11.0,0.378,11.0,99.2,18.48967,-5.56418,17.27464,5e-05,0.7847
9465.23,BTC-27DEC19,1563361189488,open,0.36,74.2,0.315,0.424,0.36960937,99.57,0.3645,0.0,BTC-27DEC19-11000-P,9381.15,97.07,0.363,6.0,0.376,3.6,101.98,25.08149,-7.66626,-34.93642,6e-05,-0.45754
9405.01,BTC-27SEP19,1563361189490,open,0.45,35.9,0.406,0.523,0.46443783,107.76,0.391,0.0,BTC-27SEP19-13000-P,9381.15,104.36,0.459,6.0,0.4775,6.0,115.77,15.12829,-11.34117,-20.99583,8e-05,-0.66924
9405.08,BTC-27SEP19,1563361189491,open,0.53,78.2,0.493,0.617,0.5549414,108.59,0.54,0.0,BTC-27SEP19-14000-P,9381.15,105.24,0.55,6.0,0.568,6.0,117.14,14.03442,-10.60145,-23.62345,7e-05,-0.7206
9405.01,BTC-27SEP19,1563361189519,open,0.91,1.0,0.8665,1.022,0.94426991,112.15,1.5815,0.0,BTC-27SEP19-18000-P,9381.15,0.0,0.005,0.3,1.553,0.3,500.0,9.53827,-7.44127,-33.31186,5e-05,-0.85441
9465.3,BTC-27DEC19,1563361189546,open,0.03,58.2,0.0005,0.0665,0.02688793,110.73,0.03,0.0,BTC-27DEC19-32000-C,9381.15,109.1,0.025,6.0,0.0295,21.0,112.89,11.16316,-3.79476,3.12284,3e-05,0.10082
9405.01,BTC-27SEP19,1563361189548,open,0.03,553.4,0.0005,0.074,0.03274948,105.18,0.0305,0.0,BTC-27SEP19-6000-P,9381.15,103.15,0.031,20.6,0.0355,24.0,108.32,8.13974,-5.95598,-2.75073,4e-05,-0.11578
9405.08,BTC-27SEP19,1563361189706,open,0.59,227.5,0.54,0.6195,0.57955566,109.34,0.7065,0.0,BTC-27SEP19-4000-C,9381.15,82.83,0.5755,11.0,0.5815,11.0,116.77,2.23252,-1.69815,7.37002,1e-05,0.9775
9465.3,BTC-27DEC19,1563361189712,open,0.39,54.4,0.336,0.4155,0.37570663,98.03,0.3805,0.0,BTC-27DEC19-7000-C,9381.15,93.82,0.3675,11.0,0.377,11.0,98.69,18.48961,-5.56407,17.27494,5e-05,0.7847
9405.01,BTC-27SEP19,1563361189729,open,0.45,35.9,0.406,0.523,0.46443783,107.76,0.391,0.0,BTC-27SEP19-13000-P,9381.15,105.3,0.4605,6.0,0.4775,6.0,115.77,15.12829,-11.34117,-20.99583,8e-05,-0.66924
9465.3,BTC-27DEC19,1563361189751,open,0.39,54.4,0.336,0.4155,0.37570663,98.03,0.3805,0.0,BTC-27DEC19-7000-C,9381.15,93.56,0.367,11.0,0.377,11.0,98.69,18.48961,-5.56407,17.27494,5e-05,0.7847
199.69,SYN.ETH-26JUL19,1563361189853,open,0.0,1117.0,0.001,0.04,6e-06,135.0,0.001,0.0,ETH-26JUL19-440-C,199.74,0.0,0.0,0.0,0.001,282.0,204.35,0.00016,-0.00122,1e-05,1e-05,0.00013
199.33,ETH-27SEP19,1563361189896,open,0.0,389.0,0.001,0.042,0.002503,133.68,0.002,0.0,ETH-27SEP19-60-P,199.74,117.33,0.001,300.0,0.004,500.0,144.41,0.0239,-0.02222,-0.00497,0.00023,-0.01016
199.69,SYN.ETH-26JUL19,1563361189896,open,0.23,0.0,0.173,0.252,0.212885,134.99,None,0.0,ETH-26JUL19-160-C,199.74,0.0,0.0,0.0,0.0,0.0,0.0,0.06354,-0.48321,0.03222,0.00485,0.87656
199.69,SYN.ETH-26JUL19,1563361189896,open,0.76,1047.0,0.731,0.875,0.803037,135.66,0.2,0.0,ETH-26JUL19-360-P,199.74,0.0,0.0,0.0,0.0,0.0,0.0,0.00342,-0.02616,-0.08737,0.00026,-0.99632
199.33,ETH-27SEP19,1563361189905,open,0.55,868.0,0.515,0.64,0.577511,114.2,0.566,0.0,ETH-27SEP19-300-P,199.74,101.56,0.559,110.0,0.602,30.0,129.78,0.30279,-0.24056,-0.50536,0.00339,-0.70997
199.33,ETH-27SEP19,1563361189907,open,0.09,5948.0,0.052,0.139,0.09548,112.47,0.084,0.0,ETH-27SEP19-160-P,199.74,108.53,0.09,215.0,0.1,160.0,115.7,0.27814,-0.21761,-0.13369,0.00316,-0.24512
9465.3,BTC-27DEC19,1563361189912,open,0.03,58.2,0.0005,0.0665,0.02688793,110.73,0.03,0.0,BTC-27DEC19-32000-C,9381.15,109.54,0.0255,6.0,0.0295,21.0,112.89,11.16316,-3.79476,3.12284,3e-05,0.10082
9405.01,BTC-27SEP19,1563361189915,open,0.03,553.4,0.0005,0.074,0.03274948,105.18,0.0305,0.0,BTC-27SEP19-6000-P,9381.15,103.15,0.031,20.6,0.035,24.0,107.76,8.13974,-5.95598,-2.75073,4e-05,-0.11578
199.73,SYN.ETH-19JUL19,1563361189928,open,0.57,282.0,0.539,0.666,0.602173,170.73,0.4,0.0,ETH-19JUL19-320-P,199.74,0.0,0.003,25.0,0.0,0.0,0.0,4e-05,-0.00197,-0.01644,1e-05,-0.99992
199.33,ETH-27SEP19,1563361189961,open,0.06,1846.0,0.021,0.1,0.060634,115.1,0.06,0.0,ETH-27SEP19-320-C,199.74,113.94,0.059,1.0,0.064,160.0,117.46,0.28167,-0.22554,0.07472,0.00313,0.25099
199.69,SYN.ETH-26JUL19,1563361189967,open,0.0,3965.0,0.001,0.04,0.000214,135.0,0.003,0.0,ETH-26JUL19-360-C,199.74,0.0,0.0,0.0,0.002,241.0,175.1,0.00329,-0.02505,0.00016,0.00025,0.00353
9465.3,BTC-27DEC19,1563361189969,open,0.39,54.4,0.336,0.4155,0.37570663,98.03,0.3805,0.0,BTC-27DEC19-7000-C,9381.15,94.33,0.3685,11.0,0.377,11.0,98.69,18.48961,-5.56407,17.27494,5e-05,0.7847
9405.01,BTC-27SEP19,1563361189971,open,0.45,224.0,0.3975,0.477,0.43704178,105.24,0.5225,0.0,BTC-27SEP19-5500-C,9381.15,97.46,0.432,11.0,0.4395,11.0,108.78,6.40495,-4.68923,8.88066,3e-05,0.91656
199.69,SYN.ETH-26JUL19,1563361189986,open,0.0,1920.0,0.001,0.04,9e-05,135.0,0.001,0.0,ETH-26JUL19-380-C,199.74,0.0,0.0,0.0,0.001,151.0,171.95,0.0016,-0.01213,7e-05,0.00012,0.00158
199.33,ETH-27SEP19,1563361190002,open,0.09,1914.0,0.047,0.126,0.086016,112.62,0.087,0.0,ETH-27SEP19-280-C,199.74,108.86,0.08,407.0,0.092,160.0,116.3,0.3217,-0.25203,0.09716,0.00365,0.33355
199.69,SYN.ETH-26JUL19,1563361190002,open,0.0,1872.0,0.001,0.04,0.000502,135.0,0.001,0.0,ETH-26JUL19-340-C,199.74,0.0,0.0,0.0,0.002,118.0,161.08,0.0066,-0.05019,0.00035,0.0005,0.0077
199.33,ETH-27SEP19,1563361190039,open,0.01,4110.0,0.001,0.055,0.014943,116.11,0.012,0.0,ETH-27SEP19-100-P,199.74,109.87,0.012,556.0,0.018,500.0,122.03,0.09868,-0.07971,-0.02753,0.00109,-0.0552
199.69,SYN.ETH-26JUL19,1563361190039,open,0.29,867.0,0.262,0.366,0.314049,135.02,0.303,0.0,ETH-26JUL19-260-P,199.74,113.28,0.308,120.0,0.352,30.0,221.42,0.06425,-0.48877,-0.05771,0.00491,-0.87457
199.33,ETH-27SEP19,1563361190041,open,0.02,2417.0,0.001,0.062,0.022937,119.59,0.017,0.0,ETH-27SEP19-440-C,199.74,115.95,0.02,601.0,0.026,200.0,123.15,0.16628,-0.13833,0.03416,0.00178,0.10996
199.33,ETH-27SEP19,1563361190043,open,0.03,4141.0,0.001,0.071,0.031009,118.09,0.026,0.0,ETH-27SEP19-400-C,199.74,115.02,0.028,596.0,0.033,200.0,120.05,0.19969,-0.16405,0.04394,0.00216,0.14296
199.33,ETH-27SEP19,1563361190046,open,0.3,392.0,0.253,0.332,0.292711,112.41,0.51,0.0,ETH-27SEP19-160-C,199.74,0.0,0.1,10.0,0.0,0.0,0.0,0.27812,-0.21749,0.18142,0.00316,0.75491
9465.41,BTC-27DEC19,1563361190061,open,0.03,58.2,0.0005,0.0665,0.02688793,110.73,0.03,0.0,BTC-27DEC19-32000-C,9381.15,109.1,0.025,6.0,0.0295,21.0,112.89,11.16333,-3.79479,3.1229,3e-05,0.10082
199.69,SYN.ETH-26JUL19,1563361190071,open,0.03,979.0,0.001,0.064,0.024242,135.0,0.031,0.0,ETH-26JUL19-240-C,199.74,138.76,0.026,122.0,0.03,265.0,147.05,0.09248,-0.70333,0.00956,0.00707,0.22116
199.69,SYN.ETH-26JUL19,1563361190071,open,0.03,1358.0,0.001,0.081,0.03985,135.0,0.036,0.0,ETH-26JUL19-180-P,199.74,137.21,0.041,367.0,0.049,200.0,152.37,0.10386,-0.78997,-0.01528,0.00793,-0.27481
9405.01,BTC-27SEP19,1563361190063,open,0.03,553.4,0.0005,0.074,0.03274948,105.18,0.0305,0.0,BTC-27SEP19-6000-P,9381.15,103.15,0.031,20.6,0.0355,24.0,108.32,8.13974,-5.95598,-2.75073,4e-05,-0.11578
201.19,ETH-27DEC19,1563361190076,open,0.07,624.0,0.026,0.105,0.065422,111.27,0.068,0.0,ETH-27DEC19-480-C,199.75,107.36,0.058,738.0,0.071,40.0,114.11,0.38991,-0.13319,0.13195,0.00194,0.21239
199.33,ETH-27SEP19,1563361190076,open,0.01,2105.0,0.001,0.047,0.007253,128.04,0.013,0.0,ETH-27SEP19-640-C,199.75,121.21,0.005,300.0,0.01,200.0,134.72,0.0738,-0.06573,0.01224,0.00074,0.03844
201.19,ETH-27DEC19,1563361190076,open,1.59,37.0,1.536,1.746,1.641303,112.54,0.707,0.0,ETH-27DEC19-520-P,199.75,0.0,0.001,500.0,0.0,0.0,0.0,0.36172,-0.12497,-2.20298,0.00178,-0.81252
201.19,ETH-27DEC19,1563361190077,open,0.37,0.0,0.324,0.403,0.363661,106.3,None,0.0,ETH-27DEC19-160-C,199.75,0.0,0.001,1000.0,1.6,1.0,500.0,0.42617,-0.13907,0.34775,0.00222,0.751
199.48,SYN.ETH-30AUG19,1563361190076,open,0.35,0.0,0.299,0.378,0.338466,123.16,None,0.0,ETH-30AUG19-140-C,199.75,0.0,0.0,0.0,0.0,0.0,0.0,0.1602,-0.22485,0.12301,0.00272,0.85147
201.19,ETH-27DEC19,1563361190077,open,0.26,1838.0,0.223,0.324,0.273785,106.34,0.273,0.0,ETH-27DEC19-200-P,199.75,102.03,0.263,40.0,0.284,40.0,110.45,0.50188,-0.16384,-0.56729,0.00261,-0.3581
199.33,ETH-27SEP19,1563361190077,open,0.05,1705.0,0.01,0.089,0.049875,115.1,0.05,0.0,ETH-27SEP19-340-C,199.75,112.07,0.046,580.0,0.052,1.0,116.73,0.25828,-0.2068,0.06471,0.00287,0.21475
199.34,ETH-27SEP19,1563361190078,open,0.05,1732.0,0.003,0.082,0.04206,115.91,0.043,0.0,ETH-27SEP19-360-C,199.75,113.3,0.039,591.0,0.045,161.0,118.35,0.23706,-0.19114,0.05657,0.00261,0.18618
199.34,ETH-27SEP19,1563361190077,open,0.01,1984.0,0.001,0.044,0.004855,130.17,0.004,0.0,ETH-27SEP19-720-C,199.75,122.24,0.003,300.0,0.007,100.0,137.12,0.05434,-0.04921,0.00851,0.00053,0.02653
199.34,ETH-27SEP19,1563361190078,open,1.0,79.0,0.957,1.119,1.037933,118.39,0.351,0.0,ETH-27SEP19-400-P,199.75,0.0,0.01,1.0,0.0,0.0,0.0,0.20057,-0.16518,-0.74348,0.00217,-0.85612
199.34,ETH-27SEP19,1563361190078,open,0.47,981.0,0.432,0.55,0.490863,112.74,0.48,0.0,ETH-27SEP19-280-P,199.75,85.74,0.45,110.0,0.0,0.0,0.0,0.32187,-0.25244,-0.45413,0.00365,-0.66604
199.34,ETH-27SEP19,1563361190078,open,0.61,0.0,0.566,0.645,0.605165,122.69,None,0.0,ETH-27SEP19-80-C,199.75,0.0,0.003,10.0,0.0,0.0,0.0,0.05281,-0.04507,0.14492,0.00055,0.97436
199.34,ETH-27SEP19,1563361190079,open,0.39,1374.0,0.354,0.466,0.409679,112.43,0.42,0.0,ETH-27SEP19-260-P,199.75,90.23,0.373,110.0,0.0,0.0,0.0,0.33904,-0.26516,-0.40082,0.00385,-0.61144
199.34,ETH-27SEP19,1563361190079,open,1.76,24.0,1.708,1.933,1.82036,125.17,1.356,0.0,ETH-27SEP19-560-P,199.75,0.0,0.0,0.0,0.0,0.0,0.0,0.101,-0.08795,-1.08478,0.00103,-0.94316
199.34,ETH-27SEP19,1563361190079,open,0.71,0.0,0.662,0.741,0.701465,133.31,0.01,0.0,ETH-27SEP19-60-C,199.75,0.0,0.003,10.0,0.0,0.0,0.0,0.02363,-0.02191,0.11325,0.00023,0.98998
199.34,ETH-27SEP19,1563361190079,open,0.05,7577.0,0.017,0.101,0.058673,113.14,0.057,0.0,ETH-27SEP19-140-P,199.75,109.85,0.055,257.0,0.062,160.0,116.09,0.2237,-0.17606,-0.08969,0.00253,-0.16982
199.73,SYN.ETH-19JUL19,1563361190078,open,0.05,154.0,0.001,0.077,0.037937,135.0,0.046,0.0,ETH-19JUL19-200-C,199.75,149.22,0.042,84.0,0.049,149.0,173.73,0.05708,-2.05468,0.00488,0.02063,0.51371
199.34,ETH-27SEP19,1563361190079,open,0.52,0.0,0.474,0.553,0.513212,115.97,None,0.0,ETH-27SEP19-100-C,199.75,0.0,0.003,10.0,0.0,0.0,0.0,0.09846,-0.07943,0.16948,0.00109,0.94496
199.69,SYN.ETH-26JUL19,1563361190077,open,0.05,711.0,0.007,0.086,0.046352,135.0,0.054,0.0,ETH-26JUL19-220-C,199.75,134.39,0.046,322.0,0.054,218.0,147.98,0.11664,-0.88709,0.01529,0.00891,0.36132
199.48,SYN.ETH-30AUG19,1563361190077,open,0.08,110.0,0.037,0.116,0.076616,121.64,0.075,0.0,ETH-30AUG19-260-C,199.75,116.38,0.07,508.0,0.083,243.0,126.64,0.25291,-0.35059,0.06273,0.00435,0.33821
199.69,SYN.ETH-26JUL19,1563361190076,open,0.02,100.0,0.001,0.057,0.017168,135.0,0.017,0.0,ETH-26JUL19-250-C,199.75,137.1,0.018,138.0,0.023,283.0,149.11,0.07819,-0.59469,0.00732,0.00597,0.16798
199.48,SYN.ETH-30AUG19,1563361190078,open,0.28,0.0,0.229,0.308,0.268387,120.9,None,0.0,ETH-30AUG19-160-C,199.75,0.0,0.0,0.0,0.0,0.0,0.0,0.21049,-0.28999,0.12006,0.00364,0.76907
199.73,SYN.ETH-19JUL19,1563361190076,open,0.06,166.0,0.028,0.113,0.070485,135.0,0.076,0.0,ETH-19JUL19-210-P,199.75,159.92,0.077,77.0,0.082,262.0,178.54,0.05114,-1.84111,-0.00771,0.01849,-0.68077
199.48,SYN.ETH-30AUG19,1563361190076,open,0.36,0.0,0.325,0.435,0.380021,121.68,None,0.0,ETH-30AUG19-260-P,199.75,87.85,0.34,120.0,0.0,0.0,0.0,0.25293,-0.35071,-0.2498,0.00435,-0.66171
199.69,SYN.ETH-26JUL19,1563361190077,open,0.07,216.0,0.023,0.102,0.062607,135.0,0.066,0.0,ETH-26JUL19-210-C,199.75,135.63,0.063,128.0,0.071,190.0,148.58,0.12311,-0.93633,0.01865,0.00941,0.44672
199.73,SYN.ETH-19JUL19,1563361190077,open,0.67,742.0,0.635,0.77,0.702308,191.64,0.144,0.0,ETH-19JUL19-340-P,199.75,0.0,0.035,10.0,0.0,0.0,0.0,4e-05,-0.0021,-0.01747,1e-05,-0.99993
199.48,SYN.ETH-30AUG19,1563361190077,open,0.14,113.0,0.088,0.167,0.127445,120.65,0.106,0.0,ETH-30AUG19-220-C,199.75,113.82,0.118,200.0,0.132,200.0,123.95,0.27583,-0.37926,0.08696,0.00478,0.49008
199.69,SYN.ETH-26JUL19,1563361190079,open,0.0,1780.0,0.001,0.04,3.8e-05,135.0,0.001,0.0,ETH-26JUL19-400-C,199.75,0.0,0.0,0.0,0.001,187.0,183.41,0.00075,-0.00574,3e-05,6e-05,0.0007
199.48,SYN.ETH-30AUG19,1563361190078,open,0.17,123.0,0.124,0.203,0.163744,120.02,0.155,0.0,ETH-30AUG19-200-C,199.75,113.58,0.155,178.0,0.17,178.0,124.64,0.27035,-0.36979,0.09981,0.00471,0.57998
199.69,SYN.ETH-26JUL19,1563361190075,open,0.0,1074.0,0.001,0.04,1e-06,135.0,0.001,0.0,ETH-26JUL19-480-C,199.75,0.0,0.0,0.0,0.001,300.0,223.1,3e-05,-0.00022,0.0,0.0,2e-05
199.73,SYN.ETH-19JUL19,1563361190076,open,0.86,0.0,0.827,0.978,0.90258,229.97,None,0.0,ETH-19JUL19-380-P,199.75,0.0,0.0,0.0,0.0,0.0,0.0,4e-05,-0.00238,-0.01952,1e-05,-0.99993
199.69,SYN.ETH-26JUL19,1563361190078,open,0.67,1130.0,0.636,0.771,0.703168,135.31,0.6,0.0,ETH-26JUL19-340-P,199.75,0.0,0.666,30.0,0.745,30.0,309.91,0.0067,-0.05106,-0.08232,0.00051,-0.99217
199.69,SYN.ETH-26JUL19,1563361190077,open,0.32,0.0,0.263,0.342,0.302221,135.0,None,0.0,ETH-26JUL19-140-C,199.75,0.0,0.0,0.0,0.0,0.0,0.0,0.02493,-0.18962,0.03211,0.0019,0.96345
199.69,SYN.ETH-26JUL19,1563361190076,open,0.0,1248.0,0.001,0.04,0.0,135.0,0.001,0.0,ETH-26JUL19-560-C,199.75,0.0,0.0,0.0,0.001,389.0,255.58,0.0,-1e-05,0.0,0.0,0.0
199.69,SYN.ETH-26JUL19,1563361190076,open,0.07,3238.0,0.042,0.128,0.084678,135.01,0.092,0.0,ETH-26JUL19-200-P,199.75,137.14,0.086,130.0,0.095,294.0,151.69,0.12363,-0.94032,-0.0265,0.00944,-0.46103
199.73,SYN.ETH-19JUL19,1563361190078,open,1.06,0.0,1.019,1.186,1.102849,189.05,None,0.0,ETH-19JUL19-420-P,199.75,0.0,0.0,0.0,0.0,0.0,0.0,0.0,0.0,-0.02158,0.0,-1.0
199.48,SYN.ETH-30AUG19,1563361190077,open,0.04,150.0,0.001,0.081,0.040299,123.19,0.041,0.0,ETH-30AUG19-140-P,199.75,117.75,0.036,271.0,0.044,475.0,127.74,0.16023,-0.22493,-0.04529,0.00272,-0.14856
199.73,SYN.ETH-19JUL19,1563361190077,open,0.96,0.0,0.923,1.082,1.002713,176.87,None,0.0,ETH-19JUL19-400-P,199.75,0.0,0.0,0.0,0.0,0.0,0.0,0.0,0.0,-0.02055,0.0,-1.0
199.73,SYN.ETH-19JUL19,1563361190076,open,0.76,0.0,0.731,0.874,0.802444,211.35,None,0.0,ETH-19JUL19-360-P,199.75,0.0,0.001,25.0,0.0,0.0,0.0,4e-05,-0.00224,-0.01849,1e-05,-0.99993
199.69,SYN.ETH-26JUL19,1563361190078,open,0.19,0.0,0.134,0.213,0.173428,134.99,None,0.0,ETH-26JUL19-170-C,199.75,0.0,0.0,0.0,0.0,0.0,0.0,0.08509,-0.64711,0.0308,0.0065,0.80783
199.69,SYN.ETH-26JUL19,1563361190079,open,0.21,1338.0,0.178,0.275,0.226123,135.01,0.189,0.0,ETH-26JUL19-240-P,199.75,123.56,0.221,120.0,0.0,0.0,0.0,0.09248,-0.70347,-0.04879,0.00706,-0.7788
199.73,SYN.ETH-19JUL19,1563361190078,open,0.0,2.0,0.001,0.04,0.0,135.0,0.002,0.0,ETH-19JUL19-420-C,199.75,0.0,0.0,0.0,0.001,300.0,422.37,0.0,0.0,0.0,0.0,0.0
199.69,SYN.ETH-26JUL19,1563361190079,open,0.38,867.0,0.352,0.464,0.407886,135.04,0.42,0.0,ETH-26JUL19-280-P,199.75,0.0,0.391,30.0,0.447,30.0,242.16,0.04033,-0.30682,-0.06512,0.00308,-0.93319
199.69,SYN.ETH-26JUL19,1563361190078,open,0.01,810.0,0.001,0.045,0.005691,135.0,0.006,0.0,ETH-26JUL19-280-C,199.75,131.45,0.005,676.0,0.01,550.0,153.26,0.0403,-0.30647,0.00296,0.00308,0.06674
199.73,SYN.ETH-19JUL19,1563361190075,open,0.01,0.0,0.001,0.058,0.018191,135.0,None,0.0,ETH-19JUL19-190-P,199.75,162.31,0.025,78.0,0.028,229.0,174.06,0.0487,-1.75316,-0.00312,0.0176,-0.28621
199.69,SYN.ETH-26JUL19,1563361190076,open,0.02,545.0,0.001,0.052,0.01201,135.0,0.012,0.0,ETH-26JUL19-260-C,199.75,134.97,0.012,388.0,0.017,297.0,149.38,0.06423,-0.48853,0.0055,0.00491,0.12538
199.69,SYN.ETH-26JUL19,1563361190078,open,0.27,0.0,0.217,0.296,0.256111,134.98,None,0.0,ETH-26JUL19-150-C,199.75,0.0,0.0,0.0,0.0,0.0,0.0,0.0425,-0.3232,0.03265,0.00325,0.92849
199.34,ETH-27SEP19,1563361190086,open,0.25,1828.0,0.213,0.313,0.262562,112.2,0.254,0.0,ETH-27SEP19-220-P,199.75,108.49,0.256,200.0,0.268,120.0,115.28,0.35244,-0.27509,-0.29137,0.00401,-0.47971
199.34,ETH-27SEP19,1563361190104,open,0.37,191.0,0.317,0.396,0.35625,113.05,0.5,0.0,ETH-27SEP19-140-C,199.75,0.0,0.01,50.0,0.0,0.0,0.0,0.22362,-0.17585,0.18607,0.00253,0.83027
9395.65,SYN.BTC-30AUG19,1563361190114,open,0.02,0.0,0.0005,0.062,0.02161466,116.88,None,0.0,BTC-30AUG19-6000-P,9381.15,111.38,0.0185,38.2,0.0245,10.0,121.65,5.51457,-7.34516,-1.31957,4e-05,-0.0952
199.34,ETH-27SEP19,1563361190128,open,1.38,0.0,1.329,1.522,1.425831,121.86,None,0.0,ETH-27SEP19-480-P,199.75,0.0,0.0,0.0,0.0,0.0,0.0,0.14096,-0.11949,-0.91778,0.00148,-0.91225
9405.08,BTC-27SEP19,1563361190116,open,0.07,163.5,0.0265,0.106,0.06617801,108.43,0.069,0.0,BTC-27SEP19-14000-C,9381.15,106.64,0.0635,32.9,0.0695,11.0,110.66,14.02139,-10.57587,3.93963,7e-05,0.27886
9384.03,SYN.BTC-26JUL19,1563361190234,open,0.27,315.8,0.2405,0.343,0.29176869,132.05,0.284,0.0,BTC-26JUL19-12000-P,9381.15,119.7,0.288,7.5,0.3205,7.5,197.59,3.21847,-23.9435,-2.63394,0.00011,-0.86242
9405.08,BTC-27SEP19,1563361190275,open,0.49,793.2,0.4425,0.522,0.48234081,105.87,0.5945,0.0,BTC-27SEP19-5000-C,9381.15,96.76,0.478,11.0,0.485,11.0,111.03,4.78048,-3.52062,8.53149,3e-05,0.94292
9384.03,SYN.BTC-26JUL19,1563361190278,open,0.27,315.8,0.2405,0.343,0.29176869,132.05,0.284,0.0,BTC-26JUL19-12000-P,9381.15,124.63,0.2895,7.5,0.3205,7.5,197.59,3.21847,-23.9435,-2.63394,0.00011,-0.86242
9381.7,SYN.BTC-19JUL19,1563361190292,open,0.08,24.0,0.024,0.1035,0.06386342,143.58,0.056,0.0,BTC-19JUL19-9000-C,9381.15,134.72,0.0615,0.8,0.0665,18.0,154.1,2.41867,-92.60793,0.2948,0.00037,0.67547
9405.08,BTC-27SEP19,1563361190294,open,0.07,163.5,0.0265,0.106,0.06617801,108.43,0.069,0.0,BTC-27SEP19-14000-C,9381.15,106.64,0.0635,13.6,0.0695,11.0,110.66,14.02139,-10.57587,3.93963,7e-05,0.27886
9405.01,BTC-27SEP19,1563361190307,open,0.15,179.3,0.113,0.2055,0.15926563,104.9,0.151,0.0,BTC-27SEP19-9000-P,9381.15,103.8,0.1575,19.6,0.164,4.6,107.68,15.78147,-11.51689,-9.83534,9e-05,-0.37171
9384.03,SYN.BTC-26JUL19,1563361190316,open,0.05,733.2,0.019,0.1035,0.06112166,131.52,0.067,0.0,BTC-26JUL19-9000-P,9381.15,129.52,0.06,24.1,0.0665,41.5,140.46,5.57014,-41.27133,-1.00597,0.0002,-0.37969
9395.65,SYN.BTC-30AUG19,1563361190325,open,0.18,5.1,0.147,0.242,0.19458014,113.16,0.1915,0.0,BTC-30AUG19-10000-P,9381.15,111.22,0.192,14.4,0.2015,7.1,118.1,12.98665,-16.7478,-7.67785,0.00011,-0.48513
9381.7,SYN.BTC-19JUL19,1563361190334,open,0.04,547.1,0.005,0.0885,0.04671355,139.7,0.053,0.0,BTC-19JUL19-9500-P,9381.15,145.67,0.0485,1.7,0.0535,24.0,163.18,2.67499,-99.65262,-0.27794,0.00042,-0.52993
9381.7,SYN.BTC-19JUL19,1563361190346,open,0.04,547.1,0.005,0.0885,0.04671355,139.7,0.053,0.0,BTC-19JUL19-9500-P,9381.15,145.67,0.0485,1.7,0.053,9.5,161.43,2.67499,-99.65262,-0.27794,0.00042,-0.52993
9405.14,BTC-27SEP19,1563361190445,open,2.14,0.0,2.0665,2.3215,2.19390669,117.63,None,0.0,BTC-27SEP19-30000-P,9381.15,0.0,0.0,0.0,0.0,0.0,0.0,2.43384,-1.99166,-58.69063,1e-05,-0.97507
9465.41,BTC-27DEC19,1563361190468,open,0.7,0.0,0.6505,0.73,0.69001027,102.03,None,0.0,BTC-27DEC19-3000-C,9380.88,0.0,0.0055,0.1,0.976,0.5,500.0,3.23549,-1.01341,12.19153,1e-05,0.97865
9465.14,BTC-27DEC19,1563361190468,open,0.56,6.7,0.513,0.5925,0.55267777,98.29,0.55,0.0,BTC-27DEC19-4500-C,9380.88,0.0,0.0115,0.1,0.97,1.0,500.0,8.67925,-2.61881,15.85045,2e-05,0.92796
9465.14,BTC-27DEC19,1563361190469,open,0.43,83.4,0.391,0.506,0.44848419,100.07,0.4295,0.0,BTC-27DEC19-12000-P,9380.88,97.26,0.441,6.0,0.4555,3.6,102.7,25.2188,-7.74711,-40.41022,6e-05,-0.50827
9405.14,BTC-27SEP19,1563361190470,open,0.02,383.6,0.0005,0.0605,0.02091476,113.23,0.021,0.0,BTC-27SEP19-20000-C,9380.88,110.81,0.019,46.0,0.0225,11.0,115.15,7.61985,-6.00204,1.56821,4e-05,0.10559
9405.14,BTC-27SEP19,1563361190470,open,0.74,55.9,0.695,0.7745,0.73494201,124.48,0.689,0.0,BTC-27SEP19-2500-C,9380.88,0.0,0.005,10.0,0.913,5.0,500.0,0.46546,-0.40307,4.83973,0.0,0.99626
9395.76,SYN.BTC-30AUG19,1563361190468,open,0.39,0.0,0.3435,0.423,0.38302135,116.84,None,0.0,BTC-30AUG19-6000-C,9380.88,0.0,0.0,0.0,0.0,0.0,0.0,5.51218,-7.33943,5.89368,4e-05,0.90485
9465.14,BTC-27DEC19,1563361190470,open,4.41,1.0,4.2835,4.7235,4.50345602,118.26,4.454,0.0,BTC-27DEC19-52000-P,9380.88,0.0,0.001,1.0,0.0,0.0,0.0,5.34578,-1.94074,-230.79672,1e-05,-0.96093
9465.14,BTC-27DEC19,1563361190470,open,0.78,7.1,0.728,0.8715,0.79970285,102.36,0.491,0.0,BTC-27DEC19-16000-P,9380.88,0.0,0.005,5.0,1.569,0.2,500.0,23.03691,-7.23851,-61.86064,6e-05,-0.66492
9381.77,SYN.BTC-19JUL19,1563361190468,open,0.0,415.6,0.0005,0.04,3.9e-07,145.0,0.0005,0.0,BTC-19JUL19-14500-C,9380.88,0.0,0.0,0.0,0.0025,10.0,308.05,0.00051,-0.00367,1e-05,0.0,2e-05
9465.14,BTC-27DEC19,1563361190471,open,0.69,5.6,0.64,0.776,0.70799447,101.85,0.7075,0.0,BTC-27DEC19-15000-P,9380.88,0.0,0.005,10.0,1.4665,0.2,500.0,23.8354,-7.45255,-56.58715,6e-05,-0.63177
9384.1,SYN.BTC-26JUL19,1563361190468,open,0.0,375.4,0.0005,0.04,1.531e-05,145.0,0.0005,0.0,BTC-26JUL19-21000-C,9380.88,0.0,0.0,0.0,0.0005,6.0,192.59,0.01522,-0.12431,0.00061,0.0,0.00028
9381.77,SYN.BTC-19JUL19,1563361190468,open,0.0,163.8,0.0005,0.04,0.0,145.0,0.0005,0.0,BTC-19JUL19-16000-C,9380.88,0.0,0.0,0.0,0.0015,10.0,337.34,1e-05,-3e-05,0.0,0.0,0.0
9405.14,BTC-27SEP19,1563361190472,open,0.72,34.4,0.6755,0.8145,0.74496664,109.95,0.3735,0.0,BTC-27SEP19-16000-P,9380.88,0.0,0.005,10.0,1.3585,0.2,500.0,11.65078,-8.91138,-28.63109,6e-05,-0.80096
9381.77,SYN.BTC-19JUL19,1563361190468,open,0.57,0.0,0.535,0.6625,0.59885697,189.83,None,0.0,BTC-19JUL19-15000-P,9380.88,0.0,0.001,1.0,0.0,0.0,0.0,0.00884,-0.44726,-0.77038,0.0,-0.99964
9465.14,BTC-27DEC19,1563361190472,open,0.42,63.0,0.3665,0.446,0.40613628,98.06,0.4965,0.0,BTC-27DEC19-6500-C,9380.88,60.71,0.345,1.0,0.963,2.0,500.0,16.80526,-5.05901,17.32258,4e-05,0.81627
9384.1,SYN.BTC-26JUL19,1563361190468,open,0.98,0.0,0.944,1.1055,1.02479654,147.28,None,0.0,BTC-26JUL19-19000-P,9380.88,0.0,0.0,0.0,0.0,0.0,0.0,0.07378,-0.61219,-4.61653,0.0,-0.99845
9404.87,BTC-27SEP19,1563361190473,open,2.35,0.0,2.27,2.542,2.40582088,119.23,None,0.0,BTC-27SEP19-32000-P,9380.88,0.0,0.0,0.0,0.0,0.0,0.0,2.03657,-1.68912,-62.70151,1e-05,-0.97981
9404.87,BTC-27SEP19,1563361190473,open,0.56,0.2,0.515,0.5945,0.55466619,108.56,0.65,0.0,BTC-27SEP19-4250-C,9380.88,0.0,0.005,10.1,0.682,5.0,298.68,2.79262,-2.10905,7.70301,1e-05,0.9706
9381.77,SYN.BTC-19JUL19,1563361190468,open,0.41,35.3,0.3815,0.4965,0.43897842,154.78,0.2545,0.0,BTC-19JUL19-13500-P,9380.88,0.0,0.05,0.1,0.0,0.0,0.0,0.01479,-0.61039,-0.6932,0.0,-0.99937
9404.87,BTC-27SEP19,1563361190474,open,0.51,13.5,0.466,0.5455,0.50589799,106.59,0.382,0.0,BTC-27SEP19-4750-C,9380.88,0.0,0.005,10.0,0.658,5.0,299.06,4.05577,-3.00741,8.29105,2e-05,0.95358
9384.1,SYN.BTC-26JUL19,1563361190470,open,0.0,477.9,0.0005,0.043,0.00309956,137.13,0.0025,0.0,BTC-26JUL19-14000-C,9380.88,132.26,0.0025,10.0,0.004,3.3,143.47,1.23197,-9.51771,0.08162,4e-05,0.03887
9381.77,SYN.BTC-19JUL19,1563361190468,open,0.67,0.0,0.6375,0.7735,0.70544735,214.43,None,0.0,BTC-19JUL19-16000-P,9380.88,0.0,0.0,0.0,0.0,0.0,0.0,0.00838,-0.47946,-0.82176,0.0,-0.99966
9381.77,SYN.BTC-19JUL19,1563361190469,open,0.0,275.5,0.0005,0.04,8e-08,145.0,0.0005,0.0,BTC-19JUL19-15000-C,9380.88,0.0,0.0,0.0,0.0035,10.0,345.75,0.00013,-0.00079,0.0,0.0,0.0
9395.76,SYN.BTC-30AUG19,1563361190474,open,0.9,0.0,0.8535,1.0075,0.93060894,120.84,None,0.0,BTC-30AUG19-18000-P,9380.88,0.0,0.0,0.0,0.0,0.0,0.0,5.27978,-7.27097,-20.79087,4e-05,-0.91023
9395.76,SYN.BTC-30AUG19,1563361190468,open,0.42,0.0,0.381,0.4955,0.43804311,115.1,None,0.0,BTC-30AUG19-13000-P,9380.88,0.0,0.0,0.0,0.0,0.0,0.0,10.76267,-14.11768,-13.19685,9e-05,-0.73042
9384.1,SYN.BTC-26JUL19,1563361190472,open,0.0,511.1,0.0005,0.0405,0.0007493,141.76,0.0005,0.0,BTC-26JUL19-16000-C,9380.88,0.0,0.0,0.0,0.001,3.6,146.91,0.41136,-3.28524,0.02255,1e-05,0.01063
9381.77,SYN.BTC-19JUL19,1563361190468,open,0.0,127.8,0.0005,0.04,2e-08,145.0,0.0005,0.0,BTC-19JUL19-15500-C,9380.88,0.0,0.0,0.0,0.0025,10.0,345.62,3e-05,-0.00016,0.0,0.0,0.0
9384.1,SYN.BTC-26JUL19,1563361190472,open,0.52,10.8,0.4855,0.609,0.54729783,138.01,0.166,0.0,BTC-26JUL19-14500-P,9380.88,0.0,0.0,0.0,0.0,0.0,0.0,0.93434,-7.26489,-3.46714,3e-05,-0.97221
9395.76,SYN.BTC-30AUG19,1563361190484,open,0.12,40.2,0.086,0.1755,0.13074583,112.14,0.133,0.0,BTC-30AUG19-9000-P,9380.88,110.44,0.1285,19.3,0.137,3.0,116.88,12.40488,-15.85331,-5.77017,0.0001,-0.38015
9381.77,SYN.BTC-19JUL19,1563361190486,open,0.25,83.2,0.2285,0.3305,0.2794365,145.49,0.2865,0.0,BTC-19JUL19-12000-P,9380.88,0.0,0.274,6.0,0.3065,6.0,365.08,0.18685,-7.2491,-0.61156,3e-05,-0.98951
199.74,SYN.ETH-19JUL19,1563361190488,open,0.0,90.0,0.001,0.04,0.0,134.99,0.002,0.0,ETH-19JUL19-360-C,199.75,0.0,0.0,0.0,0.001,300.0,347.36,0.0,0.0,0.0,0.0,0.0
9465.14,BTC-27DEC19,1563361190489,open,1.74,0.0,1.677,1.9,1.78852744,107.86,None,0.0,BTC-27DEC19-26000-P,9380.88,0.0,0.005,10.0,2.595,0.2,500.0,14.65512,-4.85268,-111.49825,3e-05,-0.85132
9405.14,BTC-27SEP19,1563361190487,open,0.11,586.4,0.0635,0.143,0.10328421,107.5,0.1,0.0,BTC-27SEP19-12000-C,9380.88,105.57,0.1,23.8,0.1065,11.0,109.38,16.04437,-11.99821,5.36035,9e-05,0.39271
9405.14,BTC-27SEP19,1563361190508,open,0.11,586.4,0.0635,0.143,0.10328421,107.5,0.1,0.0,BTC-27SEP19-12000-C,9380.88,105.57,0.1,23.8,0.1065,23.6,109.38,16.04437,-11.99821,5.36035,9e-05,0.39271
9405.14,BTC-27SEP19,1563361190534,open,0.11,586.4,0.0635,0.143,0.10328421,107.5,0.1,0.0,BTC-27SEP19-12000-C,9380.88,105.57,0.1,23.8,0.1055,11.0,108.8,16.04437,-11.99821,5.36035,9e-05,0.39271
9405.14,BTC-27SEP19,1563361190621,open,0.15,179.3,0.113,0.2055,0.15926563,104.86,0.151,0.0,BTC-27SEP19-9000-P,9380.88,103.81,0.1575,19.3,0.164,4.6,107.68,15.78184,-11.51229,-9.83416,9e-05,-0.37173
201.19,ETH-27DEC19,1563361190656,open,0.39,693.0,0.354,0.466,0.409875,106.41,0.423,0.0,ETH-27DEC19-240-P,199.75,101.94,0.398,30.0,0.422,30.0,110.99,0.53309,-0.17414,-0.77851,0.00277,-0.45728
9465.14,BTC-27DEC19,1563361190764,open,0.14,161.0,0.0945,0.1855,0.14004336,98.06,0.132,0.0,BTC-27DEC19-7500-P,9380.88,95.67,0.135,14.9,0.1435,6.0,99.69,19.9795,-6.01414,-16.36306,5e-05,-0.24737
199.7,SYN.ETH-26JUL19,1563361190765,open,1.74,0.0,1.693,1.916,1.804373,214.55,None,0.0,ETH-26JUL19-560-P,199.75,0.0,0.0,0.0,0.0,0.0,0.0,0.00178,-0.02146,-0.13609,9e-05,-0.99822
9381.77,SYN.BTC-19JUL19,1563361190767,open,0.31,62.5,0.2795,0.3855,0.33248452,146.34,0.3,0.0,BTC-19JUL19-12500-P,9380.88,0.0,0.326,6.0,0.361,6.0,406.45,0.07327,-2.85945,-0.64042,1e-05,-0.99636
9405.14,BTC-27SEP19,1563361190775,open,0.45,35.9,0.406,0.5225,0.46425468,107.66,0.391,0.0,BTC-27SEP19-13000-P,9380.88,105.31,0.4605,6.0,0.478,6.0,116.09,15.12282,-11.32611,-20.99848,8e-05,-0.66955
9465.14,BTC-27DEC19,1563361190777,open,0.52,68.4,0.4725,0.552,0.51202134,98.06,0.511,0.0,BTC-27DEC19-5000-C,9380.88,93.58,0.507,11.0,0.516,11.0,101.5,10.81074,-3.25449,16.53461,3e-05,0.9035
9381.77,SYN.BTC-19JUL19,1563361190790,open,0.46,16.4,0.433,0.5515,0.49226815,164.87,0.495,0.0,BTC-19JUL19-14000-P,9380.88,0.0,0.484,6.0,0.526,6.0,500.0,0.01054,-0.46353,-0.71897,0.0,-0.99956
199.74,SYN.ETH-19JUL19,1563361190813,open,0.0,315.0,0.001,0.04,0.0,134.99,0.001,0.0,ETH-19JUL19-380-C,199.75,0.0,0.0,0.0,0.001,300.0,373.98,0.0,0.0,0.0,0.0,0.0
9465.14,BTC-27DEC19,1563361190813,open,0.14,161.0,0.0945,0.1855,0.14004336,98.06,0.132,0.0,BTC-27DEC19-7500-P,9380.88,95.67,0.135,14.9,0.142,6.0,98.98,19.9795,-6.01414,-16.36306,5e-05,-0.24737
9465.14,BTC-27DEC19,1563361190819,open,0.14,161.0,0.0945,0.1855,0.14004336,98.06,0.132,0.0,BTC-27DEC19-7500-P,9380.88,95.67,0.135,10.0,0.142,6.0,98.98,19.9795,-6.01414,-16.36306,5e-05,-0.24737
9465.14,BTC-27DEC19,1563361190821,open,0.03,58.2,0.0005,0.0665,0.02688904,110.74,0.03,0.0,BTC-27DEC19-32000-C,9380.88,109.54,0.0255,6.0,0.0295,21.0,112.9,11.16318,-3.79483,3.12284,3e-05,0.10083
9384.1,SYN.BTC-26JUL19,1563361190821,open,0.22,273.8,0.1945,0.2935,0.24402929,130.06,0.222,0.0,BTC-26JUL19-11500-P,9380.88,125.07,0.242,7.5,0.256,7.5,156.59,3.88948,-28.49959,-2.4193,0.00014,-0.81625
9405.14,BTC-27SEP19,1563361190823,open,0.45,35.9,0.406,0.5225,0.46425468,107.66,0.391,0.0,BTC-27SEP19-13000-P,9380.88,105.31,0.4605,6.0,0.4765,6.0,115.18,15.12282,-11.32611,-20.99848,8e-05,-0.66955
9405.14,BTC-27SEP19,1563361190823,open,0.03,553.4,0.0005,0.074,0.03272673,105.16,0.0305,0.0,BTC-27SEP19-6000-P,9380.88,103.15,0.031,20.6,0.035,24.0,107.76,8.13795,-5.95332,-2.74964,4e-05,-0.11574
9381.77,SYN.BTC-19JUL19,1563361190833,open,0.31,62.5,0.2795,0.3855,0.33248452,146.34,0.3,0.0,BTC-19JUL19-12500-P,9380.88,0.0,0.327,6.0,0.361,6.0,406.45,0.07327,-2.85945,-0.64042,1e-05,-0.99636
9381.77,SYN.BTC-19JUL19,1563361190841,open,0.46,16.4,0.433,0.5515,0.49226815,164.87,0.495,0.0,BTC-19JUL19-14000-P,9380.88,0.0,0.4855,6.0,0.526,6.0,500.0,0.01054,-0.46353,-0.71897,0.0,-0.99956
199.34,ETH-27SEP19,1563361190928,open,0.0,3606.0,0.001,0.044,0.004326,132.4,0.005,0.0,ETH-27SEP19-760-C,199.75,126.35,0.003,10.0,0.006,116.0,138.44,0.0493,-0.0454,0.00757,0.00048,0.02362
9404.87,BTC-27SEP19,1563361190954,open,1.31,0.2,1.2595,1.4475,1.3534858,113.63,1.391,0.0,BTC-27SEP19-22000-P,9380.88,0.0,0.005,10.0,1.8,0.1,401.94,5.96162,-4.71252,-42.1806,3e-05,-0.9241
9395.76,SYN.BTC-30AUG19,1563361190971,open,0.51,0.0,0.4705,0.5925,0.53145469,116.38,None,0.0,BTC-30AUG19-14000-P,9380.88,0.0,0.0,0.0,0.0,0.0,0.0,9.5379,-12.65009,-14.8597,8e-05,-0.78424
9384.1,SYN.BTC-26JUL19,1563361190980,open,0.88,0.0,0.842,0.995,0.91833314,146.13,None,0.0,BTC-26JUL19-18000-P,9380.88,0.0,0.0,0.0,0.0,0.0,0.0,0.13508,-1.11212,-4.37025,0.0,-0.99697
9465.41,BTC-27DEC19,1563361190996,open,0.02,246.9,0.0005,0.057,0.01710671,114.5,0.0165,0.0,BTC-27DEC19-40000-C,9380.88,111.96,0.015,6.0,0.0195,21.0,117.17,8.16588,-2.87021,2.0888,2e-05,0.06656
9465.14,BTC-27DEC19,1563361190998,open,0.03,58.2,0.0005,0.0665,0.02688904,110.74,0.03,0.0,BTC-27DEC19-32000-C,9380.88,109.1,0.025,6.0,0.0295,21.0,112.9,11.16318,-3.79483,3.12284,3e-05,0.10083
9405.14,BTC-27SEP19,1563361190999,open,0.03,553.4,0.0005,0.074,0.03272673,105.16,0.0305,0.0,BTC-27SEP19-6000-P,9380.88,103.15,0.031,20.6,0.0355,24.0,108.32,8.13795,-5.95332,-2.74964,4e-05,-0.11574
201.19,ETH-27DEC19,1563361191018,open,0.05,163.0,0.009,0.088,0.048693,113.21,0.051,0.0,ETH-27DEC19-560-C,199.75,109.03,0.042,710.0,0.053,40.0,115.76,0.33314,-0.11577,0.10409,0.00163,0.16464
199.74,SYN.ETH-19JUL19,1563361191026,open,0.09,1115.0,0.066,0.154,0.109962,135.26,0.11,0.0,ETH-19JUL19-220-P,199.75,0.0,0.094,10.0,0.147,10.0,290.47,0.03644,-1.3143,-0.00963,0.01314,-0.82846
9384.1,SYN.BTC-26JUL19,1563361191026,open,0.22,273.8,0.1945,0.2935,0.24402929,130.06,0.222,0.0,BTC-26JUL19-11500-P,9380.88,125.07,0.242,7.5,0.2545,7.5,153.46,3.88948,-28.49959,-2.4193,0.00014,-0.81625
9395.76,SYN.BTC-30AUG19,1563361191050,open,0.04,52.8,0.0005,0.0715,0.03153016,117.38,0.036,0.0,BTC-30AUG19-15000-C,9380.88,114.47,0.029,19.3,0.033,5.0,119.03,8.30755,-11.11252,1.58732,7e-05,0.17207
201.19,ETH-27DEC19,1563361191077,open,1.78,0.0,1.719,1.945,1.832264,113.29,0.845,0.0,ETH-27DEC19-560-P,199.74,0.0,0.0,0.0,0.0,0.0,0.0,0.33354,-0.11599,-2.39466,0.00163,-0.83506
201.19,ETH-27DEC19,1563361191077,open,0.03,782.0,0.001,0.071,0.031855,118.36,0.032,0.0,ETH-27DEC19-720-C,199.74,117.68,0.031,1.0,0.034,50.0,120.02,0.25559,-0.09287,0.07173,0.0012,0.11175
201.19,ETH-27DEC19,1563361191077,open,0.04,424.0,0.001,0.079,0.039685,116.5,0.04,0.0,ETH-27DEC19-640-C,199.74,116.03,0.039,1.0,0.042,50.0,118.07,0.29349,-0.10497,0.0866,0.00139,0.13615
201.19,ETH-27DEC19,1563361191077,open,0.05,435.0,0.003,0.082,0.042694,114.2,0.045,0.0,ETH-27DEC19-600-C,199.74,110.36,0.037,601.0,0.047,50.0,116.94,0.30864,-0.1082,0.09332,0.0015,0.14664
201.19,ETH-27DEC19,1563361191077,open,2.35,0.0,2.279,2.551,2.415329,117.45,None,0.0,ETH-27DEC19-680-P,199.74,0.0,0.0,0.0,0.0,0.0,0.0,0.2736,-0.09865,-2.95575,0.00129,-0.87697
201.19,ETH-27DEC19,1563361191077,open,0.87,241.0,0.827,0.978,0.90241,109.11,0.986,0.0,ETH-27DEC19-360-P,199.74,77.13,0.833,110.0,1.59,1.0,429.93,0.48801,-0.16346,-1.4097,0.00248,-0.6678
201.19,ETH-27DEC19,1563361191077,open,1.05,16.0,0.998,1.164,1.080944,109.67,1.195,0.0,ETH-27DEC19-400-P,199.74,63.29,1.001,110.0,1.49,1.0,270.63,0.45532,-0.1533,-1.61347,0.0023,-0.71624
199.34,ETH-27SEP19,1563361191077,open,2.74,0.0,2.665,2.969,2.817099,133.16,None,0.0,ETH-27SEP19-760-P,199.74,0.0,0.0,0.0,0.0,0.0,0.0,0.05075,-0.04701,-1.48875,0.00049,-0.97555
199.34,ETH-27SEP19,1563361191077,open,2.35,0.0,2.281,2.554,2.417672,130.7,None,0.0,ETH-27SEP19-680-P,199.74,0.0,0.0,0.0,0.0,0.0,0.0,0.06665,-0.0606,-1.32823,0.00065,-0.96606
199.34,ETH-27SEP19,1563361191077,open,0.01,1992.0,0.001,0.046,0.006244,130.18,0.005,0.0,ETH-27SEP19-680-C,199.74,122.34,0.004,300.0,0.009,550.0,137.61,0.0655,-0.05932,0.01059,0.00064,0.03323
199.34,ETH-27SEP19,1563361191077,open,1.19,0.0,1.142,1.319,1.230341,119.73,None,0.0,ETH-27SEP19-440-P,199.74,0.0,0.0,0.0,0.0,0.0,0.0,0.16672,-0.13886,-0.83217,0.00178,-0.88964
199.34,ETH-27SEP19,1563361191077,open,2.54,0.0,2.473,2.761,2.616958,130.84,None,0.0,ETH-27SEP19-720-P,199.74,0.0,0.0,0.0,0.0,0.0,0.0,0.05569,-0.05069,-1.40906,0.00054,-0.97267
201.19,ETH-27DEC19,1563361191077,open,1.23,0.0,1.175,1.355,1.264839,110.66,None,0.0,ETH-27DEC19-440-P,199.74,0.0,1.172,110.0,0.0,0.0,0.0,0.42287,-0.14365,-1.813,0.00212,-0.75459
199.34,ETH-27SEP19,1563361191077,open,2.15,0.0,2.09,2.346,2.218011,128.47,None,0.0,ETH-27SEP19-640-P,199.74,0.0,0.0,0.0,0.0,0.0,0.0,0.07485,-0.06689,-1.24783,0.00074,-0.96089
201.19,ETH-27DEC19,1563361191077,open,2.54,0.0,2.467,2.754,2.610561,118.36,None,0.0,ETH-27DEC19-720-P,199.74,0.0,0.003,5.0,0.0,0.0,0.0,0.25559,-0.09287,-3.14114,0.0012,-0.88825
201.19,ETH-27DEC19,1563361191077,open,0.18,209.0,0.132,0.211,0.171445,107.07,0.178,0.0,ETH-27DEC19-280-C,199.74,103.13,0.161,380.0,0.18,230.0,110.3,0.53324,-0.17528,0.25761,0.00276,0.45839
201.19,ETH-27DEC19,1563361191077,open,0.08,555.0,0.038,0.117,0.077751,110.61,0.081,0.0,ETH-27DEC19-440-C,199.74,106.86,0.07,390.0,0.084,320.0,113.55,0.42269,-0.14353,0.15035,0.00212,0.24521
201.19,ETH-27DEC19,1563361191077,open,0.04,150.0,0.001,0.075,0.035439,117.45,0.036,0.0,ETH-27DEC19-680-C,199.74,117.12,0.035,1.0,0.037,50.0,118.58,0.2736,-0.09865,0.07864,0.00129,0.12303
201.19,ETH-27DEC19,1563361191077,open,1.97,0.0,1.904,2.145,2.024954,114.2,0.953,0.0,ETH-27DEC19-600-P,199.74,0.0,0.0,0.0,0.0,0.0,0.0,0.30866,-0.10821,-2.58407,0.0015,-0.85335
199.34,ETH-27SEP19,1563361191077,open,0.64,496.0,0.6,0.732,0.666031,115.17,0.67,0.0,ETH-27SEP19-320-P,199.74,0.0,0.041,30.0,1.39,1.0,500.0,0.28183,-0.22579,-0.55536,0.00313,-0.74877
201.19,ETH-27DEC19,1563361191077,open,0.48,0.0,0.437,0.516,0.476183,106.66,None,0.0,ETH-27DEC19-120-C,199.74,0.0,0.001,1100.0,2.47,1.0,500.0,0.29874,-0.09782,0.34482,0.00155,0.86027
199.5,SYN.ETH-30AUG19,1563361191077,open,0.28,0.0,0.25,0.353,0.301292,120.72,None,0.0,ETH-30AUG19-240-P,199.74,112.28,0.29,120.0,0.317,120.0,132.31,0.26859,-0.36949,-0.21419,0.00465,-0.59187
199.5,SYN.ETH-30AUG19,1563361191077,open,0.7,0.0,0.667,0.805,0.735858,127.67,None,0.0,ETH-30AUG19-340-P,199.74,0.0,0.0,0.0,0.0,0.0,0.0,0.17018,-0.24759,-0.37724,0.00279,-0.83724
199.74,SYN.ETH-19JUL19,1563361191077,open,0.13,0.0,0.109,0.201,0.1549,135.52,None,0.0,ETH-19JUL19-230-P,199.74,0.0,0.001,30.0,0.0,0.0,0.0,0.02132,-0.77054,-0.01103,0.00768,-0.91981
201.18,ETH-27DEC19,1563361191078,open,0.06,513.0,0.017,0.096,0.056438,112.41,0.059,0.0,ETH-27DEC19-520-C,199.74,108.73,0.05,595.0,0.061,40.0,114.91,0.36106,-0.12459,0.11716,0.00178,0.18695
201.18,ETH-27DEC19,1563361191078,open,0.29,194.0,0.24,0.319,0.279637,106.33,0.275,0.0,ETH-27DEC19-200-C,199.74,102.07,0.269,30.0,0.291,30.0,110.89,0.50188,-0.16381,0.32517,0.00261,0.64185
199.34,ETH-27SEP19,1563361191079,open,0.01,4168.0,0.001,0.048,0.008892,126.6,0.008,0.0,ETH-27SEP19-600-C,199.74,119.06,0.006,440.0,0.011,200.0,131.17,0.08597,-0.07571,0.01473,0.00087,0.04642
199.7,SYN.ETH-26JUL19,1563361191077,open,0.0,1091.0,0.001,0.04,0.0,134.99,0.001,0.0,ETH-26JUL19-600-C,199.74,0.0,0.0,0.0,0.001,300.0,269.83,0.0,0.0,0.0,0.0,0.0
199.33,ETH-27SEP19,1563361191079,open,1.96,27.0,1.899,2.139,2.018974,126.6,1.044,0.0,ETH-27SEP19-600-P,199.74,0.0,0.0,0.0,0.0,0.0,0.0,0.08595,-0.0757,-1.16678,0.00087,-0.95359
199.74,SYN.ETH-19JUL19,1563361191077,open,0.27,789.0,0.25,0.353,0.301871,141.95,0.297,0.0,ETH-19JUL19-260-P,199.74,0.0,0.282,10.0,0.331,10.0,389.59,0.00226,-0.08574,-0.0133,0.00078,-0.99447
199.33,ETH-27SEP19,1563361191080,open,0.25,779.0,0.2,0.279,0.239077,112.01,0.227,0.0,ETH-27SEP19-180-C,199.74,107.58,0.232,120.0,0.246,120.0,116.35,0.31836,-0.24807,0.1711,0.00363,0.67499
199.33,ETH-27SEP19,1563361191080,open,0.0,1735.0,0.001,0.046,0.006546,122.9,0.006,0.0,ETH-27SEP19-80-P,199.74,116.66,0.005,300.0,0.008,500.0,128.07,0.05306,-0.04536,-0.01269,0.00055,-0.02579
199.33,ETH-27SEP19,1563361191080,open,0.17,1106.0,0.119,0.198,0.158808,112.15,0.158,0.0,ETH-27SEP19-220-C,199.74,108.3,0.152,201.0,0.165,120.0,115.65,0.35243,-0.27495,0.14184,0.00402,0.52016
199.5,SYN.ETH-30AUG19,1563361191077,open,0.8,0.0,0.758,0.903,0.830758,129.62,None,0.0,ETH-30AUG19-360-P,199.74,0.0,0.0,0.0,0.0,0.0,0.0,0.15255,-0.22534,-0.40591,0.00246,-0.86187
199.33,ETH-27SEP19,1563361191080,open,0.02,2676.0,0.001,0.057,0.017529,121.35,0.023,0.0,ETH-27SEP19-480-C,199.74,117.59,0.015,600.0,0.02,200.0,124.76,0.13945,-0.11772,0.02707,0.00147,0.08649
201.18,ETH-27DEC19,1563361191080,open,0.7,82.0,0.66,0.797,0.728291,107.9,0.64,0.0,ETH-27DEC19-320-P,199.74,84.52,0.671,110.0,1.58,1.0,500.0,0.51501,-0.17059,-1.20288,0.00264,-0.61162
199.7,SYN.ETH-26JUL19,1563361191077,open,1.35,0.0,1.308,1.499,1.403749,183.84,None,0.0,ETH-26JUL19-480-P,199.74,0.0,0.0,0.0,0.0,0.0,0.0,0.00177,-0.01833,-0.11663,0.0001,-0.99823
199.33,ETH-27SEP19,1563361191080,open,0.04,1726.0,0.001,0.077,0.037202,118.11,0.025,0.0,ETH-27SEP19-380-C,199.74,117.93,0.037,1.0,0.039,160.0,119.72,0.22066,-0.1813,0.05066,0.00239,0.16627
199.74,SYN.ETH-19JUL19,1563361191077,open,0.12,10.0,0.066,0.145,0.105396,134.74,0.116,0.0,ETH-19JUL19-180-C,199.74,144.89,0.107,50.0,0.116,50.0,193.2,0.03031,-1.08891,0.00784,0.01097,0.86987
199.74,SYN.ETH-19JUL19,1563361191078,open,0.0,142.0,0.001,0.04,0.0,134.99,0.001,0.0,ETH-19JUL19-400-C,199.74,0.0,0.0,0.0,0.001,300.0,398.91,0.0,0.0,0.0,0.0,0.0
199.74,SYN.ETH-19JUL19,1563361191077,open,0.17,0.0,0.111,0.19,0.15062,134.37,None,0.0,ETH-19JUL19-170-C,199.74,0.0,0.0,0.0,0.0,0.0,0.0,0.01296,-0.46447,0.00828,0.00471,0.95748
199.33,ETH-27SEP19,1563361191080,open,0.01,1594.0,0.001,0.05,0.010674,124.35,0.013,0.0,ETH-27SEP19-560-C,199.74,118.48,0.008,300.0,0.014,200.0,130.53,0.09873,-0.0854,0.01749,0.00101,0.05523
199.33,ETH-27SEP19,1563361191081,open,0.44,47.0,0.39,0.469,0.429123,113.11,0.689,0.0,ETH-27SEP19-120-C,199.74,0.0,0.0,0.0,0.0,0.0,0.0,0.15914,-0.12522,0.18346,0.0018,0.89653
199.7,SYN.ETH-26JUL19,1563361191077,open,0.01,0.0,0.001,0.047,0.007286,135.02,None,0.0,ETH-26JUL19-150-P,199.74,146.85,0.01,112.0,0.014,250.0,162.01,0.04251,-0.32336,-0.00383,0.00325,-0.07153
199.33,ETH-27SEP19,1563361191082,open,1.57,12.0,1.519,1.727,1.62298,124.02,1.193,0.0,ETH-27SEP19-520-P,199.74,0.0,0.0,0.0,0.0,0.0,0.0,0.12029,-0.10378,-1.00163,0.00124,-0.92883
199.7,SYN.ETH-26JUL19,1563361191077,open,0.0,1236.0,0.001,0.04,0.0,134.99,0.003,0.0,ETH-26JUL19-520-C,199.74,0.0,0.0,0.0,0.001,300.0,240.07,1e-05,-4e-05,0.0,0.0,0.0
199.33,ETH-27SEP19,1563361191082,open,0.81,233.0,0.775,0.921,0.848041,115.85,0.763,0.0,ETH-27SEP19-360-P,199.74,0.0,0.0,0.0,0.99,1.0,207.55,0.23689,-0.19092,-0.65238,0.00261,-0.81401
199.7,SYN.ETH-26JUL19,1563361191077,open,0.15,50.0,0.099,0.178,0.138442,134.94,0.138,0.0,ETH-26JUL19-180-C,199.74,132.16,0.137,50.0,0.148,50.0,153.07,0.10384,-0.7894,0.0285,0.00794,0.72534
199.7,SYN.ETH-26JUL19,1563361191077,open,0.02,2.0,0.001,0.065,0.02476,135.03,0.032,0.0,ETH-26JUL19-170-P,199.74,140.23,0.027,390.0,0.032,200.0,151.5,0.08509,-0.64728,-0.01053,0.0065,-0.19215
199.7,SYN.ETH-26JUL19,1563361191077,open,1.45,0.0,1.404,1.604,1.503905,191.93,None,0.0,ETH-26JUL19-500-P,199.74,0.0,0.0,0.0,0.0,0.0,0.0,0.00176,-0.01907,-0.1215,9e-05,-0.99823
199.74,SYN.ETH-19JUL19,1563361191077,open,0.0,403.0,0.001,0.04,0.000324,135.03,0.006,0.0,ETH-19JUL19-160-P,199.74,195.13,0.003,74.0,0.005,550.0,219.09,0.00369,-0.06474,-0.0001,0.00133,-0.00963
199.5,SYN.ETH-30AUG19,1563361191077,open,0.11,941.0,0.069,0.157,0.11317,120.49,0.113,0.0,ETH-30AUG19-180-P,199.74,114.74,0.106,180.0,0.121,180.0,126.77,0.2488,-0.34163,-0.10496,0.00432,-0.32452
199.7,SYN.ETH-26JUL19,1563361191077,open,1.16,0.0,1.116,1.291,1.203442,167.03,None,0.0,ETH-26JUL19-440-P,199.74,0.0,0.0,0.0,0.0,0.0,0.0,0.00184,-0.0173,-0.1069,0.00011,-0.99815
199.74,SYN.ETH-19JUL19,1563361191077,open,0.0,592.0,0.001,0.046,0.006617,135.05,0.012,0.0,ETH-19JUL19-180-P,199.74,166.71,0.012,84.0,0.015,482.0,182.37,0.03038,-1.09423,-0.00141,0.01098,-0.13062
199.7,SYN.ETH-26JUL19,1563361191077,open,1.55,0.0,1.5,1.708,1.604061,199.74,None,0.0,ETH-26JUL19-520-P,199.74,0.0,0.0,0.0,0.0,0.0,0.0,0.00176,-0.01986,-0.12636,9e-05,-0.99823
199.74,SYN.ETH-19JUL19,1563361191077,open,0.37,617.0,0.346,0.457,0.401906,163.35,0.407,0.0,ETH-19JUL19-280-P,199.74,0.0,0.382,10.0,0.438,10.0,486.62,0.00105,-0.04582,-0.01436,0.00031,-0.99765
199.5,SYN.ETH-30AUG19,1563361191077,open,0.06,552.0,0.028,0.113,0.070458,120.92,0.075,0.0,ETH-30AUG19-160-P,199.74,115.72,0.065,232.0,0.078,392.0,128.02,0.21048,-0.29005,-0.07227,0.00364,-0.23089
199.7,SYN.ETH-26JUL19,1563361191079,open,0.47,659.0,0.445,0.565,0.504945,135.7,0.34,0.0,ETH-26JUL19-300-P,199.74,0.0,0.03,1.0,3.4,5.0,500.0,0.02382,-0.1821,-0.0714,0.00181,-0.96543
199.5,SYN.ETH-30AUG19,1563361191079,open,0.03,50.0,0.001,0.071,0.031457,127.5,0.027,0.0,ETH-30AUG19-340-C,199.74,123.35,0.028,234.0,0.036,297.0,132.69,0.16988,-0.24684,0.03138,0.00278,0.16232
199.7,SYN.ETH-26JUL19,1563361191079,open,0.01,2051.0,0.001,0.054,0.014138,135.02,0.013,0.0,ETH-26JUL19-160-P,199.74,143.72,0.017,113.0,0.021,250.0,155.1,0.06354,-0.48336,-0.00668,0.00485,-0.12344
199.74,SYN.ETH-19JUL19,1563361191077,open,0.0,573.0,0.001,0.04,0.0,134.99,0.001,0.0,ETH-19JUL19-320-C,199.74,0.0,0.0,0.0,0.001,300.0,287.99,0.0,0.0,0.0,0.0,0.0
199.7,SYN.ETH-26JUL19,1563361191077,open,1.94,0.0,1.885,2.124,2.004685,228.36,None,0.0,ETH-26JUL19-600-P,199.74,0.0,0.0,0.0,0.0,0.0,0.0,0.00179,-0.02307,-0.14581,8e-05,-0.9982
199.5,SYN.ETH-30AUG19,1563361191077,open,0.04,219.0,0.001,0.078,0.038746,125.99,0.036,0.0,ETH-30AUG19-320-C,199.74,120.89,0.034,272.0,0.042,288.0,129.35,0.19009,-0.27292,0.03723,0.00315,0.19398
199.7,SYN.ETH-26JUL19,1563361191080,open,0.25,0.0,0.219,0.319,0.269121,135.16,None,0.0,ETH-26JUL19-250-P,199.74,0.0,0.247,120.0,0.0,0.0,0.0,0.07832,-0.59638,-0.05345,0.00598,-0.83161
199.74,SYN.ETH-19JUL19,1563361191077,open,0.0,262.0,0.001,0.041,0.001177,134.97,0.003,0.0,ETH-19JUL19-240-C,199.74,131.38,0.001,461.0,0.003,100.0,161.03,0.01032,-0.23501,0.00032,0.00373,0.03217
199.7,SYN.ETH-26JUL19,1563361191077,open,0.17,0.0,0.139,0.232,0.185567,135.1,None,0.0,ETH-26JUL19-230-P,199.74,101.52,0.169,120.0,0.0,0.0,0.0,0.10589,-0.8059,-0.04368,0.00808,-0.71405
199.74,SYN.ETH-19JUL19,1563361191077,open,0.18,1552.0,0.155,0.25,0.202805,136.15,0.18,0.0,ETH-19JUL19-240-P,199.74,0.0,0.012,4.0,0.9,10.0,500.0,0.01064,-0.38645,-0.012,0.00381,-0.9666
199.74,SYN.ETH-19JUL19,1563361191077,open,0.0,1033.0,0.001,0.04,7e-06,134.98,0.001,0.0,ETH-19JUL19-280-C,199.74,0.0,0.0,0.0,0.001,183.0,217.85,0.00015,-0.00138,0.0,6e-05,0.00029
199.74,SYN.ETH-19JUL19,1563361191077,open,0.0,739.0,0.001,0.04,0.0,134.98,0.003,0.0,ETH-19JUL19-300-C,199.74,0.0,0.0,0.0,0.001,300.0,254.52,1e-05,-7e-05,0.0,0.0,2e-05
199.7,SYN.ETH-26JUL19,1563361191079,open,0.96,985.0,0.924,1.083,1.003161,150.97,0.205,0.0,ETH-26JUL19-400-P,199.74,0.0,0.0,0.0,0.0,0.0,0.0,0.00225,-0.0191,-0.09716,0.00015,-0.9977
199.74,SYN.ETH-19JUL19,1563361191077,open,0.47,211.0,0.442,0.562,0.502035,192.54,0.495,0.0,ETH-19JUL19-300-P,199.74,0.0,0.002,25.0,0.0,0.0,0.0,0.00091,-0.04653,-0.01539,0.00023,-0.998
199.7,SYN.ETH-26JUL19,1563361191079,open,0.86,504.0,0.827,0.979,0.903058,144.65,0.168,0.0,ETH-26JUL19-380-P,199.74,0.0,0.0,0.0,0.0,0.0,0.0,0.00291,-0.02375,-0.09226,0.00021,-0.99692
199.7,SYN.ETH-26JUL19,1563361191079,open,0.57,519.0,0.54,0.667,0.603655,136.37,0.183,0.0,ETH-26JUL19-320-P,199.74,0.0,0.051,5.0,0.0,0.0,0.0,0.01338,-0.1028,-0.07702,0.00101,-0.98262
199.7,SYN.ETH-26JUL19,1563361191080,open,0.09,151.0,0.044,0.123,0.083113,134.96,0.079,0.0,ETH-26JUL19-200-C,199.74,134.78,0.083,138.0,0.093,313.0,150.94,0.12363,-0.94002,0.02214,0.00945,0.53906
199.7,SYN.ETH-26JUL19,1563361191077,open,0.0,2384.0,0.001,0.04,0.0,134.99,0.001,0.0,ETH-26JUL19-500-C,199.74,0.0,0.0,0.0,0.001,571.0,231.78,1e-05,-9e-05,0.0,0.0,1e-05
199.74,SYN.ETH-19JUL19,1563361191077,open,0.08,0.0,0.027,0.106,0.066902,134.86,None,0.0,ETH-19JUL19-190-C,199.74,143.41,0.069,150.0,0.079,150.0,182.81,0.04867,-1.75046,0.00664,0.01761,0.71413
199.7,SYN.ETH-26JUL19,1563361191081,open,0.0,2011.0,0.001,0.041,0.001156,134.99,0.002,0.0,ETH-26JUL19-320-C,199.74,0.0,0.0,0.0,0.003,107.0,155.48,0.01272,-0.09676,0.00074,0.00097,0.01639
9405.14,BTC-27SEP19,1563361191140,open,0.15,179.3,0.113,0.2055,0.1592584,104.86,0.151,0.0,BTC-27SEP19-9000-P,9380.88,104.11,0.158,0.3,0.164,4.6,107.68,15.78184,-11.51229,-9.83416,9e-05,-0.37173
9465.41,BTC-27DEC19,1563361191147,open,0.02,246.9,0.0005,0.057,0.01710769,114.5,0.0165,0.0,BTC-27DEC19-40000-C,9380.88,112.58,0.0155,6.0,0.0195,21.0,117.17,8.16588,-2.87021,2.0888,2e-05,0.06656
9395.52,SYN.BTC-30AUG19,1563361191260,open,0.33,1.0,0.296,0.4035,0.34960845,114.11,0.3045,0.0,BTC-30AUG19-12000-P,9380.88,107.23,0.341,3.0,0.3785,3.0,136.32,11.89521,-15.46837,-11.43623,0.0001,-0.66299
9405.14,BTC-27SEP19,1563361191287,open,0.49,793.2,0.4425,0.522,0.4823439,106.01,0.5945,0.0,BTC-27SEP19-5000-C,9380.88,95.57,0.4775,11.0,0.485,11.0,111.02,4.79155,-3.53346,8.52706,3e-05,0.94276
9404.87,BTC-27SEP19,1563361191291,open,0.17,806.4,0.121,0.2005,0.16076547,105.43,0.161,0.0,BTC-27SEP19-10000-C,9380.88,103.29,0.157,14.4,0.164,11.0,107.26,16.56198,-12.14656,7.0404,9e-05,0.54093
9405.14,BTC-27SEP19,1563361191306,open,0.13,406.8,0.089,0.1685,0.12869845,106.53,0.13,0.0,BTC-27SEP19-11000-C,9380.88,104.14,0.1245,26.4,0.1325,11.0,108.68,16.57517,-12.28311,6.17583,9e-05,0.46216
9405.14,BTC-27SEP19,1563361191314,open,0.13,406.8,0.089,0.1685,0.12869845,106.53,0.13,0.0,BTC-27SEP19-11000-C,9380.88,104.14,0.1245,26.4,0.1325,23.0,108.68,16.57517,-12.28311,6.17583,9e-05,0.46216
9465.14,BTC-27DEC19,1563361191315,open,0.03,58.2,0.0005,0.0665,0.02688703,110.74,0.03,0.0,BTC-27DEC19-32000-C,9380.88,109.54,0.0255,6.0,0.0295,21.0,112.9,11.16318,-3.79483,3.12284,3e-05,0.10083
9405.14,BTC-27SEP19,1563361191319,open,0.4,714.8,0.355,0.4345,0.39477578,105.15,0.434,0.0,BTC-27SEP19-6000-C,9380.88,98.89,0.3895,11.0,0.3985,11.0,109.39,8.13726,-5.95223,9.06585,4e-05,0.88428
9405.14,BTC-27SEP19,1563361191317,open,0.03,553.4,0.0005,0.074,0.03272482,105.16,0.0305,0.0,BTC-27SEP19-6000-P,9380.88,103.15,0.031,20.6,0.035,24.0,107.76,8.13795,-5.95332,-2.74964,4e-05,-0.11574
9405.14,BTC-27SEP19,1563361191329,open,0.26,901.1,0.2155,0.295,0.25508574,104.97,0.25,0.0,BTC-27SEP19-8000-C,9380.88,99.22,0.2465,11.0,0.257,11.0,106.25,14.07009,-10.27444,8.59459,8e-05,0.71914
9405.14,BTC-27SEP19,1563361191351,open,0.13,406.8,0.089,0.1685,0.12869845,106.53,0.13,0.0,BTC-27SEP19-11000-C,9380.88,104.14,0.1245,26.4,0.1315,11.0,108.12,16.57517,-12.28311,6.17583,9e-05,0.46216
9404.87,BTC-27SEP19,1563361191361,open,0.17,806.4,0.121,0.2005,0.16076547,105.43,0.161,0.0,BTC-27SEP19-10000-C,9380.88,103.29,0.157,14.4,0.163,11.0,106.69,16.56198,-12.14656,7.0404,9e-05,0.54093
9381.77,SYN.BTC-19JUL19,1563361191394,open,0.08,24.0,0.024,0.1035,0.06386816,143.92,0.056,0.0,BTC-19JUL19-9000-C,9380.88,134.7,0.0615,0.8,0.067,18.0,156.0,2.4195,-92.85526,0.29463,0.00037,0.67521
9405.14,BTC-27SEP19,1563361191465,open,0.07,163.5,0.0265,0.106,0.06617946,108.45,0.069,0.0,BTC-27SEP19-14000-C,9380.88,106.64,0.0635,32.9,0.0695,11.0,110.66,14.02338,-10.57954,3.94046,7e-05,0.27894
9383.84,SYN.BTC-26JUL19,1563361191478,open,0.43,0.0,0.3745,0.454,0.41442601,145.55,0.4,0.0,BTC-26JUL19-5500-C,9380.88,0.0,0.0005,0.1,0.0,0.0,0.0,0.27815,-2.2809,1.32057,1e-05,0.99319
9404.95,BTC-27SEP19,1563361191488,open,0.01,288.9,0.0005,0.0505,0.01075396,115.75,0.009,0.0,BTC-27SEP19-24000-C,9381.13,112.19,0.009,39.0,0.0125,11.0,118.97,4.87754,-3.92753,0.8853,2e-05,0.05856
9404.95,BTC-27SEP19,1563361191489,open,0.66,0.0,0.617,0.6965,0.65656701,116.22,None,0.0,BTC-27SEP19-3250-C,9381.13,0.0,0.005,10.0,0.898,5.0,500.0,1.13355,-0.91646,6.17113,1e-05,0.98978
9404.95,BTC-27SEP19,1563361191489,open,0.64,261.1,0.591,0.6705,0.63077495,114.2,0.714,0.0,BTC-27SEP19-3500-C,9381.13,0.0,0.161,1.0,0.7225,10.0,299.27,1.46768,-1.16595,6.58315,1e-05,0.98624
9404.95,BTC-27SEP19,1563361191490,open,0.62,29.6,0.583,0.7145,0.64861328,109.24,0.601,0.0,BTC-27SEP19-15000-P,9381.13,0.0,0.005,10.0,1.262,0.3,500.0,12.84267,-9.75966,-26.16939,7e-05,-0.76442
9465.51,BTC-27DEC19,1563361191490,open,0.02,181.3,0.0005,0.0535,0.01381194,115.75,0.0125,0.0,BTC-27DEC19-44000-C,9381.13,113.19,0.012,6.0,0.016,21.0,118.57,7.00627,-2.4895,1.72819,2e-05,0.05473
9383.84,SYN.BTC-26JUL19,1563361191488,open,0.27,4.8,0.221,0.3005,0.26096243,135.84,0.455,0.0,BTC-26JUL19-7000-C,9381.13,0.0,0.006,3.0,0.0,0.0,0.0,1.92492,-14.73082,1.53072,7e-05,0.93183
9404.95,BTC-27SEP19,1563361191490,open,0.0,609.1,0.0005,0.0415,0.00184665,121.82,0.002,0.0,BTC-27SEP19-3000-P,9381.13,111.93,0.001,4.8,0.003,15.0,131.31,0.97108,-0.82292,-0.19278,0.0,-0.00856
9404.95,BTC-27SEP19,1563361191490,open,0.79,28.2,0.748,0.8275,0.78789005,139.37,0.755,0.0,BTC-27SEP19-2000-C,9381.13,0.0,0.01,1.0,0.924,5.0,500.0,0.3191,-0.30938,3.88274,0.0,0.99754
9465.51,BTC-27DEC19,1563361191490,open,0.13,243.3,0.0835,0.163,0.1232545,101.86,0.133,0.0,BTC-27DEC19-15000-C,9381.13,100.16,0.119,15.9,0.1275,21.0,103.54,23.8372,-7.45349,10.34897,6e-05,0.36827
9383.84,SYN.BTC-26JUL19,1563361191488,open,0.23,17.0,0.175,0.2545,0.21454587,134.98,0.246,0.0,BTC-26JUL19-7500-C,9381.13,0.0,0.005,0.1,0.0,0.0,0.0,2.94473,-22.39387,1.51601,0.0001,0.87897
9404.95,BTC-27SEP19,1563361191490,open,1.11,0.0,1.062,1.233,1.14747129,113.25,None,0.0,BTC-27SEP19-20000-P,9381.13,0.0,0.005,10.0,1.7495,0.2,500.0,7.62268,-6.00548,-37.81463,4e-05,-0.89435
9381.51,SYN.BTC-19JUL19,1563361191488,open,0.15,296.3,0.1285,0.222,0.17546706,143.75,0.1615,0.0,BTC-19JUL19-11000-P,9381.13,0.0,0.171,0.1,0.2,8.0,284.93,0.87975,-33.72393,-0.53387,0.00014,-0.93231
9404.95,BTC-27SEP19,1563361191491,open,0.0,490.7,0.0005,0.0405,0.00053973,139.24,0.0005,0.0,BTC-27SEP19-2000-P,9381.13,0.0,0.0,0.0,0.001,6.0,150.08,0.31731,-0.30736,-0.05526,0.0,-0.00244
9383.84,SYN.BTC-26JUL19,1563361191488,open,0.32,56.6,0.288,0.395,0.34137423,133.77,0.3555,0.0,BTC-26JUL19-12500-P,9381.13,92.16,0.3335,7.5,0.3715,7.5,210.13,2.60501,-19.63254,-2.8279,9e-05,-0.89802
9404.95,BTC-27SEP19,1563361191491,open,0.01,190.2,0.0005,0.0455,0.00577359,117.47,0.006,0.0,BTC-27SEP19-28000-C,9381.13,113.3,0.0045,39.0,0.007,3.0,120.95,3.10707,-2.53894,0.51259,2e-05,0.03345
9465.51,BTC-27DEC19,1563361191491,open,2.15,0.2,2.0725,2.328,2.20024997,109.84,2.2245,0.0,BTC-27DEC19-30000-P,9381.13,0.0,0.0,0.0,0.0,0.0,0.0,12.20005,-4.11364,-130.35605,3e-05,-0.88596
9383.84,SYN.BTC-26JUL19,1563361191490,open,0.67,5.0,0.638,0.7735,0.70576015,140.65,0.2255,0.0,BTC-26JUL19-16000-P,9381.13,0.0,0.0,0.0,0.0,0.0,0.0,0.39278,-3.11241,-3.86901,1e-05,-0.98992
9383.84,SYN.BTC-26JUL19,1563361191488,open,0.0,625.7,0.0005,0.04,0.00039938,144.78,0.0005,0.0,BTC-26JUL19-17000-C,9381.13,0.0,0.0,0.0,0.001,5.4,160.83,0.24445,-1.99395,0.01251,1e-05,0.00588
9383.84,SYN.BTC-26JUL19,1563361191489,open,0.32,0.0,0.271,0.3505,0.3107652,139.91,0.3665,0.0,BTC-26JUL19-6500-C,9381.13,0.0,0.005,0.1,0.0,0.0,0.0,1.17174,-9.23622,1.4892,4e-05,0.96344
9395.52,SYN.BTC-30AUG19,1563361191491,open,0.8,0.0,0.7555,0.901,0.82819239,119.56,None,0.0,BTC-30AUG19-17000-P,9381.13,0.0,0.0,0.0,0.0,0.0,0.0,6.14992,-8.37935,-19.39817,5e-05,-0.88938
9381.51,SYN.BTC-19JUL19,1563361191489,open,0.72,0.0,0.6885,0.829,0.75872916,0.0,None,0.0,BTC-19JUL19-16500-P,9381.13,0.0,0.0,0.0,0.0,0.0,0.0,0.0,0.0,-0.8476,0.0,-1.0
9395.52,SYN.BTC-30AUG19,1563361191489,open,0.02,0.5,0.0005,0.0585,0.01886519,119.63,0.019,0.0,BTC-30AUG19-17000-C,9381.13,115.08,0.016,34.0,0.0205,15.0,122.07,6.15699,-8.39379,1.03826,5e-05,0.1108
9383.84,SYN.BTC-26JUL19,1563361191489,open,0.01,280.7,0.0005,0.0445,0.0046614,137.14,0.006,0.0,BTC-26JUL19-13500-C,9381.13,133.19,0.004,10.1,0.0055,3.0,141.72,1.63899,-12.6628,0.11596,6e-05,0.05548
9395.52,SYN.BTC-30AUG19,1563361191488,open,0.6,0.0,0.563,0.693,0.62799678,117.34,None,0.0,BTC-30AUG19-15000-P,9381.13,0.0,0.0,0.0,0.0,0.0,0.0,8.3033,-11.10313,-16.44459,7e-05,-0.82806
9405.2,BTC-27SEP19,1563361191493,open,0.54,289.7,0.49,0.5695,0.52997712,107.22,0.588,0.0,BTC-27SEP19-4500-C,9381.13,0.0,0.002,1.1,0.67,5.0,299.13,3.37147,-2.51482,8.02071,2e-05,0.96305
9383.84,SYN.BTC-26JUL19,1563361191489,open,0.47,11.0,0.4355,0.5545,0.49498433,136.82,0.1845,0.0,BTC-26JUL19-14000-P,9381.13,0.0,0.4905,7.5,0.5285,7.5,248.41,1.22197,-9.41917,-3.32327,4e-05,-0.96151
9383.84,SYN.BTC-26JUL19,1563361191488,open,0.57,10.0,0.5365,0.664,0.60007601,140.41,0.17,0.0,BTC-26JUL19-15000-P,9381.13,0.0,0.0,0.0,0.0,0.0,0.0,0.73922,-5.84732,-3.60289,2e-05,-0.97897
9383.84,SYN.BTC-26JUL19,1563361191489,open,0.78,0.0,0.7395,0.884,0.81197334,142.74,None,0.0,BTC-26JUL19-17000-P,9381.13,0.0,0.0,0.0,0.0,0.0,0.0,0.22125,-1.77921,-4.12236,1e-05,-0.99474
9395.52,SYN.BTC-30AUG19,1563361191492,open,0.7,0.0,0.658,0.796,0.72708051,118.33,None,0.0,BTC-30AUG19-16000-P,9381.13,0.0,0.0,0.0,0.0,0.0,0.0,7.15483,-9.64788,-17.95489,6e-05,-0.8627
9383.84,SYN.BTC-26JUL19,1563361191489,open,0.0,213.0,0.0005,0.041,0.00128895,139.92,0.0015,0.0,BTC-26JUL19-6000-P,9381.13,134.75,0.001,1.0,0.0015,4.7,143.24,0.56776,-4.4756,-0.03815,2e-05,-0.01543
9395.52,SYN.BTC-30AUG19,1563361191488,open,0.31,0.0,0.2605,0.34,0.30009467,114.53,None,0.0,BTC-30AUG19-7000-C,9381.13,0.0,0.0,0.0,0.0,0.0,0.0,8.35651,-10.90695,5.94323,7e-05,0.82633
9383.84,SYN.BTC-26JUL19,1563361191490,open,0.19,35.6,0.1315,0.211,0.17149619,132.56,0.1785,0.0,BTC-26JUL19-8000-C,9381.13,0.0,0.0005,5.0,0.0,0.0,0.0,3.98003,-29.72269,1.45522,0.00014,0.80928
9383.84,SYN.BTC-26JUL19,1563361191489,open,0.42,32.3,0.386,0.5005,0.44326425,136.91,0.29,0.0,BTC-26JUL19-13500-P,9381.13,0.0,0.435,7.5,0.476,7.5,236.35,1.63103,-12.5801,-3.16726,6e-05,-0.94486
9381.51,SYN.BTC-19JUL19,1563361191488,open,0.51,0.0,0.484,0.607,0.54555026,0.0,None,0.0,BTC-19JUL19-14500-P,9381.13,0.0,0.001,1.0,0.0,0.0,0.0,0.0,0.0,-0.74486,0.0,-1.0
9383.84,SYN.BTC-26JUL19,1563361191493,open,0.02,542.0,0.0005,0.053,0.01300121,131.56,0.015,0.0,BTC-26JUL19-12000-C,9381.13,130.08,0.0125,30.0,0.0145,0.1,135.85,3.20103,-23.72488,0.28177,0.00011,0.13649
9381.51,SYN.BTC-19JUL19,1563361191490,open,0.62,0.0,0.5865,0.718,0.65213953,0.0,None,0.0,BTC-19JUL19-15500-P,9381.13,0.0,0.001,1.0,0.0,0.0,0.0,0.0,0.0,-0.79623,0.0,-1.0
9381.51,SYN.BTC-19JUL19,1563361191488,open,0.36,82.8,0.3305,0.441,0.38569377,0.0,0.348,0.0,BTC-19JUL19-13000-P,9381.13,0.0,0.3795,6.0,0.4165,6.0,450.5,0.0,0.0,-0.66781,0.0,-1.0
9383.84,SYN.BTC-26JUL19,1563361191494,open,0.37,1.0,0.322,0.4015,0.36190991,140.22,0.354,0.0,BTC-26JUL19-6000-C,9381.13,0.0,0.0005,0.1,0.0,0.0,0.0,0.57277,-4.52461,1.42035,2e-05,0.98441
9383.84,SYN.BTC-26JUL19,1563361191489,open,0.62,0.0,0.587,0.7185,0.65281106,140.17,None,0.0,BTC-26JUL19-15500-P,9381.13,0.0,0.0,0.0,0.0,0.0,0.0,0.53443,-4.22038,-3.73838,2e-05,-0.98562
9381.51,SYN.BTC-19JUL19,1563361191494,open,0.17,0.0,0.11,0.1895,0.14988731,145.28,None,0.0,BTC-19JUL19-8000-C,9381.13,0.0,0.0,0.0,0.0,0.0,0.0,0.76757,-29.73617,0.3823,0.00012,0.94317
9465.51,BTC-27DEC19,1563361191522,open,0.78,7.1,0.728,0.8715,0.79972773,102.39,0.491,0.0,BTC-27DEC19-16000-P,9381.13,0.0,0.005,5.0,1.568,0.2,500.0,23.04195,-7.24248,-61.8576,6e-05,-0.66477
9383.84,SYN.BTC-26JUL19,1563361191520,open,0.05,733.2,0.019,0.1035,0.06111852,131.39,0.067,0.0,BTC-26JUL19-9000-P,9381.13,129.5,0.06,0.1,0.0665,41.5,140.44,5.57002,-41.22971,-1.00579,0.0002,-0.37969
9465.51,BTC-27DEC19,1563361191530,open,1.74,0.0,1.6775,1.9,1.78857223,107.96,None,0.0,BTC-27DEC19-26000-P,9381.13,0.0,0.005,10.0,2.5945,0.2,500.0,14.68034,-4.86533,-111.48869,3e-05,-0.85095
9395.52,SYN.BTC-30AUG19,1563361191532,open,0.18,5.1,0.147,0.242,0.19457245,113.08,0.1915,0.0,BTC-30AUG19-10000-P,9381.13,110.85,0.1915,14.4,0.2015,7.1,118.09,12.98662,-16.73486,-7.67788,0.00011,-0.48525
9395.52,SYN.BTC-30AUG19,1563361191558,open,0.05,10.3,0.0015,0.081,0.04140548,116.37,0.0485,0.0,BTC-30AUG19-14000-C,9381.13,113.98,0.039,19.3,0.0435,5.0,118.42,9.53639,-12.64694,1.96863,8e-05,0.21571
9381.51,SYN.BTC-19JUL19,1563361191546,open,0.04,547.1,0.005,0.0885,0.04670963,139.35,0.053,0.0,BTC-19JUL19-9500-P,9381.13,145.62,0.0485,1.7,0.053,27.5,161.39,2.6748,-99.39247,-0.27802,0.00042,-0.53019
9395.52,SYN.BTC-30AUG19,1563361191582,open,0.05,10.3,0.0015,0.081,0.04140548,116.37,0.0485,0.0,BTC-30AUG19-14000-C,9381.13,113.98,0.039,19.3,0.0435,15.0,118.42,9.53639,-12.64694,1.96863,8e-05,0.21571
9465.51,BTC-27DEC19,1563361191601,open,0.33,205.5,0.282,0.3615,0.3217202,98.05,0.32,0.0,BTC-27DEC19-8000-C,9381.13,94.62,0.314,11.0,0.324,11.0,99.07,21.2665,-6.4013,16.84354,5e-05,0.7205
9465.51,BTC-27DEC19,1563361191617,open,0.52,68.4,0.4725,0.552,0.51202257,98.05,0.511,0.0,BTC-27DEC19-5000-C,9381.13,93.56,0.507,11.0,0.5165,11.0,101.91,10.80918,-3.25361,16.53622,3e-05,0.90352
9404.95,BTC-27SEP19,1563361191630,open,0.26,901.1,0.2155,0.295,0.25508574,104.98,0.25,0.0,BTC-27SEP19-8000-C,9381.13,100.24,0.248,11.0,0.257,11.0,106.26,14.07026,-10.2756,8.59395,8e-05,0.71912
9404.95,BTC-27SEP19,1563361191641,open,0.4,714.8,0.355,0.4345,0.39477578,105.17,0.434,0.0,BTC-27SEP19-6000-C,9381.13,98.9,0.3895,11.0,0.3975,11.0,108.28,8.13883,-5.95448,9.06489,4e-05,0.88424
9404.95,BTC-27SEP19,1563361191658,open,0.33,748.2,0.279,0.3585,0.3188818,104.97,0.3315,0.0,BTC-27SEP19-7000-C,9381.13,98.41,0.311,11.0,0.3535,11.0,132.49,11.43452,-8.34994,9.04001,6e-05,0.807
9383.84,SYN.BTC-26JUL19,1563361191699,open,0.08,392.1,0.044,0.1305,0.08710953,129.26,0.0975,0.0,BTC-26JUL19-9500-P,9381.13,129.08,0.087,18.0,0.0945,25.5,141.15,5.83291,-42.47628,-1.30344,0.00021,-0.48415
9383.84,SYN.BTC-26JUL19,1563361191709,open,0.05,132.3,0.0005,0.078,0.03842657,129.3,0.038,0.0,BTC-26JUL19-10500-C,9381.13,126.75,0.037,40.5,0.0425,12.8,136.51,5.25964,-38.31376,0.65154,0.00019,0.32398
9395.52,SYN.BTC-30AUG19,1563361191728,open,0.33,1.0,0.296,0.4035,0.34960845,114.11,0.3045,0.0,BTC-30AUG19-12000-P,9381.13,106.83,0.3405,3.0,0.3785,3.0,136.32,11.89521,-15.46837,-11.43623,0.0001,-0.66299
9383.84,SYN.BTC-26JUL19,1563361191731,open,0.27,315.8,0.2405,0.343,0.2917593,131.45,0.284,0.0,BTC-26JUL19-12000-P,9381.13,122.95,0.289,7.5,0.3205,7.5,197.55,3.19738,-23.67896,-2.63647,0.00011,-0.86373
9465.51,BTC-27DEC19,1563361191733,open,0.33,205.5,0.282,0.3615,0.3217202,98.05,0.32,0.0,BTC-27DEC19-8000-C,9381.13,95.06,0.315,11.0,0.324,11.0,99.07,21.2665,-6.4013,16.84354,5e-05,0.7205
9381.51,SYN.BTC-19JUL19,1563361191741,open,0.31,62.5,0.2795,0.3855,0.33247439,138.84,0.3,0.0,BTC-19JUL19-12500-P,9381.13,0.0,0.3265,6.0,0.361,6.0,406.28,0.04834,-1.78981,-0.64105,1e-05,-0.9977
9465.51,BTC-27DEC19,1563361191744,open,0.13,243.3,0.0835,0.163,0.1232545,101.86,0.133,0.0,BTC-27DEC19-15000-C,9381.13,100.16,0.119,15.9,0.1275,10.0,103.54,23.8372,-7.45349,10.34897,6e-05,0.36827
9465.51,BTC-27DEC19,1563361191752,open,0.28,189.9,0.2435,0.3465,0.29488894,98.75,0.279,0.0,BTC-27DEC19-10000-P,9381.13,96.28,0.2885,10.9,0.3015,10.9,101.31,24.47003,-7.418,-29.46177,6e-05,-0.40263
9404.95,BTC-27SEP19,1563361191754,open,0.45,35.9,0.406,0.5225,0.46424758,107.64,0.391,0.0,BTC-27SEP19-13000-P,9381.13,104.99,0.46,6.0,0.4765,6.0,115.16,15.12118,-11.32292,-20.99927,8e-05,-0.66962
9404.95,BTC-27SEP19,1563361191756,open,0.13,406.8,0.089,0.1685,0.12869845,106.53,0.13,0.0,BTC-27SEP19-11000-C,9381.13,104.15,0.1245,26.4,0.132,11.0,108.4,16.57481,-12.28345,6.17555,9e-05,0.46215
9381.51,SYN.BTC-19JUL19,1563361191765,open,0.46,16.4,0.433,0.5515,0.49225677,0.0,0.495,0.0,BTC-19JUL19-14000-P,9381.13,0.0,0.485,6.0,0.526,6.0,500.0,0.0,0.0,-0.71918,0.0,-1.0
9383.84,SYN.BTC-26JUL19,1563361191767,open,0.47,11.0,0.4355,0.5545,0.49498433,136.82,0.1845,0.0,BTC-26JUL19-14000-P,9381.13,0.0,0.49,7.7,0.5285,7.5,248.41,1.22197,-9.41917,-3.32327,4e-05,-0.96151
9465.51,BTC-27DEC19,1563361191768,open,0.52,68.4,0.4725,0.552,0.51202257,98.05,0.511,0.0,BTC-27DEC19-5000-C,9381.13,93.56,0.507,11.0,0.5145,11.0,100.2,10.80918,-3.25361,16.53622,3e-05,0.90352
9383.84,SYN.BTC-26JUL19,1563361191777,open,0.32,56.6,0.288,0.395,0.34137423,133.77,0.3555,0.0,BTC-26JUL19-12500-P,9381.13,86.33,0.333,7.5,0.3715,7.5,210.13,2.60501,-19.63254,-2.8279,9e-05,-0.89802
9404.95,BTC-27SEP19,1563361191779,open,0.33,748.2,0.279,0.3585,0.3188818,104.97,0.3315,0.0,BTC-27SEP19-7000-C,9381.13,100.09,0.313,11.0,0.3535,11.0,132.49,11.43452,-8.34994,9.04001,6e-05,0.807
199.5,SYN.ETH-30AUG19,1563361191814,open,0.04,219.0,0.001,0.078,0.038758,125.99,0.036,0.0,ETH-30AUG19-320-C,199.74,120.89,0.034,271.0,0.042,288.0,129.35,0.19009,-0.27292,0.03723,0.00315,0.19398
199.74,SYN.ETH-19JUL19,1563361191838,open,0.05,154.0,0.001,0.077,0.037962,134.91,0.046,0.0,ETH-19JUL19-200-C,199.74,149.13,0.042,83.0,0.049,149.0,173.64,0.05708,-2.05348,0.00488,0.02064,0.5139
9404.95,BTC-27SEP19,1563361191852,open,0.0,442.4,0.0005,0.043,0.00340445,119.57,0.0025,0.0,BTC-27SEP19-32000-C,9381.13,111.98,0.002,39.0,0.005,29.8,125.91,2.0682,-1.72035,0.31764,1e-05,0.02056
9404.95,BTC-27SEP19,1563361191858,open,0.15,179.3,0.113,0.2055,0.1592584,104.85,0.151,0.0,BTC-27SEP19-9000-P,9381.13,103.5,0.157,19.3,0.164,4.6,107.68,15.78182,-11.51109,-9.83423,9e-05,-0.37175
9404.95,BTC-27SEP19,1563361191969,open,0.03,310.3,0.0005,0.07,0.03012042,111.87,0.0305,0.0,BTC-27SEP19-18000-C,9381.13,109.74,0.028,29.0,0.032,11.0,113.71,9.50009,-7.39352,2.12245,5e-05,0.14472
9383.84,SYN.BTC-26JUL19,1563361192008,open,0.02,443.2,0.0005,0.0645,0.02400158,132.5,0.024,0.0,BTC-26JUL19-8000-P,9381.13,131.31,0.0235,24.0,0.027,2.0,139.47,3.97904,-29.70269,-0.48976,0.00014,-0.19065
9381.51,SYN.BTC-19JUL19,1563361192010,open,0.0,0.6,0.0005,0.0405,0.00051643,144.98,0.0025,0.0,BTC-19JUL19-7500-P,9381.13,160.31,0.001,23.1,0.0025,0.5,189.29,0.23539,-4.84493,-0.00685,4e-05,-0.01369
9383.84,SYN.BTC-26JUL19,1563361192020,open,0.03,281.8,0.0005,0.0665,0.0267133,129.3,0.026,0.0,BTC-26JUL19-11000-C,9381.13,127.84,0.026,35.5,0.03,0.1,135.89,4.60937,-33.5768,0.5002,0.00017,0.24594
9404.95,BTC-27SEP19,1563361192032,open,0.45,224.0,0.3975,0.477,0.4371225,105.37,0.5225,0.0,BTC-27SEP19-5500-C,9381.13,97.46,0.432,11.0,0.44,11.0,109.49,6.41449,-4.7017,8.87603,3e-05,0.91639
9381.51,SYN.BTC-19JUL19,1563361192040,open,0.02,115.8,0.0005,0.056,0.01631855,139.43,0.015,0.0,BTC-19JUL19-10000-C,9381.13,138.11,0.016,2.1,0.0175,5.1,144.32,2.25545,-83.86357,0.1261,0.00036,0.27797
9465.51,BTC-27DEC19,1563361192040,open,0.45,122.9,0.399,0.4785,0.43890261,98.05,0.439,0.0,BTC-27DEC19-6000-C,9381.13,93.64,0.432,11.0,0.4415,11.0,99.69,14.93998,-4.497,17.23606,4e-05,0.84697
9383.84,SYN.BTC-26JUL19,1563361192050,open,0.18,381.0,0.151,0.2465,0.19890821,129.23,0.215,0.0,BTC-26JUL19-11000-P,9381.13,127.37,0.198,7.5,0.21,7.5,150.85,4.60792,-33.54887,-2.17472,0.00017,-0.75421
9383.84,SYN.BTC-26JUL19,1563361192052,open,0.22,273.8,0.1945,0.2935,0.24402088,129.97,0.222,0.0,BTC-26JUL19-11500-P,9381.13,123.73,0.2415,7.5,0.2545,7.5,153.4,3.88615,-28.45504,-2.41977,0.00014,-0.8165
9404.95,BTC-27SEP19,1563361192054,open,0.33,748.2,0.279,0.3585,0.3188818,104.97,0.3315,0.0,BTC-27SEP19-7000-C,9381.13,99.67,0.3125,11.0,0.3535,11.0,132.49,11.43452,-8.34994,9.04001,6e-05,0.807
9404.95,BTC-27SEP19,1563361192075,open,0.21,218.1,0.1755,0.2725,0.22402478,105.42,0.2285,0.0,BTC-27SEP19-10000-P,9381.13,103.98,0.2215,16.3,0.229,4.6,108.24,16.56215,-12.14542,-12.65117,9e-05,-0.45908
9395.52,SYN.BTC-30AUG19,1563361192094,open,0.14,30.4,0.0905,0.17,0.13025277,113.1,0.1215,0.0,BTC-30AUG19-10000-C,9381.13,108.93,0.1245,14.4,0.132,5.0,114.35,12.9866,-16.73766,4.34264,0.00011,0.51477
9465.51,BTC-27DEC19,1563361192133,open,0.45,122.9,0.399,0.4785,0.4389133,98.05,0.439,0.0,BTC-27DEC19-6000-C,9381.13,94.61,0.4335,11.0,0.4415,11.0,99.69,14.93998,-4.497,17.23606,4e-05,0.84697
9383.84,SYN.BTC-26JUL19,1563361192144,open,0.18,381.0,0.151,0.2465,0.19893524,129.23,0.215,0.0,BTC-26JUL19-11000-P,9381.13,126.34,0.1975,7.5,0.21,7.5,150.85,4.60792,-33.54887,-2.17472,0.00017,-0.75421
9395.52,SYN.BTC-30AUG19,1563361192146,open,0.25,14.6,0.217,0.318,0.26735398,113.09,0.2625,0.0,BTC-30AUG19-11000-P,9381.13,111.74,0.2655,14.4,0.2775,3.0,120.57,12.72251,-16.39646,-9.58811,0.00011,-0.58163
9381.51,SYN.BTC-19JUL19,1563361192142,open,0.08,24.0,0.024,0.1035,0.06385074,144.0,0.056,0.0,BTC-19JUL19-9000-C,9381.13,134.77,0.0615,0.9,0.067,18.0,156.07,2.41997,-92.92878,0.29454,0.00037,0.67503
9465.51,BTC-27DEC19,1563361192148,open,0.25,452.1,0.1985,0.278,0.2383946,98.73,0.238,0.0,BTC-27DEC19-10000-C,9381.13,96.85,0.2335,3.6,0.2425,11.0,100.33,24.47043,-7.41692,15.16217,6e-05,0.59735
9381.51,SYN.BTC-19JUL19,1563361192155,open,0.04,547.1,0.005,0.0885,0.04672661,139.35,0.053,0.0,BTC-19JUL19-9500-P,9381.13,143.87,0.048,2.3,0.053,27.5,161.39,2.6748,-99.39247,-0.27802,0.00042,-0.53019
9465.51,BTC-27DEC19,1563361192157,open,0.21,426.5,0.1675,0.247,0.20735382,99.52,0.206,0.0,BTC-27DEC19-11000-C,9381.13,97.69,0.2025,11.0,0.212,11.0,101.28,25.08285,-7.66289,14.15082,6e-05,0.54236
9404.95,BTC-27SEP19,1563361192165,open,0.53,78.2,0.493,0.6165,0.55475307,108.43,0.54,0.0,BTC-27SEP19-14000-P,9381.13,105.23,0.55,6.0,0.5685,6.0,117.45,14.02144,-10.57648,-23.62885,7e-05,-0.72113
9465.51,BTC-27DEC19,1563361192167,open,0.51,58.3,0.4705,0.5925,0.53170596,100.68,0.537,0.0,BTC-27DEC19-13000-P,9381.13,97.93,0.5245,6.0,0.539,3.6,103.42,24.99473,-7.72528,-45.85535,6e-05,-0.55389
9465.26,BTC-27DEC19,1563361192170,open,0.6,17.7,0.5535,0.6825,0.61800829,101.1,0.6235,0.0,BTC-27DEC19-14000-P,9381.13,98.19,0.6105,6.0,0.626,3.6,104.17,24.49727,-7.60316,-51.25861,6e-05,-0.59557
9381.51,SYN.BTC-19JUL19,1563361192204,open,0.02,266.8,0.0005,0.064,0.02318501,143.9,0.027,0.0,BTC-19JUL19-9000-P,9381.13,143.22,0.023,1.7,0.027,25.1,158.62,2.41968,-92.84919,-0.16774,0.00037,-0.32488
9384.1,SYN.BTC-26JUL19,1563361192222,open,0.0,511.1,0.0005,0.0405,0.00074908,141.75,0.0005,0.0,BTC-26JUL19-16000-C,9381.13,0.0,0.0,0.0,0.001,3.5,146.91,0.41127,-3.28446,0.02254,1e-05,0.01063
9383.84,SYN.BTC-26JUL19,1563361192249,open,0.05,132.3,0.0005,0.078,0.03841895,129.3,0.038,0.0,BTC-26JUL19-10500-C,9381.13,126.75,0.037,40.5,0.0425,12.7,136.51,5.25964,-38.31376,0.65154,0.00019,0.32398
9381.76,SYN.BTC-19JUL19,1563361192259,open,0.0,3.0,0.0005,0.0425,0.00260616,145.02,0.0025,0.0,BTC-19JUL19-8000-P,9381.13,149.68,0.003,3.1,0.0055,46.0,174.08,0.76408,-24.45041,-0.02849,0.00012,-0.0565
9395.52,SYN.BTC-30AUG19,1563361192262,open,0.02,0.5,0.0005,0.0545,0.0148278,120.81,0.02,0.0,BTC-30AUG19-18000-C,9381.13,116.48,0.0125,10.0,0.0165,15.0,123.7,5.27571,-7.26333,0.84531,4e-05,0.08968
9404.95,BTC-27SEP19,1563361192272,open,0.02,319.0,0.0005,0.0625,0.02191134,105.35,0.0225,0.0,BTC-27SEP19-5500-P,9381.13,103.26,0.0205,21.0,0.024,24.0,108.36,6.41315,-4.69995,-1.9538,3e-05,-0.08359
9395.52,SYN.BTC-30AUG19,1563361192281,open,0.18,5.1,0.147,0.242,0.19458932,113.08,0.1915,0.0,BTC-30AUG19-10000-P,9381.13,110.85,0.1915,14.4,0.2015,7.2,118.09,12.98662,-16.73486,-7.67788,0.00011,-0.48525
199.5,SYN.ETH-30AUG19,1563361192297,open,0.22,107.0,0.171,0.25,0.210878,120.47,0.184,0.0,ETH-30AUG19-180-C,199.74,109.33,0.197,120.0,0.22,120.0,127.78,0.24879,-0.34157,0.11141,0.00432,0.67546
199.69,SYN.ETH-26JUL19,1563361192308,open,0.0,0.0,0.001,0.043,0.003312,134.99,None,0.0,ETH-26JUL19-140-P,199.74,147.01,0.005,425.0,0.009,250.0,168.92,0.02492,-0.18952,-0.00193,0.0019,-0.03653
201.19,ETH-27DEC19,1563361192325,open,0.07,1057.0,0.03,0.115,0.072645,106.67,0.068,0.0,ETH-27DEC19-120-P,199.74,102.84,0.067,262.0,0.079,312.0,110.91,0.29875,-0.09783,-0.19067,0.00155,-0.13974
9395.52,SYN.BTC-30AUG19,1563361192324,open,0.18,0.4,0.133,0.2125,0.17285005,112.15,0.1895,0.0,BTC-30AUG19-9000-C,9381.13,107.71,0.167,14.4,0.176,4.3,114.53,12.4048,-15.85379,5.048,0.0001,0.61983
9383.84,SYN.BTC-26JUL19,1563361192370,open,0.0,262.6,0.0005,0.0435,0.00342704,139.76,0.0025,0.0,BTC-26JUL19-6500-P,9381.13,131.66,0.0025,30.0,0.005,37.5,151.11,1.16807,-9.19704,-0.09091,4e-05,-0.03642
9404.95,BTC-27SEP19,1563361192371,open,0.59,227.5,0.54,0.6195,0.57961451,109.65,0.7065,0.0,BTC-27SEP19-4000-C,9381.13,82.91,0.5755,11.0,0.582,11.0,118.5,2.2515,-1.71734,7.36447,1e-05,0.97727
9405.25,BTC-27SEP19,1563361192376,open,0.15,179.3,0.113,0.2055,0.15926917,104.87,0.151,0.0,BTC-27SEP19-9000-P,9381.13,103.81,0.1575,0.3,0.164,4.6,107.69,15.78185,-11.51293,-9.83411,9e-05,-0.37171
9381.51,SYN.BTC-19JUL19,1563361192382,open,0.2,224.5,0.178,0.2755,0.22686225,143.32,0.245,0.0,BTC-19JUL19-11500-P,9381.13,0.0,0.222,6.0,0.237,6.0,241.04,0.41597,-15.89817,-0.57835,6e-05,-0.97324
9404.95,BTC-27SEP19,1563361192394,open,0.53,78.2,0.493,0.6165,0.55475307,108.43,0.54,0.0,BTC-27SEP19-14000-P,9381.13,105.23,0.55,6.0,0.5675,6.0,116.81,14.02144,-10.57648,-23.62885,7e-05,-0.72113
9404.95,BTC-27SEP19,1563361192404,open,0.36,60.1,0.3245,0.434,0.37920376,107.49,0.395,0.0,BTC-27SEP19-12000-P,9381.13,105.91,0.3765,2.7,0.3895,6.0,113.5,16.04353,-11.99639,-18.27028,9e-05,-0.60733
9405.25,BTC-27SEP19,1563361192469,open,0.28,127.7,0.2465,0.35,0.29828883,106.54,0.2865,0.0,BTC-27SEP19-11000-P,9382.48,104.68,0.295,14.4,0.306,14.4,110.91,16.57554,-12.28531,-15.48484,9e-05,-0.5378
9466.96,BTC-27DEC19,1563361192469,open,0.09,358.7,0.048,0.1275,0.0877746,103.66,0.087,0.0,BTC-27DEC19-18000-C,9382.48,101.97,0.084,15.9,0.0915,21.0,105.31,21.30224,-6.77893,8.1368,5e-05,0.28039
9381.76,SYN.BTC-19JUL19,1563361192468,open,0.0,459.3,0.0005,0.04,0.00035079,144.98,0.0005,0.0,BTC-19JUL19-12000-C,9382.48,0.0,0.0,0.0,0.001,0.9,167.37,0.18325,-3.29102,0.00477,3e-05,0.01026
9466.96,BTC-27DEC19,1563361192470,open,0.6,27.6,0.5565,0.636,0.59609029,98.82,0.6525,0.0,BTC-27DEC19-4000-C,9382.48,0.0,0.0155,10.0,0.643,0.2,150.24,6.62713,-2.01044,14.9081,2e-05,0.94899
9405.25,BTC-27SEP19,1563361192470,open,0.01,92.2,0.0005,0.048,0.00811425,117.33,0.007,0.0,BTC-27SEP19-26000-C,9382.48,114.58,0.007,16.7,0.009,11.0,119.36,3.97516,-3.24469,0.68815,2e-05,0.04527
9466.96,BTC-27DEC19,1563361192470,open,1.94,0.1,1.874,2.113,1.99366767,109.11,2.02,0.0,BTC-27DEC19-28000-P,9382.48,0.0,0.001,1.0,2.5,0.1,319.84,13.42491,-4.49686,-120.94694,3e-05,-0.86934
9466.96,BTC-27DEC19,1563361192470,open,3.99,0.0,3.8795,4.2855,4.08242539,118.14,None,0.0,BTC-27DEC19-48000-P,9382.48,0.0,0.0,0.0,0.0,0.0,0.0,6.33532,-2.29766,-212.66877,1e-05,-0.95179
9466.96,BTC-27DEC19,1563361192471,open,2.76,1.3,2.6715,2.977,2.82439772,113.21,2.792,0.0,BTC-27DEC19-36000-P,9382.48,0.0,0.0005,1.0,0.0,0.0,0.0,9.62652,-3.3455,-158.07335,2e-05,-0.91745
9381.76,SYN.BTC-19JUL19,1563361192471,open,0.0,170.4,0.0005,0.04,0.0,144.99,0.0005,0.0,BTC-19JUL19-16500-C,9382.48,0.0,0.0,0.0,0.0035,10.0,400.46,0.0,-1e-05,0.0,0.0,0.0
9466.96,BTC-27DEC19,1563361192472,open,0.01,463.2,0.0005,0.0495,0.00966545,118.34,0.008,0.0,BTC-27DEC19-52000-C,9382.48,115.22,0.008,46.1,0.0115,21.0,121.4,5.36617,-1.94952,1.24971,1e-05,0.03925
9384.1,SYN.BTC-26JUL19,1563361192472,open,0.14,265.8,0.1115,0.2035,0.15736359,129.33,0.141,0.0,BTC-26JUL19-10500-P,9382.48,129.57,0.1575,18.0,0.166,18.0,144.49,5.26045,-38.32783,-1.90135,0.00019,-0.67592
9381.76,SYN.BTC-19JUL19,1563361192468,open,0.12,6.1,0.0635,0.143,0.10300668,144.81,0.109,0.0,BTC-19JUL19-8500-C,9382.48,122.85,0.0995,6.0,0.106,6.0,161.33,1.62235,-62.64687,0.35617,0.00025,0.84204
9384.1,SYN.BTC-26JUL19,1563361192472,open,0.0,313.8,0.0005,0.04,3.492e-05,145.0,0.001,0.0,BTC-26JUL19-20000-C,9382.48,0.0,0.0,0.0,0.0005,5.8,182.54,0.03129,-0.25558,0.00131,0.0,0.00061
9384.1,SYN.BTC-26JUL19,1563361192472,open,0.15,53.1,0.094,0.1735,0.13398393,131.91,0.1405,0.0,BTC-26JUL19-8500-C,9382.48,123.3,0.1295,6.0,0.137,17.5,137.63,4.92271,-36.58347,1.33796,0.00017,0.72036
9466.96,BTC-27DEC19,1563361192484,open,0.09,358.7,0.048,0.1275,0.0877746,103.66,0.087,0.0,BTC-27DEC19-18000-C,9382.48,102.2,0.0845,4.9,0.0915,21.0,105.31,21.30224,-6.77893,8.1368,5e-05,0.28039
9466.96,BTC-27DEC19,1563361192504,open,1.74,0.0,1.677,1.9,1.78846921,108.15,None,0.0,BTC-27DEC19-26000-P,9382.48,0.0,0.005,10.0,2.594,0.2,500.0,14.7341,-4.89192,-111.4683,3e-05,-0.85017
9405.25,BTC-27SEP19,1563361192523,open,0.21,379.0,0.1625,0.242,0.20232629,104.85,0.2015,0.0,BTC-27SEP19-9000-C,9382.48,102.57,0.1985,14.4,0.2045,11.0,106.14,15.78198,-11.51103,7.88889,9e-05,0.62828
9384.1,SYN.BTC-26JUL19,1563361192524,open,0.11,516.2,0.0755,0.1645,0.11983332,129.32,0.131,0.0,BTC-26JUL19-10000-P,9382.48,128.77,0.1195,25.5,0.128,18.0,142.7,5.70502,-41.5637,-1.608,0.00021,-0.58489
9395.82,SYN.BTC-30AUG19,1563361192537,open,0.25,14.6,0.217,0.318,0.26735398,113.13,0.2625,0.0,BTC-30AUG19-11000-P,9382.48,111.39,0.265,14.4,0.2775,3.0,120.59,12.72362,-16.40303,-9.58747,0.00011,-0.58152
9384.1,SYN.BTC-26JUL19,1563361192540,open,0.11,60.3,0.0625,0.142,0.10203594,131.38,0.1,0.0,BTC-26JUL19-9000-C,9382.48,124.58,0.098,18.0,0.105,11.5,136.38,5.56994,-41.22831,1.18269,0.0002,0.62036
9381.76,SYN.BTC-19JUL19,1563361192549,open,0.07,372.8,0.039,0.1255,0.08223842,139.5,0.093,0.0,BTC-19JUL19-10000-P,9382.48,136.41,0.0815,6.1,0.089,6.0,166.69,2.25627,-83.93014,-0.38752,0.00036,-0.72184
9466.96,BTC-27DEC19,1563361192553,open,0.36,74.2,0.315,0.424,0.36946764,99.57,0.3645,0.0,BTC-27DEC19-11000-P,9382.48,97.13,0.363,6.0,0.3755,3.6,101.85,25.08528,-7.6677,-34.93188,6e-05,-0.45743
9465.61,BTC-27DEC19,1563361192555,open,0.43,83.4,0.391,0.506,0.44845585,100.08,0.4295,0.0,BTC-27DEC19-12000-P,9382.48,97.28,0.441,6.0,0.455,3.6,102.53,25.22012,-7.74807,-40.40894,6e-05,-0.50823
9466.96,BTC-27DEC19,1563361192556,open,0.6,17.7,0.5535,0.6825,0.61800829,101.18,0.6235,0.0,BTC-27DEC19-14000-P,9382.48,98.27,0.6105,6.0,0.6255,3.6,104.07,24.50744,-7.6122,-51.2512,6e-05,-0.59519
201.19,ETH-27DEC19,1563361192761,open,0.15,584.0,0.113,0.205,0.158988,106.33,0.1,0.0,ETH-27DEC19-160-P,199.74,102.56,0.151,189.0,0.167,231.0,110.11,0.42617,-0.13911,-0.36628,0.00222,-0.249
9384.1,SYN.BTC-26JUL19,1563361192869,open,0.02,443.2,0.0005,0.0645,0.02400793,132.53,0.024,0.0,BTC-26JUL19-8000-P,9382.48,130.14,0.023,31.5,0.027,2.0,139.48,3.97919,-29.71034,-0.48979,0.00014,-0.19065
199.34,ETH-27SEP19,1563361192889,open,0.11,1655.0,0.066,0.145,0.105221,112.34,0.112,0.0,ETH-27SEP19-260-C,199.74,108.66,0.099,233.0,0.112,160.0,116.31,0.33898,-0.2649,0.11113,0.00386,0.38832
199.34,ETH-27SEP19,1563361192898,open,0.2,1291.0,0.155,0.234,0.194716,111.88,0.194,0.0,ETH-27SEP19-200-C,199.74,107.39,0.187,120.0,0.202,120.0,116.12,0.34275,-0.26675,0.1573,0.00392,0.59544
199.34,ETH-27SEP19,1563361192912,open,0.03,8193.0,0.001,0.072,0.031133,113.11,0.031,0.0,ETH-27SEP19-120-P,199.74,109.11,0.028,490.0,0.033,200.0,115.43,0.15913,-0.12521,-0.05283,0.0018,-0.10346
9466.96,BTC-27DEC19,1563361192928,open,0.16,237.6,0.1205,0.2135,0.16690934,98.09,0.1565,0.0,BTC-27DEC19-8000-P,9382.48,95.68,0.1615,14.9,0.1705,6.0,99.69,21.26652,-6.40374,-18.85492,5e-05,-0.27942
199.69,SYN.ETH-26JUL19,1563361192928,open,0.0,1038.0,0.001,0.042,0.002604,135.01,0.005,0.0,ETH-26JUL19-300-C,199.74,129.43,0.002,300.0,0.006,673.0,157.13,0.02336,-0.17772,0.00151,0.00178,0.03377
9466.96,BTC-27DEC19,1563361192930,open,0.22,301.2,0.1775,0.2755,0.22653791,98.09,0.2165,0.0,BTC-27DEC19-9000-P,9382.48,96.04,0.2215,4.9,0.232,6.0,100.32,23.24413,-6.99959,-24.05152,6e-05,-0.3428
9466.96,BTC-27DEC19,1563361192936,open,0.16,237.6,0.1205,0.2135,0.16690934,98.09,0.1565,0.0,BTC-27DEC19-8000-P,9382.48,95.68,0.1615,14.9,0.1695,6.0,99.24,21.26652,-6.40374,-18.85492,5e-05,-0.27942
9405.25,BTC-27SEP19,1563361192948,open,0.4,714.8,0.355,0.4345,0.39476597,105.14,0.434,0.0,BTC-27SEP19-6000-C,9382.48,98.27,0.389,11.0,0.3975,11.0,108.26,8.13644,-5.95107,9.06635,4e-05,0.88429
199.34,ETH-27SEP19,1563361192964,open,0.32,2398.0,0.28,0.386,0.333094,112.16,0.345,0.0,ETH-27SEP19-240-P,199.74,105.83,0.322,120.0,0.339,120.0,115.52,0.35019,-0.27324,-0.3464,0.00399,-0.54938
199.34,ETH-27SEP19,1563361192969,open,0.91,259.0,0.866,1.021,0.943583,118.18,0.94,0.0,ETH-27SEP19-380-P,199.74,0.0,0.008,12.0,0.0,0.0,0.0,0.2209,-0.18161,-0.69756,0.00239,-0.83347
199.69,SYN.ETH-26JUL19,1563361193012,open,0.05,10.0,0.018,0.102,0.059774,134.97,0.05,0.0,ETH-26JUL19-190-P,199.74,137.06,0.061,140.0,0.069,200.0,150.66,0.11718,-0.89105,-0.02069,0.00895,-0.36633
9381.76,SYN.BTC-19JUL19,1563361193103,open,0.2,224.5,0.178,0.2755,0.22683003,144.79,0.245,0.0,BTC-19JUL19-11500-P,9382.48,0.0,0.2215,6.0,0.237,6.0,241.23,0.43304,-16.72023,-0.57774,7e-05,-0.97192
9465.61,BTC-27DEC19,1563361193105,open,0.36,93.7,0.308,0.3875,0.34768838,98.05,0.346,0.0,BTC-27DEC19-7500-C,9382.48,94.18,0.3395,11.0,0.3495,11.0,98.92,19.97945,-6.01387,17.1058,5e-05,0.75265
9384.1,SYN.BTC-26JUL19,1563361193115,open,0.0,477.9,0.0005,0.043,0.00309997,137.12,0.0025,0.0,BTC-26JUL19-14000-C,9382.48,132.26,0.0025,10.0,0.004,3.2,143.47,1.23182,-9.51622,0.08161,4e-05,0.03887
199.34,ETH-27SEP19,1563361193123,open,0.14,1653.0,0.09,0.169,0.129077,112.14,0.127,0.0,ETH-27SEP19-240-C,199.74,108.67,0.123,217.0,0.136,120.0,116.07,0.35018,-0.27317,0.1262,0.00399,0.45056
9405.25,BTC-27SEP19,1563361193114,open,0.4,714.8,0.355,0.4345,0.39478166,105.14,0.434,0.0,BTC-27SEP19-6000-C,9382.48,99.49,0.39,11.0,0.3975,11.0,108.26,8.13644,-5.95107,9.06635,4e-05,0.88429
199.34,ETH-27SEP19,1563361193129,open,0.72,345.0,0.686,0.825,0.755529,115.12,0.76,0.0,ETH-27SEP19-340-P,199.74,0.0,0.697,110.0,1.19,1.0,375.83,0.25834,-0.20688,-0.60478,0.00287,-0.78518
199.34,ETH-27SEP19,1563361193132,open,0.08,3015.0,0.033,0.112,0.072352,114.12,0.063,0.0,ETH-27SEP19-300-C,199.74,112.56,0.07,1.0,0.077,160.0,117.16,0.30269,-0.2403,0.08535,0.00339,0.28979
199.73,SYN.ETH-19JUL19,1563361193147,open,0.0,459.0,0.001,0.04,0.0,135.01,0.001,0.0,ETH-19JUL19-340-C,199.74,0.0,0.0,0.0,0.001,300.0,318.83,0.0,0.0,0.0,0.0,0.0
9381.76,SYN.BTC-19JUL19,1563361193156,open,0.04,547.1,0.005,0.0885,0.04671158,139.46,0.053,0.0,BTC-19JUL19-9500-P,9382.48,143.92,0.048,2.2,0.053,27.5,161.44,2.67495,-99.47953,-0.27796,0.00042,-0.53002
9466.96,BTC-27DEC19,1563361193215,open,0.29,181.6,0.236,0.3155,0.27577586,98.03,0.287,0.0,BTC-27DEC19-9000-C,9382.48,96.12,0.271,3.6,0.28,11.0,99.78,23.24566,-6.99553,16.1135,6e-05,0.65714
9381.76,SYN.BTC-19JUL19,1563361193224,open,0.02,266.8,0.0005,0.064,0.02317573,143.97,0.027,0.0,BTC-19JUL19-9000-P,9382.48,143.25,0.023,1.6,0.027,25.1,158.66,2.41966,-92.89693,-0.16773,0.00037,-0.32485
9405.25,BTC-27SEP19,1563361193219,open,0.21,379.0,0.1625,0.242,0.20234006,104.85,0.2015,0.0,BTC-27SEP19-9000-C,9382.48,102.57,0.1985,14.4,0.205,11.0,106.44,15.78198,-11.51103,7.88889,9e-05,0.62828
9405.25,BTC-27SEP19,1563361193229,open,0.26,901.1,0.2155,0.295,0.25509148,104.97,0.25,0.0,BTC-27SEP19-8000-C,9382.48,100.23,0.248,11.0,0.2575,11.0,106.58,14.07,-10.27385,8.59493,8e-05,0.71915
9381.76,SYN.BTC-19JUL19,1563361193255,open,0.0,3.0,0.0005,0.0425,0.00260458,145.02,0.0025,0.0,BTC-19JUL19-8000-P,9382.48,149.68,0.003,3.0,0.0055,46.0,174.08,0.76408,-24.45041,-0.02849,0.00012,-0.0565
9406.6,BTC-27SEP19,1563361193260,open,0.21,218.1,0.1755,0.2725,0.22401692,105.48,0.2285,0.0,BTC-27SEP19-10000-P,9382.48,104.05,0.2215,14.4,0.229,4.6,108.31,16.56404,-12.15413,-12.64887,9e-05,-0.45885
199.5,SYN.ETH-30AUG19,1563361193265,open,0.22,220.0,0.182,0.279,0.230244,120.65,0.242,0.0,ETH-30AUG19-220-P,199.74,114.69,0.222,276.0,0.244,120.0,130.6,0.27585,-0.37928,-0.17748,0.00478,-0.50986
9406.6,BTC-27SEP19,1563361193271,open,0.36,60.1,0.3245,0.434,0.37917214,107.58,0.395,0.0,BTC-27SEP19-12000-P,9382.48,105.72,0.376,2.7,0.3895,6.0,113.6,16.05082,-12.01239,-18.26596,9e-05,-0.60694
9395.82,SYN.BTC-30AUG19,1563361193267,open,0.24,0.0,0.1905,0.27,0.23028097,113.4,None,0.0,BTC-30AUG19-8000-C,9382.48,104.87,0.2205,4.1,0.2315,4.3,114.47,10.81828,-13.98014,5.6173,9e-05,0.72762
9395.82,SYN.BTC-30AUG19,1563361193274,open,0.24,0.0,0.1905,0.27,0.23028097,113.4,None,0.0,BTC-30AUG19-8000-C,9382.48,104.87,0.2205,4.1,0.2315,4.2,114.47,10.81828,-13.98014,5.6173,9e-05,0.72762
9405.25,BTC-27SEP19,1563361193311,open,0.15,179.3,0.113,0.2055,0.15925242,104.87,0.151,0.0,BTC-27SEP19-9000-P,9382.48,103.81,0.1575,0.3,0.164,4.7,107.69,15.78185,-11.51293,-9.83411,9e-05,-0.37171
9406.6,BTC-27SEP19,1563361193320,open,0.0,122.0,0.0005,0.0435,0.00377515,111.64,0.0015,0.0,BTC-27SEP19-3750-P,9382.48,107.33,0.003,19.5,0.0045,24.0,115.17,1.82018,-1.41356,-0.39757,1e-05,-0.01768
9384.1,SYN.BTC-26JUL19,1563361193345,open,0.02,342.6,0.0005,0.0585,0.01854498,130.03,0.02,0.0,BTC-26JUL19-11500-C,9382.48,128.72,0.018,24.0,0.0215,11.5,136.99,3.88857,-28.48617,0.3768,0.00014,0.18368
9381.76,SYN.BTC-19JUL19,1563361193347,open,0.04,43.3,0.0005,0.074,0.03410818,139.36,0.032,0.0,BTC-19JUL19-9500-C,9382.48,137.27,0.0335,2.0,0.038,10.0,153.05,2.67493,-99.41056,0.21005,0.00042,0.46993
9466.99,BTC-27DEC19,1563361193358,open,1.54,0.0,1.4815,1.6875,1.58443464,106.93,None,0.0,BTC-27DEC19-24000-P,9382.48,0.0,0.0065,1.0,2.389,0.2,500.0,16.14111,-5.29857,-101.90031,4e-05,-0.8277
9384.1,SYN.BTC-26JUL19,1563361193361,open,0.02,443.2,0.0005,0.0645,0.02400227,132.53,0.024,0.0,BTC-26JUL19-8000-P,9382.48,131.33,0.0235,24.0,0.027,2.0,139.48,3.97919,-29.71034,-0.48979,0.00014,-0.19065
201.19,ETH-27DEC19,1563361193373,open,1.41,21.0,1.354,1.549,1.45124,111.28,0.629,0.0,ETH-27DEC19-480-P,199.74,0.0,1.347,110.0,0.0,0.0,0.0,0.38994,-0.13321,-2.00996,0.00194,-0.78758
9465.61,BTC-27DEC19,1563361193440,open,0.02,186.2,0.0005,0.061,0.02111672,112.64,0.031,0.0,BTC-27DEC19-36000-C,9382.48,110.99,0.0195,6.0,0.023,11.0,114.48,9.47862,-3.27755,2.52449,2e-05,0.08088
199.5,SYN.ETH-30AUG19,1563361193440,open,0.11,473.0,0.059,0.138,0.098211,120.67,0.1,0.0,ETH-30AUG19-240-C,199.74,113.79,0.089,501.0,0.104,223.0,124.96,0.26857,-0.36931,0.07429,0.00465,0.40801
9406.66,BTC-27SEP19,1563361193445,open,2.14,0.0,2.0665,2.3215,2.19382581,119.24,None,0.0,BTC-27SEP19-30000-P,9382.48,0.0,0.0,0.0,0.0,0.0,0.0,2.60008,-2.15683,-58.66076,1e-05,-0.97302
9465.61,BTC-27DEC19,1563361193444,open,0.36,93.7,0.308,0.3875,0.34768838,98.05,0.346,0.0,BTC-27DEC19-7500-C,9382.48,94.18,0.3395,11.0,0.35,11.0,99.15,19.97945,-6.01387,17.1058,5e-05,0.75265
201.19,ETH-27DEC19,1563361193463,open,0.22,381.0,0.177,0.256,0.216973,106.41,0.231,0.0,ETH-27DEC19-240-C,199.74,103.03,0.208,214.0,0.227,214.0,110.2,0.53309,-0.17414,0.29244,0.00277,0.54272
9466.99,BTC-27DEC19,1563361193467,open,0.48,60.5,0.4345,0.514,0.47418813,98.02,0.567,0.0,BTC-27DEC19-5500-C,9382.1,94.92,0.47,1.0,0.966,5.0,500.0,12.92179,-3.88807,16.98806,3e-05,0.87632
9406.66,BTC-27SEP19,1563361193467,open,0.91,1.0,0.866,1.021,0.9436882,111.88,1.5815,0.0,BTC-27SEP19-18000-P,9382.1,0.0,0.005,0.3,1.553,0.3,500.0,9.50676,-7.3993,-33.32085,5e-05,-0.85516
9466.99,BTC-27DEC19,1563361193467,open,3.17,0.0,3.0735,3.4125,3.24293275,115.2,None,0.0,BTC-27DEC19-40000-P,9382.1,0.0,0.0005,3.0,0.0,0.0,0.0,8.33994,-2.9493,-176.35295,2e-05,-0.93161
9466.99,BTC-27DEC19,1563361193467,open,3.58,0.0,3.476,3.8485,3.66222025,116.64,None,0.0,BTC-27DEC19-44000-P,9382.1,0.0,0.0,0.0,0.0,0.0,0.0,7.21631,-2.58398,-194.55501,2e-05,-0.9432
9466.99,BTC-27DEC19,1563361193467,open,2.35,0.3,2.2715,2.5435,2.40755008,111.14,2.435,0.0,BTC-27DEC19-32000-P,9382.1,0.0,0.0,0.0,0.0,0.0,0.0,11.27421,-3.8466,-139.63485,3e-05,-0.89782
9466.99,BTC-27DEC19,1563361193467,open,4.41,1.0,4.2835,4.723,4.50323672,119.72,4.454,0.0,BTC-27DEC19-52000-P,9382.1,0.0,0.001,1.0,0.0,0.0,0.0,5.64851,-2.07597,-230.71713,1e-05,-0.95819
9385.46,SYN.BTC-26JUL19,1563361193467,open,0.01,194.6,0.0005,0.049,0.00933489,133.85,0.01,0.0,BTC-26JUL19-12500-C,9382.1,130.78,0.0085,41.5,0.0115,44.1,141.26,2.61104,-19.6894,0.21212,9e-05,0.10228
9466.61,BTC-27DEC19,1563361193470,open,3.99,0.0,3.8785,4.2845,4.08165399,116.67,None,0.0,BTC-27DEC19-48000-P,9382.1,0.0,0.0,0.0,0.0,0.0,0.0,6.01569,-2.15462,-212.75549,1e-05,-0.9548
9466.61,BTC-27DEC19,1563361193470,open,1.15,1.6,1.0975,1.2715,1.18447994,104.99,1.0905,0.0,BTC-27DEC19-20000-P,9382.1,0.0,0.005,5.0,1.466,1.0,216.0,19.52562,-6.29287,-82.26609,5e-05,-0.76296
9466.61,BTC-27DEC19,1563361193470,open,2.76,1.3,2.671,2.9765,2.82382432,112.5,2.792,0.0,BTC-27DEC19-36000-P,9382.1,0.0,0.0005,1.0,0.0,0.0,0.0,9.44657,-3.26247,-158.12929,2e-05,-0.91949
9406.28,BTC-27SEP19,1563361193470,open,2.35,0.0,2.27,2.5415,2.40575977,121.2,None,0.0,BTC-27SEP19-32000-P,9382.1,0.0,0.0,0.0,0.0,0.0,0.0,2.21954,-1.87133,-62.66982,1e-05,-0.97766
9406.28,BTC-27SEP19,1563361193470,open,1.93,0.0,1.8635,2.1015,1.98241131,117.16,None,0.0,BTC-27SEP19-28000-P,9382.1,0.0,0.0,0.0,0.0,0.0,0.0,3.07408,-2.50542,-54.63061,2e-05,-0.96699
9466.61,BTC-27DEC19,1563361193470,open,2.15,0.2,2.072,2.3275,2.19965688,109.65,2.2245,0.0,BTC-27DEC19-30000-P,9382.1,0.0,0.0,0.0,0.0,0.0,0.0,12.15645,-4.09214,-130.37106,3e-05,-0.88655
9465.61,BTC-27DEC19,1563361193461,open,0.33,205.5,0.282,0.3615,0.32173977,98.06,0.32,0.0,BTC-27DEC19-8000-C,9382.48,95.06,0.315,11.0,0.3245,11.0,99.29,21.26648,-6.40162,16.84335,5e-05,0.7205
9385.46,SYN.BTC-26JUL19,1563361193471,open,0.0,57.0,0.0005,0.041,0.00108181,140.93,0.0005,0.0,BTC-26JUL19-15500-C,9382.1,128.27,0.0005,14.4,0.0015,4.1,147.29,0.55075,-4.37284,0.03151,2e-05,0.01489
9466.61,BTC-27DEC19,1563361193484,open,1.74,0.0,1.677,1.8995,1.78806507,107.83,None,0.0,BTC-27DEC19-26000-P,9382.1,0.0,0.005,10.0,2.5945,0.2,500.0,14.65223,-4.8502,-111.49935,3e-05,-0.8514
9466.99,BTC-27DEC19,1563361193478,open,0.29,181.6,0.236,0.3155,0.27577586,98.06,0.287,0.0,BTC-27DEC19-9000-C,9382.1,96.12,0.271,3.6,0.279,11.0,99.37,23.24503,-6.99729,16.11182,6e-05,0.65717
9466.61,BTC-27DEC19,1563361193500,open,0.36,74.2,0.315,0.424,0.36934093,99.51,0.3645,0.0,BTC-27DEC19-11000-P,9382.1,97.12,0.363,6.0,0.376,3.6,102.03,25.0854,-7.66316,-34.93174,6e-05,-0.45758
9466.99,BTC-27DEC19,1563361193502,open,0.6,17.7,0.5535,0.6825,0.61779046,101.1,0.6235,0.0,BTC-27DEC19-14000-P,9382.1,98.27,0.6105,6.0,0.626,3.6,104.26,24.50311,-7.60464,-51.25435,6e-05,-0.59548
9385.46,SYN.BTC-26JUL19,1563361193506,open,0.08,103.8,0.035,0.1145,0.07475998,129.18,0.087,0.0,BTC-26JUL19-9500-C,9382.1,124.74,0.072,29.5,0.077,0.3,132.79,5.83374,-42.45742,1.00729,0.00021,0.51615
9406.66,BTC-27SEP19,1563361193496,open,0.26,901.1,0.2155,0.295,0.25509148,104.93,0.25,0.0,BTC-27SEP19-8000-C,9382.1,100.18,0.248,11.0,0.2565,11.0,105.87,14.06916,-10.26965,8.5982,8e-05,0.71927
9466.61,BTC-27DEC19,1563361193512,open,0.74,0.0,0.7,0.7795,0.73988405,105.72,None,0.0,BTC-27DEC19-2500-C,9382.1,0.0,0.0155,3.0,0.978,0.5,500.0,2.05948,-0.66837,10.45613,0.0,0.98741
9385.46,SYN.BTC-26JUL19,1563361193549,open,0.0,389.3,0.0005,0.042,0.00211937,137.85,0.002,0.0,BTC-26JUL19-14500-C,9382.1,130.91,0.0015,11.0,0.003,3.3,145.78,0.93119,-7.23193,0.05832,3e-05,0.02767
9466.61,BTC-27DEC19,1563361193534,open,0.45,122.9,0.399,0.4785,0.43897573,98.07,0.439,0.0,BTC-27DEC19-6000-C,9382.1,94.57,0.4335,11.0,0.442,11.0,99.98,14.93994,-4.49773,17.23613,4e-05,0.847
9466.99,BTC-27DEC19,1563361193555,open,0.36,93.7,0.308,0.3875,0.34768838,98.03,0.346,0.0,BTC-27DEC19-7500-C,9382.1,94.15,0.3395,11.0,0.349,11.0,98.65,19.97924,-6.01253,17.11072,5e-05,0.75273
9466.61,BTC-27DEC19,1563361193560,open,0.33,205.5,0.282,0.3615,0.32173977,98.04,0.32,0.0,BTC-27DEC19-8000-C,9382.1,95.04,0.315,11.0,0.3235,11.0,98.82,21.26687,-6.40063,16.84707,5e-05,0.72055
9466.61,BTC-27DEC19,1563361193705,open,0.45,122.9,0.399,0.4785,0.43897573,98.07,0.439,0.0,BTC-27DEC19-6000-C,9382.1,94.57,0.4335,11.0,0.441,11.0,99.35,14.93994,-4.49773,17.23613,4e-05,0.847
9406.66,BTC-27SEP19,1563361193712,open,0.53,78.2,0.493,0.6165,0.55471246,108.58,0.54,0.0,BTC-27SEP19-14000-P,9382.1,105.05,0.5495,6.0,0.5675,6.0,116.96,14.03884,-10.60383,-23.62161,7e-05,-0.72052
9466.61,BTC-27DEC19,1563361193738,open,0.36,74.2,0.315,0.424,0.36934093,99.51,0.3645,0.0,BTC-27DEC19-11000-P,9382.1,96.93,0.3625,6.0,0.376,3.6,102.03,25.0854,-7.66316,-34.93174,6e-05,-0.45758
199.73,SYN.ETH-19JUL19,1563361193757,open,0.01,101.0,0.001,0.043,0.003344,135.04,0.011,0.0,ETH-19JUL19-230-C,199.74,140.96,0.004,316.0,0.008,402.0,170.14,0.02114,-0.66792,0.00078,0.00764,0.07932
9383.11,SYN.BTC-19JUL19,1563361193800,open,0.08,24.0,0.024,0.1035,0.06386725,143.59,0.056,0.0,BTC-19JUL19-9000-C,9382.1,134.35,0.0615,1.0,0.067,18.0,155.68,2.41745,-92.56854,0.29505,0.00037,0.67599
9383.11,SYN.BTC-19JUL19,1563361193899,open,0.04,43.3,0.0005,0.074,0.03410818,139.19,0.032,0.0,BTC-19JUL19-9500-C,9382.1,137.05,0.0335,2.1,0.038,10.0,152.83,2.67556,-99.30727,0.2103,0.00043,0.47042
9466.61,BTC-27DEC19,1563361193964,open,0.39,54.4,0.336,0.4155,0.37578052,98.04,0.3805,0.0,BTC-27DEC19-7000-C,9382.1,94.3,0.3685,11.0,0.3775,11.0,98.92,18.48926,-5.56447,17.27667,5e-05,0.78476
9406.66,BTC-27SEP19,1563361193978,open,0.59,227.5,0.54,0.6195,0.57968429,109.6,0.7065,0.0,BTC-27SEP19-4000-C,9382.1,71.83,0.575,11.0,0.582,11.0,118.26,2.24748,-1.71359,7.36564,1e-05,0.97732
199.5,SYN.ETH-30AUG19,1563361194106,open,0.03,494.0,0.001,0.066,0.026107,129.45,0.027,0.0,ETH-30AUG19-360-C,199.74,122.42,0.021,576.0,0.03,300.0,134.39,0.15219,-0.22451,0.02675,0.00246,0.13766
201.19,ETH-27DEC19,1563361194116,open,0.54,441.0,0.501,0.625,0.563218,107.09,0.561,0.0,ETH-27DEC19-280-P,199.74,101.72,0.549,30.0,0.575,30.0,111.53,0.53325,-0.17531,-0.99184,0.00276,-0.54155
199.73,SYN.ETH-19JUL19,1563361194289,open,0.03,891.0,0.001,0.08,0.039267,134.91,0.047,0.0,ETH-19JUL19-200-P,199.74,154.98,0.045,98.0,0.05,154.0,172.48,0.05708,-2.05336,-0.00539,0.02064,-0.4863
201.19,ETH-27DEC19,1563361194323,open,0.14,129.0,0.098,0.177,0.137742,107.92,0.144,0.0,ETH-27DEC19-320-C,199.74,104.09,0.128,356.0,0.146,246.0,111.13,0.51508,-0.17064,0.22511,0.00264,0.38848
199.5,SYN.ETH-30AUG19,1563361194402,open,0.44,0.0,0.407,0.523,0.46467,123.6,None,0.0,ETH-30AUG19-280-P,199.74,0.0,0.0,0.0,0.0,0.0,0.0,0.23367,-0.32914,-0.2836,0.00395,-0.71793
9406.35,BTC-27SEP19,1563361194468,open,0.0,437.8,0.0005,0.044,0.00412102,117.47,0.004,0.0,BTC-27SEP19-30000-C,9381.99,112.63,0.003,69.0,0.005,1.0,120.67,2.41849,-1.97628,0.38197,1e-05,0.02474
9406.35,BTC-27SEP19,1563361194468,open,0.84,42.8,0.801,0.8805,0.84069473,145.45,0.815,0.0,BTC-27SEP19-1500-C,9381.99,0.0,0.01,1.0,0.0,0.0,0.0,0.11048,-0.11179,2.93652,0.0,0.99923
9466.67,BTC-27DEC19,1563361194468,open,0.85,0.0,0.803,0.8825,0.84280716,122.16,None,0.0,BTC-27DEC19-1500-C,9381.99,0.0,0.021,10.0,0.984,0.5,500.0,0.72266,-0.27101,6.47805,0.0,0.99616
9466.67,BTC-27DEC19,1563361194468,open,4.41,1.0,4.283,4.7225,4.50265956,118.41,4.454,0.0,BTC-27DEC19-52000-P,9381.99,0.0,0.001,1.0,0.0,0.0,0.0,5.3797,-1.95558,-230.78784,1e-05,-0.96063
9406.35,BTC-27SEP19,1563361194468,open,0.0,421.0,0.0005,0.045,0.0049186,109.61,0.0045,0.0,BTC-27SEP19-4000-P,9381.99,105.54,0.004,19.5,0.006,24.0,113.89,2.24843,-1.71449,-0.51135,1e-05,-0.02269
9466.56,BTC-27DEC19,1563361194469,open,0.03,76.4,0.0005,0.069,0.02808359,98.28,0.0285,0.0,BTC-27DEC19-4500-P,9381.99,96.53,0.0265,10.0,0.03,6.0,100.35,8.67675,-2.61782,-4.22796,2e-05,-0.072
9466.56,BTC-27DEC19,1563361194469,open,3.17,0.0,3.073,3.412,3.24232407,114.28,None,0.0,BTC-27DEC19-40000-P,9381.99,0.0,0.0005,3.0,0.0,0.0,0.0,8.11565,-2.8471,-176.41915,2e-05,-0.93398
9382.73,SYN.BTC-19JUL19,1563361194468,open,0.0,146.9,0.0005,0.04,2.852e-05,145.02,0.0005,0.0,BTC-19JUL19-13000-C,9381.99,0.0,0.0,0.0,0.001,2.0,211.53,0.02299,-0.26758,0.00048,0.0,0.00102
9406.24,BTC-27SEP19,1563361194470,open,0.0,433.4,0.0005,0.043,0.00290927,114.15,0.002,0.0,BTC-27SEP19-3500-P,9381.99,111.4,0.0025,3.9,0.0035,24.0,117.73,1.46458,-1.16298,-0.30816,1e-05,-0.01373
9466.56,BTC-27DEC19,1563361194470,open,0.01,78.3,0.0005,0.051,0.0113887,116.97,0.0145,0.0,BTC-27DEC19-48000-C,9381.99,114.71,0.01,6.0,0.013,11.0,119.37,6.07913,-2.18283,1.45344,1e-05,0.0458
9466.56,BTC-27DEC19,1563361194471,open,0.04,90.6,0.0005,0.0755,0.03557105,108.8,0.0355,0.0,BTC-27DEC19-28000-C,9381.99,107.68,0.034,6.0,0.0385,21.0,110.84,13.34408,-4.4571,3.96914,3e-05,0.12953
9406.24,BTC-27SEP19,1563361194472,open,1.52,0.2,1.46,1.6645,1.56224663,115.73,1.6,0.0,BTC-27SEP19-24000-P,9381.99,0.0,0.0,0.0,0.0,0.0,0.0,4.87718,-3.92648,-46.37505,2e-05,-0.94146
9382.73,SYN.BTC-19JUL19,1563361194468,open,0.11,415.7,0.0815,0.171,0.12613179,140.48,0.137,0.0,BTC-19JUL19-10500-P,9381.99,136.5,0.1255,6.0,0.1325,6.0,175.19,1.51824,-56.87376,-0.47387,0.00024,-0.85703
9382.73,SYN.BTC-19JUL19,1563361194468,open,0.0,198.9,0.0005,0.04,7.27e-06,145.01,0.001,0.0,BTC-19JUL19-13500-C,9381.99,0.0,0.0,0.0,0.0035,10.0,282.78,0.00702,-0.06822,0.00013,0.0,0.00028
9466.56,BTC-27DEC19,1563361194473,open,0.0,148.7,0.0005,0.041,0.00125882,122.17,0.0005,0.0,BTC-27DEC19-1500-P,9381.99,0.0,0.0,0.0,0.0025,16.0,134.95,0.72303,-0.27118,-0.21558,0.0,-0.00384
9406.24,BTC-27SEP19,1563361194473,open,1.73,0.0,1.6615,1.883,1.77223023,117.31,None,0.0,BTC-27SEP19-26000-P,9381.99,0.0,0.0,0.0,0.0,0.0,0.0,3.97379,-3.24289,-50.51075,2e-05,-0.95475
9466.56,BTC-27DEC19,1563361194473,open,0.79,0.0,0.7515,0.831,0.79104051,112.56,None,0.0,BTC-27DEC19-2000-C,9381.99,0.0,0.0155,3.0,0.981,0.5,500.0,1.2744,-0.44035,8.51988,0.0,0.99273
9385.09,SYN.BTC-26JUL19,1563361194470,open,0.0,595.5,0.0005,0.0415,0.00163115,140.97,0.0015,0.0,BTC-26JUL19-15000-C,9381.99,131.81,0.001,0.5,0.002,2.6,145.26,0.75388,-5.98724,0.04538,2e-05,0.02152
9382.73,SYN.BTC-19JUL19,1563361194468,open,0.0,282.0,0.0005,0.041,0.00105079,144.11,0.001,0.0,BTC-19JUL19-11500-C,9381.99,129.04,0.0005,19.6,0.0015,0.4,152.94,0.42609,-9.85928,0.01277,7e-05,0.02754
9385.09,SYN.BTC-26JUL19,1563361194468,open,1.19,0.0,1.1485,1.327,1.23751929,0.0,None,0.0,BTC-26JUL19-21000-P,9381.99,0.0,0.0,0.0,0.0,0.0,0.0,0.0,0.0,-5.10616,0.0,-1.0
9382.73,SYN.BTC-19JUL19,1563361194468,open,0.0,239.0,0.0005,0.04,0.00010428,145.02,0.0005,0.0,BTC-19JUL19-12500-C,9381.99,0.0,0.0,0.0,0.0005,0.1,172.87,0.0686,-0.97841,0.00158,1e-05,0.00339
9385.09,SYN.BTC-26JUL19,1563361194471,open,0.37,28.7,0.336,0.447,0.39152516,134.4,0.284,0.0,BTC-26JUL19-13000-P,9381.99,0.0,0.385,7.5,0.423,7.5,222.56,2.04081,-15.45298,-3.00762,7e-05,-0.92646
9385.09,SYN.BTC-26JUL19,1563361194473,open,0.0,560.8,0.0005,0.04,0.00018059,145.01,0.0005,0.0,BTC-26JUL19-18000-C,9381.99,0.0,0.0,0.0,0.0005,3.5,160.48,0.12694,-1.03704,0.00604,0.0,0.00283
9396.86,SYN.BTC-30AUG19,1563361194470,open,0.03,26.9,0.0005,0.064,0.02420139,118.38,0.0235,0.0,BTC-30AUG19-16000-C,9381.99,114.75,0.0215,24.0,0.026,15.0,120.7,7.16419,-9.66513,1.28015,6e-05,0.13753
9385.09,SYN.BTC-26JUL19,1563361194470,open,1.09,0.0,1.046,1.216,1.13099116,0.0,None,0.0,BTC-26JUL19-20000-P,9381.99,0.0,0.0,0.0,0.0,0.0,0.0,0.0,0.0,-4.86301,0.0,-1.0
9385.09,SYN.BTC-26JUL19,1563361194472,open,0.0,126.8,0.0005,0.0405,0.00052243,144.99,0.001,0.0,BTC-26JUL19-5500-P,9381.99,0.0,0.0,0.0,0.002,40.0,175.46,0.27189,-2.22089,-0.01633,1e-05,-0.00663
9466.56,BTC-27DEC19,1563361194480,open,0.39,54.4,0.336,0.4155,0.37582364,98.06,0.3805,0.0,BTC-27DEC19-7000-C,9381.99,94.04,0.368,11.0,0.3775,11.0,98.92,18.48974,-5.56593,17.27427,5e-05,0.78475
199.69,SYN.ETH-26JUL19,1563361194485,open,0.1,150.0,0.07,0.158,0.114245,135.01,0.121,0.0,ETH-26JUL19-210-P,199.74,137.86,0.116,123.0,0.125,272.0,152.41,0.12312,-0.93648,-0.03241,0.0094,-0.55322
9385.09,SYN.BTC-26JUL19,1563361194510,open,0.08,103.8,0.035,0.1145,0.07482418,129.31,0.087,0.0,BTC-26JUL19-9500-C,9381.99,124.77,0.072,29.5,0.0765,0.3,132.01,5.83352,-42.49901,1.00708,0.00021,0.51614
9406.35,BTC-27SEP19,1563361194517,open,0.36,60.1,0.324,0.434,0.37902412,107.48,0.395,0.0,BTC-27SEP19-12000-P,9381.99,106.0,0.3765,2.7,0.3895,6.0,113.59,16.04705,-11.99817,-18.26819,9e-05,-0.60723
9466.56,BTC-27DEC19,1563361194506,open,0.39,54.4,0.336,0.4155,0.37582364,98.06,0.3805,0.0,BTC-27DEC19-7000-C,9381.99,94.56,0.369,11.0,0.3775,11.0,98.92,18.48974,-5.56593,17.27427,5e-05,0.78475
199.73,SYN.ETH-19JUL19,1563361194545,open,0.22,0.0,0.16,0.239,0.19924,134.89,None,0.0,ETH-19JUL19-160-C,199.74,0.0,0.0,0.0,0.0,0.0,0.0,0.00367,-0.13217,0.00812,0.00133,0.99042
199.5,SYN.ETH-30AUG19,1563361194583,open,0.05,189.0,0.009,0.088,0.048705,124.97,0.046,0.0,ETH-30AUG19-300-C,199.74,120.48,0.044,254.0,0.053,276.0,128.96,0.21219,-0.30219,0.0445,0.00355,0.23426
9406.24,BTC-27SEP19,1563361194650,open,0.45,224.0,0.3975,0.477,0.43718088,105.36,0.5225,0.0,BTC-27SEP19-5500-C,9381.99,96.53,0.4315,11.0,0.44,11.0,109.4,6.41194,-4.69935,8.87727,3e-05,0.91645
9406.24,BTC-27SEP19,1563361194722,open,0.01,318.1,0.0005,0.0485,0.00843345,107.23,0.007,0.0,BTC-27SEP19-4500-P,9381.99,104.55,0.0075,15.0,0.0095,5.0,110.12,3.37099,-2.51463,-0.84042,2e-05,-0.03694
9406.24,BTC-27SEP19,1563361194722,open,0.09,208.8,0.0425,0.122,0.08205516,107.66,0.083,0.0,BTC-27SEP19-13000-C,9381.99,105.75,0.079,32.4,0.086,11.0,110.1,15.12601,-11.32813,4.60238,8e-05,0.33053
199.73,SYN.ETH-19JUL19,1563361194752,open,0.0,899.0,0.001,0.04,0.000108,135.0,0.001,0.0,ETH-19JUL19-260-C,199.74,0.0,0.0,0.0,0.001,104.0,177.24,0.00159,-0.02147,4e-05,0.00057,0.00371
9406.24,BTC-27SEP19,1563361194763,open,0.69,225.7,0.643,0.7225,0.68290966,121.83,0.693,0.0,BTC-27SEP19-3000-C,9381.99,0.0,0.005,20.0,0.902,5.0,500.0,0.97118,-0.82312,5.71473,0.0,0.99144
201.19,ETH-27DEC19,1563361194785,open,0.12,219.0,0.074,0.153,0.113058,109.11,0.118,0.0,ETH-27DEC19-360-C,199.74,107.02,0.108,2.0,0.12,259.0,111.96,0.48801,-0.16346,0.19674,0.00248,0.3322
199.5,SYN.ETH-30AUG19,1563361194793,open,0.52,0.0,0.491,0.614,0.552542,125.06,None,0.0,ETH-30AUG19-300-P,199.74,0.0,0.0,0.0,0.0,0.0,0.0,0.21231,-0.30258,-0.31608,0.00355,-0.7655
9466.56,BTC-27DEC19,1563361194799,open,0.96,12.4,0.91,1.0685,0.98921693,103.67,0.559,0.0,BTC-27DEC19-18000-P,9381.99,0.0,0.005,5.0,1.773,0.2,500.0,21.30198,-6.77944,-72.18526,5e-05,-0.7196
9406.24,BTC-27SEP19,1563361194897,open,0.49,793.2,0.4425,0.522,0.48240014,106.02,0.5945,0.0,BTC-27SEP19-5000-C,9381.99,95.43,0.4775,11.0,0.4855,11.0,111.83,4.79108,-3.53347,8.52725,3e-05,0.94277
9385.09,SYN.BTC-26JUL19,1563361194996,open,0.0,162.8,0.0005,0.04,7.972e-05,145.01,0.001,0.0,BTC-26JUL19-19000-C,9381.99,0.0,0.0,0.0,0.0005,4.6,171.85,0.06365,-0.52001,0.00284,0.0,0.00132
9466.56,BTC-27DEC19,1563361195002,open,0.36,74.2,0.315,0.424,0.36937146,99.52,0.3645,0.0,BTC-27DEC19-11000-P,9381.99,96.93,0.3625,6.0,0.3755,3.6,101.84,25.08514,-7.66384,-34.93205,6e-05,-0.45756
9466.67,BTC-27DEC19,1563361195036,open,0.02,227.9,0.0005,0.059,0.01866548,98.89,0.0135,0.0,BTC-27DEC19-4000-P,9381.99,97.21,0.0175,10.0,0.0205,6.0,101.46,6.6352,-2.01436,-2.94675,2e-05,-0.05109
9385.09,SYN.BTC-26JUL19,1563361195038,open,0.11,516.2,0.075,0.1645,0.11971277,129.24,0.131,0.0,BTC-26JUL19-10000-P,9381.99,128.89,0.1195,18.0,0.128,18.0,142.81,5.70595,-41.54579,-1.60765,0.00021,-0.58478
9406.24,BTC-27SEP19,1563361195041,open,0.61,0.0,0.5655,0.645,0.60512128,111.7,None,0.0,BTC-27SEP19-3750-C,9381.99,0.0,0.005,10.0,0.7085,10.0,299.04,1.82413,-1.41748,6.98576,1e-05,0.98227
9406.24,BTC-27SEP19,1563361195040,open,0.11,586.4,0.0635,0.143,0.10332053,107.5,0.1,0.0,BTC-27SEP19-12000-C,9381.99,105.55,0.1,23.8,0.106,11.0,109.07,16.04736,-12.00061,5.36213,9e-05,0.39281
9382.73,SYN.BTC-19JUL19,1563361195052,open,0.36,82.8,0.3305,0.4405,0.38549677,0.0,0.348,0.0,BTC-19JUL19-13000-P,9381.99,0.0,0.379,6.0,0.4165,6.0,451.3,0.0,0.0,-0.66781,0.0,-1.0
201.19,ETH-27DEC19,1563361195082,open,2.16,0.0,2.092,2.349,2.220763,116.51,None,0.0,ETH-27DEC19-640-P,199.74,0.0,0.0,0.0,0.0,0.0,0.0,0.29351,-0.10498,-2.76928,0.00139,-0.86384
199.5,SYN.ETH-30AUG19,1563361195220,open,0.61,0.0,0.578,0.708,0.642842,126.09,None,0.0,ETH-30AUG19-320-P,199.74,0.0,0.0,0.0,0.0,0.0,0.0,0.19028,-0.27342,-0.34738,0.00315,-0.80572
9466.67,BTC-27DEC19,1563361195228,open,0.0,184.7,0.0005,0.044,0.00396104,105.68,0.003,0.0,BTC-27DEC19-2500-P,9381.99,103.47,0.0035,10.0,0.005,12.0,110.13,2.05669,-0.6672,-0.69848,0.0,-0.01257
9382.73,SYN.BTC-19JUL19,1563361195263,open,0.04,547.1,0.005,0.0885,0.04665275,139.33,0.053,0.0,BTC-19JUL19-9500-P,9381.99,144.13,0.048,2.0,0.053,27.5,161.65,2.67541,-99.40176,-0.27777,0.00042,-0.52968
9382.73,SYN.BTC-19JUL19,1563361195268,open,0.25,83.2,0.2285,0.33,0.27929744,142.24,0.2865,0.0,BTC-19JUL19-12000-P,9381.99,0.0,0.2735,6.0,0.3065,6.0,365.63,0.1647,-6.24724,-0.61221,3e-05,-0.99092
9382.73,SYN.BTC-19JUL19,1563361195270,open,0.02,266.8,0.0005,0.064,0.02313982,143.88,0.027,0.0,BTC-19JUL19-9000-P,9381.99,141.45,0.0225,2.3,0.027,25.1,158.8,2.41857,-92.79672,-0.16751,0.00037,-0.32441
199.69,SYN.ETH-26JUL19,1563361195285,open,0.04,0.0,0.001,0.073,0.033773,134.99,None,0.0,ETH-26JUL19-230-C,199.74,137.3,0.035,120.0,0.041,243.0,148.36,0.10584,-0.80492,0.01223,0.00809,0.28569
9382.73,SYN.BTC-19JUL19,1563361195294,open,0.02,266.8,0.0005,0.064,0.02313982,143.88,0.027,0.0,BTC-19JUL19-9000-P,9381.99,141.45,0.0225,2.3,0.027,35.1,158.8,2.41857,-92.79672,-0.16751,0.00037,-0.32441
199.69,SYN.ETH-26JUL19,1563361195297,open,0.12,0.0,0.069,0.148,0.108321,134.99,None,0.0,ETH-26JUL19-190-C,199.74,132.74,0.107,150.0,0.118,150.0,151.45,0.11718,-0.89122,0.02551,0.00895,0.63367
9385.09,SYN.BTC-26JUL19,1563361195309,open,0.05,132.3,0.0005,0.078,0.03845787,129.31,0.038,0.0,BTC-26JUL19-10500-C,9381.99,126.68,0.037,40.5,0.0425,12.6,136.44,5.26201,-38.33336,0.6521,0.00019,0.32423
9406.35,BTC-27SEP19,1563361195310,open,0.45,35.9,0.406,0.5225,0.46410224,107.63,0.391,0.0,BTC-27SEP19-13000-P,9381.99,105.09,0.46,6.0,0.477,6.0,115.57,15.125,-11.32486,-20.99742,8e-05,-0.66954
9382.73,SYN.BTC-19JUL19,1563361195312,open,0.01,198.9,0.0005,0.0425,0.00298771,144.12,0.003,0.0,BTC-19JUL19-11000-C,9381.99,138.68,0.0025,3.1,0.004,0.2,154.01,0.88686,-28.0574,0.03152,0.00014,0.06839
201.19,ETH-27DEC19,1563361195320,open,0.1,488.0,0.053,0.132,0.092683,109.63,0.091,0.0,ETH-27DEC19-400-C,199.74,105.74,0.084,381.0,0.1,311.0,112.83,0.4552,-0.1532,0.1714,0.0023,0.2836
9385.09,SYN.BTC-26JUL19,1563361195321,open,0.01,475.8,0.0005,0.047,0.0068975,135.73,0.007,0.0,BTC-26JUL19-7000-P,9381.99,138.63,0.0075,0.1,0.009,37.5,145.38,1.92058,-14.68643,-0.17081,7e-05,-0.06796
9396.86,SYN.BTC-30AUG19,1563361195332,open,0.24,0.0,0.1905,0.27,0.23033604,113.43,None,0.0,BTC-30AUG19-8000-C,9381.99,104.82,0.2205,4.1,0.2315,4.1,114.42,10.818,-13.98344,5.61776,9e-05,0.7277
199.73,SYN.ETH-19JUL19,1563361195345,open,0.0,152.0,0.001,0.041,0.001773,135.0,0.008,0.0,ETH-19JUL19-170-P,199.74,179.82,0.006,73.0,0.009,610.0,202.61,0.01314,-0.35405,-0.00046,0.00475,-0.04326
9396.86,SYN.BTC-30AUG19,1563361195339,open,0.18,0.4,0.133,0.2125,0.17291415,112.15,0.1895,0.0,BTC-30AUG19-9000-C,9381.99,107.66,0.167,14.4,0.176,4.2,114.48,12.40517,-15.85488,5.04952,0.0001,0.61997
9385.09,SYN.BTC-26JUL19,1563361195366,open,0.01,630.9,0.0005,0.046,0.00640109,134.66,0.0065,0.0,BTC-26JUL19-13000-C,9381.99,130.35,0.0055,40.0,0.008,0.1,141.55,2.05002,-15.55188,0.15421,7e-05,0.07398
199.69,SYN.ETH-26JUL19,1563361195399,open,0.27,0.0,0.217,0.296,0.256123,134.98,None,0.0,ETH-26JUL19-150-C,199.74,0.0,0.0,0.0,0.0,0.0,0.0,0.0425,-0.32316,0.03265,0.00325,0.9285
199.73,SYN.ETH-19JUL19,1563361195429,open,0.03,502.0,0.001,0.059,0.019061,135.0,0.033,0.0,ETH-19JUL19-210-C,199.74,150.18,0.023,99.0,0.027,214.0,165.26,0.05114,-1.84106,0.00308,0.01849,0.31923
9466.65,BTC-27DEC19,1563361195468,open,0.56,6.7,0.513,0.5925,0.55273508,98.29,0.55,0.0,BTC-27DEC19-4500-C,9382.3,0.0,0.0115,0.1,0.97,1.0,500.0,8.67726,-2.61813,15.8521,2e-05,0.92799
9406.36,BTC-27SEP19,1563361195468,open,0.0,1657.1,0.0005,0.04,0.00015625,145.0,0.0005,0.0,BTC-27SEP19-1500-P,9382.3,0.0,0.0,0.0,0.001,21.1,177.79,0.10777,-0.10871,-0.01677,0.0,-0.00075
9466.65,BTC-27DEC19,1563361195468,open,3.58,0.0,3.4755,3.848,3.66170445,115.74,None,0.0,BTC-27DEC19-44000-P,9382.3,0.0,0.0,0.0,0.0,0.0,0.0,7.00639,-2.48931,-194.61424,2e-05,-0.94528
9466.65,BTC-27DEC19,1563361195468,open,0.0,88.9,0.0005,0.042,0.00230937,112.55,0.003,0.0,BTC-27DEC19-2000-P,9382.3,105.69,0.0015,10.0,0.0035,16.0,120.28,1.27401,-0.44018,-0.40463,0.0,-0.00727
9466.65,BTC-27DEC19,1563361195468,open,0.7,0.0,0.6505,0.73,0.69005458,102.05,None,0.0,BTC-27DEC19-3000-C,9382.3,0.0,0.0055,0.1,0.976,0.5,500.0,3.2363,-1.01385,12.19113,1e-05,0.97865
9406.36,BTC-27SEP19,1563361195469,open,0.01,408.5,0.0005,0.0545,0.01395953,106.01,0.012,0.0,BTC-27SEP19-5000-P,9382.3,104.1,0.013,15.0,0.016,24.0,109.9,4.79066,-3.53306,-1.31848,3e-05,-0.05722
9406.36,BTC-27SEP19,1563361195469,open,0.0,49.2,0.0005,0.042,0.00213084,116.24,0.0025,0.0,BTC-27SEP19-3250-P,9382.3,110.41,0.0015,19.6,0.003,25.0,122.69,1.13396,-0.91698,-0.2288,1e-05,-0.01022
9382.62,SYN.BTC-19JUL19,1563361195468,open,0.0,415.6,0.0005,0.04,3.9e-07,145.0,0.0005,0.0,BTC-19JUL19-14500-C,9382.3,0.0,0.0,0.0,0.0025,10.0,308.0,0.00052,-0.00369,1e-05,0.0,2e-05
9384.98,SYN.BTC-26JUL19,1563361195468,open,0.98,0.0,0.944,1.1055,1.02456837,141.36,None,0.0,BTC-26JUL19-19000-P,9382.3,0.0,0.0,0.0,0.0,0.0,0.0,0.04935,-0.39304,-4.61771,0.0,-0.999
9396.79,SYN.BTC-30AUG19,1563361195468,open,0.42,0.0,0.3805,0.495,0.43789213,115.08,None,0.0,BTC-30AUG19-13000-P,9382.3,0.0,0.0,0.0,0.0,0.0,0.0,10.76455,-14.11776,-13.1962,9e-05,-0.73038
9382.62,SYN.BTC-19JUL19,1563361195468,open,0.41,35.3,0.3815,0.496,0.43882079,0.0,0.2545,0.0,BTC-19JUL19-13500-P,9382.3,0.0,0.05,0.1,0.0,0.0,0.0,0.0,0.0,-0.69349,0.0,-1.0
9382.62,SYN.BTC-19JUL19,1563361195468,open,0.67,0.0,0.6375,0.773,0.70526048,0.0,None,0.0,BTC-19JUL19-16000-P,9382.3,0.0,0.0,0.0,0.0,0.0,0.0,0.0,0.0,-0.82192,0.0,-1.0
9466.96,BTC-27DEC19,1563361195472,open,1.35,3.9,1.288,1.478,1.38282996,105.89,0.752,0.0,BTC-27DEC19-22000-P,9382.3,0.0,0.0065,2.0,2.183,0.3,500.0,17.75268,-5.77085,-92.17488,4e-05,-0.7991
9466.96,BTC-27DEC19,1563361195472,open,0.65,4.0,0.6025,0.682,0.64208877,100.17,0.64,0.0,BTC-27DEC19-3500-C,9382.3,0.0,0.0075,0.2,0.78,1.0,256.45,4.80122,-1.47641,13.67266,1e-05,0.96574
9466.96,BTC-27DEC19,1563361195473,open,0.42,63.0,0.3665,0.446,0.40619042,98.05,0.4965,0.0,BTC-27DEC19-6500-C,9382.3,60.64,0.345,1.0,0.963,2.0,500.0,16.80351,-5.05776,17.32731,4e-05,0.81636
9382.62,SYN.BTC-19JUL19,1563361195468,open,0.57,0.0,0.535,0.6625,0.59868178,0.0,None,0.0,BTC-19JUL19-15000-P,9382.3,0.0,0.001,1.0,0.0,0.0,0.0,0.0,0.0,-0.77055,0.0,-1.0
9384.98,SYN.BTC-26JUL19,1563361195471,open,0.0,375.4,0.0005,0.04,1.534e-05,145.0,0.0005,0.0,BTC-26JUL19-21000-C,9382.3,0.0,0.0,0.0,0.0005,6.0,192.58,0.01524,-0.12453,0.00061,0.0,0.00028
9396.79,SYN.BTC-30AUG19,1563361195468,open,0.39,0.0,0.3435,0.423,0.38308835,116.85,None,0.0,BTC-30AUG19-6000-C,9382.3,0.0,0.0,0.0,0.0,0.0,0.0,5.51173,-7.33985,5.89385,4e-05,0.90488
9382.62,SYN.BTC-19JUL19,1563361195468,open,0.0,127.8,0.0005,0.04,2e-08,145.0,0.0005,0.0,BTC-19JUL19-15500-C,9382.3,0.0,0.0,0.0,0.0025,10.0,345.57,3e-05,-0.00016,0.0,0.0,0.0
9382.62,SYN.BTC-19JUL19,1563361195468,open,0.0,163.8,0.0005,0.04,0.0,145.0,0.0005,0.0,BTC-19JUL19-16000-C,9382.3,0.0,0.0,0.0,0.0015,10.0,337.29,1e-05,-3e-05,0.0,0.0,0.0
9382.62,SYN.BTC-19JUL19,1563361195469,open,0.0,297.0,0.0005,0.04,1.74e-06,145.0,0.0005,0.0,BTC-19JUL19-14000-C,9382.3,0.0,0.0,0.0,0.0015,21.0,265.88,0.00197,-0.01631,3e-05,0.0,7e-05
9466.96,BTC-27DEC19,1563361195480,open,0.14,161.0,0.0945,0.1855,0.13999126,98.07,0.132,0.0,BTC-27DEC19-7500-P,9382.3,95.7,0.135,10.0,0.1425,6.0,99.26,19.97938,-6.01476,-16.36013,5e-05,-0.24728
9466.65,BTC-27DEC19,1563361195482,open,0.52,68.4,0.4725,0.552,0.51207632,98.06,0.511,0.0,BTC-27DEC19-5000-C,9382.3,93.06,0.5065,11.0,0.5145,11.0,100.16,10.80843,-3.25357,16.537,3e-05,0.90355
9384.98,SYN.BTC-26JUL19,1563361195492,open,0.22,273.8,0.1945,0.2935,0.24391138,130.02,0.222,0.0,BTC-26JUL19-11500-P,9382.3,124.06,0.2415,7.5,0.255,7.5,154.71,3.89014,-28.49456,-2.41921,0.00014,-0.81623
9466.96,BTC-27DEC19,1563361195500,open,1.74,0.0,1.677,1.8995,1.78817692,107.97,None,0.0,BTC-27DEC19-26000-P,9382.3,0.0,0.005,10.0,2.594,0.2,500.0,14.68727,-4.86789,-111.48606,3e-05,-0.85088
9406.36,BTC-27SEP19,1563361195494,open,0.45,35.9,0.406,0.5225,0.46410224,107.66,0.391,0.0,BTC-27SEP19-13000-P,9382.3,105.09,0.46,6.0,0.476,6.0,114.96,15.12639,-11.32844,-20.99675,8e-05,-0.66946
201.19,ETH-27DEC19,1563361195537,open,0.37,0.0,0.324,0.403,0.363699,106.32,None,0.0,ETH-27DEC19-160-C,199.74,0.0,0.001,1000.0,1.6,1.0,500.0,0.42617,-0.13909,0.34771,0.00222,0.751
199.5,SYN.ETH-30AUG19,1563361195658,open,0.17,123.0,0.124,0.203,0.163783,120.02,0.155,0.0,ETH-30AUG19-200-C,199.74,113.55,0.155,178.0,0.17,178.0,124.62,0.27037,-0.36981,0.09983,0.00471,0.58007
9406.67,BTC-27SEP19,1563361195697,open,0.56,0.2,0.515,0.5945,0.55471776,108.47,0.65,0.0,BTC-27SEP19-4250-C,9382.3,0.0,0.005,10.1,0.682,5.0,298.63,2.78459,-2.10115,7.70554,1e-05,0.97071
9406.36,BTC-27SEP19,1563361195741,open,0.03,310.3,0.0005,0.07,0.03013502,111.87,0.0305,0.0,BTC-27SEP19-18000-C,9382.3,109.72,0.028,5.0,0.032,11.0,113.69,9.5042,-7.39655,2.12362,5e-05,0.14478
9396.79,SYN.BTC-30AUG19,1563361195810,open,0.04,52.8,0.0005,0.0715,0.03154749,117.38,0.036,0.0,BTC-30AUG19-15000-C,9382.3,114.45,0.029,19.3,0.0335,5.0,119.56,8.31078,-11.11704,1.58815,7e-05,0.17215
9396.79,SYN.BTC-30AUG19,1563361195812,open,0.04,52.8,0.0005,0.0715,0.03154749,117.38,0.036,0.0,BTC-30AUG19-15000-C,9382.3,114.45,0.029,19.3,0.0335,15.0,119.56,8.31078,-11.11704,1.58815,7e-05,0.17215
9406.36,BTC-27SEP19,1563361195811,open,0.4,714.8,0.355,0.4345,0.39483907,105.16,0.434,0.0,BTC-27SEP19-6000-C,9382.3,99.42,0.39,11.0,0.398,11.0,108.76,8.13613,-5.95185,9.06653,4e-05,0.88432
9406.67,BTC-27SEP19,1563361195822,open,0.49,793.2,0.4425,0.522,0.48239833,105.97,0.5945,0.0,BTC-27SEP19-5000-C,9382.3,94.15,0.477,11.0,0.4855,11.0,111.79,4.78701,-3.52898,8.52887,3e-05,0.94284
199.5,SYN.ETH-30AUG19,1563361195840,open,0.16,220.0,0.12,0.212,0.166311,120.05,0.147,0.0,ETH-30AUG19-200-P,199.74,114.66,0.159,402.0,0.178,137.0,128.69,0.27036,-0.36987,-0.14058,0.00471,-0.41991
199.35,ETH-27SEP19,1563361195843,open,0.01,1984.0,0.001,0.044,0.004858,130.18,0.004,0.0,ETH-27SEP19-720-C,199.74,122.24,0.003,300.0,0.007,100.0,137.11,0.05437,-0.04924,0.00852,0.00053,0.02655
199.69,SYN.ETH-26JUL19,1563361195853,open,0.0,1117.0,0.001,0.04,6e-06,135.0,0.001,0.0,ETH-26JUL19-440-C,199.74,0.0,0.0,0.0,0.001,282.0,204.34,0.00016,-0.00122,1e-05,1e-05,0.00013
199.35,ETH-27SEP19,1563361195892,open,1.76,24.0,1.708,1.932,1.819945,124.62,1.356,0.0,ETH-27SEP19-560-P,199.74,0.0,0.0,0.0,0.0,0.0,0.0,0.09951,-0.08627,-1.08509,0.00102,-0.94422
199.35,ETH-27SEP19,1563361195892,open,1.0,79.0,0.957,1.119,1.037649,118.2,0.351,0.0,ETH-27SEP19-400-P,199.74,0.0,0.01,1.0,0.0,0.0,0.0,0.20006,-0.1645,-0.74362,0.00216,-0.85667
199.35,ETH-27SEP19,1563361195896,open,0.0,389.0,0.001,0.042,0.002501,133.68,0.002,0.0,ETH-27SEP19-60-P,199.74,117.34,0.001,300.0,0.004,500.0,144.42,0.02389,-0.02221,-0.00497,0.00023,-0.01015
199.69,SYN.ETH-26JUL19,1563361195896,open,0.23,0.0,0.173,0.252,0.212897,134.99,None,0.0,ETH-26JUL19-160-C,199.74,0.0,0.0,0.0,0.0,0.0,0.0,0.06353,-0.48317,0.03223,0.00485,0.87658
199.69,SYN.ETH-26JUL19,1563361195896,open,0.76,1047.0,0.731,0.875,0.803003,135.66,0.2,0.0,ETH-26JUL19-360-P,199.74,0.0,0.0,0.0,0.0,0.0,0.0,0.00342,-0.02616,-0.08737,0.00026,-0.99632
199.35,ETH-27SEP19,1563361195905,open,0.55,868.0,0.515,0.64,0.577319,114.16,0.566,0.0,ETH-27SEP19-300-P,199.74,101.65,0.559,110.0,0.602,30.0,129.85,0.30279,-0.24047,-0.50536,0.00339,-0.71004
199.35,ETH-27SEP19,1563361195907,open,0.09,5948.0,0.052,0.139,0.095428,112.46,0.084,0.0,ETH-27SEP19-160-P,199.74,108.56,0.09,215.0,0.1,160.0,115.73,0.27813,-0.21758,-0.13366,0.00316,-0.24505
199.35,ETH-27SEP19,1563361195925,open,0.19,3341.0,0.151,0.245,0.198027,111.89,0.198,0.0,ETH-27SEP19-200-P,199.74,108.97,0.193,334.0,0.204,120.0,115.37,0.34275,-0.2668,-0.23653,0.00391,-0.4045
9382.62,SYN.BTC-19JUL19,1563361195923,open,0.04,547.1,0.005,0.0885,0.04665275,139.39,0.053,0.0,BTC-19JUL19-9500-P,9382.3,144.11,0.048,2.2,0.053,27.5,161.63,2.67537,-99.44305,-0.27779,0.00042,-0.52969
199.73,SYN.ETH-19JUL19,1563361195928,open,0.57,282.0,0.539,0.666,0.602166,170.73,0.4,0.0,ETH-19JUL19-320-P,199.74,0.0,0.003,25.0,0.0,0.0,0.0,4e-05,-0.00197,-0.01644,1e-05,-0.99992
9382.62,SYN.BTC-19JUL19,1563361195929,open,0.02,266.8,0.0005,0.064,0.02313982,143.92,0.027,0.0,BTC-19JUL19-9000-P,9382.3,143.38,0.023,1.6,0.027,35.1,158.78,2.41877,-92.82968,-0.16755,0.00037,-0.32448
199.35,ETH-27SEP19,1563361195962,open,0.06,1846.0,0.021,0.1,0.060664,115.11,0.06,0.0,ETH-27SEP19-320-C,199.74,113.93,0.059,1.0,0.064,160.0,117.45,0.28175,-0.22562,0.07475,0.00313,0.25108
199.69,SYN.ETH-26JUL19,1563361195966,open,0.21,1338.0,0.178,0.275,0.226105,135.01,0.189,0.0,ETH-26JUL19-240-P,199.74,123.61,0.221,120.0,0.0,0.0,0.0,0.09249,-0.70353,-0.04879,0.00707,-0.77878
199.69,SYN.ETH-26JUL19,1563361195968,open,0.0,3965.0,0.001,0.04,0.000214,135.0,0.003,0.0,ETH-26JUL19-360-C,199.74,0.0,0.0,0.0,0.002,241.0,175.1,0.0033,-0.02506,0.00016,0.00025,0.00353
199.69,SYN.ETH-26JUL19,1563361195970,open,0.0,1780.0,0.001,0.04,3.8e-05,135.0,0.001,0.0,ETH-26JUL19-400-C,199.74,0.0,0.0,0.0,0.001,187.0,183.41,0.00075,-0.00574,3e-05,6e-05,0.0007
199.69,SYN.ETH-26JUL19,1563361195977,open,0.38,867.0,0.352,0.464,0.407862,135.04,0.42,0.0,ETH-26JUL19-280-P,199.74,0.0,0.391,30.0,0.447,30.0,242.21,0.04033,-0.30686,-0.06511,0.00308,-0.93318
199.35,ETH-27SEP19,1563361195981,open,0.61,0.0,0.566,0.645,0.60522,122.83,None,0.0,ETH-27SEP19-80-C,199.74,0.0,0.003,10.0,0.0,0.0,0.0,0.05296,-0.04526,0.14487,0.00055,0.97427
199.69,SYN.ETH-26JUL19,1563361195981,open,0.67,1130.0,0.636,0.771,0.703136,135.31,0.6,0.0,ETH-26JUL19-340-P,199.74,0.0,0.666,30.0,0.745,30.0,309.98,0.0067,-0.05107,-0.08232,0.00051,-0.99217
199.69,SYN.ETH-26JUL19,1563361195986,open,0.0,1920.0,0.001,0.04,9e-05,135.0,0.001,0.0,ETH-26JUL19-380-C,199.74,0.0,0.0,0.0,0.001,151.0,171.95,0.0016,-0.01214,7e-05,0.00012,0.00158
199.35,ETH-27SEP19,1563361196002,open,0.09,1914.0,0.047,0.126,0.086053,112.62,0.087,0.0,ETH-27SEP19-280-C,199.74,108.85,0.08,407.0,0.092,160.0,116.29,0.32177,-0.2521,0.09719,0.00365,0.33365
199.69,SYN.ETH-26JUL19,1563361196002,open,0.0,1872.0,0.001,0.04,0.000502,135.0,0.001,0.0,ETH-26JUL19-340-C,199.74,0.0,0.0,0.0,0.002,118.0,161.08,0.0066,-0.0502,0.00035,0.0005,0.0077
199.35,ETH-27SEP19,1563361196039,open,0.01,4110.0,0.001,0.055,0.014932,116.1,0.012,0.0,ETH-27SEP19-100-P,199.74,109.88,0.012,556.0,0.018,500.0,122.05,0.09865,-0.07968,-0.02752,0.00109,-0.05517
199.35,ETH-27SEP19,1563361196039,open,0.05,1705.0,0.01,0.089,0.049901,115.11,0.05,0.0,ETH-27SEP19-340-C,199.74,112.06,0.046,580.0,0.052,1.0,116.72,0.25836,-0.20688,0.06474,0.00287,0.21483
199.5,SYN.ETH-30AUG19,1563361196039,open,0.14,113.0,0.088,0.167,0.127478,120.65,0.106,0.0,ETH-30AUG19-220-C,199.74,113.8,0.118,200.0,0.132,200.0,123.92,0.27586,-0.3793,0.08698,0.00478,0.49017
199.69,SYN.ETH-26JUL19,1563361196039,open,0.29,867.0,0.262,0.366,0.314027,135.02,0.303,0.0,ETH-26JUL19-260-P,199.74,113.38,0.308,120.0,0.352,30.0,221.46,0.06426,-0.48882,-0.05771,0.00491,-0.87455
199.35,ETH-27SEP19,1563361196041,open,0.02,2417.0,0.001,0.062,0.022951,119.59,0.017,0.0,ETH-27SEP19-440-C,199.74,115.94,0.02,601.0,0.026,200.0,123.14,0.16635,-0.1384,0.03418,0.00178,0.11001
199.35,ETH-27SEP19,1563361196041,open,0.52,0.0,0.474,0.553,0.513277,116.05,None,0.0,ETH-27SEP19-100-C,199.74,0.0,0.003,10.0,0.0,0.0,0.0,0.09858,-0.07958,0.16943,0.00109,0.94488
199.69,SYN.ETH-26JUL19,1563361196041,open,0.01,810.0,0.001,0.045,0.005692,135.0,0.006,0.0,ETH-26JUL19-280-C,199.74,131.45,0.005,676.0,0.01,550.0,153.26,0.0403,-0.30652,0.00296,0.00308,0.06675
199.35,ETH-27SEP19,1563361196043,open,0.03,4141.0,0.001,0.071,0.031027,118.1,0.026,0.0,ETH-27SEP19-400-C,199.74,115.01,0.028,596.0,0.033,200.0,120.04,0.19977,-0.16412,0.04397,0.00216,0.14303
199.35,ETH-27SEP19,1563361196046,open,0.3,392.0,0.253,0.332,0.29278,112.43,0.51,0.0,ETH-27SEP19-160-C,199.74,0.0,0.1,10.0,0.0,0.0,0.0,0.27812,-0.21751,0.18143,0.00316,0.75496
9406.36,BTC-27SEP19,1563361196055,open,0.17,806.4,0.121,0.2005,0.16082556,105.42,0.161,0.0,BTC-27SEP19-10000-C,9382.3,103.25,0.157,14.4,0.1635,11.0,106.94,16.56404,-12.1477,7.04291,9e-05,0.54105
199.69,SYN.ETH-26JUL19,1563361196071,open,0.03,1358.0,0.001,0.081,0.039844,135.0,0.036,0.0,ETH-26JUL19-180-P,199.74,137.22,0.041,367.0,0.049,200.0,152.38,0.10386,-0.78994,-0.01528,0.00793,-0.27478
199.69,SYN.ETH-26JUL19,1563361196071,open,0.03,979.0,0.001,0.064,0.024245,135.0,0.031,0.0,ETH-26JUL19-240-C,199.74,138.75,0.026,122.0,0.03,265.0,147.04,0.09248,-0.70339,0.00956,0.00707,0.22119
9406.67,BTC-27SEP19,1563361196067,open,0.49,793.2,0.4425,0.522,0.48239833,105.97,0.5945,0.0,BTC-27SEP19-5000-C,9382.3,96.57,0.478,11.0,0.4855,11.0,111.79,4.78701,-3.52898,8.52887,3e-05,0.94284
199.35,ETH-27SEP19,1563361196076,open,0.0,3606.0,0.001,0.044,0.004329,132.4,0.005,0.0,ETH-27SEP19-760-C,199.76,126.35,0.003,10.0,0.006,116.0,138.44,0.04932,-0.04542,0.00758,0.00048,0.02363
201.19,ETH-27DEC19,1563361196076,open,0.39,693.0,0.354,0.466,0.409875,106.41,0.423,0.0,ETH-27DEC19-240-P,199.76,101.94,0.398,30.0,0.422,30.0,110.99,0.53309,-0.17414,-0.77851,0.00277,-0.45728
199.35,ETH-27SEP19,1563361196076,open,0.01,2105.0,0.001,0.047,0.007258,128.04,0.013,0.0,ETH-27SEP19-640-C,199.76,121.21,0.005,300.0,0.01,200.0,134.71,0.07384,-0.06577,0.01225,0.00074,0.03847
199.69,SYN.ETH-26JUL19,1563361196076,open,0.07,216.0,0.023,0.102,0.062614,135.0,0.066,0.0,ETH-26JUL19-210-C,199.76,135.62,0.063,128.0,0.071,190.0,148.57,0.12312,-0.93636,0.01865,0.00941,0.44676
199.35,ETH-27SEP19,1563361196076,open,0.71,0.0,0.662,0.741,0.701508,133.55,0.01,0.0,ETH-27SEP19-60-C,199.76,0.0,0.003,10.0,0.0,0.0,0.0,0.0238,-0.02211,0.11321,0.00023,0.98989
201.21,ETH-27DEC19,1563361196077,open,0.05,163.0,0.009,0.088,0.048691,113.2,0.051,0.0,ETH-27DEC19-560-C,199.76,109.02,0.042,710.0,0.053,40.0,115.75,0.33317,-0.11578,0.1041,0.00163,0.16464
199.37,ETH-27SEP19,1563361196076,open,0.39,1374.0,0.354,0.465,0.409526,112.43,0.42,0.0,ETH-27SEP19-260-P,199.76,90.33,0.373,110.0,0.0,0.0,0.0,0.33912,-0.26522,-0.40078,0.00385,-0.61132
201.21,ETH-27DEC19,1563361196076,open,0.26,1838.0,0.223,0.324,0.273722,106.34,0.273,0.0,ETH-27DEC19-200-P,199.76,102.06,0.263,40.0,0.284,40.0,110.47,0.5019,-0.16385,-0.56724,0.00261,-0.35805
199.69,SYN.ETH-26JUL19,1563361196076,open,0.02,100.0,0.001,0.057,0.017171,135.0,0.017,0.0,ETH-26JUL19-250-C,199.76,137.1,0.018,138.0,0.023,283.0,149.1,0.0782,-0.59475,0.00732,0.00597,0.168
201.21,ETH-27DEC19,1563361196077,open,1.97,0.0,1.904,2.145,2.024953,114.39,0.953,0.0,ETH-27DEC19-600-P,199.76,0.0,0.0,0.0,0.0,0.0,0.0,0.30968,-0.10874,-2.58369,0.0015,-0.85264
199.37,ETH-27SEP19,1563361196077,open,0.37,191.0,0.317,0.396,0.356321,113.05,0.5,0.0,ETH-27SEP19-140-C,199.76,0.0,0.01,50.0,0.0,0.0,0.0,0.22358,-0.17583,0.1861,0.00253,0.83035
199.37,ETH-27SEP19,1563361196077,open,1.19,0.0,1.142,1.319,1.230235,119.98,None,0.0,ETH-27SEP19-440-P,199.76,0.0,0.0,0.0,0.0,0.0,0.0,0.16756,-0.13986,-0.83196,0.00178,-0.88889
199.37,ETH-27SEP19,1563361196077,open,0.47,981.0,0.432,0.55,0.490688,112.74,0.48,0.0,ETH-27SEP19-280-P,199.76,85.87,0.45,110.0,0.0,0.0,0.0,0.32196,-0.25251,-0.45408,0.00365,-0.66593
199.73,SYN.ETH-19JUL19,1563361196076,open,0.06,166.0,0.028,0.113,0.070482,135.0,0.076,0.0,ETH-19JUL19-210-P,199.76,159.94,0.077,77.0,0.082,262.0,178.55,0.05114,-1.84115,-0.00771,0.01849,-0.68076
199.37,ETH-27SEP19,1563361196078,open,1.38,0.0,1.329,1.522,1.425479,121.86,None,0.0,ETH-27SEP19-480-P,199.76,0.0,0.0,0.0,0.0,0.0,0.0,0.14103,-0.11955,-0.91777,0.00148,-0.91221
201.21,ETH-27DEC19,1563361196077,open,0.04,150.0,0.001,0.075,0.03544,117.44,0.036,0.0,ETH-27DEC19-680-C,199.76,117.12,0.035,1.0,0.037,50.0,118.58,0.27364,-0.09866,0.07865,0.00129,0.12304
199.37,ETH-27SEP19,1563361196078,open,0.05,7577.0,0.017,0.1,0.058638,113.14,0.057,0.0,ETH-27SEP19-140-P,199.76,109.88,0.055,257.0,0.062,160.0,116.12,0.22367,-0.17604,-0.08966,0.00253,-0.16975
201.21,ETH-27DEC19,1563361196078,open,1.59,37.0,1.536,1.746,1.641058,112.54,0.707,0.0,ETH-27DEC19-520-P,199.76,0.0,0.001,500.0,0.0,0.0,0.0,0.36179,-0.12499,-2.20295,0.00178,-0.81249
199.37,ETH-27SEP19,1563361196078,open,0.05,1732.0,0.003,0.082,0.042082,115.91,0.043,0.0,ETH-27SEP19-360-C,199.76,113.28,0.039,591.0,0.045,161.0,118.33,0.23715,-0.19122,0.0566,0.00261,0.18626
201.21,ETH-27DEC19,1563361196078,open,0.07,624.0,0.026,0.105,0.065435,111.27,0.068,0.0,ETH-27DEC19-480-C,199.76,107.35,0.058,738.0,0.071,40.0,114.1,0.38999,-0.13322,0.13198,0.00194,0.21243
199.37,ETH-27SEP19,1563361196079,open,0.01,4168.0,0.001,0.048,0.008891,126.58,0.008,0.0,ETH-27SEP19-600-C,199.76,119.05,0.006,440.0,0.011,200.0,131.16,0.08599,-0.07572,0.01474,0.00087,0.04642
199.37,ETH-27SEP19,1563361196079,open,0.25,1828.0,0.212,0.312,0.262449,112.2,0.254,0.0,ETH-27SEP19-220-P,199.76,108.55,0.256,200.0,0.268,120.0,115.34,0.35249,-0.27512,-0.29132,0.00401,-0.47959
199.37,ETH-27SEP19,1563361196079,open,0.64,496.0,0.6,0.732,0.665961,115.27,0.67,0.0,ETH-27SEP19-320-P,199.76,0.0,0.041,30.0,1.39,1.0,500.0,0.28212,-0.22622,-0.55525,0.00313,-0.74835
199.5,SYN.ETH-30AUG19,1563361196076,open,0.36,0.0,0.325,0.435,0.379925,121.68,None,0.0,ETH-30AUG19-260-P,199.76,87.95,0.34,120.0,0.0,0.0,0.0,0.25297,-0.35078,-0.24978,0.00435,-0.66163
199.73,SYN.ETH-19JUL19,1563361196076,open,0.96,0.0,0.923,1.082,1.002705,176.48,None,0.0,ETH-19JUL19-400-P,199.76,0.0,0.0,0.0,0.0,0.0,0.0,0.0,0.0,-0.02055,0.0,-1.0
199.69,SYN.ETH-26JUL19,1563361196078,open,0.07,3238.0,0.042,0.128,0.084668,135.01,0.092,0.0,ETH-26JUL19-200-P,199.76,137.16,0.086,130.0,0.095,294.0,151.71,0.12363,-0.94033,-0.02649,0.00944,-0.46099
199.73,SYN.ETH-19JUL19,1563361196076,open,0.01,0.0,0.001,0.058,0.01819,135.0,None,0.0,ETH-19JUL19-190-P,199.76,162.32,0.025,78.0,0.028,229.0,174.06,0.0487,-1.75313,-0.00312,0.0176,-0.2862
199.5,SYN.ETH-30AUG19,1563361196076,open,0.35,0.0,0.299,0.378,0.338512,123.16,None,0.0,ETH-30AUG19-140-C,199.76,0.0,0.0,0.0,0.0,0.0,0.0,0.16018,-0.22482,0.12302,0.00272,0.85152
199.73,SYN.ETH-19JUL19,1563361196076,open,0.76,0.0,0.731,0.874,0.802437,211.35,None,0.0,ETH-19JUL19-360-P,199.76,0.0,0.001,25.0,0.0,0.0,0.0,4e-05,-0.00224,-0.01849,1e-05,-0.99993
199.69,SYN.ETH-26JUL19,1563361196079,open,0.05,711.0,0.007,0.086,0.046358,135.0,0.054,0.0,ETH-26JUL19-220-C,199.76,134.38,0.046,322.0,0.054,218.0,147.97,0.11665,-0.88714,0.01529,0.00891,0.36135
199.73,SYN.ETH-19JUL19,1563361196076,open,0.86,0.0,0.827,0.978,0.902573,229.97,None,0.0,ETH-19JUL19-380-P,199.76,0.0,0.0,0.0,0.0,0.0,0.0,4e-05,-0.00238,-0.01952,1e-05,-0.99993
199.69,SYN.ETH-26JUL19,1563361196076,open,0.19,0.0,0.134,0.213,0.17344,134.99,None,0.0,ETH-26JUL19-170-C,199.76,0.0,0.0,0.0,0.0,0.0,0.0,0.08508,-0.64707,0.0308,0.0065,0.80785
199.69,SYN.ETH-26JUL19,1563361196079,open,0.57,519.0,0.54,0.667,0.603635,135.15,0.183,0.0,ETH-26JUL19-320-P,199.76,0.0,0.051,5.0,0.0,0.0,0.0,0.0128,-0.09744,-0.07706,0.00098,-0.9835
199.5,SYN.ETH-30AUG19,1563361196077,open,0.08,110.0,0.037,0.116,0.07664,121.64,0.075,0.0,ETH-30AUG19-260-C,199.76,116.36,0.07,508.0,0.083,243.0,126.63,0.25295,-0.35065,0.06275,0.00435,0.33829
199.73,SYN.ETH-19JUL19,1563361196076,open,0.67,742.0,0.635,0.77,0.702302,191.63,0.144,0.0,ETH-19JUL19-340-P,199.76,0.0,0.035,10.0,0.0,0.0,0.0,4e-05,-0.0021,-0.01747,1e-05,-0.99993
199.73,SYN.ETH-19JUL19,1563361196077,open,0.0,592.0,0.001,0.046,0.006617,135.0,0.012,0.0,ETH-19JUL19-180-P,199.76,166.66,0.012,84.0,0.015,482.0,182.32,0.03039,-1.09397,-0.00141,0.01098,-0.13065
199.73,SYN.ETH-19JUL19,1563361196076,open,0.09,1115.0,0.066,0.154,0.10996,135.01,0.11,0.0,ETH-19JUL19-220-P,199.76,0.0,0.094,10.0,0.147,10.0,290.33,0.03635,-1.30864,-0.00963,0.01314,-0.82909
199.69,SYN.ETH-26JUL19,1563361196076,open,0.0,1074.0,0.001,0.04,1e-06,135.0,0.001,0.0,ETH-26JUL19-480-C,199.76,0.0,0.0,0.0,0.001,300.0,223.1,3e-05,-0.00022,0.0,0.0,2e-05
199.73,SYN.ETH-19JUL19,1563361196078,open,0.0,142.0,0.001,0.04,0.0,135.0,0.001,0.0,ETH-19JUL19-400-C,199.76,0.0,0.0,0.0,0.001,300.0,398.93,0.0,0.0,0.0,0.0,0.0
199.5,SYN.ETH-30AUG19,1563361196078,open,0.28,0.0,0.229,0.308,0.268434,120.9,None,0.0,ETH-30AUG19-160-C,199.76,0.0,0.0,0.0,0.0,0.0,0.0,0.21047,-0.28998,0.12007,0.00364,0.76913
199.5,SYN.ETH-30AUG19,1563361196076,open,0.04,150.0,0.001,0.081,0.040281,123.19,0.041,0.0,ETH-30AUG19-140-P,199.76,117.78,0.036,271.0,0.044,475.0,127.76,0.1602,-0.2249,-0.04528,0.00272,-0.14851
199.73,SYN.ETH-19JUL19,1563361196077,open,0.0,315.0,0.001,0.04,0.0,135.0,0.001,0.0,ETH-19JUL19-380-C,199.76,0.0,0.0,0.0,0.001,300.0,374.0,0.0,0.0,0.0,0.0,0.0
199.69,SYN.ETH-26JUL19,1563361196077,open,0.13,2700.0,0.103,0.193,0.148062,135.01,0.155,0.0,ETH-26JUL19-220-P,199.76,128.02,0.144,284.0,0.16,100.0,155.18,0.11665,-0.88723,-0.0382,0.00891,-0.63863
199.73,SYN.ETH-19JUL19,1563361196076,open,0.0,2.0,0.001,0.04,0.0,135.0,0.002,0.0,ETH-19JUL19-420-C,199.76,0.0,0.0,0.0,0.001,300.0,422.37,0.0,0.0,0.0,0.0,0.0
199.69,SYN.ETH-26JUL19,1563361196076,open,1.74,0.0,1.693,1.916,1.804338,182.9,None,0.0,ETH-26JUL19-560-P,199.76,0.0,0.0,0.0,0.0,0.0,0.0,0.0003,-0.00308,-0.13615,2e-05,-0.99974
199.5,SYN.ETH-30AUG19,1563361196077,open,0.11,941.0,0.069,0.157,0.113144,120.47,0.113,0.0,ETH-30AUG19-180-P,199.76,114.74,0.106,180.0,0.121,180.0,126.77,0.24879,-0.34158,-0.10496,0.00432,-0.32451
199.73,SYN.ETH-19JUL19,1563361196076,open,1.06,0.0,1.019,1.186,1.102841,188.63,None,0.0,ETH-19JUL19-420-P,199.76,0.0,0.0,0.0,0.0,0.0,0.0,0.0,0.0,-0.02158,0.0,-1.0
199.69,SYN.ETH-26JUL19,1563361196076,open,0.0,1248.0,0.001,0.04,0.0,135.0,0.001,0.0,ETH-26JUL19-560-C,199.76,0.0,0.0,0.0,0.001,389.0,255.58,0.0,-1e-05,0.0,0.0,0.0
199.73,SYN.ETH-19JUL19,1563361196076,open,0.0,90.0,0.001,0.04,0.0,135.0,0.002,0.0,ETH-19JUL19-360-C,199.76,0.0,0.0,0.0,0.001,300.0,347.39,0.0,0.0,0.0,0.0,0.0
199.69,SYN.ETH-26JUL19,1563361196076,open,0.02,545.0,0.001,0.052,0.012012,135.0,0.012,0.0,ETH-26JUL19-260-C,199.76,134.96,0.012,388.0,0.017,297.0,149.37,0.06424,-0.48859,0.00551,0.00491,0.1254
199.69,SYN.ETH-26JUL19,1563361196077,open,0.32,0.0,0.263,0.342,0.302233,135.0,None,0.0,ETH-26JUL19-140-C,199.76,0.0,0.0,0.0,0.0,0.0,0.0,0.02493,-0.18959,0.03211,0.0019,0.96346
199.69,SYN.ETH-26JUL19,1563361196078,open,0.15,50.0,0.099,0.178,0.138449,134.99,0.138,0.0,ETH-26JUL19-180-C,199.76,132.2,0.137,50.0,0.148,50.0,153.11,0.10386,-0.78986,0.02849,0.00793,0.72523
199.73,SYN.ETH-19JUL19,1563361196076,open,0.01,463.0,0.001,0.048,0.00847,135.0,0.011,0.0,ETH-19JUL19-220-C,199.76,143.17,0.01,200.0,0.014,344.0,162.88,0.03635,-1.30848,0.00167,0.01314,0.17089
199.37,ETH-27SEP19,1563361196091,open,0.19,3341.0,0.151,0.245,0.198027,111.93,0.198,0.0,ETH-27SEP19-200-P,199.76,109.01,0.193,134.0,0.204,120.0,115.41,0.34276,-0.26689,-0.23651,0.00391,-0.40439
199.37,ETH-27SEP19,1563361196104,open,0.04,1726.0,0.001,0.077,0.037203,118.09,0.025,0.0,ETH-27SEP19-380-C,199.76,117.9,0.037,1.0,0.039,160.0,119.69,0.22073,-0.18132,0.05068,0.00239,0.1663
199.37,ETH-27SEP19,1563361196104,open,0.13,4995.0,0.097,0.187,0.142056,112.04,0.139,0.0,ETH-27SEP19-180-P,199.76,108.25,0.136,167.0,0.148,160.0,115.76,0.31836,-0.24814,-0.18331,0.00363,-0.32486
199.37,ETH-27SEP19,1563361196108,open,0.02,1792.0,0.001,0.054,0.014244,124.01,0.016,0.0,ETH-27SEP19-520-C,199.76,121.89,0.013,500.0,0.016,200.0,126.82,0.12034,-0.10381,0.02236,0.00124,0.07119
9384.98,SYN.BTC-26JUL19,1563361196171,open,0.05,132.3,0.0005,0.078,0.03845514,129.29,0.038,0.0,BTC-26JUL19-10500-C,9382.3,126.68,0.037,40.5,0.0425,12.7,136.45,5.26166,-38.32659,0.65202,0.00019,0.32418
9396.79,SYN.BTC-30AUG19,1563361196196,open,0.24,0.0,0.1905,0.27,0.23033257,113.41,None,0.0,BTC-30AUG19-8000-C,9382.3,104.82,0.2205,4.2,0.2315,4.1,114.42,10.81789,-13.98174,5.61794,9e-05,0.7277
9396.79,SYN.BTC-30AUG19,1563361196202,open,0.24,0.0,0.1905,0.27,0.23033257,113.41,None,0.0,BTC-30AUG19-8000-C,9382.3,104.82,0.2205,4.2,0.2315,4.2,114.42,10.81789,-13.98174,5.61794,9e-05,0.7277
9396.79,SYN.BTC-30AUG19,1563361196212,open,0.18,0.4,0.133,0.2125,0.17291113,112.14,0.1895,0.0,BTC-30AUG19-9000-C,9382.3,107.66,0.167,14.4,0.176,4.3,114.48,12.40518,-15.8535,5.04955,0.0001,0.61996
9382.62,SYN.BTC-19JUL19,1563361196266,open,0.07,372.8,0.039,0.125,0.08214431,139.37,0.093,0.0,BTC-19JUL19-10000-P,9382.3,136.72,0.0815,6.0,0.089,6.0,166.97,2.25689,-83.87909,-0.38745,0.00036,-0.72174
9406.67,BTC-27SEP19,1563361196272,open,0.36,60.1,0.324,0.434,0.3790554,107.52,0.395,0.0,BTC-27SEP19-12000-P,9382.3,105.72,0.376,2.7,0.3895,6.0,113.61,16.04906,-12.00392,-18.267,9e-05,-0.6071
199.71,SYN.ETH-26JUL19,1563361196340,open,1.16,0.0,1.116,1.291,1.203401,175.39,None,0.0,ETH-26JUL19-440-P,199.76,0.0,0.0,0.0,0.0,0.0,0.0,0.00282,-0.02787,-0.10685,0.00017,-0.99703
199.37,ETH-27SEP19,1563361196359,open,2.54,0.0,2.472,2.761,2.616598,131.48,None,0.0,ETH-27SEP19-720-P,199.76,0.0,0.0,0.0,0.0,0.0,0.0,0.05704,-0.05217,-1.40882,0.00055,-0.97188
9466.65,BTC-27DEC19,1563361196361,open,0.52,68.4,0.4725,0.552,0.51208005,98.06,0.511,0.0,BTC-27DEC19-5000-C,9382.3,93.06,0.5065,11.0,0.515,11.0,100.59,10.80843,-3.25357,16.537,3e-05,0.90355
9466.96,BTC-27DEC19,1563361196364,open,0.33,205.5,0.282,0.3615,0.3217963,98.05,0.32,0.0,BTC-27DEC19-8000-C,9382.3,94.81,0.3145,11.0,0.3235,11.0,98.82,21.26686,-6.40135,16.84693,5e-05,0.72057
9406.67,BTC-27SEP19,1563361196372,open,0.26,901.1,0.2155,0.295,0.25516206,104.96,0.25,0.0,BTC-27SEP19-8000-C,9382.3,99.84,0.2475,11.0,0.2565,11.0,105.87,14.06944,-10.27305,8.59709,8e-05,0.71926
9466.96,BTC-27DEC19,1563361196380,open,0.43,83.4,0.3905,0.506,0.44830913,100.08,0.4295,0.0,BTC-27DEC19-12000-P,9382.3,97.14,0.4405,6.0,0.455,3.6,102.58,25.22385,-7.74977,-40.40532,6e-05,-0.50812
9406.67,BTC-27SEP19,1563361196382,open,0.33,748.2,0.279,0.3585,0.31897584,104.96,0.3315,0.0,BTC-27SEP19-7000-C,9382.3,99.18,0.312,11.0,0.3535,11.0,132.43,11.43235,-8.34757,9.04241,6e-05,0.80712
9467.03,BTC-27DEC19,1563361196467,open,0.04,139.4,0.002,0.0815,0.04166828,107.89,0.0455,0.0,BTC-27DEC19-26000-C,9381.95,106.8,0.04,6.0,0.0445,21.0,109.69,14.66893,-4.85845,4.52753,3e-05,0.14884
9406.75,BTC-27SEP19,1563361196468,open,0.74,55.9,0.695,0.7745,0.7349795,124.34,0.689,0.0,BTC-27SEP19-2500-C,9381.95,0.0,0.005,10.0,0.913,5.0,500.0,0.46204,-0.39964,4.84044,0.0,0.99629
9406.75,BTC-27SEP19,1563361196468,open,1.31,0.2,1.2595,1.447,1.35315884,113.83,1.391,0.0,BTC-27SEP19-22000-P,9381.95,0.0,0.005,10.0,1.8,0.1,402.2,5.99559,-4.74778,-42.17282,3e-05,-0.92355
9385.31,SYN.BTC-26JUL19,1563361196467,open,0.52,10.8,0.4855,0.609,0.5471431,138.42,0.166,0.0,BTC-26JUL19-14500-P,9381.95,0.0,0.0,0.0,0.0,0.0,0.0,0.94662,-7.38184,-3.46623,3e-05,-0.97177
9406.75,BTC-27SEP19,1563361196470,open,0.51,13.5,0.466,0.5455,0.50597419,106.56,0.382,0.0,BTC-27SEP19-4750-C,9381.95,0.0,0.005,10.0,0.658,5.0,299.01,4.05132,-3.00324,8.29268,2e-05,0.95366
9397.18,SYN.BTC-30AUG19,1563361196468,open,0.51,0.0,0.4705,0.5925,0.53129444,116.42,None,0.0,BTC-30AUG19-14000-P,9381.95,0.0,0.0,0.0,0.0,0.0,0.0,9.54504,-12.66366,-14.85762,8e-05,-0.78401
9406.75,BTC-27SEP19,1563361196470,open,0.02,383.6,0.0005,0.0605,0.02092663,113.23,0.021,0.0,BTC-27SEP19-20000-C,9381.95,110.79,0.019,46.0,0.0225,11.0,115.13,7.62393,-6.00508,1.56925,4e-05,0.10564
9467.03,BTC-27DEC19,1563361196470,open,0.69,5.6,0.6395,0.776,0.70775952,101.86,0.7075,0.0,BTC-27DEC19-15000-P,9381.95,0.0,0.005,10.0,1.4665,0.2,500.0,23.84354,-7.45603,-56.5818,6e-05,-0.63161
9406.75,BTC-27SEP19,1563361196470,open,0.72,34.4,0.675,0.8145,0.74474516,109.99,0.3735,0.0,BTC-27SEP19-16000-P,9381.95,0.0,0.005,10.0,1.3585,0.2,500.0,11.66037,-8.92154,-28.6279,6e-05,-0.80074
9406.4,BTC-27SEP19,1563361196470,open,2.35,0.0,2.2695,2.541,2.40524883,119.13,None,0.0,BTC-27SEP19-32000-P,9381.95,0.0,0.0,0.0,0.0,0.0,0.0,2.02927,-1.68166,-62.70277,1e-05,-0.9799
9406.4,BTC-27SEP19,1563361196471,open,0.0,383.8,0.0005,0.0405,0.00075712,124.56,0.0005,0.0,BTC-27SEP19-2500-P,9381.95,0.0,0.0,0.0,0.0015,0.1,136.2,0.46677,-0.40445,-0.08349,0.0,-0.00375
9397.18,SYN.BTC-30AUG19,1563361196470,open,0.9,0.0,0.8535,1.0075,0.93038466,120.94,None,0.0,BTC-30AUG19-18000-P,9381.95,0.0,0.0,0.0,0.0,0.0,0.0,5.29296,-7.29488,-20.78828,4e-05,-0.90995
9382.94,SYN.BTC-19JUL19,1563361196467,open,0.0,275.5,0.0005,0.04,8e-08,144.99,0.0005,0.0,BTC-19JUL19-15000-C,9381.95,0.0,0.0,0.0,0.0035,10.0,345.68,0.00013,-0.0008,0.0,0.0,0.0
9385.31,SYN.BTC-26JUL19,1563361196469,open,0.88,0.0,0.8415,0.9945,0.91813783,149.34,None,0.0,BTC-26JUL19-18000-P,9381.95,0.0,0.0,0.0,0.0,0.0,0.0,0.16087,-1.35343,-4.36888,1e-05,-0.99632
9467.03,BTC-27DEC19,1563361196480,open,0.45,122.9,0.399,0.4785,0.43896213,98.05,0.439,0.0,BTC-27DEC19-6000-C,9381.95,94.24,0.433,11.0,0.441,11.0,99.34,14.93841,-4.49635,17.2389,4e-05,0.84703
9467.03,BTC-27DEC19,1563361196491,open,1.54,0.0,1.4815,1.6875,1.58443481,106.94,None,0.0,BTC-27DEC19-24000-P,9381.95,0.0,0.0065,1.0,2.388,0.2,500.0,16.14271,-5.2994,-101.89966,4e-05,-0.82768
9397.18,SYN.BTC-30AUG19,1563361196494,open,0.7,0.0,0.658,0.7955,0.72690475,118.46,None,0.0,BTC-30AUG19-16000-P,9381.95,0.0,0.0,0.0,0.0,0.0,0.0,7.17293,-9.68339,-17.95071,6e-05,-0.86223
9406.75,BTC-27SEP19,1563361196483,open,0.26,901.1,0.2155,0.295,0.25516206,104.97,0.25,0.0,BTC-27SEP19-8000-C,9381.95,100.51,0.2485,11.0,0.2565,11.0,105.87,14.06952,-10.27425,8.5968,8e-05,0.71926
9406.75,BTC-27SEP19,1563361196499,open,0.45,35.9,0.406,0.5225,0.46406381,107.66,0.391,0.0,BTC-27SEP19-13000-P,9381.95,104.81,0.4595,6.0,0.476,6.0,114.99,15.12789,-11.33012,-20.99602,8e-05,-0.66941
9385.31,SYN.BTC-26JUL19,1563361196500,open,0.37,1.0,0.322,0.4015,0.36196821,139.57,0.354,0.0,BTC-26JUL19-6000-C,9381.95,0.0,0.0005,0.1,0.0,0.0,0.0,0.561,-4.41124,1.4213,2e-05,0.98479
9385.31,SYN.BTC-26JUL19,1563361196505,open,0.08,103.8,0.035,0.1145,0.07480262,129.26,0.087,0.0,BTC-26JUL19-9500-C,9381.95,124.75,0.072,29.5,0.077,0.3,132.8,5.83364,-42.48296,1.0072,0.00021,0.51616
9467.03,BTC-27DEC19,1563361196501,open,0.43,83.4,0.3905,0.506,0.44830913,100.07,0.4295,0.0,BTC-27DEC19-12000-P,9381.95,97.52,0.4415,6.0,0.455,3.6,102.59,25.22401,-7.74917,-40.40517,6e-05,-0.50814
9406.75,BTC-27SEP19,1563361196513,open,0.33,748.2,0.279,0.3585,0.31897584,104.97,0.3315,0.0,BTC-27SEP19-7000-C,9381.95,100.01,0.313,11.0,0.3535,11.0,132.43,11.43266,-8.34862,9.04207,6e-05,0.80711
9385.31,SYN.BTC-26JUL19,1563361196536,open,0.67,5.0,0.6375,0.7735,0.70560125,143.06,0.2255,0.0,BTC-26JUL19-16000-P,9381.95,0.0,0.0,0.0,0.0,0.0,0.0,0.43423,-3.49976,-3.86645,1e-05,-0.98869
9466.68,BTC-27DEC19,1563361196541,open,0.01,340.0,0.0005,0.047,0.00695509,102.05,0.0065,0.0,BTC-27DEC19-3000-P,9381.95,100.69,0.0065,10.0,0.008,12.0,104.99,3.23593,-1.0137,-1.19567,1e-05,-0.02135
201.21,ETH-27DEC19,1563361196579,open,0.06,513.0,0.017,0.096,0.056436,112.4,0.059,0.0,ETH-27DEC19-520-C,199.76,108.72,0.05,595.0,0.061,40.0,114.9,0.36112,-0.1246,0.11719,0.00178,0.18695
9406.75,BTC-27SEP19,1563361196607,open,0.45,224.0,0.3975,0.477,0.43718515,105.32,0.5225,0.0,BTC-27SEP19-5500-C,9381.95,96.48,0.4315,11.0,0.4405,11.0,110.06,6.40881,-4.69564,8.87879,3e-05,0.91651
9385.31,SYN.BTC-26JUL19,1563361196611,open,0.18,381.0,0.151,0.2465,0.19882066,129.36,0.215,0.0,BTC-26JUL19-11000-P,9381.95,126.65,0.1975,7.5,0.2105,7.5,152.06,4.61381,-33.62428,-2.17368,0.00017,-0.75369
199.52,SYN.ETH-30AUG19,1563361196612,open,0.28,0.0,0.25,0.353,0.30121,120.73,None,0.0,ETH-30AUG19-240-P,199.76,112.35,0.29,120.0,0.317,120.0,132.38,0.26864,-0.3696,-0.21416,0.00465,-0.59173
9385.31,SYN.BTC-26JUL19,1563361196613,open,0.27,315.8,0.24,0.343,0.29165171,131.67,0.284,0.0,BTC-26JUL19-12000-P,9381.95,121.91,0.2885,7.5,0.3205,7.5,197.88,3.20798,-23.79606,-2.6352,0.00011,-0.8631
9382.94,SYN.BTC-19JUL19,1563361196614,open,0.31,62.5,0.2795,0.3855,0.33235422,150.29,0.3,0.0,BTC-19JUL19-12500-P,9381.95,0.0,0.326,6.0,0.361,6.0,407.16,0.08924,-3.57638,-0.64001,1e-05,-0.99546
9385.31,SYN.BTC-26JUL19,1563361196616,open,0.22,273.8,0.1945,0.2935,0.24392315,130.13,0.222,0.0,BTC-26JUL19-11500-P,9381.95,122.88,0.241,7.5,0.255,7.5,154.78,3.89434,-28.551,-2.41861,0.00014,-0.81592
9406.75,BTC-27SEP19,1563361196618,open,0.13,406.8,0.089,0.1685,0.12875397,106.53,0.13,0.0,BTC-27SEP19-11000-C,9381.95,104.11,0.1245,26.4,0.1325,11.0,108.65,16.57858,-12.2857,6.1785,9e-05,0.4623
9382.94,SYN.BTC-19JUL19,1563361196632,open,0.46,16.4,0.4325,0.5515,0.49212186,183.16,0.495,0.0,BTC-19JUL19-14000-P,9381.95,0.0,0.4845,6.0,0.526,6.0,500.0,0.0314,-1.53356,-0.71851,0.0,-0.99857
9406.75,BTC-27SEP19,1563361196634,open,0.36,60.1,0.324,0.434,0.3790554,107.52,0.395,0.0,BTC-27SEP19-12000-P,9381.95,105.73,0.376,2.7,0.39,6.0,113.9,16.04943,-12.00474,-18.26679,9e-05,-0.60708
9406.4,BTC-27SEP19,1563361196644,open,0.62,29.6,0.5825,0.714,0.64834329,109.2,0.601,0.0,BTC-27SEP19-15000-P,9381.95,0.0,0.005,10.0,1.262,0.3,500.0,12.84369,-9.75703,-26.16902,7e-05,-0.76445
9385.31,SYN.BTC-26JUL19,1563361196721,open,0.18,381.0,0.151,0.2465,0.19882066,129.36,0.215,0.0,BTC-26JUL19-11000-P,9381.95,126.65,0.1975,7.5,0.2095,7.5,150.18,4.61381,-33.62428,-2.17368,0.00017,-0.75369
9406.75,BTC-27SEP19,1563361196723,open,0.45,224.0,0.3975,0.477,0.43718515,105.32,0.5225,0.0,BTC-27SEP19-5500-C,9381.95,96.48,0.4315,11.0,0.4395,11.0,108.66,6.40881,-4.69564,8.87879,3e-05,0.91651
9385.31,SYN.BTC-26JUL19,1563361196736,open,0.22,273.8,0.1945,0.2935,0.24392315,130.13,0.222,0.0,BTC-26JUL19-11500-P,9381.95,125.41,0.242,7.5,0.255,7.5,154.78,3.89434,-28.551,-2.41861,0.00014,-0.81592
9382.94,SYN.BTC-19JUL19,1563361196743,open,0.46,16.4,0.4325,0.5515,0.49212186,183.16,0.495,0.0,BTC-19JUL19-14000-P,9381.95,0.0,0.4855,6.0,0.526,6.0,500.0,0.0314,-1.53356,-0.71851,0.0,-0.99857
9406.75,BTC-27SEP19,1563361196753,open,0.53,78.2,0.4925,0.6165,0.55456217,108.48,0.54,0.0,BTC-27SEP19-14000-P,9381.95,105.06,0.5495,6.0,0.568,6.0,117.29,14.03167,-10.58938,-23.62459,7e-05,-0.72082
9467.03,BTC-27DEC19,1563361196754,open,0.6,17.7,0.5535,0.6825,0.61783044,101.12,0.6235,0.0,BTC-27DEC19-14000-P,9381.95,98.08,0.61,6.0,0.626,3.6,104.26,24.50419,-7.60629,-51.25357,6e-05,-0.59542
9397.18,SYN.BTC-30AUG19,1563361196760,open,0.8,0.0,0.755,0.901,0.82800229,119.73,None,0.0,BTC-30AUG19-17000-P,9381.95,0.0,0.0,0.0,0.0,0.0,0.0,6.17176,-8.42109,-19.39354,5e-05,-0.88886
9406.75,BTC-27SEP19,1563361196756,open,0.36,60.1,0.324,0.434,0.3790554,107.52,0.395,0.0,BTC-27SEP19-12000-P,9381.95,105.73,0.376,2.7,0.3885,6.0,113.03,16.04943,-12.00474,-18.26679,9e-05,-0.60708
9382.94,SYN.BTC-19JUL19,1563361196838,open,0.0,282.0,0.0005,0.041,0.00104944,144.07,0.001,0.0,BTC-19JUL19-11500-C,9381.95,129.03,0.0005,19.5,0.0015,0.4,152.93,0.42578,-9.84683,0.01275,7e-05,0.02751
9382.94,SYN.BTC-19JUL19,1563361196857,open,0.0,282.0,0.0005,0.041,0.00104944,144.07,0.001,0.0,BTC-19JUL19-11500-C,9381.95,129.03,0.0005,19.6,0.0015,0.4,152.93,0.42578,-9.84683,0.01275,7e-05,0.02751
9397.18,SYN.BTC-30AUG19,1563361196872,open,0.25,14.6,0.217,0.3175,0.26723894,113.13,0.2625,0.0,BTC-30AUG19-11000-P,9381.95,111.48,0.265,14.4,0.278,3.0,121.05,12.72649,-16.4075,-9.58581,0.00011,-0.58137
9406.75,BTC-27SEP19,1563361196874,open,0.59,227.5,0.54,0.6195,0.57968731,109.6,0.7065,0.0,BTC-27SEP19-4000-C,9381.95,71.7,0.575,11.0,0.5825,11.0,119.91,2.24722,-1.71333,7.36572,1e-05,0.97733
9385.31,SYN.BTC-26JUL19,1563361196887,open,0.18,381.0,0.151,0.2465,0.19882066,129.36,0.215,0.0,BTC-26JUL19-11000-P,9381.95,125.62,0.197,7.5,0.2095,7.5,150.18,4.61381,-33.62428,-2.17368,0.00017,-0.75369
201.21,ETH-27DEC19,1563361196888,open,0.18,209.0,0.132,0.211,0.171443,107.06,0.178,0.0,ETH-27DEC19-280-C,199.76,103.11,0.161,380.0,0.18,230.0,110.29,0.5333,-0.17528,0.25765,0.00276,0.45841
9382.94,SYN.BTC-19JUL19,1563361196889,open,0.2,224.5,0.178,0.2755,0.22671954,144.96,0.245,0.0,BTC-19JUL19-11500-P,9381.95,0.0,0.2215,6.0,0.2375,6.0,245.23,0.43602,-16.85494,-0.57764,7e-05,-0.97169
9406.4,BTC-27SEP19,1563361196891,open,0.33,748.2,0.279,0.3585,0.31897584,104.99,0.3315,0.0,BTC-27SEP19-7000-C,9381.95,99.61,0.3125,11.0,0.3535,11.0,132.44,11.43359,-8.35049,9.04104,6e-05,0.80708
9466.68,BTC-27DEC19,1563361196910,open,0.09,358.7,0.048,0.1275,0.08779802,103.68,0.087,0.0,BTC-27DEC19-18000-C,9381.95,101.98,0.084,15.9,0.0915,21.0,105.31,21.30305,-6.78003,8.13723,5e-05,0.28043
9385.31,SYN.BTC-26JUL19,1563361196912,open,0.11,60.3,0.0625,0.142,0.102101,131.38,0.1,0.0,BTC-26JUL19-9000-C,9381.95,123.62,0.0975,29.5,0.105,11.5,136.26,5.56958,-41.22481,1.18324,0.0002,0.6206
9385.31,SYN.BTC-26JUL19,1563361196930,open,0.78,0.0,0.7395,0.884,0.81180409,147.05,None,0.0,BTC-26JUL19-17000-P,9381.95,0.0,0.0,0.0,0.0,0.0,0.0,0.2722,-2.25499,-4.11946,1e-05,-0.99336
9466.68,BTC-27DEC19,1563361196939,open,0.04,234.7,0.0005,0.0815,0.04024551,98.06,0.041,0.0,BTC-27DEC19-5000-P,9381.95,96.52,0.0385,10.0,0.042,6.0,99.58,10.80836,-3.25354,-5.77458,3e-05,-0.09645
9467.03,BTC-27DEC19,1563361196939,open,0.36,74.2,0.315,0.424,0.36936782,99.54,0.3645,0.0,BTC-27DEC19-11000-P,9381.95,96.95,0.3625,6.0,0.376,3.6,102.04,25.08597,-7.66518,-34.93106,6e-05,-0.4575
9467.03,BTC-27DEC19,1563361196940,open,0.43,83.4,0.3905,0.506,0.44830913,100.07,0.4295,0.0,BTC-27DEC19-12000-P,9381.95,97.52,0.4415,6.0,0.4555,3.6,102.77,25.22401,-7.74917,-40.40517,6e-05,-0.50814
9385.31,SYN.BTC-26JUL19,1563361196978,open,0.42,32.3,0.3855,0.5005,0.44313431,137.4,0.29,0.0,BTC-26JUL19-13500-P,9381.95,0.0,0.435,7.5,0.476,7.5,236.78,1.65033,-12.77522,-3.1656,6e-05,-0.94404
9385.31,SYN.BTC-26JUL19,1563361197024,open,0.02,542.0,0.0005,0.053,0.01301346,131.54,0.015,0.0,BTC-26JUL19-12000-C,9381.95,130.02,0.0125,30.0,0.015,0.2,137.19,3.20348,-23.73936,0.28207,0.00011,0.13662
9385.31,SYN.BTC-26JUL19,1563361197045,open,0.02,542.0,0.0005,0.053,0.01301346,131.54,0.015,0.0,BTC-26JUL19-12000-C,9381.95,130.02,0.0125,30.0,0.0145,0.1,135.79,3.20348,-23.73936,0.28207,0.00011,0.13662
199.71,SYN.ETH-26JUL19,1563361197066,open,0.0,2384.0,0.001,0.04,0.0,134.99,0.001,0.0,ETH-26JUL19-500-C,199.76,0.0,0.0,0.0,0.001,571.0,231.77,1e-05,-9e-05,0.0,0.0,1e-05
201.21,ETH-27DEC19,1563361197076,open,1.78,0.0,1.719,1.945,1.832129,113.36,0.845,0.0,ETH-27DEC19-560-P,199.72,0.0,0.0,0.0,0.0,0.0,0.0,0.334,-0.11624,-2.39448,0.00163,-0.83473
201.21,ETH-27DEC19,1563361197076,open,0.05,435.0,0.003,0.082,0.042698,114.19,0.045,0.0,ETH-27DEC19-600-C,199.72,110.35,0.037,601.0,0.047,50.0,116.93,0.30869,-0.10821,0.09334,0.0015,0.14665
201.21,ETH-27DEC19,1563361197077,open,1.23,0.0,1.175,1.355,1.264737,110.7,None,0.0,ETH-27DEC19-440-P,199.72,0.0,1.172,110.0,0.0,0.0,0.0,0.42313,-0.1438,-1.81287,0.00212,-0.75436
201.21,ETH-27DEC19,1563361197077,open,0.04,424.0,0.001,0.079,0.039691,116.5,0.04,0.0,ETH-27DEC19-640-C,199.72,116.03,0.039,1.0,0.042,50.0,118.06,0.29355,-0.10499,0.08662,0.00139,0.13617
199.37,ETH-27SEP19,1563361197077,open,0.01,1992.0,0.001,0.046,0.006247,130.18,0.005,0.0,ETH-27SEP19-680-C,199.72,122.33,0.004,300.0,0.009,550.0,137.6,0.06554,-0.05935,0.0106,0.00064,0.03325
201.21,ETH-27DEC19,1563361197077,open,0.03,782.0,0.001,0.071,0.031856,118.36,0.032,0.0,ETH-27DEC19-720-C,199.72,117.68,0.031,1.0,0.034,50.0,120.02,0.25563,-0.09288,0.07174,0.0012,0.11176
201.21,ETH-27DEC19,1563361197077,open,2.35,0.0,2.279,2.551,2.41533,117.69,None,0.0,ETH-27DEC19-680-P,199.72,0.0,0.0,0.0,0.0,0.0,0.0,0.27493,-0.09933,-2.95529,0.00129,-0.87613
201.21,ETH-27DEC19,1563361197077,open,0.87,241.0,0.827,0.978,0.902411,109.18,0.986,0.0,ETH-27DEC19-360-P,199.72,77.22,0.833,110.0,1.59,1.0,430.06,0.48823,-0.16363,-1.40957,0.00248,-0.6675
199.37,ETH-27SEP19,1563361197077,open,2.74,0.0,2.664,2.968,2.816338,132.4,None,0.0,ETH-27SEP19-760-P,199.72,0.0,0.0,0.0,0.0,0.0,0.0,0.04934,-0.04544,-1.48899,0.00048,-0.97636
199.37,ETH-27SEP19,1563361197077,open,2.15,0.0,2.089,2.346,2.217692,128.89,None,0.0,ETH-27SEP19-640-P,199.72,0.0,0.0,0.0,0.0,0.0,0.0,0.07591,-0.06806,-1.24763,0.00075,-0.96021
199.37,ETH-27SEP19,1563361197077,open,2.35,0.0,2.281,2.554,2.417333,131.2,None,0.0,ETH-27SEP19-680-P,199.72,0.0,0.0,0.0,0.0,0.0,0.0,0.06783,-0.06191,-1.32802,0.00066,-0.96533
201.21,ETH-27DEC19,1563361197077,open,2.54,0.0,2.467,2.754,2.610562,118.63,None,0.0,ETH-27DEC19-720-P,199.72,0.0,0.003,5.0,0.0,0.0,0.0,0.2571,-0.09363,-3.14064,0.0012,-0.88734
201.21,ETH-27DEC19,1563361197077,open,0.7,82.0,0.66,0.797,0.728157,107.92,0.64,0.0,ETH-27DEC19-320-P,199.72,84.6,0.671,110.0,1.58,1.0,500.0,0.51515,-0.17067,-1.20279,0.00264,-0.61145
201.21,ETH-27DEC19,1563361197077,open,0.08,555.0,0.038,0.117,0.077749,110.6,0.081,0.0,ETH-27DEC19-440-C,199.72,106.85,0.07,390.0,0.084,320.0,113.54,0.42274,-0.14353,0.15037,0.00212,0.24522
199.37,ETH-27SEP19,1563361197077,open,0.0,1735.0,0.001,0.046,0.00654,122.9,0.006,0.0,ETH-27SEP19-80-P,199.72,116.68,0.005,300.0,0.008,500.0,128.09,0.05303,-0.04534,-0.01268,0.00055,-0.02577
201.21,ETH-27DEC19,1563361197077,open,0.48,0.0,0.437,0.516,0.476222,106.66,None,0.0,ETH-27DEC19-120-C,199.72,0.0,0.001,1100.0,2.47,1.0,500.0,0.29873,-0.09781,0.34485,0.00155,0.8603
201.17,ETH-27DEC19,1563361197077,open,0.29,194.0,0.24,0.319,0.279673,106.35,0.275,0.0,ETH-27DEC19-200-C,199.72,102.08,0.269,30.0,0.291,30.0,110.9,0.50185,-0.16384,0.32512,0.00261,0.64185
199.33,ETH-27SEP19,1563361197077,open,0.81,233.0,0.774,0.921,0.847791,115.64,0.763,0.0,ETH-27SEP19-360-P,199.72,0.0,0.0,0.0,0.99,1.0,207.55,0.23635,-0.19014,-0.65255,0.00261,-0.8147
199.33,ETH-27SEP19,1563361197077,open,0.17,1106.0,0.119,0.198,0.158861,112.18,0.158,0.0,ETH-27SEP19-220-C,199.72,108.3,0.152,201.0,0.165,120.0,115.65,0.35243,-0.27502,0.14184,0.00402,0.52021
201.17,ETH-27DEC19,1563361197077,open,1.05,16.0,0.998,1.164,1.080853,109.55,1.195,0.0,ETH-27DEC19-400-P,199.72,63.09,1.001,110.0,1.49,1.0,270.55,0.45487,-0.15298,-1.6137,0.0023,-0.71677
199.33,ETH-27SEP19,1563361197077,open,1.96,27.0,1.898,2.139,2.018675,125.9,1.044,0.0,ETH-27SEP19-600-P,199.72,0.0,0.0,0.0,0.0,0.0,0.0,0.08417,-0.07371,-1.16713,0.00085,-0.95478
199.75,SYN.ETH-19JUL19,1563361197077,open,0.08,0.0,0.027,0.106,0.066905,134.73,None,0.0,ETH-19JUL19-190-C,199.72,143.27,0.069,150.0,0.079,150.0,182.69,0.04865,-1.74788,0.00664,0.01762,0.71447
199.71,SYN.ETH-26JUL19,1563361197076,open,0.0,1236.0,0.001,0.04,0.0,134.99,0.003,0.0,ETH-26JUL19-520-C,199.72,0.0,0.0,0.0,0.001,300.0,240.05,1e-05,-4e-05,0.0,0.0,0.0
199.33,ETH-27SEP19,1563361197078,open,0.02,2676.0,0.001,0.057,0.017543,121.37,0.023,0.0,ETH-27SEP19-480-C,199.72,117.59,0.015,600.0,0.02,200.0,124.76,0.13951,-0.11779,0.02708,0.00147,0.08654
199.33,ETH-27SEP19,1563361197078,open,0.01,1594.0,0.001,0.05,0.010681,124.36,0.013,0.0,ETH-27SEP19-560-C,199.72,118.48,0.008,300.0,0.014,200.0,130.53,0.09877,-0.08545,0.0175,0.00102,0.05526
199.33,ETH-27SEP19,1563361197078,open,1.57,12.0,1.518,1.727,1.622468,123.16,1.193,0.0,ETH-27SEP19-520-P,199.72,0.0,0.0,0.0,0.0,0.0,0.0,0.11783,-0.10096,-1.00217,0.00122,-0.93071
199.33,ETH-27SEP19,1563361197079,open,0.25,779.0,0.2,0.279,0.239142,112.05,0.227,0.0,ETH-27SEP19-180-C,199.72,107.58,0.232,120.0,0.246,120.0,116.35,0.31836,-0.24815,0.17108,0.00363,0.675
199.52,SYN.ETH-30AUG19,1563361197077,open,0.7,0.0,0.667,0.805,0.735715,127.7,None,0.0,ETH-30AUG19-340-P,199.72,0.0,0.0,0.0,0.0,0.0,0.0,0.17031,-0.24785,-0.37721,0.00279,-0.83707
199.75,SYN.ETH-19JUL19,1563361197077,open,0.0,403.0,0.001,0.04,0.000324,135.05,0.006,0.0,ETH-19JUL19-160-P,199.72,195.17,0.003,74.0,0.005,550.0,219.14,0.00369,-0.06474,-0.0001,0.00133,-0.00962
199.33,ETH-27SEP19,1563361197080,open,0.44,47.0,0.39,0.469,0.429217,113.23,0.689,0.0,ETH-27SEP19-120-C,199.72,0.0,0.0,0.0,0.0,0.0,0.0,0.1593,-0.12547,0.18337,0.0018,0.89639
199.52,SYN.ETH-30AUG19,1563361197077,open,0.8,0.0,0.758,0.903,0.830602,129.67,None,0.0,ETH-30AUG19-360-P,199.72,0.0,0.0,0.0,0.0,0.0,0.0,0.15269,-0.22562,-0.40588,0.00246,-0.86171
199.75,SYN.ETH-19JUL19,1563361197077,open,0.37,617.0,0.346,0.457,0.401901,173.42,0.407,0.0,ETH-19JUL19-280-P,199.72,0.0,0.382,10.0,0.438,10.0,486.92,0.00168,-0.07785,-0.01434,0.00047,-0.99603
199.75,SYN.ETH-19JUL19,1563361197077,open,0.27,789.0,0.25,0.353,0.301866,146.91,0.297,0.0,ETH-19JUL19-260-P,199.72,0.0,0.282,10.0,0.331,10.0,389.88,0.00283,-0.11102,-0.01329,0.00094,-0.99287
199.71,SYN.ETH-26JUL19,1563361197077,open,0.17,0.0,0.139,0.232,0.185551,135.17,None,0.0,ETH-26JUL19-230-P,199.72,101.65,0.169,120.0,0.0,0.0,0.0,0.10594,-0.80673,-0.04367,0.00808,-0.71381
199.71,SYN.ETH-26JUL19,1563361197077,open,1.45,0.0,1.404,1.604,1.503858,201.74,None,0.0,ETH-26JUL19-500-P,199.72,0.0,0.0,0.0,0.0,0.0,0.0,0.00275,-0.0313,-0.12145,0.00014,-0.99711
199.75,SYN.ETH-19JUL19,1563361197077,open,0.0,573.0,0.001,0.04,0.0,134.97,0.001,0.0,ETH-19JUL19-320-C,199.72,0.0,0.0,0.0,0.001,300.0,287.96,0.0,0.0,0.0,0.0,0.0
199.71,SYN.ETH-26JUL19,1563361197076,open,1.55,0.0,1.5,1.708,1.604012,209.93,None,0.0,ETH-26JUL19-520-P,199.72,0.0,0.0,0.0,0.0,0.0,0.0,0.00276,-0.03262,-0.12631,0.00014,-0.99711
199.75,SYN.ETH-19JUL19,1563361197077,open,0.17,0.0,0.111,0.19,0.150623,133.76,None,0.0,ETH-19JUL19-170-C,199.72,0.0,0.0,0.0,0.0,0.0,0.0,0.01279,-0.45606,0.00829,0.00466,0.9582
199.52,SYN.ETH-30AUG19,1563361197077,open,0.06,552.0,0.028,0.113,0.070432,120.93,0.075,0.0,ETH-30AUG19-160-P,199.72,115.75,0.065,232.0,0.078,392.0,128.06,0.21047,-0.29004,-0.07225,0.00364,-0.23082
199.71,SYN.ETH-26JUL19,1563361197077,open,0.25,0.0,0.219,0.319,0.269101,135.28,None,0.0,ETH-26JUL19-250-P,199.72,0.0,0.247,120.0,0.0,0.0,0.0,0.07843,-0.59774,-0.05343,0.00598,-0.83126
199.71,SYN.ETH-26JUL19,1563361197076,open,1.94,0.0,1.885,2.124,2.004629,239.93,None,0.0,ETH-26JUL19-600-P,199.72,0.0,0.0,0.0,0.0,0.0,0.0,0.00281,-0.03794,-0.14576,0.00012,-0.99705
199.52,SYN.ETH-30AUG19,1563361197078,open,0.03,50.0,0.001,0.071,0.03147,127.5,0.027,0.0,ETH-30AUG19-340-C,199.72,123.33,0.028,234.0,0.036,297.0,132.68,0.16994,-0.24692,0.0314,0.00279,0.16237
199.75,SYN.ETH-19JUL19,1563361197078,open,0.12,10.0,0.066,0.145,0.105399,134.5,0.116,0.0,ETH-19JUL19-180-C,199.72,144.65,0.107,50.0,0.116,50.0,193.02,0.03022,-1.08401,0.00785,0.01096,0.87038
199.71,SYN.ETH-26JUL19,1563361197078,open,0.47,659.0,0.445,0.565,0.504917,136.24,0.34,0.0,ETH-26JUL19-300-P,199.72,0.0,0.03,1.0,3.4,5.0,500.0,0.02418,-0.18561,-0.07137,0.00183,-0.96479
199.52,SYN.ETH-30AUG19,1563361197077,open,0.07,260.0,0.022,0.101,0.061102,123.52,0.056,0.0,ETH-30AUG19-280-C,199.72,119.12,0.056,252.0,0.066,261.0,127.67,0.23363,-0.32888,0.05296,0.00395,0.28193
199.71,SYN.ETH-26JUL19,1563361197077,open,0.01,2051.0,0.001,0.054,0.014135,135.04,0.013,0.0,ETH-26JUL19-160-P,199.72,143.75,0.017,113.0,0.021,250.0,155.13,0.06353,-0.48337,-0.00668,0.00485,-0.12341
199.75,SYN.ETH-19JUL19,1563361197077,open,0.0,1033.0,0.001,0.04,7e-06,134.96,0.001,0.0,ETH-19JUL19-280-C,199.72,0.0,0.0,0.0,0.001,183.0,217.83,0.00015,-0.00138,0.0,6e-05,0.00029
199.71,SYN.ETH-26JUL19,1563361197076,open,0.01,0.0,0.001,0.047,0.007285,135.04,None,0.0,ETH-26JUL19-150-P,199.72,146.88,0.01,112.0,0.014,250.0,162.03,0.0425,-0.32335,-0.00383,0.00325,-0.07151
199.71,SYN.ETH-26JUL19,1563361197081,open,0.86,504.0,0.827,0.979,0.903022,149.63,0.168,0.0,ETH-26JUL19-380-P,199.72,0.0,0.0,0.0,0.0,0.0,0.0,0.0038,-0.03206,-0.09221,0.00026,-0.99586
199.71,SYN.ETH-26JUL19,1563361197079,open,0.09,151.0,0.044,0.123,0.083122,134.93,0.079,0.0,ETH-26JUL19-200-C,199.72,134.73,0.083,138.0,0.093,313.0,150.89,0.12364,-0.93983,0.02215,0.00945,0.53917
199.71,SYN.ETH-26JUL19,1563361197077,open,1.35,0.0,1.308,1.499,1.403705,193.23,None,0.0,ETH-26JUL19-480-P,199.72,0.0,0.0,0.0,0.0,0.0,0.0,0.00276,-0.03002,-0.11658,0.00015,-0.99711
199.52,SYN.ETH-30AUG19,1563361197078,open,0.04,219.0,0.001,0.078,0.038759,125.98,0.036,0.0,ETH-30AUG19-320-C,199.72,120.87,0.034,271.0,0.042,288.0,129.33,0.19015,-0.27299,0.03724,0.00315,0.19403
199.75,SYN.ETH-19JUL19,1563361197076,open,0.0,262.0,0.001,0.041,0.001177,134.94,0.003,0.0,ETH-19JUL19-240-C,199.72,131.35,0.001,461.0,0.003,100.0,161.0,0.01032,-0.23504,0.00032,0.00373,0.03218
199.75,SYN.ETH-19JUL19,1563361197078,open,0.47,211.0,0.442,0.562,0.502029,204.82,0.495,0.0,ETH-19JUL19-300-P,199.72,0.0,0.002,25.0,0.0,0.0,0.0,0.0015,-0.08211,-0.01538,0.00036,-0.9965
199.75,SYN.ETH-19JUL19,1563361197077,open,0.13,0.0,0.109,0.201,0.154896,136.01,None,0.0,ETH-19JUL19-230-P,199.72,0.0,0.001,30.0,0.0,0.0,0.0,0.0215,-0.77981,-0.01102,0.00771,-0.91892
199.71,SYN.ETH-26JUL19,1563361197078,open,0.02,2.0,0.001,0.065,0.024756,135.05,0.032,0.0,ETH-26JUL19-170-P,199.72,140.26,0.027,390.0,0.032,200.0,151.53,0.08508,-0.64733,-0.01053,0.0065,-0.1921
199.71,SYN.ETH-26JUL19,1563361197078,open,0.0,2011.0,0.001,0.041,0.001156,134.98,0.002,0.0,ETH-26JUL19-320-C,199.72,0.0,0.0,0.0,0.003,107.0,155.46,0.01273,-0.09678,0.00074,0.00097,0.01639
199.75,SYN.ETH-19JUL19,1563361197077,open,0.18,1552.0,0.155,0.25,0.2028,137.2,0.18,0.0,ETH-19JUL19-240-P,199.72,0.0,0.012,4.0,0.9,10.0,500.0,0.01095,-0.40054,-0.01199,0.00389,-0.96544
199.75,SYN.ETH-19JUL19,1563361197077,open,0.0,739.0,0.001,0.04,0.0,134.97,0.003,0.0,ETH-19JUL19-300-C,199.72,0.0,0.0,0.0,0.001,300.0,254.5,1e-05,-7e-05,0.0,0.0,2e-05
199.71,SYN.ETH-26JUL19,1563361197079,open,0.96,985.0,0.923,1.083,1.003124,157.46,0.205,0.0,ETH-26JUL19-400-P,199.72,0.0,0.0,0.0,0.0,0.0,0.0,0.00319,-0.02831,-0.09711,0.00021,-0.9966
199.71,SYN.ETH-26JUL19,1563361197077,open,0.0,1091.0,0.001,0.04,0.0,134.99,0.001,0.0,ETH-26JUL19-600-C,199.72,0.0,0.0,0.0,0.001,300.0,269.81,0.0,0.0,0.0,0.0,0.0
199.33,ETH-27SEP19,1563361197087,open,0.19,3341.0,0.151,0.245,0.197936,111.81,0.198,0.0,ETH-27SEP19-200-P,199.72,108.94,0.193,334.0,0.204,120.0,115.34,0.34275,-0.26659,-0.23653,0.00392,-0.40466
9397.18,SYN.BTC-30AUG19,1563361197120,open,0.25,14.6,0.217,0.3175,0.26720422,113.13,0.2625,0.0,BTC-30AUG19-11000-P,9381.95,111.48,0.265,14.4,0.2765,3.0,119.95,12.72649,-16.4075,-9.58581,0.00011,-0.58137
9382.59,SYN.BTC-19JUL19,1563361197123,open,0.17,0.0,0.11,0.1895,0.14998555,145.36,None,0.0,BTC-19JUL19-8000-C,9381.95,0.0,0.0,0.0,0.0,0.0,0.0,0.76733,-29.74398,0.38231,0.00012,0.9432
9382.94,SYN.BTC-19JUL19,1563361197124,open,0.2,224.5,0.178,0.2755,0.22667953,144.96,0.245,0.0,BTC-19JUL19-11500-P,9381.95,0.0,0.2215,6.0,0.2355,6.0,232.37,0.43602,-16.85494,-0.57764,7e-05,-0.97169
9406.75,BTC-27SEP19,1563361197133,open,0.59,227.5,0.54,0.6195,0.57969072,109.6,0.7065,0.0,BTC-27SEP19-4000-C,9381.95,71.7,0.575,11.0,0.581,11.0,114.73,2.24722,-1.71333,7.36572,1e-05,0.97733
9385.31,SYN.BTC-26JUL19,1563361197145,open,0.18,381.0,0.151,0.2465,0.19878804,129.36,0.215,0.0,BTC-26JUL19-11000-P,9381.95,127.68,0.198,7.5,0.2095,7.5,150.18,4.61381,-33.62428,-2.17368,0.00017,-0.75369
9467.03,BTC-27DEC19,1563361197157,open,0.25,452.1,0.1985,0.278,0.23845254,98.73,0.238,0.0,BTC-27DEC19-10000-C,9381.95,96.83,0.2335,3.6,0.243,11.0,100.5,24.47289,-7.41767,15.16615,6e-05,0.59744
9467.03,BTC-27DEC19,1563361197165,open,0.21,426.5,0.1675,0.247,0.20740736,99.52,0.206,0.0,BTC-27DEC19-11000-C,9381.95,97.67,0.2025,11.0,0.2125,11.0,101.45,25.08617,-7.66421,14.1548,6e-05,0.54247
9467.03,BTC-27DEC19,1563361197175,open,0.51,58.3,0.4705,0.5925,0.5315319,100.67,0.537,0.0,BTC-27DEC19-13000-P,9381.95,97.81,0.524,6.0,0.539,3.6,103.49,24.99912,-7.72541,-45.85173,6e-05,-0.55384
9467.03,BTC-27DEC19,1563361197184,open,0.25,452.1,0.1985,0.278,0.23845254,98.73,0.238,0.0,BTC-27DEC19-10000-C,9381.95,96.83,0.2335,3.6,0.242,11.0,100.11,24.47289,-7.41767,15.16615,6e-05,0.59744
9467.03,BTC-27DEC19,1563361197191,open,0.51,58.3,0.4705,0.5925,0.5315319,100.67,0.537,0.0,BTC-27DEC19-13000-P,9381.95,98.19,0.525,6.0,0.539,3.6,103.49,24.99912,-7.72541,-45.85173,6e-05,-0.55384
9406.75,BTC-27SEP19,1563361197199,open,0.02,387.3,0.0005,0.054,0.0143183,113.68,0.0155,0.0,BTC-27SEP19-22000-C,9381.95,111.55,0.013,39.0,0.0155,0.5,115.5,5.97338,-4.72386,1.14401,3e-05,0.07608
9467.03,BTC-27DEC19,1563361197201,open,0.21,426.5,0.1675,0.247,0.20740736,99.52,0.206,0.0,BTC-27DEC19-11000-C,9381.95,97.67,0.2025,11.0,0.2115,11.0,101.07,25.08617,-7.66421,14.1548,6e-05,0.54247
9384.97,SYN.BTC-26JUL19,1563361197245,open,0.32,0.0,0.271,0.3505,0.31084951,139.96,0.3665,0.0,BTC-26JUL19-6500-C,9381.95,0.0,0.005,0.1,0.0,0.0,0.0,1.17185,-9.24023,1.48919,4e-05,0.96344
9466.8,BTC-27DEC19,1563361197327,open,0.06,105.1,0.019,0.0985,0.05886737,105.84,0.059,0.0,BTC-27DEC19-22000-C,9381.95,104.57,0.0565,4.9,0.062,21.0,107.5,17.74175,-5.76472,5.99163,4e-05,0.2007
9406.51,BTC-27SEP19,1563361197327,open,0.66,0.0,0.617,0.6965,0.6566214,116.21,None,0.0,BTC-27SEP19-3250-C,9381.95,0.0,0.005,10.0,0.898,5.0,500.0,1.1326,-0.91563,6.17136,1e-05,0.98979
9406.51,BTC-27SEP19,1563361197359,open,0.0,490.7,0.0005,0.0405,0.00053915,139.24,0.0005,0.0,BTC-27SEP19-2000-P,9381.95,0.0,0.0,0.0,0.001,6.0,150.09,0.31709,-0.30714,-0.05521,0.0,-0.00244
9382.94,SYN.BTC-19JUL19,1563361197392,open,0.2,224.5,0.178,0.2755,0.22667953,144.96,0.245,0.0,BTC-19JUL19-11500-P,9381.95,0.0,0.221,6.0,0.2355,6.0,232.37,0.43602,-16.85494,-0.57764,7e-05,-0.97169
9466.68,BTC-27DEC19,1563361197422,open,0.16,237.6,0.1205,0.2135,0.16685362,98.06,0.1565,0.0,BTC-27DEC19-8000-P,9381.95,95.68,0.1615,14.9,0.17,6.0,99.46,21.26672,-6.40184,-18.85303,5e-05,-0.27944
9406.75,BTC-27SEP19,1563361197422,open,0.03,310.3,0.0005,0.07,0.03013982,111.87,0.0305,0.0,BTC-27SEP19-18000-C,9381.95,109.72,0.028,29.0,0.032,11.0,113.69,9.50479,-7.3967,2.12379,5e-05,0.14479
9466.8,BTC-27DEC19,1563361197425,open,0.36,93.7,0.308,0.3875,0.34774869,98.06,0.346,0.0,BTC-27DEC19-7500-C,9381.95,93.92,0.339,11.0,0.349,11.0,98.66,19.97938,-6.01456,17.10729,5e-05,0.75271
9382.94,SYN.BTC-19JUL19,1563361197434,open,0.2,224.5,0.178,0.2755,0.22667953,144.96,0.245,0.0,BTC-19JUL19-11500-P,9381.95,0.0,0.222,6.0,0.2355,6.0,232.37,0.43602,-16.85494,-0.57764,7e-05,-0.97169
9406.75,BTC-27SEP19,1563361197450,open,0.4,714.8,0.355,0.4345,0.39486005,105.14,0.434,0.0,BTC-27SEP19-6000-C,9381.95,98.78,0.3895,11.0,0.398,11.0,108.74,8.13406,-5.94905,9.06779,4e-05,0.88437
9466.8,BTC-27DEC19,1563361197468,open,0.02,246.9,0.0005,0.057,0.0171168,114.5,0.0165,0.0,BTC-27DEC19-40000-C,9381.0,112.57,0.0155,6.0,0.0195,21.0,117.16,8.17023,-2.87183,2.09008,2e-05,0.06659
9406.51,BTC-27SEP19,1563361197468,open,0.01,1054.8,0.0005,0.0465,0.00654365,108.53,0.0045,0.0,BTC-27SEP19-4250-P,9381.0,106.65,0.006,15.0,0.0075,24.0,111.64,2.78893,-2.10562,-0.66484,1e-05,-0.02935
9406.51,BTC-27SEP19,1563361197469,open,0.01,288.9,0.0005,0.0505,0.01076213,115.75,0.009,0.0,BTC-27SEP19-24000-C,9381.0,112.18,0.009,39.0,0.0125,11.0,118.96,4.88088,-3.93024,0.88601,2e-05,0.0586
9466.8,BTC-27DEC19,1563361197469,open,0.12,151.0,0.0695,0.149,0.10936004,102.37,0.1085,0.0,BTC-27DEC19-16000-C,9381.0,100.98,0.106,11.0,0.1135,10.0,104.06,23.04482,-7.2419,9.54139,6e-05,0.33522
9382.59,SYN.BTC-19JUL19,1563361197468,open,0.51,0.0,0.484,0.607,0.54535894,0.0,None,0.0,BTC-19JUL19-14500-P,9381.0,0.0,0.001,1.0,0.0,0.0,0.0,0.0,0.0,-0.74486,0.0,-1.0
9406.51,BTC-27SEP19,1563361197469,open,0.03,553.4,0.0005,0.074,0.0326999,105.15,0.0305,0.0,BTC-27SEP19-6000-P,9381.0,103.17,0.031,20.6,0.035,24.0,107.79,8.13569,-5.95132,-2.74826,4e-05,-0.11567
9406.51,BTC-27SEP19,1563361197469,open,0.28,127.7,0.2465,0.35,0.29813015,106.52,0.2865,0.0,BTC-27SEP19-11000-P,9381.0,104.74,0.295,14.4,0.306,14.4,110.98,16.57799,-12.28407,-15.48293,9e-05,-0.53774
9466.8,BTC-27DEC19,1563361197470,open,0.08,539.9,0.032,0.1115,0.07187016,105.02,0.071,0.0,BTC-27DEC19-20000-C,9381.0,103.38,0.0685,4.9,0.0745,21.0,106.29,19.53332,-6.29756,6.98412,5e-05,0.2372
9396.88,SYN.BTC-30AUG19,1563361197468,open,0.31,0.0,0.2605,0.34,0.30017481,114.54,None,0.0,BTC-30AUG19-7000-C,9381.0,0.0,0.0,0.0,0.0,0.0,0.0,8.35506,-10.90553,5.94416,7e-05,0.82641
9405.56,BTC-27SEP19,1563361197470,open,0.01,297.6,0.0005,0.051,0.01093463,106.55,0.005,0.0,BTC-27SEP19-4750-P,9381.0,104.34,0.01,15.0,0.0125,24.0,110.07,4.05203,-3.00355,-1.06117,2e-05,-0.04636
9396.88,SYN.BTC-30AUG19,1563361197468,open,0.6,0.0,0.563,0.6925,0.62777623,117.33,None,0.0,BTC-30AUG19-15000-P,9381.0,0.0,0.0,0.0,0.0,0.0,0.0,8.30612,-11.1057,-16.44387,7e-05,-0.82801
9405.56,BTC-27SEP19,1563361197471,open,0.54,289.7,0.4905,0.57,0.53005136,107.39,0.588,0.0,BTC-27SEP19-4500-C,9381.0,0.0,0.002,1.1,0.67,5.0,299.12,3.38294,-2.52716,8.01683,2e-05,0.9629
9382.59,SYN.BTC-19JUL19,1563361197468,open,0.15,296.3,0.1285,0.222,0.17533016,143.65,0.1615,0.0,BTC-19JUL19-11000-P,9381.0,0.0,0.171,0.1,0.2,8.0,285.42,0.8799,-33.70664,-0.53386,0.00014,-0.93231
9465.85,BTC-27DEC19,1563361197471,open,0.78,7.1,0.728,0.871,0.79949016,102.31,0.491,0.0,BTC-27DEC19-16000-P,9381.0,0.0,0.005,5.0,1.568,0.2,500.0,23.03521,-7.23499,-61.86166,6e-05,-0.66505
9405.56,BTC-27SEP19,1563361197471,open,2.14,0.0,2.066,2.321,2.19332044,115.85,None,0.0,BTC-27SEP19-30000-P,9381.0,0.0,0.0,0.0,0.0,0.0,0.0,2.25717,-1.81908,-58.72201,1e-05,-0.97721
9405.56,BTC-27SEP19,1563361197472,open,1.11,0.0,1.0615,1.233,1.14713888,113.01,None,0.0,BTC-27SEP19-20000-P,9381.0,0.0,0.005,10.0,1.7495,0.2,500.0,7.5879,-5.96503,-37.82343,4e-05,-0.89503
9465.85,BTC-27DEC19,1563361197472,open,0.01,463.2,0.0005,0.0495,0.00967031,118.36,0.008,0.0,BTC-27DEC19-52000-C,9381.0,115.23,0.008,46.1,0.0115,21.0,121.41,5.36714,-1.95011,1.24996,1e-05,0.03926
9405.56,BTC-27SEP19,1563361197472,open,0.64,261.1,0.591,0.6705,0.63082271,114.36,0.714,0.0,BTC-27SEP19-3500-C,9381.0,0.0,0.161,1.0,0.7225,10.0,299.25,1.47496,-1.17336,6.58125,1e-05,0.98616
9384.97,SYN.BTC-26JUL19,1563361197469,open,0.23,17.0,0.175,0.2545,0.21463197,135.0,0.246,0.0,BTC-26JUL19-7500-C,9381.0,0.0,0.005,0.1,0.0,0.0,0.0,2.94361,-22.38871,1.51619,0.0001,0.87906
9465.85,BTC-27DEC19,1563361197472,open,1.94,0.1,1.8735,2.1125,1.99320875,108.55,2.02,0.0,BTC-27DEC19-28000-P,9381.0,0.0,0.001,1.0,2.5,0.1,319.7,13.27624,-4.4241,-121.00047,3e-05,-0.8714
9405.56,BTC-27SEP19,1563361197472,open,0.79,28.2,0.748,0.8275,0.78791806,139.79,0.755,0.0,BTC-27SEP19-2000-C,9381.0,0.0,0.01,1.0,0.924,5.0,500.0,0.32501,-0.31606,3.88154,0.0,0.99749
9384.97,SYN.BTC-26JUL19,1563361197469,open,0.47,11.0,0.4355,0.5545,0.49479773,136.73,0.1845,0.0,BTC-26JUL19-14000-P,9381.0,0.0,0.49,7.7,0.5285,7.5,248.77,1.22052,-9.40173,-3.32339,4e-05,-0.96158
9384.97,SYN.BTC-26JUL19,1563361197468,open,0.27,4.8,0.2215,0.301,0.26104956,135.87,0.455,0.0,BTC-26JUL19-7000-C,9381.0,0.0,0.006,3.0,0.0,0.0,0.0,1.92439,-14.73025,1.53078,7e-05,0.93187
9465.85,BTC-27DEC19,1563361197473,open,0.13,243.3,0.0835,0.163,0.12329431,101.87,0.133,0.0,BTC-27DEC19-15000-C,9381.0,100.16,0.119,15.9,0.1275,10.0,103.53,23.83947,-7.4551,10.35045,6e-05,0.36833
9384.97,SYN.BTC-26JUL19,1563361197469,open,0.01,280.7,0.0005,0.0445,0.00466807,137.14,0.006,0.0,BTC-26JUL19-13500-C,9381.0,133.15,0.004,10.1,0.0055,3.0,141.68,1.64076,-12.67681,0.11611,6e-05,0.05555
9382.59,SYN.BTC-19JUL19,1563361197468,open,0.0,459.3,0.0005,0.04,0.0003523,145.01,0.0005,0.0,BTC-19JUL19-12000-C,9381.0,0.0,0.0,0.0,0.001,0.9,167.32,0.18386,-3.30551,0.00479,3e-05,0.0103
9382.59,SYN.BTC-19JUL19,1563361197471,open,0.0,170.4,0.0005,0.04,0.0,145.01,0.0005,0.0,BTC-19JUL19-16500-C,9381.0,0.0,0.0,0.0,0.0035,10.0,400.41,0.0,-1e-05,0.0,0.0,0.0
9382.59,SYN.BTC-19JUL19,1563361197468,open,0.72,0.0,0.6885,0.8285,0.75851146,0.0,None,0.0,BTC-19JUL19-16500-P,9381.0,0.0,0.0,0.0,0.0,0.0,0.0,0.0,0.0,-0.8476,0.0,-1.0
9465.85,BTC-27DEC19,1563361197474,open,0.05,172.4,0.0095,0.089,0.04930306,106.94,0.0485,0.0,BTC-27DEC19-24000-C,9381.0,105.57,0.047,4.9,0.052,21.0,108.5,16.1377,-5.29768,5.19421,4e-05,0.17227
9384.97,SYN.BTC-26JUL19,1563361197471,open,0.43,0.0,0.375,0.4545,0.4145003,145.71,0.4,0.0,BTC-26JUL19-5500-C,9381.0,0.0,0.0005,0.1,0.0,0.0,0.0,0.27953,-2.29475,1.32047,1e-05,0.99316
9382.59,SYN.BTC-19JUL19,1563361197469,open,0.12,6.1,0.0635,0.143,0.10311932,145.08,0.109,0.0,BTC-19JUL19-8500-C,9381.0,122.38,0.0995,6.0,0.106,6.0,161.0,1.62386,-62.82371,0.35605,0.00025,0.84184
9396.88,SYN.BTC-30AUG19,1563361197469,open,0.05,10.3,0.0015,0.081,0.04143151,116.37,0.0485,0.0,BTC-30AUG19-14000-C,9381.0,113.95,0.039,19.3,0.0435,15.0,118.39,9.54051,-12.65251,1.96983,8e-05,0.21582
9384.97,SYN.BTC-26JUL19,1563361197472,open,0.0,262.6,0.0005,0.0435,0.00342126,139.76,0.0025,0.0,BTC-26JUL19-6500-P,9381.0,131.69,0.0025,30.0,0.005,37.5,151.15,1.16709,-9.18948,-0.09082,4e-05,-0.03638
9384.97,SYN.BTC-26JUL19,1563361197472,open,0.19,35.6,0.132,0.2115,0.17158008,132.57,0.1785,0.0,BTC-26JUL19-8000-C,9381.0,0.0,0.0005,5.0,0.0,0.0,0.0,3.97878,-29.71727,1.45551,0.00014,0.80941
9384.97,SYN.BTC-26JUL19,1563361197470,open,0.57,10.0,0.536,0.6635,0.59987322,140.24,0.17,0.0,BTC-26JUL19-15000-P,9381.0,0.0,0.0,0.0,0.0,0.0,0.0,0.73608,-5.81559,-3.60311,2e-05,-0.97908
9384.97,SYN.BTC-26JUL19,1563361197469,open,0.62,0.0,0.5865,0.7185,0.65260074,139.93,None,0.0,BTC-26JUL19-15500-P,9381.0,0.0,0.0,0.0,0.0,0.0,0.0,0.53033,-4.18089,-3.73865,2e-05,-0.98575
9382.59,SYN.BTC-19JUL19,1563361197468,open,0.0,0.6,0.0005,0.0405,0.00051468,144.98,0.0025,0.0,BTC-19JUL19-7500-P,9381.0,160.38,0.001,23.1,0.0025,0.5,189.37,0.2348,-4.82901,-0.00683,4e-05,-0.01365
9384.97,SYN.BTC-26JUL19,1563361197473,open,0.0,313.8,0.0005,0.04,3.501e-05,145.01,0.001,0.0,BTC-26JUL19-20000-C,9381.0,0.0,0.0,0.0,0.0005,5.8,182.53,0.03136,-0.25618,0.00132,0.0,0.00061
9396.88,SYN.BTC-30AUG19,1563361197473,open,0.33,1.0,0.2955,0.403,0.34945525,114.1,0.3045,0.0,BTC-30AUG19-12000-P,9381.0,106.95,0.3405,3.0,0.3785,3.0,136.42,11.89852,-15.47186,-11.43482,0.0001,-0.66287
9384.97,SYN.BTC-26JUL19,1563361197472,open,0.0,511.1,0.0005,0.0405,0.00075058,141.77,0.0005,0.0,BTC-26JUL19-16000-C,9381.0,0.0,0.0,0.0,0.001,3.5,146.89,0.41193,-3.29004,0.02258,1e-05,0.01065
9384.97,SYN.BTC-26JUL19,1563361197469,open,0.0,625.7,0.0005,0.04,0.00040009,144.79,0.0005,0.0,BTC-26JUL19-17000-C,9381.0,0.0,0.0,0.0,0.001,5.4,160.8,0.24483,-1.99709,0.01253,1e-05,0.00589
9382.59,SYN.BTC-19JUL19,1563361197473,open,0.62,0.0,0.586,0.718,0.65193502,0.0,None,0.0,BTC-19JUL19-15500-P,9381.0,0.0,0.001,1.0,0.0,0.0,0.0,0.0,0.0,-0.79623,0.0,-1.0
9465.85,BTC-27DEC19,1563361197487,open,1.74,0.0,1.677,1.8995,1.7880462,107.68,None,0.0,BTC-27DEC19-26000-P,9381.0,0.0,0.005,10.0,2.5945,0.2,500.0,14.61202,-4.83019,-111.51458,3e-05,-0.85199
9465.85,BTC-27DEC19,1563361197495,open,1.54,0.0,1.4815,1.6875,1.58441703,106.75,None,0.0,BTC-27DEC19-24000-P,9381.0,0.0,0.0065,1.0,2.3885,0.2,500.0,16.09368,-5.27406,-101.91939,4e-05,-0.82846
9384.97,SYN.BTC-26JUL19,1563361197509,open,0.08,103.8,0.035,0.1145,0.07481833,129.31,0.087,0.0,BTC-26JUL19-9500-C,9381.0,124.78,0.072,29.5,0.0765,0.3,132.02,5.83346,-42.49839,1.00702,0.00021,0.51612
9466.8,BTC-27DEC19,1563361197655,open,0.36,93.7,0.308,0.3875,0.34774869,98.06,0.346,0.0,BTC-27DEC19-7500-C,9381.0,94.63,0.3405,11.0,0.349,11.0,98.66,19.97938,-6.01456,17.10729,5e-05,0.75271
9465.85,BTC-27DEC19,1563361197658,open,0.22,301.2,0.1775,0.2755,0.22644588,98.03,0.2165,0.0,BTC-27DEC19-9000-P,9381.0,96.02,0.2215,4.9,0.2325,6.0,100.5,23.24464,-6.99513,-24.05016,6e-05,-0.34293
9406.51,BTC-27SEP19,1563361197661,open,0.26,901.1,0.2155,0.295,0.25516618,104.98,0.25,0.0,BTC-27SEP19-8000-C,9381.0,100.52,0.2485,11.0,0.257,11.0,106.21,14.0697,-10.27543,8.59609,8e-05,0.71924
9466.8,BTC-27DEC19,1563361197698,open,0.29,181.6,0.236,0.3155,0.27577814,98.06,0.287,0.0,BTC-27DEC19-9000-C,9381.0,96.12,0.271,3.6,0.2795,11.0,99.58,23.24475,-6.9975,16.11109,6e-05,0.65716
9465.85,BTC-27DEC19,1563361197706,open,0.22,301.2,0.1775,0.2755,0.22644588,98.03,0.2165,0.0,BTC-27DEC19-9000-P,9381.0,96.02,0.2215,4.9,0.2315,6.0,100.09,23.24464,-6.99513,-24.05016,6e-05,-0.34293
9466.8,BTC-27DEC19,1563361197917,open,0.36,93.7,0.308,0.3875,0.34774869,98.06,0.346,0.0,BTC-27DEC19-7500-C,9381.0,94.63,0.3405,11.0,0.3495,11.0,98.89,19.97938,-6.01456,17.10729,5e-05,0.75271
9466.8,BTC-27DEC19,1563361197920,open,0.33,205.5,0.282,0.3615,0.32179913,98.06,0.32,0.0,BTC-27DEC19-8000-C,9381.0,94.82,0.3145,11.0,0.324,11.0,99.04,21.26672,-6.40207,16.84558,5e-05,0.72057
9406.51,BTC-27SEP19,1563361197939,open,0.21,379.0,0.1625,0.242,0.20239316,104.85,0.2015,0.0,BTC-27SEP19-9000-C,9381.0,102.53,0.1985,14.4,0.2055,11.0,106.71,15.78256,-11.5121,7.89078,9e-05,0.62839
9405.56,BTC-27SEP19,1563361197937,open,0.03,310.3,0.0005,0.07,0.03013982,111.89,0.0305,0.0,BTC-27SEP19-18000-C,9381.0,109.73,0.028,5.0,0.032,11.0,113.7,9.50368,-7.39709,2.12347,5e-05,0.14479
9466.8,BTC-27DEC19,1563361197959,open,0.45,122.9,0.399,0.4785,0.43896851,98.06,0.439,0.0,BTC-27DEC19-6000-C,9381.0,94.25,0.433,11.0,0.4415,11.0,99.66,14.93921,-4.49706,17.23746,4e-05,0.84701
9406.51,BTC-27SEP19,1563361197966,open,0.21,379.0,0.1625,0.242,0.20239316,104.85,0.2015,0.0,BTC-27SEP19-9000-C,9381.0,102.53,0.1985,14.4,0.2045,11.0,106.11,15.78256,-11.5121,7.89078,9e-05,0.62839
9406.51,BTC-27SEP19,1563361198018,open,0.21,379.0,0.1625,0.242,0.20239316,104.85,0.2015,0.0,BTC-27SEP19-9000-C,9381.0,102.24,0.198,14.4,0.2045,11.0,106.11,15.78256,-11.5121,7.89078,9e-05,0.62839
9384.97,SYN.BTC-26JUL19,1563361198020,open,0.06,303.1,0.0145,0.094,0.05423009,129.31,0.0545,0.0,BTC-26JUL19-10000-C,9381.0,126.46,0.0525,0.1,0.056,1.0,132.22,5.70608,-41.56901,0.8239,0.00021,0.41528
9465.99,BTC-27DEC19,1563361198034,open,0.6,27.6,0.5565,0.636,0.59614367,98.95,0.6525,0.0,BTC-27DEC19-4000-C,9381.0,0.0,0.0155,10.0,0.643,0.2,150.27,6.64177,-2.01748,14.89806,2e-05,0.94884
9384.97,SYN.BTC-26JUL19,1563361198029,open,0.11,516.2,0.075,0.1645,0.11972509,129.25,0.131,0.0,BTC-26JUL19-10000-P,9381.0,129.7,0.12,18.0,0.128,18.0,142.8,5.70583,-41.54679,-1.6077,0.00021,-0.5848
9396.88,SYN.BTC-30AUG19,1563361198045,open,0.25,14.6,0.217,0.3175,0.26720422,113.09,0.2625,0.0,BTC-30AUG19-11000-P,9381.0,111.83,0.2655,14.4,0.2765,3.0,119.93,12.72524,-16.39925,-9.58653,0.00011,-0.5815
9466.8,BTC-27DEC19,1563361198064,open,0.11,238.8,0.071,0.1595,0.11525773,98.06,0.1195,0.0,BTC-27DEC19-7000-P,9381.0,95.62,0.1105,14.9,0.1175,6.0,99.21,18.48962,-5.56582,-13.96143,5e-05,-0.21524
201.17,ETH-27DEC19,1563361198076,open,0.15,584.0,0.113,0.205,0.158927,106.28,0.1,0.0,ETH-27DEC19-160-P,199.73,102.54,0.151,189.0,0.167,231.0,110.09,0.42617,-0.13904,-0.36623,0.00222,-0.24904
199.34,ETH-27SEP19,1563361198076,open,0.03,8193.0,0.001,0.072,0.03114,113.12,0.031,0.0,ETH-27SEP19-120-P,199.73,109.11,0.028,490.0,0.033,200.0,115.43,0.15914,-0.12523,-0.05284,0.0018,-0.10347
201.18,ETH-27DEC19,1563361198078,open,0.07,1057.0,0.03,0.115,0.072656,106.67,0.068,0.0,ETH-27DEC19-120-P,199.73,102.83,0.067,262.0,0.079,312.0,110.91,0.29876,-0.09783,-0.19068,0.00155,-0.13975
199.35,ETH-27SEP19,1563361198078,open,0.32,2398.0,0.28,0.386,0.333094,112.19,0.345,0.0,ETH-27SEP19-240-P,199.73,105.86,0.322,120.0,0.339,120.0,115.54,0.35022,-0.27332,-0.34638,0.00399,-0.54929
199.35,ETH-27SEP19,1563361198079,open,0.2,1291.0,0.155,0.234,0.194696,111.85,0.194,0.0,ETH-27SEP19-200-C,199.73,107.38,0.187,120.0,0.202,120.0,116.11,0.34276,-0.26671,0.15732,0.00392,0.59546
199.35,ETH-27SEP19,1563361198079,open,0.91,259.0,0.866,1.021,0.943584,118.26,0.94,0.0,ETH-27SEP19-380-P,199.73,0.0,0.008,12.0,0.0,0.0,0.0,0.22115,-0.18194,-0.69748,0.00239,-0.83319
199.35,ETH-27SEP19,1563361198079,open,0.11,1655.0,0.066,0.145,0.105208,112.32,0.112,0.0,ETH-27SEP19-260-C,199.73,108.66,0.099,233.0,0.112,160.0,116.3,0.33899,-0.26487,0.11114,0.00386,0.38832
199.67,SYN.ETH-26JUL19,1563361198076,open,0.0,0.0,0.001,0.043,0.003309,134.94,None,0.0,ETH-26JUL19-140-P,199.73,146.98,0.005,425.0,0.009,250.0,168.89,0.02491,-0.18939,-0.00193,0.0019,-0.03652
199.67,SYN.ETH-26JUL19,1563361198076,open,0.05,10.0,0.018,0.102,0.059747,134.85,0.05,0.0,ETH-26JUL19-190-P,199.73,136.99,0.061,140.0,0.069,200.0,150.59,0.11719,-0.89031,-0.02069,0.00896,-0.36645
199.67,SYN.ETH-26JUL19,1563361198079,open,0.0,1038.0,0.001,0.042,0.002606,135.05,0.005,0.0,ETH-26JUL19-300-C,199.73,129.45,0.002,300.0,0.006,673.0,157.16,0.02337,-0.17782,0.00151,0.00179,0.03379
199.48,SYN.ETH-30AUG19,1563361198076,open,0.22,107.0,0.171,0.25,0.21093,120.54,0.184,0.0,ETH-30AUG19-180-C,199.73,109.36,0.197,120.0,0.22,120.0,127.81,0.2488,-0.34177,0.11137,0.00432,0.6754
9466.8,BTC-27DEC19,1563361198097,open,0.03,255.2,0.0005,0.0705,0.03074217,109.75,0.0325,0.0,BTC-27DEC19-30000-C,9381.0,108.37,0.029,6.0,0.0335,21.0,111.84,12.18069,-4.1037,3.50714,3e-05,0.11376
9465.99,BTC-27DEC19,1563361198106,open,0.19,196.8,0.141,0.2205,0.18071094,100.09,0.1905,0.0,BTC-27DEC19-12000-C,9381.0,98.3,0.176,11.0,0.1855,21.0,101.87,25.22119,-7.7491,13.14005,6e-05,0.49182
9465.85,BTC-27DEC19,1563361198117,open,0.03,58.2,0.0005,0.0665,0.02689375,110.74,0.03,0.0,BTC-27DEC19-32000-C,9381.0,109.54,0.0255,6.0,0.0295,21.0,112.89,11.16727,-3.79646,3.1242,3e-05,0.10087
9406.51,BTC-27SEP19,1563361198188,open,0.59,227.5,0.54,0.6195,0.5796806,109.66,0.7065,0.0,BTC-27SEP19-4000-C,9381.0,0.0,0.5745,11.0,0.581,11.0,114.77,2.25092,-1.71704,7.36464,1e-05,0.97728
9465.85,BTC-27DEC19,1563361198194,open,0.02,186.2,0.0005,0.061,0.02111841,112.65,0.031,0.0,BTC-27DEC19-36000-C,9381.0,110.99,0.0195,6.0,0.0235,11.0,114.95,9.48138,-3.27874,2.52535,2e-05,0.08091
9406.51,BTC-27SEP19,1563361198399,open,0.59,227.5,0.54,0.6195,0.5796806,109.66,0.7065,0.0,BTC-27SEP19-4000-C,9381.0,87.76,0.576,11.0,0.581,11.0,114.77,2.25092,-1.71704,7.36464,1e-05,0.97728
9465.85,BTC-27DEC19,1563361198401,open,0.02,186.2,0.0005,0.061,0.02111841,112.65,0.031,0.0,BTC-27DEC19-36000-C,9381.0,110.99,0.0195,6.0,0.0225,11.0,113.99,9.48138,-3.27874,2.52535,2e-05,0.08091
9465.99,BTC-27DEC19,1563361198411,open,0.39,54.4,0.336,0.4155,0.37583142,98.08,0.3805,0.0,BTC-27DEC19-7000-C,9381.0,94.57,0.369,11.0,0.378,11.0,99.19,18.4903,-5.56704,17.27148,5e-05,0.78472
9406.51,BTC-27SEP19,1563361198419,open,0.53,78.2,0.4925,0.6165,0.55454199,108.43,0.54,0.0,BTC-27SEP19-14000-P,9381.0,104.69,0.549,6.0,0.568,6.0,117.27,14.02626,-10.57971,-23.62684,7e-05,-0.72103
9465.99,BTC-27DEC19,1563361198437,open,3.99,0.0,3.879,4.2855,4.08224467,117.08,None,0.0,BTC-27DEC19-48000-P,9381.0,0.0,0.0,0.0,0.0,0.0,0.0,6.10256,-2.19337,-212.732,1e-05,-0.95398
9465.99,BTC-27DEC19,1563361198468,open,2.35,0.3,2.2715,2.5435,2.40746707,110.78,2.435,0.0,BTC-27DEC19-32000-P,9381.08,0.0,0.0,0.0,0.0,0.0,0.0,11.17648,-3.80075,-139.66727,3e-05,-0.89902
9465.99,BTC-27DEC19,1563361198468,open,3.17,0.0,3.0735,3.4125,3.24282739,114.57,None,0.0,BTC-27DEC19-40000-P,9381.08,0.0,0.0005,3.0,0.0,0.0,0.0,8.18521,-2.87886,-176.39866,2e-05,-0.93324
9465.99,BTC-27DEC19,1563361198469,open,0.48,60.5,0.4345,0.514,0.47423832,98.08,0.567,0.0,BTC-27DEC19-5500-C,9381.08,94.95,0.47,1.0,0.966,5.0,500.0,12.92802,-3.89264,16.97975,3e-05,0.87622
9405.71,BTC-27SEP19,1563361198469,open,0.91,1.0,0.866,1.021,0.94370523,111.72,1.5815,0.0,BTC-27SEP19-18000-P,9381.08,0.0,0.005,0.3,1.553,0.3,500.0,9.4809,-7.36842,-33.32823,5e-05,-0.85573
9384.03,SYN.BTC-26JUL19,1563361198468,open,0.0,477.9,0.0005,0.043,0.00310347,137.16,0.0025,0.0,BTC-26JUL19-14000-C,9381.08,132.26,0.0025,10.0,0.004,3.2,143.47,1.23289,-9.52697,0.0817,4e-05,0.03891
9465.99,BTC-27DEC19,1563361198472,open,1.15,1.6,1.0975,1.272,1.18470779,105.03,1.0905,0.0,BTC-27DEC19-20000-P,9381.08,0.0,0.005,5.0,1.466,1.0,215.96,19.53219,-6.29791,-82.26299,5e-05,-0.76279
9466.07,BTC-27DEC19,1563361198472,open,2.76,1.3,2.6715,2.977,2.8242634,112.73,2.792,0.0,BTC-27DEC19-36000-P,9381.08,0.0,0.0005,1.0,0.0,0.0,0.0,9.50212,-3.28823,-158.11205,2e-05,-0.91886
9405.79,BTC-27SEP19,1563361198472,open,0.21,218.1,0.1755,0.2725,0.22399484,105.43,0.2285,0.0,BTC-27SEP19-10000-P,9381.08,104.02,0.2215,14.4,0.229,4.6,108.28,16.5632,-12.14822,-12.64989,9e-05,-0.45898
9405.79,BTC-27SEP19,1563361198473,open,1.93,0.0,1.8635,2.102,1.98273734,117.68,None,0.0,BTC-27SEP19-28000-P,9381.08,0.0,0.0,0.0,0.0,0.0,0.0,3.13294,-2.56478,-54.61952,2e-05,-0.96621
9466.07,BTC-27DEC19,1563361198473,open,2.15,0.2,2.072,2.3275,2.19997381,109.76,2.2245,0.0,BTC-27DEC19-30000-P,9381.08,0.0,0.0,0.0,0.0,0.0,0.0,12.18309,-4.1052,-130.36189,3e-05,-0.88619
9384.03,SYN.BTC-26JUL19,1563361198468,open,0.32,56.6,0.288,0.3945,0.34126139,133.46,0.3555,0.0,BTC-26JUL19-12500-P,9381.08,86.69,0.333,7.5,0.3715,7.5,210.18,2.59379,-19.50171,-2.82908,9e-05,-0.89862
9381.64,SYN.BTC-19JUL19,1563361198472,open,0.0,3.0,0.0005,0.0425,0.00259935,144.93,0.0025,0.0,BTC-19JUL19-8000-P,9381.08,149.67,0.003,3.0,0.0055,46.0,174.07,0.76307,-24.38621,-0.02844,0.00012,-0.05641
9384.03,SYN.BTC-26JUL19,1563361198472,open,0.15,53.1,0.0945,0.174,0.13405696,132.06,0.1405,0.0,BTC-26JUL19-8500-C,9381.08,123.31,0.1295,6.0,0.137,17.5,137.64,4.92399,-36.63389,1.33743,0.00017,0.72021
9384.03,SYN.BTC-26JUL19,1563361198470,open,0.01,194.6,0.0005,0.049,0.00934438,133.93,0.01,0.0,BTC-26JUL19-12500-C,9381.08,130.83,0.0085,41.5,0.0115,44.1,141.31,2.61134,-19.70412,0.21215,9e-05,0.10232
9384.03,SYN.BTC-26JUL19,1563361198473,open,0.0,57.0,0.0005,0.041,0.00108297,140.99,0.0005,0.0,BTC-26JUL19-15500-C,9381.08,128.3,0.0005,14.4,0.0015,4.1,147.33,0.55097,-4.37628,0.03153,2e-05,0.0149
9465.99,BTC-27DEC19,1563361198461,open,0.39,54.4,0.336,0.4155,0.37583142,98.08,0.3805,0.0,BTC-27DEC19-7000-C,9381.0,94.57,0.369,11.0,0.377,11.0,98.67,18.4903,-5.56704,17.27148,5e-05,0.78472
9405.71,BTC-27SEP19,1563361198493,open,0.36,60.1,0.324,0.434,0.3790395,107.45,0.395,0.0,BTC-27SEP19-12000-P,9381.08,105.96,0.3765,2.7,0.3885,6.0,112.97,16.04441,-11.99282,-18.26976,9e-05,-0.60737
9405.71,BTC-27SEP19,1563361198488,open,0.53,78.2,0.4925,0.6165,0.55454199,108.38,0.54,0.0,BTC-27SEP19-14000-P,9381.08,105.3,0.55,6.0,0.568,6.0,117.2,14.01949,-10.56964,-23.62966,7e-05,-0.72125
9405.71,BTC-27SEP19,1563361198596,open,0.02,319.0,0.0005,0.0625,0.02189443,105.34,0.0225,0.0,BTC-27SEP19-5500-P,9381.08,103.27,0.0205,21.0,0.024,24.0,108.37,6.41144,-4.69829,-1.95297,3e-05,-0.08355
9405.71,BTC-27SEP19,1563361198619,open,0.06,441.1,0.014,0.0935,0.05372716,109.24,0.055,0.0,BTC-27SEP19-15000-C,9381.08,107.23,0.051,44.3,0.057,11.0,111.62,12.84554,-9.76211,3.36934,7e-05,0.23564
9466.07,BTC-27DEC19,1563361198638,open,0.39,54.4,0.336,0.4155,0.37583142,98.07,0.3805,0.0,BTC-27DEC19-7000-C,9381.08,94.31,0.3685,11.0,0.377,11.0,98.67,18.49023,-5.56692,17.27182,5e-05,0.78472
199.71,SYN.ETH-19JUL19,1563361198734,open,0.27,789.0,0.25,0.354,0.301996,0.0,0.297,0.0,ETH-19JUL19-260-P,199.73,0.0,0.281,10.0,0.331,10.0,388.79,0.0,0.0,-0.01336,0.0,-1.0
9405.71,BTC-27SEP19,1563361198755,open,0.45,224.0,0.3975,0.477,0.43719299,105.41,0.5225,0.0,BTC-27SEP19-5500-C,9381.08,95.74,0.431,11.0,0.4395,11.0,108.73,6.41705,-4.70566,8.87479,3e-05,0.91635
9466.07,BTC-27DEC19,1563361198764,open,0.03,58.2,0.0005,0.0665,0.02689375,110.73,0.03,0.0,BTC-27DEC19-32000-C,9381.08,109.1,0.025,6.0,0.0295,21.0,112.89,11.16559,-3.79558,3.12364,3e-05,0.10084
9405.71,BTC-27SEP19,1563361198766,open,0.03,553.4,0.0005,0.074,0.03270376,105.14,0.0305,0.0,BTC-27SEP19-6000-P,9381.08,103.16,0.031,20.6,0.0355,24.0,108.34,8.13609,-5.95104,-2.74851,4e-05,-0.11569
9405.71,BTC-27SEP19,1563361198910,open,0.1,463.4,0.0615,0.1495,0.10562933,104.95,0.103,0.0,BTC-27SEP19-8000-P,9381.08,103.2,0.103,19.3,0.1095,10.6,107.54,14.06973,-10.27253,-7.15745,8e-05,-0.28081
9405.79,BTC-27SEP19,1563361198934,open,0.0,122.0,0.0005,0.0435,0.00377532,111.61,0.0015,0.0,BTC-27SEP19-3750-P,9381.08,107.32,0.003,19.5,0.0045,24.0,115.16,1.81913,-1.41239,-0.39728,1e-05,-0.01767
9405.79,BTC-27SEP19,1563361198975,open,0.07,163.5,0.0265,0.106,0.06618954,108.45,0.069,0.0,BTC-27SEP19-14000-C,9381.08,106.63,0.0635,13.6,0.0695,11.0,110.65,14.02536,-10.58082,3.94128,7e-05,0.27898
9465.99,BTC-27DEC19,1563361198982,open,0.02,246.9,0.0005,0.057,0.01711074,114.5,0.0165,0.0,BTC-27DEC19-40000-C,9381.08,111.96,0.015,6.0,0.0195,21.0,117.16,8.16765,-2.87087,2.08932,2e-05,0.06657
9405.79,BTC-27SEP19,1563361198996,open,0.49,793.2,0.4425,0.522,0.48236549,105.99,0.5945,0.0,BTC-27SEP19-5000-C,9381.08,96.67,0.478,11.0,0.486,11.0,112.76,4.78966,-3.53161,8.52781,3e-05,0.94279
9381.64,SYN.BTC-19JUL19,1563361199000,open,0.46,16.4,0.4325,0.5515,0.49212739,0.0,0.495,0.0,BTC-19JUL19-14000-P,9381.08,0.0,0.485,6.0,0.526,6.0,500.0,0.0,0.0,-0.71918,0.0,-1.0
9405.79,BTC-27SEP19,1563361199020,open,0.49,793.2,0.4425,0.522,0.48236549,105.99,0.5945,0.0,BTC-27SEP19-5000-C,9381.08,96.67,0.478,11.0,0.4845,11.0,110.05,4.78966,-3.53161,8.52781,3e-05,0.94279
199.35,ETH-27SEP19,1563361199076,open,0.72,345.0,0.686,0.825,0.755531,115.18,0.76,0.0,ETH-27SEP19-340-P,199.71,0.0,0.697,110.0,1.19,1.0,375.88,0.25851,-0.20713,-0.60473,0.00287,-0.78495
201.18,ETH-27DEC19,1563361199076,open,0.22,381.0,0.177,0.256,0.216957,106.41,0.231,0.0,ETH-27DEC19-240-C,199.71,103.04,0.208,214.0,0.227,214.0,110.21,0.53306,-0.17414,0.29242,0.00277,0.54269
199.35,ETH-27SEP19,1563361199077,open,0.14,1653.0,0.09,0.169,0.129076,112.13,0.127,0.0,ETH-27SEP19-240-C,199.71,108.66,0.123,217.0,0.136,120.0,116.06,0.3502,-0.27316,0.12621,0.00399,0.45058
199.35,ETH-27SEP19,1563361199077,open,0.08,3015.0,0.033,0.112,0.072365,114.12,0.063,0.0,ETH-27SEP19-300-C,199.71,112.56,0.07,1.0,0.077,160.0,117.15,0.30273,-0.24033,0.08537,0.00339,0.28983
201.18,ETH-27DEC19,1563361199077,open,1.41,21.0,1.354,1.549,1.45135,111.28,0.629,0.0,ETH-27DEC19-480-P,199.71,0.0,1.347,110.0,0.0,0.0,0.0,0.3899,-0.13319,-2.00998,0.00194,-0.7876
199.5,SYN.ETH-30AUG19,1563361199076,open,0.22,220.0,0.182,0.279,0.23031,120.7,0.242,0.0,ETH-30AUG19-220-P,199.71,114.69,0.222,276.0,0.244,120.0,130.6,0.27585,-0.37945,-0.17748,0.00478,-0.50978
199.5,SYN.ETH-30AUG19,1563361199076,open,0.11,473.0,0.059,0.138,0.098183,120.64,0.1,0.0,ETH-30AUG19-240-C,199.71,113.79,0.089,501.0,0.104,223.0,124.95,0.26856,-0.36923,0.07429,0.00465,0.40798
199.72,SYN.ETH-19JUL19,1563361199076,open,0.0,459.0,0.001,0.04,0.0,134.99,0.001,0.0,ETH-19JUL19-340-C,199.71,0.0,0.0,0.0,0.001,300.0,318.85,0.0,0.0,0.0,0.0,0.0
199.72,SYN.ETH-19JUL19,1563361199078,open,0.01,101.0,0.001,0.043,0.003333,134.96,0.011,0.0,ETH-19JUL19-230-C,199.71,140.99,0.004,316.0,0.008,402.0,170.18,0.02111,-0.66565,0.00078,0.00763,0.07913
9384.03,SYN.BTC-26JUL19,1563361199086,open,0.11,60.3,0.0625,0.142,0.10210115,131.5,0.1,0.0,BTC-26JUL19-9000-C,9381.08,123.74,0.0975,29.5,0.105,29.5,136.38,5.57012,-41.26611,1.18242,0.0002,0.62031
9395.99,SYN.BTC-30AUG19,1563361199088,open,0.08,28.3,0.0325,0.112,0.07246738,114.15,0.082,0.0,BTC-30AUG19-12000-C,9381.08,111.0,0.0685,19.3,0.0755,15.0,116.53,11.89783,-15.47709,2.98955,0.0001,0.33716
9466.07,BTC-27DEC19,1563361199111,open,0.14,161.0,0.0945,0.1855,0.14001085,98.06,0.132,0.0,BTC-27DEC19-7500-P,9381.08,95.68,0.135,14.9,0.1425,6.0,99.24,19.97945,-6.01455,-16.36171,5e-05,-0.24732
9381.64,SYN.BTC-19JUL19,1563361199113,open,0.07,372.8,0.039,0.1255,0.08222966,139.08,0.093,0.0,BTC-19JUL19-10000-P,9381.08,138.46,0.082,6.0,0.089,6.0,166.66,2.25332,-83.56977,-0.38782,0.00036,-0.72258
9405.79,BTC-27SEP19,1563361199115,open,0.15,179.3,0.113,0.2055,0.15922319,104.86,0.151,0.0,BTC-27SEP19-9000-P,9381.08,103.83,0.1575,19.6,0.164,4.7,107.71,15.78213,-11.51297,-9.83321,9e-05,-0.37167
9405.79,BTC-27SEP19,1563361199122,open,0.21,218.1,0.1755,0.2725,0.22397824,105.43,0.2285,0.0,BTC-27SEP19-10000-P,9381.08,104.3,0.222,14.4,0.229,4.6,108.28,16.5632,-12.14822,-12.64989,9e-05,-0.45898
9384.03,SYN.BTC-26JUL19,1563361199131,open,0.05,733.2,0.019,0.1035,0.06112587,131.34,0.067,0.0,BTC-26JUL19-9000-P,9381.08,129.52,0.06,24.1,0.0665,41.5,140.46,5.5699,-41.21394,-1.00561,0.0002,-0.37964
9395.99,SYN.BTC-30AUG19,1563361199139,open,0.18,5.1,0.147,0.242,0.19455541,113.04,0.1915,0.0,BTC-30AUG19-10000-P,9381.08,111.24,0.192,14.4,0.2015,7.2,118.11,12.98726,-16.73065,-7.67725,0.00011,-0.48524
9405.79,BTC-27SEP19,1563361199414,open,0.15,179.3,0.113,0.2055,0.15922319,104.86,0.151,0.0,BTC-27SEP19-9000-P,9381.08,103.83,0.1575,19.3,0.164,4.7,107.71,15.78213,-11.51297,-9.83321,9e-05,-0.37167
9405.97,BTC-27SEP19,1563361199468,open,0.0,437.8,0.0005,0.044,0.0041189,117.46,0.004,0.0,BTC-27SEP19-30000-C,9379.41,112.64,0.003,69.0,0.005,1.0,120.67,2.41753,-1.97541,0.3818,1e-05,0.02473
9405.97,BTC-27SEP19,1563361199468,open,0.84,42.8,0.801,0.8805,0.84067872,144.61,0.815,0.0,BTC-27SEP19-1500-C,9379.41,0.0,0.01,1.0,0.0,0.0,0.0,0.10549,-0.10613,2.93739,0.0,0.99927
9466.19,BTC-27DEC19,1563361199468,open,0.85,0.0,0.803,0.8825,0.84279711,122.13,None,0.0,BTC-27DEC19-1500-C,9379.41,0.0,0.021,10.0,0.984,0.5,500.0,0.72187,-0.27065,6.47834,0.0,0.99616
9381.72,SYN.BTC-19JUL19,1563361199468,open,0.0,198.9,0.0005,0.04,7.23e-06,145.0,0.001,0.0,BTC-19JUL19-13500-C,9379.41,0.0,0.0,0.0,0.0035,10.0,282.84,0.00698,-0.06781,0.00013,0.0,0.00028
9381.72,SYN.BTC-19JUL19,1563361199468,open,0.0,146.9,0.0005,0.04,2.836e-05,145.0,0.0005,0.0,BTC-19JUL19-13000-C,9379.41,0.0,0.0,0.0,0.001,2.0,211.59,0.02288,-0.2661,0.00047,0.0,0.00101
9466.19,BTC-27DEC19,1563361199470,open,0.01,78.3,0.0005,0.051,0.01138522,116.96,0.0145,0.0,BTC-27DEC19-48000-C,9379.41,114.72,0.01,6.0,0.013,11.0,119.37,6.07766,-2.18224,1.45304,1e-05,0.04578
9466.19,BTC-27DEC19,1563361199468,open,4.41,1.0,4.283,4.723,4.50301751,118.56,4.454,0.0,BTC-27DEC19-52000-P,9379.41,0.0,0.001,1.0,0.0,0.0,0.0,5.40776,-1.96813,-230.78048,1e-05,-0.96037
9381.72,SYN.BTC-19JUL19,1563361199468,open,0.11,415.7,0.0815,0.171,0.1262863,140.78,0.137,0.0,BTC-19JUL19-10500-P,9379.41,135.82,0.1255,6.0,0.1325,6.0,174.7,1.52043,-57.07863,-0.47374,0.00024,-0.8567
9464.52,BTC-27DEC19,1563361199470,open,0.03,76.4,0.0005,0.069,0.02809354,98.27,0.0285,0.0,BTC-27DEC19-4500-P,9379.41,96.51,0.0265,10.0,0.03,6.0,100.32,8.67773,-2.61778,-4.22877,2e-05,-0.07203
9464.52,BTC-27DEC19,1563361199471,open,0.74,0.0,0.7,0.7795,0.73985916,105.85,None,0.0,BTC-27DEC19-2500-C,9379.41,0.0,0.0155,3.0,0.978,0.5,500.0,2.06958,-0.67251,10.45172,0.0,0.98733
9464.52,BTC-27DEC19,1563361199471,open,3.99,0.0,3.879,4.285,4.08217021,115.72,None,0.0,BTC-27DEC19-48000-P,9379.41,0.0,0.0,0.0,0.0,0.0,0.0,5.80639,-2.06265,-212.81187,1e-05,-0.95673
9464.52,BTC-27DEC19,1563361199472,open,2.15,0.2,2.072,2.3275,2.19994787,109.35,2.2245,0.0,BTC-27DEC19-30000-P,9379.41,0.0,0.0,0.0,0.0,0.0,0.0,12.0699,-4.0517,-130.40083,3e-05,-0.88765
9405.97,BTC-27SEP19,1563361199472,open,1.52,0.2,1.46,1.6645,1.56239835,115.88,1.6,0.0,BTC-27SEP19-24000-P,9379.41,0.0,0.0,0.0,0.0,0.0,0.0,4.89773,-3.94826,-46.37066,2e-05,-0.94114
9404.3,BTC-27SEP19,1563361199473,open,0.0,421.0,0.0005,0.045,0.00492015,109.59,0.0045,0.0,BTC-27SEP19-4000-P,9379.41,105.52,0.004,19.5,0.006,24.0,113.86,2.2488,-1.71448,-0.51145,1e-05,-0.0227
9464.52,BTC-27DEC19,1563361199473,open,1.35,3.9,1.288,1.478,1.38294336,105.65,0.752,0.0,BTC-27DEC19-22000-P,9379.41,0.0,0.0065,2.0,2.183,0.3,500.0,17.69041,-5.73758,-92.20176,4e-05,-0.80018
9381.72,SYN.BTC-19JUL19,1563361199468,open,0.0,239.0,0.0005,0.04,0.00010377,145.0,0.0005,0.0,BTC-19JUL19-12500-C,9379.41,0.0,0.0,0.0,0.0005,0.1,172.93,0.06832,-0.9735,0.00157,1e-05,0.00337
9464.52,BTC-27DEC19,1563361199474,open,0.79,0.0,0.7515,0.831,0.79102926,112.8,None,0.0,BTC-27DEC19-2000-C,9379.41,0.0,0.0155,3.0,0.981,0.5,500.0,1.28617,-0.44536,8.51522,0.0,0.99265
9464.52,BTC-27DEC19,1563361199473,open,2.76,1.3,2.6715,2.977,2.82417637,112.02,2.792,0.0,BTC-27DEC19-36000-P,9379.41,0.0,0.0005,1.0,0.0,0.0,0.0,9.31923,-3.2048,-158.16874,2e-05,-0.9209
9384.13,SYN.BTC-26JUL19,1563361199468,open,1.19,0.0,1.1485,1.327,1.23785919,154.56,None,0.0,BTC-26JUL19-21000-P,9379.41,0.0,0.0,0.0,0.0,0.0,0.0,0.03253,-0.28328,-5.1048,0.0,-0.99936
9384.13,SYN.BTC-26JUL19,1563361199472,open,0.0,126.8,0.0005,0.0405,0.00052352,145.0,0.001,0.0,BTC-26JUL19-5500-P,9379.41,0.0,0.0,0.0,0.002,40.0,175.43,0.27229,-2.22439,-0.01635,1e-05,-0.00664
9384.13,SYN.BTC-26JUL19,1563361199473,open,0.0,595.5,0.0005,0.0415,0.00162795,140.95,0.0015,0.0,BTC-26JUL19-15000-C,9379.41,131.83,0.001,0.5,0.002,2.6,145.29,0.75274,-5.97757,0.0453,2e-05,0.02148
9384.13,SYN.BTC-26JUL19,1563361199473,open,0.0,389.3,0.0005,0.042,0.00211939,137.89,0.002,0.0,BTC-26JUL19-14500-C,9379.41,130.94,0.0015,11.0,0.003,3.3,145.82,0.9309,-7.23155,0.0583,3e-05,0.02767
9384.13,SYN.BTC-26JUL19,1563361199474,open,1.09,0.0,1.0465,1.2165,1.13131482,150.44,None,0.0,BTC-26JUL19-20000-P,9379.41,0.0,0.0,0.0,0.0,0.0,0.0,0.04657,-0.39473,-4.861,0.0,-0.99906
9381.72,SYN.BTC-19JUL19,1563361199468,open,0.04,43.3,0.0005,0.074,0.03410559,139.4,0.032,0.0,BTC-19JUL19-9500-C,9379.41,137.28,0.0335,2.1,0.038,10.0,153.05,2.67492,-99.43815,0.21004,0.00042,0.46994
9396.16,SYN.BTC-30AUG19,1563361199475,open,0.02,0.5,0.0005,0.0545,0.01483087,120.8,0.02,0.0,BTC-30AUG19-18000-C,9379.41,116.47,0.0125,10.0,0.0165,15.0,123.69,5.27649,-7.26397,0.84546,4e-05,0.08969
9405.97,BTC-27SEP19,1563361199476,open,0.11,586.4,0.0635,0.143,0.10330501,107.5,0.1,0.0,BTC-27SEP19-12000-C,9379.41,105.55,0.1,23.8,0.1065,11.0,109.37,16.04651,-11.9995,5.36162,9e-05,0.39278
9405.97,BTC-27SEP19,1563361199481,open,0.11,586.4,0.0635,0.143,0.10330501,107.5,0.1,0.0,BTC-27SEP19-12000-C,9379.41,105.55,0.1,23.8,0.1065,23.6,109.37,16.04651,-11.9995,5.36162,9e-05,0.39278
9464.52,BTC-27DEC19,1563361199486,open,1.74,0.0,1.677,1.8995,1.78831419,107.61,None,0.0,BTC-27DEC19-26000-P,9379.41,0.0,0.005,10.0,2.595,0.2,500.0,14.59028,-4.82001,-111.52281,3e-05,-0.85229
9396.16,SYN.BTC-30AUG19,1563361199540,open,0.14,30.4,0.0905,0.17,0.13027187,113.08,0.1215,0.0,BTC-30AUG19-10000-C,9379.41,108.91,0.1245,14.4,0.1325,5.0,114.7,12.98741,-16.73693,4.34344,0.00011,0.51483
9464.52,BTC-27DEC19,1563361199544,open,0.14,161.0,0.0945,0.1855,0.14001085,98.03,0.132,0.0,BTC-27DEC19-7500-P,9379.41,95.65,0.135,14.9,0.143,6.0,99.44,19.97945,-6.01245,-16.36185,5e-05,-0.2474
9464.52,BTC-27DEC19,1563361199546,open,0.52,68.4,0.4725,0.552,0.51205275,98.11,0.511,0.0,BTC-27DEC19-5000-C,9379.41,92.69,0.506,11.0,0.515,11.0,100.67,10.81606,-3.25775,16.52911,3e-05,0.90342
9384.13,SYN.BTC-26JUL19,1563361199555,open,0.22,273.8,0.1945,0.2935,0.24403166,130.07,0.222,0.0,BTC-26JUL19-11500-P,9379.41,125.07,0.242,7.5,0.2555,7.5,155.56,3.88993,-28.50565,-2.41924,0.00014,-0.81622
9405.97,BTC-27SEP19,1563361199557,open,0.45,35.9,0.406,0.5225,0.46417023,107.67,0.391,0.0,BTC-27SEP19-13000-P,9379.41,104.75,0.4595,6.0,0.4765,6.0,115.24,15.12592,-11.32946,-20.99697,8e-05,-0.66945
9464.52,BTC-27DEC19,1563361199777,open,0.0,148.7,0.0005,0.041,0.0012591,122.16,0.0005,0.0,BTC-27DEC19-1500-P,9379.41,0.0,0.0,0.0,0.0025,16.0,134.94,0.72307,-0.27117,-0.21559,0.0,-0.00385
9464.52,BTC-27DEC19,1563361199829,open,3.58,0.0,3.476,3.8485,3.66203559,114.77,None,0.0,BTC-27DEC19-44000-P,9379.41,0.0,0.0,0.0,0.0,0.0,0.0,6.77929,-2.38845,-194.67796,1e-05,-0.94749
9396.16,SYN.BTC-30AUG19,1563361199852,open,0.25,14.6,0.217,0.318,0.26731097,113.12,0.2625,0.0,BTC-30AUG19-11000-P,9379.41,111.78,0.2655,14.4,0.2775,3.0,120.61,12.7242,-16.40247,-9.58713,0.00011,-0.58151
9384.13,SYN.BTC-26JUL19,1563361199855,open,0.08,392.1,0.044,0.1305,0.087117,129.3,0.0975,0.0,BTC-26JUL19-9500-P,9379.41,129.11,0.087,18.0,0.0945,18.0,141.18,5.83305,-42.49049,-1.30331,0.00021,-0.48407
9405.97,BTC-27SEP19,1563361199857,open,0.59,227.5,0.54,0.6195,0.57965018,109.58,0.7065,0.0,BTC-27SEP19-4000-C,9379.41,82.3,0.5755,11.0,0.581,11.0,114.85,2.24671,-1.71267,7.36587,1e-05,0.97733
9464.52,BTC-27DEC19,1563361199870,open,0.22,301.2,0.1775,0.2755,0.22650815,98.02,0.2165,0.0,BTC-27DEC19-9000-P,9379.41,95.99,0.2215,4.9,0.232,6.0,100.26,23.24357,-6.99429,-24.05303,6e-05,-0.34301
9384.13,SYN.BTC-26JUL19,1563361199872,open,0.18,381.0,0.151,0.2465,0.19891835,129.31,0.215,0.0,BTC-26JUL19-11000-P,9379.41,127.44,0.198,7.5,0.21,7.5,150.9,4.61029,-33.58705,-2.1743,0.00017,-0.75399
9381.72,SYN.BTC-19JUL19,1563361199874,open,0.2,224.5,0.178,0.2755,0.22684509,144.33,0.245,0.0,BTC-19JUL19-11500-P,9379.41,0.0,0.222,6.0,0.236,6.0,234.74,0.42765,-16.45876,-0.57793,7e-05,-0.97234
9381.72,SYN.BTC-19JUL19,1563361199875,open,0.25,83.2,0.2285,0.3305,0.2794449,145.57,0.2865,0.0,BTC-19JUL19-12000-P,9379.41,0.0,0.273,6.0,0.3065,6.0,365.06,0.18743,-7.27567,-0.61154,3e-05,-0.98947
9405.97,BTC-27SEP19,1563361199877,open,0.26,901.1,0.2155,0.295,0.25511519,104.97,0.25,0.0,BTC-27SEP19-8000-C,9379.41,100.2,0.248,11.0,0.257,11.0,106.23,14.06976,-10.27387,8.59588,8e-05,0.7192
9405.97,BTC-27SEP19,1563361199890,open,0.36,60.1,0.324,0.434,0.3791233,107.51,0.395,0.0,BTC-27SEP19-12000-P,9379.41,105.97,0.3765,2.7,0.389,6.0,113.27,16.04709,-12.00208,-18.26817,9e-05,-0.60717
9405.97,BTC-27SEP19,1563361199892,open,0.45,35.9,0.406,0.5225,0.46417023,107.67,0.391,0.0,BTC-27SEP19-13000-P,9379.41,104.75,0.4595,6.0,0.477,6.0,115.54,15.12592,-11.32946,-20.99697,8e-05,-0.66945
9405.97,BTC-27SEP19,1563361199894,open,0.53,78.2,0.4925,0.6165,0.55465057,108.47,0.54,0.0,BTC-27SEP19-14000-P,9379.41,105.33,0.55,6.0,0.5685,6.0,117.54,14.02815,-10.58558,-23.62605,7e-05,-0.72091
9405.97,BTC-27SEP19,1563361199935,open,0.15,179.3,0.113,0.2055,0.15922319,104.86,0.151,0.0,BTC-27SEP19-9000-P,9379.41,104.13,0.158,0.3,0.164,4.7,107.71,15.78223,-11.51286,-9.83289,9e-05,-0.37165
9404.3,BTC-27SEP19,1563361199953,open,1.31,0.2,1.2595,1.447,1.35331615,113.14,1.391,0.0,BTC-27SEP19-22000-P,9379.41,0.0,0.005,10.0,1.8,0.1,401.86,5.88904,-4.63514,-42.1972,3e-05,-0.92531
9464.52,BTC-27DEC19,1563361199953,open,4.41,1.0,4.283,4.723,4.50301751,116.81,4.454,0.0,BTC-27DEC19-52000-P,9379.41,0.0,0.001,1.0,0.0,0.0,0.0,5.05259,-1.8118,-230.87316,1e-05,-0.96353
