-82.48652178759221
-156.20561430640555
-34.307890492002116
300.0786142957113
85.0764988584051
-175.27225927857398
-11.660786386038353
-64.92105063508745
-392.69797168165496
48.294049800864286
-61.86884188253614
-84.49172923603446
-316.14264115845253
-103.00733317344384
-26.737350313154092
-127.67726899209926
-64.72586127461727
-38.80283590988475
58.42604651622605
82.35850745441894
-89.358206347551
-63.469953215268106
-37.42186376647709
-92.269209720471
70.5810060035219
-69.61197671254814
-30.26028911380763
230.82548742496238
-99.9178348190162
-43.89564425702117
99.29102573774753
-87.02497555352006
190.25152294655527
-8.565494196176587
279.3928719663418
-53.0127346640643
7.440220103650006
-66.75140468164517
142.77956637183888
-114.6902463503733
119.35862930962139
-79.27191794463957
203.29766363470117
-81.87370631930753
-138.14203270833696
45.1280318029344
11.406672415786034
-80.59739446619348
586.5486791322128
124.54062012024224
-95.59070202059047
-71.26977853163287
-31.755529706370282
2.1724296247375605
-118.19706538442327
-31.275495965594562
10.817727084333228
-59.7847303687613
-521.7254229785585
-13.548432122193844
-90.86245274707471
-103.40080718889294
6.393627653875683
-81.33896723453199
-3.6538789947431543
-48.95094334372061
-303.3457591881415
210.0745135393645
-69.66989595029199
-56.3633294827396
-138.2664467858549
-127.94343203832977
122.01084637207168
406.2524495692269
-46.1175464871462
-63.96326736087724
-85.52437017792845
-13.469610176784045
26.795146183217785
-195.74125418482254
-427.51910009190397
22.156030665637218
-52.49137684982088
-56.78665538468431
-66.26885368746281
273.43781051139285
-213.1393516795615
-61.04415221416548
201.28527729759844
364.3328244762106
79.11383926494818
-64.45961422609777
-31.639626613393602
-49.39907733505534
-190.2646571297646
25.291433036774833
-64.85316726960264
-185.46039536582612
-184.21317121747597
-86.23856712697624
-15.231078552087297
-49.4070790411511
-27.413000132955858
-76.04464936326622
-99.96739201902462
-223.4342988665885
485.25997846252903
363.7565822534034
-195.10146642487234
478.0681530430902
-88.70191354690597
-22.176116568752605
145.98217847333217
134.98417105991393
-42.85716507150255
45.19355871958203
-113.82070655533607
-416.31866468049157
-34.731982960794895
-87.2151876322423
-26.80988582484838
46.6584442639778
-524.4471126286608
339.05104615313576
64.8620059860582
15.442980086444322
-96.82591293723439
-47.99005554407599
-24.884935405332726
48.193676615504955
-35.22308572035945
-61.80438824607335
-45.19488839243742
-78.98464023944348
-112.44468424250257
-56.99959715166156
-75.40311339681284
-42.0899735409962
-43.535883376780475
-324.41965545412677
-33.588405935026096
8.338275661475336
-76.63660980440636
3.1563792790795375
-33.53613942701668
155.46494014414748
30.72800379852697
-128.87403558008555
-66.04212968275428
-70.65450655423722
-48.41094822641253
-47.57703722569918
-86.42959740814896
-62.00286895864305
-177.22121871837044
79.97434671537667
-3.2510007056537233
513.3430984403694
-67.64800343581132
-42.025646469014646
-169.34464395437135
-21.513168340847187
-55.57013968036942
378.1798679164258
56.3702787864886
-12.967034999472048
-70.79105124832049
-140.2965379084397
69.78623572101787
-67.75709054527215
-73.44522052810316
0.9351310736298422
8.387967087839115
-35.40318355486244
7.196026947520295
71.13240129354926
144.948461040849
57.28343399626647
-406.7677504713429
-91.68808153370182
-84.05822493853657
-258.2911415893832
-28.799477837225716
-209.71923676525148
-14.711539128542427
-6.881791745206641
112.88575071908781
-24.526946839960203
-11.392357115446572
-53.75201157757283
-397.6446763554086
-19.351376187877577
157.29913131498324
-6.333478707300969
12.863214482084459
14.806107975726718
157.37225324896463
-162.15564036960495
-41.65181589167994
127.18551961269986
556.2446788036777
-3.7245350636691072
-14.88373397437699
-90.0501475188709
-68.87808160053105
-447.5533801574811
-543.1418974973785
-32.76472767025362
174.2851345786621
62.38276306485568
-87.68241610808406
-39.883565966112435
-60.715447057745706
166.8475356692952
-63.62388318239027
-75.84095871442332
-81.6209277999997
-76.69906426131223
-23.603212194411466
-32.1138318276262
-71.66115448609344
-70.9007249968561
-17.783576115443793
-164.95148787614926
-82.45217485133435
-37.13749648110064
-207.55878181500702
5.979618743339933
-55.32955200790242
199.50357247400825
-46.55647097273322
-62.88734177475561
355.4028276571953
-8.7912909827146
-73.58752840119632
-86.00069304193917
-201.43049875254474
7.625498367418913
169.02821988403412
-84.43086452069998
-137.8430684916966
-5.276501956237091
-333.2495184655163
-101.18828504881354
-162.28079938310475
-19.83236786455484
82.38115194028796
-45.75026942051363
-343.9713410784225
-89.3444977170572
-322.30718565618736
50.44327188769239
45.74977134528399
57.02486037423296
-166.45130998550485
-65.88435849434256
-79.88258880152694
-61.32181367783778
-226.2114792364191
239.83521090661907
-273.5730941083584
-3.7992407435368705
-90.41284448911392
0.2887430849041266
-63.21744661787116
-226.7633811269916
317.0623216668191
-188.81004253771607
-48.650210234513
-32.19096837956772
-52.53825392060252
-112.55397962167808
-64.81401981505076
-183.86080036557541
-501.97503714929735
-126.2661262056663
19.026698705894432
79.01256495623193
62.4563784618781
243.05011453256338
345.15331117451206
-111.32406460125367
-93.80627327057937
184.09457740756625
-15.1427411960467
-92.57908367733216
40.45461834476737
-34.18773423818129
301.3050773551622
53.95671274722736
-14.35976091098837
58.18756491845261
-36.818631890835604
-8.957278530013355
-4.414751763132244
-88.82616663027181
166.16256494756908
-644.9296225942726
-80.02624137944053
-42.8462712620242
-128.36867929641812
-318.1916478431722
-34.3462317764308
307.35323668481396
-41.12073812109759
-29.690502197945534
-246.43220914881022
-68.67464231802819
-64.9797120713697
-224.93553175839952
-89.99835240480617
-97.15648149762274
-16.77490297991951
-56.6113455809807
-59.76573292975445
67.71094172350422
3.7115701021079985
-93.34751827199892
-9.961215309032923
5.077269387429624
-4.72626387866989
-641.5110601624692
107.15241723485087
-98.45590592436213
-54.23690533760294
461.97586184125885
110.61049222415522
-347.60861019203
84.78624536337384
-70.2748695477586
-71.77661345982057
-277.0449360456241
184.51561984231557
151.49302048078243
-252.39596253224772
-96.41650242730955
-367.4285425909784
331.12291370325147
-70.65688866028722
-52.140813421500226
132.77341635207995
-42.08972346763858
-5.692053420004413
-65.46813424327901
-45.217128897484244
-41.433478281836415
442.55616695086974
-76.41442107627972
-78.58271037267104
1.0038912982731745
-57.54809309407034
-13.630507799853604
53.807217867448344
408.4765292213251
57.40014908797252
-65.8036563143197
268.6249537080748
-77.15710319468124
-97.83667963038852
33.21993863841817
-0.8952313075747043
-302.07141946083357
-10.341010698022066
-56.65364178232551
-30.56250247060259
124.32411490997583
28.799529432377312
-340.06821493099415
-333.67269823782226
-73.05910390324742
128.55210405590287
-85.17314172921763
101.99589132426809
-57.74358606826536
-172.82132385253772
-277.05303875023674
-47.52989868337149
-81.48535954865292
-88.0778164179636
-35.85964674022034
-55.53877714092596
-76.41737371134923
-23.53860264596915
-60.44666719605266
-186.34453209485946
-87.29916258788046
-37.49388466117303
-46.79326397258182
-58.418373354636564
-3.995368630550729
-71.54106310576918
-99.71724554248243
13.386514747224282
-111.98927379017005
-193.55458590888884
23.09513558328848
48.45564296373959
-64.94611809667094
-28.08456208076234
-36.36377280130114
-309.80589173354747
-37.989229833847176
-52.92211360072531
-97.31002313263724
-47.02695429232948
-455.3728279304196
-123.17426305269146
-32.13959574206274
-3.149039193627406
150.48964442381475
-52.59236990435526
-54.65417194869951
34.31323947564124
-9.540200682853538
-5.915335111283639
139.15119939874694
-61.099515278819126
-27.650122154976998
303.4333066810268
-3.974801860051514
40.68548890909824
-15.617094011980043
13.00916843684348
-10.00885918775981
-45.13470762441551
-83.35210654910406
-27.603476481873823
-71.81074353375656
173.26674700204603
186.4452186728122
17.05764329331721
-142.5275662519216
-51.638443186870774
-40.469930998896416
-46.06552228796893
6.861131595436203
-30.885742083711193
-217.5966776353689
-15.655972300079156
50.38959350807615
-59.680221189979136
-71.27083417923564
215.5693386498533
265.9989721362217
-27.139301986561406
-57.379668325638704
-28.347970453103244
-389.5829735704647
594.4725024207364
16.30295570151611
-29.873563752173837
-53.595792349489784
-47.50346859883285
-43.709119963357
-137.99324627306305
-305.59708026619046
-115.13759413676235
-27.576774195490543
0.5396057207044578
-39.48800051117388
-38.922377782656554
-89.21661570148402
-65.4541997837823
318.7523539630529
-212.25129966943496
-380.3148962432606
-90.47035318081151
-80.58540481446829
-60.6809825500587
-156.5295599757219
-25.3309728593604
-93.33103183098434
121.57774146550082
325.16720726632593
225.33726924467646
-65.09027441304625
-75.70138334012336
-90.71734602021115
-105.2882200857639
48.573347175980416
37.148567910881866
-134.4113271394781
-39.99051811830577
222.1551205639298
-296.1047093822208
68.23528258660644
-50.4034912014431
-98.56886064379796
6.404133791307231
-111.01604363290801
-0.5141068305043746
-179.16218848161134
-383.61224472575304
28.493200470732518
-69.72378649519855
211.8854876600817
133.18562694345746
138.4406669412383
123.60185200417436
-383.53990936172886
-57.126906117951876
-67.89108187412506
-18.90710912376892
-70.4767348770104
12.468606893984543
49.61492087692932
-84.4863094850045
-167.82358186443162
-218.26662060047784
193.78383546364603
-138.45337038444268
-305.12739962872547
-80.33034601827742
75.71929765510095
156.2394998625805
-74.95831711761275
-488.30891863325087
403.3199378910158
-57.11902701569229
-20.158999658214213
46.26562458141052
-168.46194805688447
39.10235998533494
-77.26478300042072
51.761227597728066
60.18332935359467
-112.11499543979653
-217.68164184393117
-233.09100097742157
-68.45586608344719
-63.6124202807714
42.08252526785145
11.964788633320495
82.16746124909514
381.3756939497707
9.896983106260791
-58.04175314157712
-284.33707434819553
-83.39645017838308
-83.51914947955265
-108.43476275836838
-62.86690931934911
-69.38154149506522
-138.77005151436242
-95.14305476737718
-65.84613232876745
36.036145980323454
38.192530788771755
215.8081927183548
89.78956542578817
-23.47053120787425
24.965711280341566
-32.04552819032506
-77.07208584490854
148.89843835907413
67.81811183721402
-120.69808869377812
-83.82996898679153
35.58636424853694
-40.1459787094318
-27.51914970290818
105.53808545447828
6.627044081515123
-29.905038451833427
50.332500189282655
-22.816913855760504
-31.48925818007774
12.245821929477943
196.6802391942092
-17.174910955718588
-71.5052207239205
-54.16594561960801
115.04367048954555
-14.79004409364643
-70.13060135889486
-181.99451042363035
-132.3171146166078
-131.74979601262203
-19.644240961401856
-165.22161307493116
-69.86038405383403
-360.83816640632904
109.77240970100684
21.360447718570054
-361.2380398683308
11.041066961681736
-31.028627286971787
-82.24763399439689
114.85474882275093
-200.64433683306743
-129.32140554942907
28.108281797759446
-26.656686135489338
-608.2784695617102
-105.20621263200155
212.31116377772742
28.83988441971303
83.77350532686432
-67.93332289453429
-103.33890060482372
57.14908206298787
-193.60691544798647
42.83245363381138
-43.490502403045866
-31.427487123007744
-69.18672554015723
-58.79576489234813
-95.87723031727728
-8.515680425081882
-82.12415663862224
-60.725230770627135
494.00742397260547
144.02024666057514
-281.350097223205
20.039528419325507
-25.272006336044797
-222.0462615987417
196.45291050974265
15.22906665096707
-24.292034591729134
-407.6115106959969
-58.91930470762918
-0.6418225726465607
-34.03599723213483
-1.758893087421427
-324.946790556176
-90.53357994019969
-25.442759633605505
431.47523652259406
-78.09091555540799
365.0340951609869
-147.64930660226855
-15.506873626935885
52.749663056906684
-24.244856034959156
-70.35337637026478
-134.8735637977652
-9.467730953428713
60.6072690377423
367.8437282744417
91.46275613662692
-56.684882359253606
-64.68198790048655
-26.745419454373177
-36.282996224965245
-385.57111736256047
133.32047924596918
-2.18252782034142
-72.18002531107405
90.65430723643203
-240.94021368266112
114.76373318864034
-338.6296299609421
73.94917383293387
446.5348027022874
185.8702047124989
-182.57506270818521
83.325258612987
-213.86796738069734
12.92213333231848
-32.8943948795571
-64.53638479053257
-81.39350630756599
-401.48005212960743
-77.31576252426822
-51.85380399935639
-180.30174270133102
-17.679173996825558
-49.13845733336247
-48.90578594582405
-102.34452314309385
258.3183290672623
21.845931023491403
-67.03213444577302
-111.6590758819093
72.36196842314257
-67.9739449945438
-157.173175546116
-84.33138029155535
233.55144823241062
-22.556305344424302
-76.12307005813636
105.23409978852897
142.17033547008032
-30.803508711917857
-125.9171778398977
-68.40795012020885
137.54766295419313
74.32196540375662
-30.87009704025695
-79.84191403670762
-65.60088062394664
-42.11089004151009
-279.6587516802301
-201.63793152839753
-61.750707561348115
-161.78678500682145
-92.82330411801831
-128.26572864961054
151.3188894914365
-75.26349145673521
-63.256197803654686
-6.919514488836018
-31.10320237273616
-9.610475972914912
-79.08588531212627
-22.161750828547184
-544.1884823044475
-306.73030051342175
38.029023154030256
-93.84979584210852
133.85798712168253
-22.539745453168507
-93.52512315378226
-628.0113576079166
-41.535498565701346
-122.45079435451865
-45.86122711959036
-64.55545396830738
-103.6707189690278
-92.72726571092835
-130.91327688293677
-79.98842926146426
1.5145733794715852
-16.93600160871688
-95.93634458881252
-66.57084791127117
-95.76218936061409
-354.5976888502555
-364.64267022611057
272.09619305656815
-96.50317149738056
-29.241393209021226
4.967745293908138
88.11085759008347
22.33838284806052
-23.63381765537042
-43.68650402287366
-32.61225095894666
-135.4760326908381
-180.12057195497073
-382.3577727125121
-9.115073336115756
26.722342938237432
-229.19864043401685
-36.94428772977335
-10.701122487323984
-23.118678572291174
-63.349668217770635
99.3295154094858
143.34802022213307
60.5441225571667
-82.07527284657941
42.116428078436
-66.47234110402351
-89.5174101503676
247.70059732329355
91.58087380655888
33.752728155395744
201.9774904238875
-23.75149777835054
-34.7415774580104
54.12890695345595
-73.58477235703322
-361.8345000153131
-100.57544856129168
343.560998201714
-124.6561524019744
-299.26457560963263
-40.41122006831035
-108.36660960474546
-55.813581175182186
101.66391020274114
-5.129341706758325
518.6430697744199
145.00549408801362
-2.757577560988466
-20.307663012063188
-72.51654004206947
-174.3272208548442
-15.079103932232101
6.766520421861969
28.66857674875928
-42.92170677936184
148.39675299108967
-25.60185772008049
-44.88922461132438
-34.62448238028266
-80.59771078636821
-394.5336341210823
-89.18827404330477
-91.07537655390661
-499.4231705159982
-52.08207620534449
-111.93099807240378
-13.014308808183614
-367.57293452491285
-59.3764966866906
69.77445511183305
47.10803772224995
330.0909302755863
-69.02016411849661
17.88486757829378
-55.88531845557566
-86.35490202339976
-261.15112204042634
-14.717471202947916
7.332251850348257
-55.76797487542382
526.6206827970282
-166.12938503223995
-48.85887625841701
132.77967000658873
-71.56724571013115
-39.05422677520801
91.77519184761422
16.260923699353953
-106.59087790309052
-275.7565749788191
-196.41387681767355
46.166609212823005
111.99906062069385
-5.558901832208903
-150.4206760749057
-44.11258041446854
-58.44982138585197
-84.11583075678664
-54.66043577702075
174.91605408707392
-10.38626776657306
49.57416313498834
-103.29628160664288
-44.768122760022834
-57.178263401910655
393.22155169132566
-187.92825111726415
483.27684809826496
115.10074457075643
-114.20071088312943
-91.36047664292556
-85.24334742031317
227.22417449541354
-20.588093702582764
-50.030036820802536
1.0641595379161117
-43.04910553715979
-188.9117432840576
-437.1824698553355
-81.99556299235155
-390.93486187876624
8.414386456934153
-75.56542139694258
-52.638515636981175
-95.78104595846112
-22.600380351958393
-87.45809205480873
-50.08765849998963
-79.03100494453065
62.21257177784173
32.66753952161707
-84.48674168361322
-82.23874625623938
151.04726020167254
-297.72339373682007
-442.3526532107044
15.838422791606718
214.19147682797666
-9.908438576605477
406.7498805386458
-24.57420666620601
136.03503947224635
-16.898725131976107
356.1958376157363
-42.60631629344607
-18.777449457361115
413.79345860839385
-61.32304979011362
-69.78078872588985
-308.2644810374386
219.1157641000018
-0.9399116728720855
-25.08206163124032
-250.11785007523395
-90.89649516720179
202.79509227616836
-20.96212768320203
-370.57286552449204
-270.91707741593564
83.39225001789441
1.9033080322656524
-38.819225362453835
-90.72649303275648
-95.71792769043759
-168.24146362112515
-0.6966930276765311
-112.49774251753115
28.492568979122098
214.04584776955198
370.644763460552
-2.738046854890854
-39.481949535391664
-48.12456453084249
35.40144967424658
-147.04884558534832
528.0492885663243
188.54737896198276
3.702512798490716
244.36418341266108
-157.93098368450228
229.0467777705644
-33.916504231194295
456.4147297338659
-40.71373318466865
29.036421729409994
-86.80385144220782
0.14501402280399134
-149.7500565173741
-92.73225659471609
-97.48203224327153
11.688110514245636
5.175760977461323
-97.80300948034892
-16.348722750051934
-27.359507305884563
230.39840528940294
370.98617771404497
-16.780094984351727
-139.65767895428417
-29.759400907131603
-87.21546238723072
150.67641084784918
-59.71312723286815
-390.79451704995154
-258.1870761837572
-21.38763798092441
405.3306023465775
-90.24335109131607
-368.9284128471172
-54.23141805796615
-55.41606004118583
-64.08257916718887
-41.5504492214568
-6.690663066865454
225.13630695343545
-75.0898208989806
30.593468185946676
-56.60353393443438
-201.67907517206459
-34.30277449933055
-16.664729581084398
-76.11523182553015
-40.70926563162203
-17.85402251755628
-74.29167759344428
69.78821441053697
-166.39399884178056
-270.55171813909874
-336.4679417104635
-36.53719614287661
425.61814194418184
-99.7493067406449
12.838635127092402
-400.5654009852424
-214.40126660985334
51.631976171174756
-10.108543107218454
116.13993667025716
-51.1385799973541
216.80612696268327
158.05871631188575
-77.75492595725177
-96.22767450550782
-37.618796738033325
223.99500654113945
-113.37565724815067
178.49639706761263
-58.877815311324945
-4.078340633987409
-118.7017913216223
-92.8855426470509
-296.5161558077252
-562.5749623547108
-388.5432194984787
-3.9623033599364135
-37.05792491255454
114.20155904542844
-183.37257306717765
-149.834052604896
-27.543233614598194
-92.23813206198065
131.42677063016163
-85.88584216676941
314.7532941832087
-81.87989548232508
-34.3299571990087
-124.94086847510334
47.37267233548664
-64.0287658744089
221.1783466834695
-200.74623532884834
-69.27572369359666
-94.3469684342108
-180.45683054410802
-78.09799191753518
623.7708491331214
213.95626444302434
-114.00340103227245
88.92155929886576
21.224188498689728
22.678734371003884
251.93438239303578
-142.10174902673316
-66.72992869994343
29.862587130345503
423.6115088626102
-61.0254226881043
75.15539864926222
-14.6809172880603
-309.67620145459296
-170.25563978455466
-115.17101196891413
65.37174681906072
-512.7268427079125
-63.31032182018622
13.879445821389822
242.499708237272
-87.09708017592364
-81.05878612972674
56.68920361778555
222.67078951339863
-147.93763225410112
-96.56509960065068
-188.4068985410413
65.5465804274445
2.6659040789961734
-58.62010307193438
-24.8436834406898
-103.87134113779689
-22.84470542194458
36.97401018528876
-4.037639221476638
-9.17162894432704
-85.29941675577324
29.72198757352089
38.85567689857825
70.12369808177766
-52.142551793413695
-345.08068223237296
-23.313275344644126
12.641035502362229
89.81387608476507
-220.8516903636173
-47.96876292456864
-265.47767810745427
-82.2420010275004
-6.335484717752479
-147.77248359589794
-17.66390367527856
75.19043545406998
-134.11133390706897
-31.358011623411585
-86.36425268150735
-63.25027603957915
104.09721661150888
454.48800505273994
-40.9721250261282
-76.16312314646513
468.66183318662934
-41.555188234844195
9.879131647614486
85.87770727862335
-91.53166538654841
-18.686721633640502
-73.34328617859518
139.0815269385207
-242.6310601799105
-198.6268642922787
343.26639087978947
270.24677246631654
-58.4754115801029
209.20417272456234
246.66652143368083
189.46327743506845
-48.199840184178356
16.365414626441634
85.23764225809464
336.0991196294726
-25.53143825909524
89.76324965833464
-11.860366871130282
247.513733988686
-106.00951720690136
-435.5235829921294
-56.971171323348244
-61.13786029040956
393.07515943243743
-23.649793345663966
-55.58998343885946
109.09491315794367
-135.87976543106197
-76.22938458730601
-80.19924320879836
-14.862486038075076
9.738240216715042
-87.38449384930244
-9.89490794725657
343.16652561689443
-111.80431153298741
327.51320270691576
163.984169858526
-251.6337876290927
357.94630398336994
47.38943200989115
21.063282161123425
-46.63768351907787
230.24504558316585
-32.55728724669632
-38.505687775433216
-5.371953704205225
-88.88821319321323
89.14760828164844
287.13316839656727
71.7475474188468
-44.971134300043275
156.36022805111406
-65.89395695386654
-64.17708317009776
-45.71214542944154
234.99801649630535
-93.89091813047236
-90.12973519090214
17.403435035095754
63.20435406746219
-235.64680547128955
-140.3571107168592
-74.60742022638341
98.91207942913934
-103.41262152921718
247.53257369104722
11.576275582115613
72.26661384388353
-233.83051995863207
4.586813443834217
-113.90021741064407
278.65175314361295
-69.07881630461807
-27.98840072591156
51.52432287408283
-89.20180575163683
7.8858230343903415
-46.26886079734982
-128.34582002946627
-15.48369828549039
-81.18798482982612
-246.6601521101693
-43.251968564010895
-42.87098873739569
251.9159124281814
111.58975216191266
3.2361176386757506
154.32884506422215
-60.122499312797906
-56.625920020628655
-71.07791733989689
-44.73123024479355
275.27067831286877
53.22074466977392
40.82848800228203
308.6003884958427
137.51273797423346
413.7620449591832
63.54693399392636
-258.0573428059597
541.8350432541047
-91.2603379666045
12.0321567424553
34.01797634186369
71.61429282954123
-20.540227901181424
-127.33686190380116
-99.27812754862498
-58.76537489493214
190.35184710889553
200.24473441332384
-12.12112713850729
-293.6630979081674
-30.320089190034935
-12.805022049138413
121.31657995943351
-54.433824544219384
-25.13187752160411
15.59027747137398
-295.9644548890301
-36.46337532118997
162.5756753257847
35.70929073297157
91.25710088218693
-17.662085653994808
-73.13370388384278
-53.95134558718303
-29.41484173907577
355.01659661888334
345.05154337998647
-66.5910841063926
-185.58992660594686
-121.68029958616444
-38.87774619307083
-63.64387404570198
-21.301732265637114
-54.53502748047416
-66.52254767514751
-167.7424132142778
28.521937630321645
-51.96669962860369
-248.23139009551414
-116.21435341618522
-85.93883069050753
-68.64595738449847
-85.2253098061974
91.71072237606722
-25.006005782202465
-122.0372355131115
-56.827514249787036
109.19734120886096
-163.50002354536628
205.01395510363
91.35333167989211
538.3485940103219
-34.8981467166459
-36.874585872729824
355.79253216402685
-343.4253609505249
-74.57422226419476
-435.0883297257442
-118.97709747193136
83.77513298757913
-298.6311346502498
289.0454845008917
-57.77546667572051
78.79866175593997
-9.148617619360948
-40.62943957200728
-285.31209950031007
-34.62937853234393
-96.73342792160372
-40.769167184466596
-97.27635895918047
107.5064311562146
-209.66861476637678
-72.4438316804705
-404.7017183528833
85.0904726962799
-102.87088910708137
-3.118915399153593
324.76668686826997
-78.85201239366582
-19.836366338489366
0.5711866964729779
-174.83673552194068
-335.72901686696423
-51.46626990740699
-25.31059752735163
-116.98024695070217
-63.09511192347102
-422.37787496368765
129.07620436856268
-83.5424550703698
204.53689016792305
-33.580388835491206
93.11601490795647
-343.1373738965631
-51.375445597694124
-72.79722501513515
226.65182355439902
-20.892108045882537
-50.34292728394939
189.87356241961425
31.34026239448758
-430.75985297627085
-102.3590042610831
61.1953387725498
-41.762372392134125
-25.38962197884439
-40.96692686255528
-97.82042019377423
-6.360137937579566
-39.627398053951865
145.7237945771485
-5.834206349441956
-12.49563237442635
173.69290930976968
-79.30077755162893
242.24863259207268
24.777941440942016
-219.90361862676036
-20.830306957306675
-29.04407838556517
110.03210488958939
-116.79604754789216
-98.53320692678733
-87.9775230828127
-7.191816462644056
9.022629394547266
-43.25977151211009
-36.70130505430308
109.20724298948062
-75.87158863621244
-63.10217227252349
-53.02882237295251
-338.7575475906724
-129.60086867865175
-107.70305556900348
-36.98323328592869
-16.40336835530252
-70.83791453101367
-57.05818343539561
-452.2681405115691
96.94809508857588
-77.50139170436802
-28.08675436173383
10.43738034846098
-46.14030380078805
-3.4830225791829434
-19.470510924898917
-9.065761516360453
-384.706205378563
96.627304391699
-123.2238903887569
332.73822344016844
279.7762875326407
-62.409703249504176
43.21155756690496
412.7172372934274
266.8457356623612
14.031456578717552
-15.8672386651142
-89.59297010562841
-26.407954177616944
-74.79561062593658
-285.3955817327096
-324.4498858044699
-12.055063948454801
-80.19943490242285
-272.1334350607103
-71.33277395704499
-325.5867028446082
-93.58582637199282
6.258248443576122
25.787906585177552
-28.2303738751084
-141.6374521339385
-66.22146531198086
-148.7858428656582
87.88804384293144
-174.98454147962548
27.097596696262144
-55.0821846532549
-58.220357920104554
-72.01025946618574
-59.81669025897426
-49.71124276039157
-111.97009385819729
-10.660872131940057
-22.20719412437211
36.872691062873855
-66.67458790984037
-347.5193027619771
-4.859410842987131
38.931607592578075
-43.80152689153874
-535.1927778329609
115.77460866656111
-42.611655597149365
124.18432481694981
24.332339955177304
139.64801961398643
87.86691737921501
-30.376383874122293
-54.59036106285748
-37.48354823183581
-84.47577237179038
221.43405203747352
219.02619146824327
47.66526435828382
86.96556661575414
-96.24350746268101
-370.3690129530878
-88.4140807195691
-79.17998080082538
-18.36362457893665
87.32416977179128
-215.67752944266795
114.76185212643941
212.87856677153286
-42.699395987646994
-104.84889942096379
14.000812782095588
42.62014781686412
-63.82865732989283
-76.21542581101117
71.48673912852064
-1.2712502497272697
-102.97328110029643
-253.23160457350605
45.707431680568334
10.081458110675726
-58.28949180545117
-26.44831784602661
-92.10027558282366
-14.875311579545269
121.46052245063947
-267.14044838712016
-170.75477345122636
-188.1333924858336
-37.291020662330084
-31.844124947963792
-108.25047658066634
-198.77921924292605
116.44090511168997
2.268734350875093
-129.29901623551268
-142.91140495853142
-51.13311867729681
11.327882449257231
-174.56903154883912
-54.322057589060464
169.6143916353285
-64.20815140536587
165.95005837574718
-78.9075726670841
-23.929749920327595
51.30249028621802
5.8479614471580135
325.88335417828057
-57.8565469818266
-151.74050797850214
-22.900943995117814
-147.30198928023492
59.65666733759463
-58.7204267097502
-88.32341548016302
228.63083402835218
-89.65373758316159
-232.61949368269416
-36.82867834839304
-140.76630270944588
19.00563713921838
245.75721363800494
-51.497123637076584
-40.100869470494445
208.88413200911418
3.650258960255087
34.015469774691155
-284.13449013594254
42.37114064968796
-39.710269959823556
-283.13814139549504
-475.80860904686415
-70.43874538207035
-167.85757194092093
-62.32366208773612
-36.43706365208527
-16.949444510183184
-161.41183425254349
-234.53852495663887
-74.67414779063995
52.84481642786341
-19.805601456740874
177.97167263495066
341.32606338265214
-20.53314231347258
-295.09505367198017
-63.41507765835981
-68.45935997834931
30.85191161026387
99.54493836321308
-89.880690392985
-415.04315239222706
5.081326736523749
29.655159696944338
-58.61834243944759
41.951891265668564
-475.02322628875663
154.41519501792936
-29.217704378788767
-34.88169393976068
228.6695720347634
18.997231706403994
-58.308359206605196
151.04208412916705
26.753596042994104
-45.81042122014776
-23.18115217754712
310.7020208570957
450.6027523434659
-93.54439730196646
63.39788403761622
-7.900194123408334
-57.74384786598189
-40.856030821831155
33.10565081673303
298.2611652539963
-101.90572684571816
-34.25880592369063
-76.40983999315091
-114.07982321552305
180.68498462677417
-33.18736669989571
59.1040144788949
-63.610598719576615
-60.455911128028674
126.22186638545827
107.1751988056858
-30.751931330594743
-54.38903234217917
-85.1092843670267
-33.27309742572834
411.48454078277973
11.028941166816253
5.310714761177223
-69.72380945549232
-108.73207116810227
-28.2432208435034
-66.5255297560143
126.59554055043009
-85.19931475013254
172.0081470035948
-55.62779413502007
-77.69513014708302
0.03767853497927556
39.283292790151435
-64.79103787157328
-96.31182884438749
-253.600734272939
-36.632733877728356
59.84369263686608
-89.53319425195735
-111.48469074492729
-57.219531551652835
189.51953035689075
-26.392979027932597
-61.49649622559178
-596.733023400915
-32.47945882766999
-32.662449515692586
44.09751742739354
-111.70300748484865
154.23574077016565
-68.17739957604633
-358.75817036405715
324.6797240014439
199.85607837687348
-53.01313798840631
-56.41276110222286
27.081233388836154
183.0308827762824
-69.61233691712732
-39.45781856021276
-103.71025634687625
112.26463938626148
-96.71077022798609
-60.46710933150234
-66.25418595203655
61.64192502796959
70.24905253525048
-488.5488813881111
333.4253910390198
0.6082710321627433
-45.91730945959722
-37.480295853524694
-2.7276241496106195
-104.53260466038824
-53.48277507481923
-135.97451633955825
240.50116250849896
-51.99155867497186
-88.31791712390996
-128.09795097939968
-59.02342312776337
-92.09292395410732
174.99165545953474
-298.7737888565189
-79.74186983786358
-74.78851672109681
-48.49064699617955
-111.45103922284216
-213.16264058973138
-74.40868128367596
412.58154731949435
-156.9895695940104
-50.91933124856832
37.21708235319534
-137.39904319963534
-40.70205095525034
496.9554709736549
234.28205577217523
1.8641891448369279
9.831359256892028
-34.275653655470855
-21.657589432787063
-429.08729133478664
-19.517210556854934
122.12605535070179
22.220781205527828
87.39323224919417
-69.41268711050203
-4.595104661541882
-3.0666307737140572
-0.6987731874341989
-87.63188144655847
160.711201503977
89.23390666373962
-65.66581557709469
-66.51175274235372
-72.36421994322063
-106.12730375039695
-24.055036550488694
13.738295628524611
-10.524117926312101
-76.05738451549931
17.745465620808318
-167.96067596443208
-44.73127779446804
120.32912833639966
-113.03407095064358
-79.47643037231825
-9.19054705909548
-167.09527692448683
-47.8423759625677
-64.76837341866441
-65.4063361832159
-81.38702203443776
-115.63654563409
364.94063174589064
352.22053262766167
-20.940417149924542
33.212071023468525
-47.80077611968591
-100.96822081314338
-86.09196035183868
-67.58423374842602
216.5296084084198
-118.94006687167894
-67.39889635681571
176.17026138803158
-157.8282975775801
-230.83493215932867
-4.151560019588487
195.05892885089452
63.75896102279603
-131.8399138595978
-1.4617435371765168
-86.96807318612412
-58.95344059297265
-9.58343772066928
-374.064989449098
-198.2442817380197
-44.97834636087062
124.93271739365446
-258.69305081403945
-207.29596196300918
-121.14943246286657
-4.308973793255063
139.23818908240537
-416.9711849356827
148.2003009878881
-116.56722604842435
-160.678453327635
-186.05178746390993
-225.91560947918242
-164.6486122649385
207.0212164076529
-42.764751652646204
-83.77494572947768
-202.04994342977807
223.7279452715502
-2.266017629803514
-102.10062854751052
-66.33918616361649
-32.669306556212206
-106.79732093890185
436.0720085248922
-151.63677696137893
-68.93373446912962
-74.09132891127834
-60.67548592077924
24.88841581726956
-1.7086717184388032
298.60466146933686
89.27174894936525
-84.63666828569933
-108.8386721742014
111.63510227595862
142.11317767083892
-78.25451798465558
37.57231043071465
-431.12118660096894
-30.26813163219913
-64.58761006458334
445.0546257285032
-46.60967386028278
-104.67633515743273
119.89862358215396
-328.9042202701967
107.92991970785351
-86.29426893542586
-60.9460650418948
-85.38133422677038
93.29392042398649
-45.23295569721819
-33.799809649015515
-104.19705915812699
-68.06964329539144
-245.54262129158633
131.08003363987154
-38.149923233133954
187.61711272530783
-83.579838421847
475.5301163616532
589.3173327962704
-351.22886750864564
313.3320011951346
402.4831382491193
-64.42744243410755
-19.681045743759128
0.4011150725409607
12.366468060463376
-47.78903812969247
-102.76328922057473
-52.940622246029406
-77.99249520970443
-49.44560721700745
-38.37699382315947
-31.933234592981677
-64.10927424641329
-95.3700282107259
247.0508053571939
-54.35834273517246
-130.45203064812995
217.23443976530325
-68.30831521261548
-369.4608032625092
24.595515797985172
-102.51009504765898
21.1145015287384
-79.43406751580369
-96.98019480102212
-17.655374417497743
-67.75276912242006
16.13815769750181
181.30443084446415
-69.56074900348176
-8.126583882468562
-39.53247414584441
39.47664787146459
19.365110922241797
-65.76921108558503
0.7488046973467135
168.14108004920126
-190.80257354240348
-106.97933119743053
-113.30449359626475
17.826357643241863
52.74116371783566
-112.18749959908791
-44.72765155505522
-143.95855818323344
-23.788761434971192
-20.665099188076056
454.26559462279147
-366.994168690022
-21.788067606895538
1.0169558315250242
-30.67085618462929
24.7573849732471
64.90209455384112
174.26932739837503
-5.320536868954721
-73.89709334607555
14.032496499718036
-5.346899776123678
-55.50668624707618
-322.2609504887114
-266.66014648147575
-65.65081083221958
-71.1701032529786
245.91574690974812
-60.696851056370875
-153.10253721094978
64.71592083567884
-62.43477323241859
93.62380600018423
246.40616337943902
-110.54932176077637
91.64244791314422
99.33613411210717
246.68486921033946
31.869506840230315
129.76594028016007
-19.9547295507723
-71.25971832988729
-13.739118906592497
-177.7454149115183
-77.86521462383644
-171.84635493215137
330.68775604416624
-198.7673851514437
-184.7355912716248
-556.6348935747083
-207.9381880236815
-41.56738130247095
-100.72912998382591
-25.48343578465271
-491.5788859570657
-336.9919001086819
-53.678243211125
-235.26797708892082
-75.69660270635723
-53.19384288530611
-51.16541136151601
106.83633878691035
-111.58652153601763
419.9887906790673
-81.00370436852359
-74.10004189599792
62.77045706869558
-31.310155036841024
98.08067989432857
-23.768659150999497
-339.5746203769613
-19.65777180024805
160.3966170761014
-201.3820113111251
-42.317283695383594
-22.97500593382665
-94.39896203331227
-131.314597230059
-63.632965610465426
25.913139308256177
-156.61663816472355
4.64262185662119
-48.4144625916528
-86.1808478794319
-86.22748693677174
-54.60970612579831
-57.4805900320483
114.85996171691477
-34.759362845322215
47.535517490638085
-47.52231237036722
-223.23428803954266
-39.416957695064845
-44.10521955727296
376.805107222659
-22.024070882460364
-79.34042585009956
1.8939446806953129
-41.467659961611666
47.007286180058145
-77.7244455032178
-113.06001452908276
258.22216604668756
-54.1475493714537
-89.79019682130283
-1.3058188815293192
-118.42512250395885
-15.436980932554434
-364.9782665152725
110.59424854991812
257.4992357220881
-114.73750072553594
59.20808646011574
-58.45281237527256
66.35423736453595
-325.7277123079348
-164.2543899928569
-82.10552656295023
87.20259831001567
-580.1890313819458
5.609196102950591
150.38389118208352
-10.668802119228985
-180.6458675494505
-32.82962342902101
-86.95077007189411
-28.28961223496026
-107.36100084344653
-196.49128482865308
-130.89981079756035
-40.50628102331007
472.56408953510663
-9.821995084537775
152.16183022059408
-348.84701462946396
-114.49792252185671
-56.420246253990626
-52.088551361862756
70.75548693907604
10.440564905708015
421.75666340917087
-78.27710142443357
-81.0256627246103
348.76680861170826
-79.35696145803135
-55.116983103807385
224.5927435702597
-408.9204688216596
128.55506384218643
-61.39821135479543
-229.78691792775862
-103.9153336022335
-33.945607418669624
-454.9632500408825
-33.19058869785408
-167.80066489860292
-78.66542589837081
-27.265352470772996
-101.15985772540262
-502.4365606455849
-82.68384605838037
-111.20985905146254
217.23680378300742
-219.4483682339851
-100.46759393659683
-322.5952921826156
405.2299810782297
192.95754951166964
99.99126650114522
-63.583968445098435
70.22477079020973
487.06826833286505
-74.08865900517469
-257.2391062379247
-60.34398801045836
-59.9895697915012
-472.34878238278907
290.6697235895135
-31.54573020384159
-54.48065184145344
135.10070748293265
45.53123506808288
-113.48096772810823
-379.20375377195614
-156.73040950037284
-59.30229770157669
-23.782105640148586
-63.01213417684985
-48.84711742153377
-103.77706000518447
14.749090952705956
131.8844020633478
-84.30855909047617
21.584335327404006
-88.3207916910953
-11.473104531587836
469.3325239504629
44.49119438958587
-281.6089217454046
-47.578117701036405
-20.170026364646805
-181.56816091644214
-145.96179816195217
-31.236903163903992
-73.02050248682872
-57.006072932043026
54.48818530738572
-75.11599768409496
-25.635290671913936
93.14381192239352
126.37086849998377
-32.581778153937194
-59.085751073414656
198.28964696480398
99.26779471072769
-13.407600979243258
-107.5434715532374
-55.5872126319
-74.61209552861146
-39.357432927569626
63.96248178604401
210.61275755538918
114.65857393378246
7.924877331343396
-431.6586876085057
-65.92335606760093
-129.3722181750672
-46.229841896749434
147.0715544256691
41.620869102418965
93.60431355957371
-49.47204531339048
-2.3171413605696216
-47.05731186087829
-5.621641016387514
-55.88349456463402
21.730711514087943
-254.78281801153753
-277.10701410824004
-174.0557600095226
-60.50291503837252
-29.828873609310904
-151.49116992608333
-13.885810605171173
33.85508342551839
308.4693291391477
-166.44381445932686
-228.48129979985606
-49.03420602847109
165.28413380387565
228.8868947396768
44.46356397279669
61.00689504994534
-402.86362466464016
-53.44708882271476
280.82829120584756
-103.75068392478033
25.47669432395196
-78.01135807731588
-69.29872389215149
-227.74875481995514
-2.651561421931772
-45.34310998648276
-130.46472578095745
200.63083090923283
-211.45917734705108
46.19687012321981
-59.65471527818136
-43.9154586520217
-76.83159851643173
362.73431811794035
-49.49026465192116
-98.89849699298975
-7.516870550451586
290.77361961184215
-81.93879045696735
-403.2495552271721
-26.22969090253912
142.10112962909443
-29.559344059813156
-109.14931987958676
-155.44777096500547
-137.4044158949273
-26.485815290323444
90.26190478952412
240.5608055532648
-11.177617483647534
555.5607513489376
-85.36967397450508
25.216051713699017
101.27431525861539
113.64373527293446
-29.35762670847972
-92.40541691144153
-116.31073381389797
57.62965261399313
-119.1646893032887
382.5226168256504
451.65053436103335
-49.688024698702094
-73.86172070884435
-19.24710612462337
-93.36887988554884
-217.21418489875578
2.9152426737691712
46.245429092748054
-16.747050357029366
2.617149781606713
-194.08387346139716
-48.57961404466187
-376.05014892240433
-74.88029576832395
103.9152715263117
74.27225802377507
113.02449568526936
225.39821728225434
-111.8857614188399
65.22330129609509
-60.678752789342234
132.25845282334603
-1.88307491990372
-77.8427203981444
-104.17347157269859
-56.365381508065184
-35.03332025917343
240.54595112337483
-13.57179373596599
1.7385727027776738
16.00673987658047
-215.99492968501727
-21.645051151866937
248.6464724043235
44.52802824805258
-259.5158006520942
-360.5916725451334
-172.83566887162033
-135.68450602540906
-139.67922890833142
-217.53190651983823
290.6312855284723
252.38342598710915
-25.594817159793365
-56.202798957748115
-47.13960189680244
-180.06992574819196
-102.2546399381572
-276.1340221243063
-55.374710610628995
-23.336311221315555
-25.33472924324326
16.56313817879527
-56.505203215398275
5.545068142647722
-22.75173898431541
1.4545910848651147
-18.467986151762183
65.82435292716764
-43.106207344835255
20.011011601447024
22.75051827159541
34.871238460897075
-158.29372544969374
-41.32288286894618
-372.8373580615953
-118.33886536543923
18.17222252386091
-23.658765034315365
104.21385837741764
406.4794078582563
-27.28841754607519
-62.990250621936866
-98.48109188732819
-0.7235360954546195
-422.77714390593974
107.61750927475214
-74.19658944263205
53.6920573559928
393.33289167305156
-31.0488327166197
-75.32937473737877
-6.4616678518655135
122.70820112481306
-243.37096770494827
-49.42202904780871
149.88135413771488
-234.04759628967258
-211.1989535354296
190.77897538572324
46.90095842820023
-24.637561829729748
-77.26224900208209
-145.65840042094896
-82.46771084497959
236.1848332264617
0.46468783124760193
-32.898036861468924
67.06990927610059
-138.1102747881796
-80.72196359031814
-189.27648425033476
-83.784898969413
137.65214771629326
59.40735113404844
-531.6419609439972
-58.7687245940233
-70.66276327976615
-39.238327638162446
-119.04060652133921
-77.90512986129397
50.08732373924249
-77.84600115491615
-41.51883148325123
186.22753342200667
-10.290217820937869
395.519356215922
129.93912758628903
63.8587707342831
-57.46346305722868
43.79655902097875
-340.4692918819419
-89.82343978788327
-49.19454729019162
21.896404000015536
445.1324424773193
89.76063996603807
-64.20765447375743
-9.390164565736525
225.32723657232782
36.97256160024517
-323.369873558524
-17.71880505852863
-44.89289707724993
-150.31311954430748
-71.7920888471956
18.326871227174706
47.6543931689248
-119.48067487240041
-66.53539114798863
15.627712262381653
-22.027148785811733
42.648881172360234
24.703653283147105
-181.95188531380973
-91.01836091642821
-15.655739308302195
-70.58957087708433
94.42949177580613
-106.02303604986952
206.73563756162275
-83.97910743293937
647.1643400980574
-96.8487882391164
-92.20402150046903
-101.35159237496292
-410.9546978016915
-145.0084293289474
-2.828435964684104
-187.30686114582204
-72.20805624544765
-55.23567305264078
-70.07722608964104
42.543402285590446
-224.04241002348135
38.50022433417416
54.913290071097435
-82.52726919358344
-66.03719068180817
164.77364498066163
8.763355143854511
-299.3502785059718
-59.83407804011471
-44.44631194727117
155.55396384641608
134.112206729606
-357.1873069430512
-335.6207477293119
-88.9659428312584
242.67625694975686
-210.0663655510334
-58.188191407256454
-177.37966073004281
155.4553676882133
-12.705704801892352
12.55851495376016
-39.77792898255492
-16.259951251364782
413.60765470876686
-89.52480796283058
-94.31770960716676
79.33290938326172
278.17181289121345
140.9699007033305
17.20685056883235
-46.577179258576805
2.1177780445068493
-125.73878749177129
-25.678673993507036
-174.79552616088222
-43.752908034113716
130.23325702745205
-14.473070550883676
-61.61129616422477
229.64173182285595
-67.15321553616377
-29.018433039503282
570.819046546665
-33.77766867098046
122.01658776444128
-153.03549563558863
-107.24526017356517
-72.52349261800235
-109.77473763783382
100.42740612246007
-25.38218614823927
172.42402704496635
-307.2443521104706
-56.92408671138878
66.57520411858695
-238.08796775141855
-14.18889981659016
-232.99703158141347
-83.10152368011484
-44.322254461500314
50.04470912784336
-506.7599411318879
-72.41908382791948
-33.30258151017375
-55.8826052892623
-56.06986067314665
-92.37685091176718
38.62367606486987
29.919357138915075
-61.92235050588533
-66.43912449786967
-122.74924710395135
-34.837020940687125
156.31325987425043
-386.63900952875883
-166.32846259339385
39.79437915212691
-6.538062016308686
105.29428395953983
-41.65838135165997
-47.09453162603977
-15.180743610423633
2.1406338938213594
64.57400552599029
-35.31368844277773
-23.529556785706063
-311.13858033342785
31.00233554151555
251.12737036443286
48.39583233690064
-60.07795673781443
-342.20456409352846
-91.03475005875771
-267.1953276116765
-93.48689816595834
-253.56333012934738
-84.74885865926623
58.898372754794764
294.298621854683
-81.87459346362381
-66.5995115472451
19.058197424384034
-86.89883923841113
-119.76734283450423
-59.84122420174822
-437.37837698603107
107.30512278298193
-29.970608707774808
-27.814216916625934
-50.466152251989115
102.22270304769336
3.644275251806903
37.696548552375134
-90.70771905469883
205.95064326125976
192.57363588671797
-99.9750367149245
197.4626281861565
141.6634703830132
-166.69465289751497
-33.82806912716296
46.85018985789429
-23.533032726847523
-41.00657771492419
-121.94083613468683
-206.38362093049
13.494265119008432
88.10276311459529
51.23266488654417
97.17636094387854
-99.89320112720532
-87.31893237423174
-3.2437217683064574
-183.88116609591634
8.43912535905838
-342.560840813946
-65.9976248036819
-76.62362486711962
-215.82807077633333
263.5153311743852
-75.9345880207213
-181.70915837492612
-81.39395239227088
-57.65321507867702
-131.0349163578212
-23.199872092745863
50.98295342367328
44.42582961934022
-97.68614467994485
-53.2512578116075
-115.81333498022057
243.95942159309743
-206.13969444656868
4.2645921508956235
-3.8841537141342997
-344.3202495024543
1.7220763842033193
-31.40378670798895
322.3286039785871
-75.81544268554183
-515.6074228338966
-121.12327254766933
-92.25055489977058
-116.17342698962511
259.53188166105974
-155.9982661370559
-149.37752932278454
55.21950055705338
-26.85239392441548
186.45724369896288
-26.131362344761502
-4.119694451481337
23.778788950481612
24.075381645066614
-0.9737589341548301
-8.017219420535184
-279.75132113316795
123.40866371165976
-55.65712631831003
116.02804844942693
229.58341313895926
-150.76447275672035
44.44362272711987
-22.040792408128254
32.91411558906407
39.641229892766205
-16.280317505245648
10.662628115940606
-143.59989816965026
366.22014334602954
-247.22003789275368
111.78215002757315
-26.67123069486645
-75.58194280640782
-58.986359108950154
-10.763288568008022
93.48713278998912
-84.69337288649149
3.4617347858093126
-144.1808313236557
-90.23522225707195
-4.4187805891760945
233.41836543701174
82.28940912241342
-51.90152004752302
-49.106655850231164
-77.44338001912251
466.88859401735135
54.80783551027707
12.954949646302339
-42.55623694968335
-34.21819152165153
-34.60699119865262
-8.691138380967004
99.93913161506407
-28.70763991555148
126.85842376876462
-51.28468285520673
-87.26708633610052
88.23089148934196
-64.86200323348146
-56.575205448472914
26.879948843317834
102.7376016366552
-40.91390079869643
-25.903295669796307
6.074547323938532
14.28929463842178
-70.5113830788189
148.29967561936064
-7.694411876366303
37.61926639390549
-13.70534496795093
-67.05348361491184
-24.960641486160966
214.354062786515
-49.98155447514251
69.3532609005324
18.774143132694007
-213.8379298464224
-266.60883694074255
-61.617937501203414
-100.23109841201676
320.50626751964046
-169.19755131351303
-2.967001695502404
-44.56160894819004
-12.12834173122792
-57.69958516379566
38.897609807232584
-482.00807809780054
-32.59536014257038
-188.628675684904
-71.03023556717807
-27.468802565234576
-75.33741815496796
-37.86114785042546
-116.8726306058179
501.6168948151626
-81.83290323815152
-54.23670115498197
-69.75184032041155
-47.22380339658298
8.146909797404078
-109.5682527742756
-361.99442015772365
-67.0355413733198
-45.0227369264112
45.44997864949164
-55.10373922278086
-70.16323272283859
-42.74128087779728
-139.42875322902728
-49.23337084924242
103.35166578303597
-5.317894446052229
73.94351232402005
150.9156371408808
-8.2134606429845
-79.82803368541317
112.93373845243877
-51.58099823803087
-78.67138865256005
-614.4868951728131
-89.62330675434697
-45.6268817312465
-0.8745203032729592
52.48204685046403
-110.70294901780835
91.07433212696196
-45.337679350693925
295.63292695106793
-52.09539754187189
-74.93691916769637
465.1708119705563
-154.17849995239703
-73.09606563237836
103.9143130021248
-2.758498173019234
-69.23961026710829
-570.5994503631518
504.8492030255784
78.621077587537
-4.905189808522664
-372.5034214650477
-26.27369322283128
-81.28408458416288
25.992362708902874
-73.04882367911159
-13.689582808448904
-97.79458403789877
-84.44413929041298
-302.10358125916537
-135.21898081308063
-117.71089983005913
68.16295320731842
-42.38028488952243
-79.72829361920844
-111.5684778607083
-45.78761579706694
-66.59157408039027
19.421159452745997
-410.1824446392875
-49.75590396174084
-22.642494832221075
54.376730056107135
19.499345351698594
-69.51271804423504
12.698035222736602
52.28948695610279
-280.34858341465224
-1.1511599378750035
-44.68904025229168
-16.287789825817526
-52.94306387966522
-118.10172862353284
22.04820871697757
-230.94755162893307
11.006397139102774
28.219904329898554
-89.3711320231782
-36.705690476961536
-166.53651908256143
507.9258885674644
-44.146576541921604
-60.30974214233993
-313.4361353625882
93.68988164155053
-73.16979993580689
-59.26903683613432
-64.69005474618235
-83.05098670594089
12.534777524442688
-262.9397080590952
-40.55323167328561
-59.45392252470513
213.28860764405
-61.28085480439154
-61.54703339408994
37.56957942015242
-64.99907672215704
-26.1243806161483
-87.78204669237402
-132.07624673423098
111.57614065406415
-58.281412503806536
2.480743196034382
-43.501860944935046
-60.57236560079719
658.8047394058121
-75.5536342883297
-41.1509403562619
-5.956824625594891
-27.257718905983666
-5.797420114262422
-21.702389088302766
254.41918995065134
67.69715704889677
188.05034092884762
-42.19586624338535
-70.4085546769802
-23.93314340817534
-13.33641484337204
-128.27993403910205
-39.085869455293526
-229.62127180304924
-24.431548996279304
-97.04762548142729
218.18432178129115
-152.7442136610498
90.88338103407477
-29.25587507590486
-23.169062103646866
116.38551524651439
100.9786675267078
0.14273857886109909
-44.5806041474691
-42.43506850342419
-212.61464821200389
-37.07262585849522
39.43291130601216
-110.39487476481918
-190.34616563654163
-278.0652785616021
-416.42064153613865
-69.30436373709927
-53.472841571750706
-183.99064945362625
56.15771876820554
145.14043763529298
307.1528515311802
-26.929527347113435
-54.46069817088283
295.89429522881255
-50.42642335054737
-72.52162787854363
-260.1349350469054
-11.258665236226223
-654.667267540508
-9.592756574991437
-131.89183414827312
-109.00984996950137
7.839965306575323
35.73031066671638
-41.91808858685317
-296.3302218083827
94.68646315622937
-96.33574114131807
-232.19442722444
-72.65071600770982
-200.88753825385538
-62.56715820434959
-250.2493816971455
-175.64849244501602
-14.731188646899682
-27.03165303094811
-43.39423490934314
-79.5613787028582
35.60865176819607
-60.23650197094287
-97.99739560481217
169.8608589311625
-57.16463726721569
-393.89580513470173
-76.67095091194096
-49.139007118738846
-126.05436546650526
-93.8936182140134
121.85532385350052
-53.78061741949532
32.926337496347514
-93.2452984232703
-73.14224993078996
-75.42837941021745
-51.901783825204156
109.79071197883786
32.367795525672136
-59.124636518912205
-81.1343612669777
-37.19619107593917
-16.623996535872436
-86.69729785087475
51.938112636423284
-99.26205158932135
-90.56826926251233
-112.79369094290632
-89.63549390729595
-57.55183346058278
-195.4996383005273
7.202328531023262
-294.715701014793
-35.34928444873209
-62.85153069970693
318.30330553885506
-81.3731251168575
-229.666106657196
-67.97861858636634
-9.911697606296002
-44.87377342605332
81.79317081136833
-73.17362916752363
-104.63906528424741
-155.36067726676083
-137.2947815225989
-79.43197231636259
-219.97576267026125
-0.08196979196721088
-93.26158545559615
-55.60704800246832
-4.062370683788686
-137.7752778965787
42.41305697183452
92.03895897639859
-79.54847270609025
-63.346597075455975
-48.41613492087563
-41.827987390997805
3.7762348691248917
-74.1306798112937
-88.30780481026494
142.32496082948455
-59.28187123242424
-52.038050593560996
-52.145671097392274
-27.271104198316156
-181.1876817515622
43.102154811311266
-101.41396151638274
-12.278836165190341
-53.915245051873256
-21.818045859686492
-52.79424679418162
183.855874715171
269.19174389861837
-97.40795681084728
-73.86650116725427
-104.22189219021675
-39.509728366248055
-65.26490857185877
-41.8267179517476
-36.97258112970121
-57.736020137833734
-197.4999988921354
-30.020300729830332
-30.40285269123524
-16.893248585576714
18.419654458298282
-30.561540255575892
-512.0173827217573
-53.60522513800788
-149.72811330411696
-25.142312046196743
-34.97319421068016
-269.37456633750844
-24.43179570573284
24.964348307925945
-67.76331891851318
-33.58142354674078
-101.0949960713242
12.502634922008383
116.91213268883985
56.9720822653162
-134.98142521802038
-84.85086079997468
-0.6339699514792301
105.35443394023969
-143.79598205167167
62.05645621065378
-147.61181308929918
-125.85833144490971
104.01667472374902
-153.82945074974896
-380.92614060303276
-111.78897772628079
166.03901358114308
149.0330678352493
140.7956712575069
-10.702471790944173
-212.41455455839878
109.0266648795623
-44.57746615465203
3.661520259102872
-228.01500668800873
-53.050045101400485
-269.46995099260675
-56.926354251238074
121.2468019557873
73.56383757332196
38.370795172433645
-392.2163046702808
-152.68388657580272
59.403090574744056
-18.91318881808627
-345.2149652234657
60.56360608059549
-50.5313148558821
-3.3208364230381475
-10.166235576667589
-122.52019368223773
-61.630082077182124
83.85946994288133
134.8095564232899
-65.85299995551902
29.300055913489814
-64.48940784078158
-33.115334684349364
-96.61795600667665
-71.67810249202898
-28.255020003298796
208.71786095322386
-50.532433338177505
101.07092280988581
-403.7386898808654
-120.78112121170125
148.01308429738356
-1.9395680474623078
-45.185655519560896
-115.46454861046652
-82.1481810436926
-32.70319787901056
-400.1580554132979
-78.62516655312662
-32.5835694202637
-277.50537863792306
57.29191875825745
-199.45261098194715
-51.30346202110652
-73.20608839529885
-10.516702798839747
-77.265555519759
295.70537547260574
-195.94231158907314
-121.76944993392408
-50.385478203492234
-55.41976265483967
-61.32815138647493
291.42612365711284
-3.770331984376753
-68.68395316882834
-37.86145537700577
422.75607056765693
-27.779831284562533
-15.23606851819568
105.49040859384695
79.36524378970353
-26.966655341663113
177.58229745988592
-203.51982321802643
-34.28832902393671
-323.59868464768806
-75.08281553707653
410.3350460082511
-107.57845746450033
-50.2967287822012
-57.90042823914858
-0.736565611738115
-71.93558153374444
56.38457233163717
4.421272994536829
129.07011204591254
150.46463036892237
39.57036752760891
-77.04963335251887
16.284796486620962
-26.351870136058437
8.80353802045829
-388.70978505954554
-51.1156118472054
-33.864258692108244
-444.50249832590816
-58.89654028253062
9.752915192661476
88.65263512434922
-63.22868502150504
79.67694540107004
390.1306321616448
30.848833005949928
125.24529009300204
133.69368951497017
46.957891214700794
-33.357927646822645
-47.451710205408794
-3.8795383027954813
-41.2341022059291
-305.84449246424083
-113.71795550620418
227.47726251478525
93.88837462896345
78.88277115795427
-608.8773792317097
-45.25553312097145
-215.29802411852324
325.75132033511363
-47.14492815961785
-50.80347928425594
16.66923969818845
14.92403265594021
187.72002220907598
-137.09353975673753
-74.78677096505423
-400.09378722682777
56.916484721074994
158.69002876986997
197.9450960542199
-7.848459930650119
333.46540788473794
-59.563862405880414
-92.43636386150435
276.1165653802
-107.0279426804859
376.6795409300885
339.3256093489799
-371.80933181273394
74.21912531311636
42.599379828197925
105.40475313404386
-70.05394015688074
-266.30656525328504
-45.225676703295605
84.69453173378133
-56.95827575764338
340.6284654335832
-169.3807809630007
-30.993926823776082
12.117469774573518
-76.88440251918655
-39.0156514849402
64.53211320411322
-36.300931987160595
101.93367791539822
66.06273395760218
-129.4525090229945
69.96016740349842
-90.74757970265541
-25.71699752771201
-172.56474967031863
-37.76221267219262
-24.299051828346904
-44.013993091454736
-243.6522794294233
-29.24132679201466
-17.457799214234914
-4.881612990631766
-96.03097489703308
-18.093204787971978
-75.52538390671464
-369.24556670713537
11.87246156523264
245.31830417348647
140.46598552979867
-133.25757226334645
-81.97229658487879
-545.8923816847728
-69.22256948355205
-350.43748592039265
-139.86871767302728
-82.12014255722264
-30.90515010040889
-176.18319766430022
444.60785399205815
-352.4040297045376
367.4377713415761
123.59399342988627
60.4213090656649
-26.219500730864088
-0.9807922344589315
-390.1094655975576
-69.54129742077708
-242.7499694376711
-53.91087866343056
131.60104089737433
-598.6331764129427
-88.99660606067941
4.590103022767835
-51.622372915859955
-163.61711614935848
-18.742427562943703
294.43488722240363
66.20325737755047
176.49778335934752
-144.5646911042695
-115.98438479831384
-99.5572649830628
-104.08587096352221
230.08199672316914
84.99075080140028
-316.7100036237771
-77.65332877341805
-47.16155665200745
-50.55263945115986
-401.17990438333254
83.62005967499499
-157.86879472487817
-83.90606072248515
-86.8584825071166
-77.09771027178883
13.937293256447447
-4.882287214415555
-56.22178470129856
-353.15887452161587
-58.336317083609174
321.66664364473036
-69.80462662818263
405.83760643337155
-83.23140661868047
-172.61481290488337
61.657333262291104
-46.90248890051892
81.3451532484878
-101.79783876110102
-90.06472703426698
-88.69644311114602
38.27686804849054
128.1808174136495
-65.36850553818749
-27.47893471574389
-392.110170599517
-98.54963205039985
-255.89966016363542
-73.15870087330929
-55.905889029326204
-60.292512141556585
-51.008306114197694
-306.213343030382
163.22759212905657
-56.47118770579709
47.008866843143096
137.99042519862087
-277.30389646399044
-62.398685575428644
113.90684960489489
-66.47427425486362
1.9019516119559512
36.04030662021944
-68.19592397219458
-85.9758718020818
-266.09774214974277
-47.493559129360165
-82.19599721856423
-74.58890965330193
-11.52663061761723
-113.48939184584627
-82.65874836115175
-122.5426734849807
5.51424472657618
-55.86159295647954
-23.499145026622386
-78.12914680583769
52.34665511882122
-20.419647264276136
50.82020594241658
-390.92305255943575
-102.50733685982232
27.495091198647515
10.076999801511192
-230.6023195561438
-101.8248758249496
-75.14260740589089
-28.219952267369177
448.30591302543326
67.74535702761204
169.07091669900547
-28.046805262864837
-32.342824601617394
45.334324519814345
-226.2448773825481
-74.66064143285375
-100.14687077525815
-309.6329484908074
-60.30324768133452
-33.7304008164283
-89.56119635248072
-62.931289289358375
74.11164761109649
-60.65104106939475
6.157339681116355
182.04824932611155
-86.47520698725268
4.622659002680848
14.376097815021266
-47.24842829014051
36.28453939481187
-106.41800660063953
351.0208073478061
-26.485745933993144
6.950168831587575
-26.294853835619506
-46.83310958028742
-94.4380834284857
-63.22943079375094
-76.00894299151777
31.397628158510088
-59.75490285016336
-147.1282828218864
-20.996601769466906
-50.71808166123802
-42.28621198030396
101.49095991553213
-74.65607861170065
-105.03427364183082
-22.380245131901574
-306.42236203134235
0.32625863425341567
-54.67105911825003
-81.41669564765006
-266.2593878379039
-0.21750180333629032
-370.7258505255286
-3.384139790687186
48.74779856341274
92.09083352068365
63.420365414614935
-96.66490044045986
17.266258449650195
-52.90207766317326
37.45954515952144
-77.09549252384102
20.950139396818486
-278.4261448843772
-31.47599141555422
-75.69645957659486
-104.25137619387169
-131.43246226058545
188.3722341963321
-45.826742706235784
-0.7818255572728958
-353.9064545897754
-424.2962109703549
-47.67917114682314
-24.338855712307183
-43.491055730093194
-6.905840464506184
-86.90061552437908
-98.88985177493153
-38.68556167681618
-76.27123183978121
-182.83732790477734
12.56471283074967
384.466665655611
89.33650460349418
4.858753721722678
127.8474439286365
-526.1308828539659
-118.61895855599687
-46.8781530320637
-360.91232945108095
566.9417436484746
6.338670418741458
128.04492810367265
-34.908857372810154
-152.19755028535837
-138.09972266988098
-105.03610501860952
-21.006647528533566
-40.42288683981792
-141.67875057054516
-109.77463740499704
-202.7747344063173
-79.26985411522301
-26.733551306000663
56.78704289149027
-2.3369656758077326
64.3374774484455
-14.108471220303954
-3.7748729456061483
101.21314325223102
-20.96550961579669
-131.6028835017005
-4.148334607667223
-58.0617505182754
-145.6791001951933
-71.82937742887907
-128.56168476262792
-80.01630696004287
469.52340712916794
-43.38850645128787
277.5198200337345
-83.62168522801046
-149.18656684705365
-80.35641730727002
59.62480174025734
-94.52204796707284
-71.27425743004447
49.37569668672404
-69.90884904388857
-347.18538799875023
-55.54634417141999
-98.14327259532006
-29.958497733770628
-569.0809442648479
-66.74693059911014
-181.754560829826
-27.57601108354538
-269.6317460943337
-96.63502578849784
-450.0432627302089
-78.02549510678479
-45.1896118846532
-61.699090488740325
-148.30096318475807
-43.92590312850007
-356.57821310842246
-45.7726747151346
242.479397897303
-60.84389285754878
486.60820283104295
-72.12077381748895
-97.80764279658942
-60.08637501141314
-86.07108802315052
-12.548397743647515
-34.169842261511654
-7.5520578307049995
-221.4523252803583
47.38742542615137
-26.955459777169892
-293.23158164484266
28.28641638800309
401.6794688144673
82.23415176846356
-74.7229776266654
179.46617026243075
-329.68401277398334
-389.3889248881296
-257.79327378257585
-8.741790442393835
12.721719149374621
245.732209652886
-373.8372155305242
83.30612138384095
-414.5322532910541
-45.65528062171438
-455.46296528078165
-93.16681865110513
-45.0166626477353
288.20864990489827
-41.82062547069431
-2.190339637809757
-1.789687059278549
-83.90015815211535
224.63453367747388
-87.85863305457315
-47.8850935848011
43.988010523478806
-109.93977456074754
-428.3442727140973
-62.140179846041065
-110.12903597587797
-49.50169699535945
-115.99125525305499
29.040696112537262
-67.72882711435847
-30.610639189836117
383.21549150350256
-117.58174652465641
2.867061172681133
-56.46036244351308
-71.23854405587554
-69.12538537068758
-116.18774801309155
124.43246041298517
-53.31382596302514
-100.24141986523037
44.07184557406981
-3.9193345244666
-27.267767496405213
-39.70192569208237
57.812481328413014
-75.12685517199466
98.65191332709219
-317.59069927976634
-74.52912332886424
-19.793828296208027
-40.63473802744193
-190.50889018609269
-104.44077083782909
-53.37605483051024
-108.01280240962114
-57.367697712865294
34.806242324380946
-51.741673109482235
148.89118676781982
-71.89858237322994
33.90231341063554
-47.08389478485627
-43.7543433099527
-100.14227906054585
11.039490563354775
-12.960775957568956
-47.64647470908004
30.9063719838648
-125.80644633091953
-440.19501182632484
-40.62281192478163
4.5411280403587
-352.4312475446468
116.02064394945228
-181.3423426712743
47.35515609005097
-80.50268133262415
2.1098098785499877
-75.46882814870828
95.27706991956074
-64.7674984052094
-54.262386125074045
53.49813691753366
-78.11628063592889
-39.309987172528686
-34.235043650080115
-58.64727121209756
-3.009583997876689
-307.49005041909186
-332.7230263461606
59.05918742261974
181.57644378441182
-38.37420866923594
172.30184395325887
-83.59626000786011
45.990773914236
-75.59996189145899
-59.56933551068323
-42.09749359975099
42.840846202076136
-177.25957689521601
-46.32009361392193
-102.30786413202804
288.53443411287844
-63.06842437448631
-75.31672395165528
-98.67340567460042
15.848275857215413
362.4917472739926
230.49423672594367
-6.861415750290689
-55.20784444256271
97.53413089686092
439.4303302699118
-17.74855399158878
-44.76066652341847
-51.46575763800105
110.22194169760405
-61.55545353667185
-56.04645613366483
-372.79495175155535
-100.67220984818869
-14.90494605573258
-61.87888011399572
-51.32554139344535
-330.34310875519714
20.431842728043193
24.475925591747
-33.18506083141915
78.24825281015637
20.608425098087537
-113.93059743959566
232.9883256371486
38.64659633758629
33.32834477658571
53.35630169947035
29.92787227885765
44.997811544155525
9.428407361878271
-9.28000772975065
81.04685773727101
0.32111712227606404
-332.44247492788236
-149.33317997409176
-26.052396104588667
-29.459749264449783
-52.40995696299859
300.71230182503314
-72.33555328848752
-68.7495686403366
-93.18224816411357
69.94346649203908
20.889190296096633
-34.1992856149918
-120.04743395144578
274.1546441771352
-51.0906371620776
-20.797292967696023
96.41917142030434
-15.461037358161775
-130.17896905667942
-17.986532584585802
-38.49498442115495
-50.838096907373256
2.038394601562686
29.756734511186153
2.1029244082900505
-15.095976968812465
-38.017837866537946
307.79480102743764
183.7503003673246
112.78092091031613
108.17450375784574
65.81736293265294
-88.7555158865376
-66.62895571360146
-59.27556266660824
-161.7946795432672
264.7765599036811
-125.68384171742855
-111.14131440616808
12.870292099414655
-96.29973570854344
-104.88804112073103
6.622132986956785
-51.8093760242978
-51.00017142850993
152.34561306249998
-91.33445455557512
66.54495518485601
-127.67772200942818
-63.24969006213188
-141.4462727064074
-74.90248304820133
-20.44229400463678
-51.225633790937216
-64.53049910837672
-305.18768435109996
156.52444074395862
208.67786630697083
-188.7997692627505
25.035450161854897
-306.4572719740172
-138.37894021071043
32.539427501043974
362.9212112295336
16.442441475361193
10.023186352202174
-80.11113369610378
3.8987415201305353
-369.7761914502735
49.47768435335638
-250.25954637183895
137.3101160761289
-91.41215160838428
120.10072360638515
-122.63066561949199
-70.98115930267159
-32.51508255502924
151.57350816251892
-8.19460123227191
-0.9819896568096738
-7.870419904623703
-39.4881204180906
256.3529957198207
-110.97158319293715
-207.42274267821813
-340.60353954133643
-46.70931150610045
-84.33280985196654
-96.10363776327463
45.273030074923554
-300.51000268647294
-311.3327970112623
116.75705092276257
-7.516835412998262
84.0644487312984
-84.91218187313343
-108.67785625275128
41.325498884654735
-56.42203545824486
-330.3375789272377
-59.6537108641449
-33.947350613563685
-220.82554465411522
-89.797988274487
-68.26057678676418
16.2604683771915
-249.52190061645342
17.61054469879491
-59.90063263534961
-109.93906827972269
329.5563134971144
-130.80731821602967
142.51767077217846
0.13168869984853754
76.59993209536287
-76.83102084968232
-41.18979377310302
-62.199137791353444
-70.39114710068475
351.98976443285756
6.468442490657253
-103.60538811817209
-1.747267883500399
120.20281620994865
45.231354146469585
-82.9869885621764
-50.03376125410252
10.60365728754914
-42.697731435835976
-435.38418415610795
-60.86463458439994
547.3782180642593
312.49455281947303
238.0553509858837
174.42967836122807
-85.91069759577294
-53.5754398271996
-170.3774509291925
201.72491542458738
-91.70635477281455
-100.4901852218909
-5.39365250722949
32.08747834236783
68.83190289615914
-1.523257903099875
-41.6152566880794
-67.6095272032127
-40.917455271503044
-39.81915699710012
469.24273908599935
-36.70742592075392
-312.6143465833229
-213.51991076121885
-26.65950635876557
345.06725420494695
20.178166130810496
-93.60371610773655
289.227861885538
-100.23230188545949
493.67178849336597
-115.92354224404517
-132.94104647051972
352.937793878702
-75.47675826200248
81.40956615790492
-119.97799955807932
444.3464372167273
42.72070504306612
44.26453374181983
-104.65244453401647
47.10264697931734
-59.814452086643996
-84.75702192888821
-171.7345763034573
39.01631323891206
-35.26974923427633
-21.210127649600963
-81.17308735874849
-29.822966160751093
-28.727192360818304
-230.35541023246878
-132.1417751946292
48.24605262862133
-81.62919348913682
-108.09757250857362
47.32649614156617
303.6776511927983
61.57158808359418
-55.098664167375034
-101.53876276748748
-98.23400028564745
94.60487784712313
16.954387347044758
-268.02761623223614
-167.48179010804324
53.76548462203664
-32.30507348842419
-98.63870744316046
-47.82728916073637
-141.8106993753754
-184.43279065688512
-77.10807719199812
391.4787392309572
-99.64983589329863
-37.76672069589131
101.26678575925871
-65.80845731915811
-36.62564794674654
-2.9070700217467498
-127.69310926241906
-22.443148830941936
-59.19046835398434
-144.5886242647448
-7.113664929322113
-13.055675700389209
-127.07716458191499
157.24144185645855
-96.53296561048238
122.82556363007097
-49.771789338380174
-89.4682325347303
4.3325216616336135
-395.0980992412133
-38.43877293475475
164.043082372933
-68.89384880125658
-33.71089172864725
-262.70579503937734
21.179620128717943
-65.55693505668009
290.99164858051336
-43.584219130501765
40.34771360366176
-89.55202303659462
-43.60356655299438
-99.02603228277468
-59.832432455678926
151.60958741322975
68.4785544303868
-423.87944782390696
-17.932014311048135
-118.11473371319146
-71.64121546940862
-34.878971448280026
-71.71343082691328
-4.659646186016232
86.85012354240826
-109.13724776224535
-41.718898947829935
-83.28291810461664
132.85110267974142
-64.53555927127942
-143.3782198386616
-19.830167409563728
-82.84348585659707
64.89914158868032
87.19695055837337
-62.67520811864324
-154.28864705291016
-20.840047723861726
-3.868946987316478
-61.416415623921594
48.06626788859012
8.573186696776702
94.67786232311482
-30.449894855286743
37.95743380924432
-96.43254191461074
-39.99764922876764
20.820858524488813
-142.67192069564226
19.588004005578114
-117.12357280287688
-39.664454654935035
308.87477675393893
-43.33400553191571
80.34613264358995
-101.20480923590429
452.46937321397854
-318.93741243176373
304.7013750380538
-54.82045005135819
-5.6983639198538185
44.66046614700372
-8.199285034490423
13.006577675329027
11.213903718353322
2.0763248724111065
-326.9660734326435
-54.51336982450615
-95.95980171537667
185.17859476700687
-69.6551240029712
329.4524947417176
32.09605895844288
125.92420795326234
93.74837085018771
-125.45913048217517
254.22240529485862
-35.35957529495454
9.039437102436295
247.30108467898208
-60.58918957058367
-133.0028769200053
51.60698648106154
142.8852944065784
-329.1886110598425
-42.903868686864826
-68.95999585214611
-23.808548209731725
176.9324575553128
-82.16325534078533
17.381470761086803
-89.6332093903324
-41.36023804391971
-9.032238795513763
119.69425215769706
-51.011569697919654
6.601122005612069
-8.544383137857949
-86.98427897924375
58.27221561076294
-17.884022021987903
-324.2116824990171
-76.88031909060692
-295.5386225477778
-218.18369524167065
-210.11494332662096
-74.92138690906904
50.35793012087743
-11.423917531162601
-549.7911923686279
-206.77561036722
29.877721105241662
-60.31557408279078
5.063188080188411
-158.63983015460417
-0.05226952000793972
-61.57103552366174
451.7232372229282
-150.76614861887992
-42.3944266539126
-44.75599222091387
-60.63180344241266
-70.7545411908234
105.1677392321717
155.68314311727954
15.70575605018098
-500.5201848166089
-69.18934288254059
-39.2853723186642
-105.63766580644808
443.8841419874443
-54.57238261449065
-52.406627611294425
549.0510255157587
-116.70809196184815
46.32500633926975
-61.40866419589349
-23.0955829461796
292.1413648024354
3.2126610668310605
-311.27120786376145
-31.715545161568116
157.727345409216
473.84088157423685
-1.2348633309075865
-32.76243083305553
-70.83957608448682
-152.06546352698
52.18233319059436
-67.68421237162946
-18.303408955708175
-143.59279173236428
-2.577871350232499
71.86468192184293
-76.71017660921069
-92.4728038355909
-71.27403560788696
-38.48418051346829
-100.76897982496544
-90.36123376508685
336.4958945919234
216.13377881173074
-112.12550056059081
-22.105805767352702
29.902752244646763
-31.035142527779396
267.90046625489595
-63.79619264333739
60.79854394869835
5.444047196541305
-56.98191609380962
-65.70796230894672
43.773799836535545
-199.2049076499552
135.0114990593347
109.39124679506313
-270.25919462355887
-88.49378277091655
72.6666269484067
6.775462330453946
-0.10508874083825503
-59.238701515141656
-49.91401729138005
-38.080937892708036
8.851751333728316
-48.14238012293754
-86.98559985172315
80.95526731026803
-51.39728836524883
-62.296117160797984
84.5205510799351
145.92801760948078
-98.8036093345678
-263.53424210620506
-35.1927735614845
-26.72039911503623
385.01842015727016
-111.20890424108254
-163.03365998610303
-171.27228020252187
-45.46475413746202
-99.56024601222454
49.72990322260193
-113.11649600846522
331.7194362666669
111.2535353063904
-56.78848908685746
-86.48733671570244
-189.30370123599187
-76.93196876503134
-28.856360004199814
-2.0179816653026137
52.61807271142243
-44.079951049235305
-77.81194093879085
-42.72068409131157
-344.7721153340899
-14.85913905684265
-60.527897376136025
60.37746176650944
-73.26696777007173
-66.05275882294245
4.088374682878829
168.50072536871994
24.003391366079086
-224.14636619700286
-69.728765666458
240.06369221592468
-62.3398943605814
175.5053406534389
-61.706933256711494
-496.6371607426827
-148.4367777072548
-47.68544197317351
-100.07648450203799
-133.7487937269848
-330.55116740408266
-19.422722894776886
-5.865870135105495
-25.08422307016474
-48.29542483849924
-52.29152923850114
36.448424829754
-25.751695206077784
25.85555977897718
-14.975448939039552
-5.483423997742648
60.11185907964864
441.5888052350783
-95.51558911641587
-48.09904837459362
97.69836669383767
-5.3414147148751
241.19803297137878
-95.883893017186
66.86660362979455
-177.3969564915842
-217.20501721007713
-157.21755134609157
10.030312513690433
29.386078904087185
-227.012389064148
-532.4119719755818
326.6280311787723
-201.494187884422
-160.89171427132896
25.48823202875974
-25.95580689995586
77.35422860824656
-73.10062324557111
-365.46941169156526
-312.1430665701446
181.4968301115332
-29.36188385911555
-64.7947511818609
-101.65871046124357
58.967803728659874
-154.02084034395193
-68.99354454798531
-11.440818642759211
-76.07047205153303
-79.84125656206614
-52.585237613285315
18.737623730225096
-51.715927088769604
519.29283656609
-531.414121406473
4.4536608171463286
41.26968875356761
-15.056558435355328
447.3960779449808
-176.878436225923
-64.79761491566644
-148.55852410827538
-46.816813600744034
22.121294382990982
45.46862286027954
-59.66373359651576
-114.52270948795558
85.67570768078804
-58.09393447142834
50.24416008043045
-8.57917596991888
-69.13969220691999
-39.264862820497
-47.01193457187062
-153.37617503699948
-281.59179403784583
124.6376851986588
245.63039784625835
125.8261023500745
61.985052950611134
32.949850972358036
34.73290887639814
48.369290660349634
87.6389036970304
-493.5200631372736
-270.29455535639136
-71.72757736741914
119.52233092711185
-32.73097183387836
-60.654859713429026
65.55153533160865
-87.50408713610886
17.06190113994171
33.5778305352984
406.87034013564516
-115.2389184410023
-283.9544707715995
-5.119768207842526
2.767956226671231
57.49728132845303
121.75003131778794
-7.302650829974803
37.80018562592886
198.10383968611404
-85.22765929487676
-22.187945532386948
-14.182083247168128
-289.56819552521665
-86.69410778369318
-217.08757203439927
-61.54423866349225
-58.57178997317209
2.6397547332162503
-55.660973008420115
-111.8199043563558
-136.18110080725455
-94.15961851562679
42.314458981919636
-183.36819662508606
149.97892933360708
169.2792058022851
-1.2057044242556003
228.5519210594939
176.8186292268656
350.8939282295196
268.66610910865165
50.177348915490256
-249.04204100113566
-328.45639293910244
-5.301535317701564
402.1239178678079
-57.54435045627815
-402.72301909240196
-71.2666284789525
-40.72002399706071
-198.42645443986112
-236.43139512050402
-384.79539313258647
6.2126151106440375
-98.02325362760608
118.47359655566834
-15.944178836653748
-23.602951378299622
-46.16540119973797
-102.90321599535491
-94.19820492018516
42.047853552983725
-10.260850330555058
65.81309479880201
-94.90124534419908
-33.27709172000914
31.00085817373929
-15.673481120552424
-360.6124364951247
-117.36287303960853
-69.64078970028054
137.26072063037873
72.39389781739283
-90.69634822014632
-60.87059424579351
-8.64407679348733
415.6340064809956
251.47803952765844
85.01243655482358
-129.4907959758334
-20.903606177110305
-46.841739843613595
-76.70159254400096
-156.69371360553941
-103.42887047874842
102.04567808725415
-17.513752755187852
160.6331762818918
-95.90397318076248
119.96153544473964
126.90124944915806
-619.5358881628417
104.16855660641295
352.24448375919746
-27.46364017144515
-271.6259298317709
-61.00706932377625
-69.25978809176986
204.0030650820554
-20.70887504235543
-100.54360377440085
-57.94056729624772
-102.67861083724893
-351.26645596823255
26.419285782383668
-255.87966525649608
-78.64821910089995
474.3722768629268
286.8841064993794
36.484300310397884
-111.66866463556214
115.5028162791823
-27.838300754330703
356.5213596676349
-9.275760479462406
-168.98364467656393
-115.57308366245343
-68.42646511449857
-158.08622479634505
-32.25403873522055
324.14510596064065
-45.51465060460731
107.4429989388882
26.20553930546339
33.955675041741415
135.4011245125821
43.723103403304776
-27.650604266550545
35.12524051235505
-125.58280219879407
47.5302215335596
-65.66873575231995
-73.2189266555597
-74.39118882363255
-65.95937916103351
-25.231072862468686
-99.32237734786159
-15.776632214698566
-17.410773690957388
94.09858796431399
-21.483013843851367
-86.12078557612404
-90.88219346187543
-61.391291828078465
-89.5609438654123
-23.754666165636422
-262.7958814379399
-31.082047267043777
248.57138072259477
-12.417538345204264
-342.6140472739098
-132.75663153646516
-268.2028154263571
327.7243004389966
-28.569224643912094
-415.44318433859917
-170.291089734651
32.72024071614578
-353.099620742596
-32.25871173659087
-136.59492841890096
-39.26856766063082
-34.586482665242556
30.851538382026774
-12.464495152360882
88.93347879206522
-193.27552218079018
-57.393779267720674
-57.56217990143159
-34.79769204851605
-52.86503824396411
-92.27524630130029
68.77249563383702
-40.816814257002314
-6.202067976141418
-89.88749883404621
-70.69764639351746
134.61745694408455
307.3151507011971
384.0369579214894
-146.60887491888752
327.8033442700398
8.156197681976323
-121.82648947931557
284.1633637218547
-125.01151928005311
-70.45906992141228
-376.0977140660889
449.8418933925386
-19.190046999036138
1.8023176811539088
178.96333210222292
62.74717283943073
-250.84917876744294
-45.596896528409204
-51.14301344387607
225.1247513991957
-238.60638903245035
-19.520607245862493
83.38088426740069
-113.12134901560967
-141.78762032141276
-329.6192127965769
-234.76764766025735
1.370466370864051
-65.88576658182296
-93.70794919267792
12.419424720354073
-418.08919469544344
-323.49785510223774
-16.956235274133178
21.769669633907597
81.8432065942452
24.492807570171863
-9.866164400655009
-45.60168878136028
125.73918220825726
350.3948104283063
-69.43223533306718
-62.8183629637997
-109.51922663520213
69.71704675202454
-43.84672889280671
-0.5435996114606496
17.506091178936458
-42.51912703766103
-405.87873794171537
-297.4367583878775
-73.17060376278005
-23.005228338573673
-221.5325031168959
60.23051658539225
42.653078807270504
-94.71549756383374
66.76143477068399
-67.45568686275851
-261.537276547544
-66.36269847959011
-252.7991790449205
-62.053678663375734
29.287435351649947
-73.96510281469364
149.1399996344644
312.18053822042384
-71.14843651834305
-63.43717794124893
-103.27115703331219
-196.27258673042343
-125.15895712818025
-44.576173252115986
-104.76202175333856
27.57468297088326
74.94197928877884
-1.5216893525675914
214.62056723976093
-26.12225148067656
72.30267000261665
-187.20528536221173
-36.675300216234575
-54.73605139279641
66.56612473132918
-73.83767296077968
-28.808271949090226
-25.92428990271037
-56.55689717381074
407.4560664885339
-39.226265083903854
64.88841203113543
-147.58598125716708
67.0817520249775
-75.61576704367104
-58.312748423761086
223.80179717749888
-58.671214025320666
-54.552794926273236
-421.32117116657355
-61.936760193604286
-57.23288896134656
-192.7572818876033
311.9003416131618
-267.2872800995883
-19.109034281512447
-76.68644706197016
-26.160572257633476
410.0961152768941
47.119041004914834
-42.853674495647056
161.82322158331408
-48.4392494834774
-34.60448684014045
-490.54418402301235
-63.71559767289363
-136.04856880173048
96.90941497249332
56.388822315013385
216.1530277273905
-42.87938266985488
-25.001747010450572
-31.366006468031628
-40.00290657047309
10.880369445470933
-20.967844883995895
538.7289624615405
-25.84808976476961
-8.622575573996073
-151.42536968111926
-171.8294920713488
-39.31187117128866
-3.7710333993413947
4.437597100760627
-21.704178390335528
-24.338522364092512
-34.80838605193978
-24.653087542187883
-69.46558131117308
-26.720763324143263
-60.765311143875806
-119.90947435829185
-86.21316823658526
-29.48643276764733
22.93480251905562
209.7905048726625
-249.3296958726678
11.0435127233809
-75.11327738244472
-74.44647059859744
17.370659000571322
-152.33744384170313
260.5188497311101
-72.5453918964588
-187.55888951176894
-73.00158074898536
-67.05574527885591
-359.80661875177975
54.824016797918375
-44.073144170275555
-12.68974758097761
-182.70637922838068
83.13770416613079
-83.05687197460088
-105.4513046882621
-174.51960381763638
-128.01563433282354
-16.562340028338895
-54.9536500295183
-93.17062102995645
10.03607036228355
-34.89924156258894
219.35629268873708
100.23619971669905
-51.738043947860206
110.30164318700372
-48.83379770452149
316.8688020409172
-287.14967221710685
88.128013990221
-63.95695063690181
-452.7603471513812
-37.00766594354991
399.8291154591716
-44.78609200096662
391.5843249971149
-11.35388670491102
-139.04783403364263
-38.740498470763214
-81.13697408753512
-402.1045482047084
-99.97158302943977
-92.7308444748645
-387.18706757017935
-116.12624297333423
116.46089770862818
-42.12926813627746
-15.573739790558578
-30.893021299193606
396.8013755632128
50.93063209948559
357.3678347313671
-77.28212269453587
-35.52070906796041
56.60235547695811
-13.67273892659632
-60.2931156407953
-13.739948500929131
-37.96490857588657
21.610597360597012
-111.07723453728377
-64.81098307998263
-72.41080850673104
-100.68541158956896
420.55940133975673
38.92757431996597
-79.98224713465983
352.48141122792913
91.69682887324552
-48.87639171295859
-29.331986574264967
27.14800892024141
130.5628400299147
159.2499820472758
-84.54743632262063
-81.6342851351128
-44.66821074454538
-2.3715930938910788
55.97409131589302
-59.508428379406915
-41.951372096598604
151.92366940777356
-72.59716019218325
-92.4751582185927
360.9377365307937
-0.5145786740363292
83.54739788985171
173.0393938499983
-76.21739652339869
21.775082501220254
346.1797719185852
-156.17202163913043
324.84007079837465
-16.360859686478307
44.896387641871115
50.5941944860358
272.00437328819453
-2.5348626427771705
-10.152182501611605
-105.73037953731546
-177.04598969789186
-19.233802185984135
-50.67177089358904
125.01490102724529
-334.7179556133633
8.523111301699828
2.616446656457429
119.89470832509141
-61.91626820609744
-83.31934367685909
-30.723028461866306
23.757994350735316
142.15156963999107
356.6405239978012
-58.386040828142825
-50.87929257153073
-1.7986887924471375
-46.9814704173441
-110.6965416071962
418.7894806034674
-111.9045688492497
-40.703271592437574
-58.96895416659936
-91.68059083494835
15.059589412743662
-255.37608615156387
-91.66027988633317
-106.19967013453544
3.4209150817004472
119.91631750265242
-96.96496627371339
-67.27777468129534
-54.936190607805884
40.0814926678504
77.5176560926825
115.96310982850173
-47.76078275445352
298.5801426054204
-136.8746804830737
-12.236751438095897
44.794921386619535
-72.57007103330761
-350.9853004952529
49.70438993303651
-17.105316272297387
280.9141988244646
328.75464426661165
-74.4274790178174
287.14229564099287
-62.76286864245257
-49.11325918389073
10.553506495615238
-81.36286190264309
0.4117538660760829
-47.58664373522182
68.71722461397258
106.76867234520432
-68.50766391042262
71.12125247603944
-477.1073554181112
-72.73037306681367
-7.294628692420055
-22.48295561262205
-119.56675673851413
-72.0655697892916
-85.0255127496209
28.577923628028202
236.08974564071104
-73.23065106724879
-65.78155354524233
-80.22875626540126
375.262852309299
-52.01663104312465
-307.67499196725294
51.504862619043706
444.3292041778732
-66.38787053526602
-99.01286470342868
-303.58644647027177
-109.05141676939547
-241.23274236028556
-15.655823247291767
-86.44834975902779
-126.2196670983758
101.07648344932886
-18.700487588001124
140.21884764140486
131.78236123005445
-168.54568766293778
-65.65796065276024
360.44467231059207
-268.25585705420235
87.4163017512983
-296.3801633404182
319.95034175717956
37.617504660372106
68.71958125756464
-43.01667264482887
69.8720059366733
-54.03785856032482
300.3738730402838
446.2530437933583
-321.0996827341987
-419.9641426841972
-221.4786192270567
-39.27671427940159
-63.85001220416323
-121.37147479493206
-47.828513113432024
30.231555308841052
-32.6496004715404
1.0413618530346866
-105.64712693603815
-100.16951359861004
-33.405758643227976
-220.7638213537375
155.26022867690517
374.1678161547061
-68.3628757690567
-180.48863817801976
-60.81897870296651
416.7896102769646
-41.84672047918519
-30.764847000660467
-84.55687304198952
390.4277881119251
122.3736456527804
4.935707948631915
-4.4692715872402005
253.35053752251315
-154.16567911181664
-215.10345054322352
-203.79352633564486
4.135268212975541
28.63923191363574
54.10618246952254
-51.09329647957002
-7.560491486718092
-103.54434298077578
66.14181808216199
-10.500112435311166
-74.66995128078648
327.83809398945414
-64.92475605310023
-155.78543684605575
-106.8064922901467
205.22392015179503
1.3189078204400946
334.5289349001441
-50.56190470682718
-51.805050988790434
-57.620170106860314
-102.4176198598374
-195.0874757182537
-121.39473612089569
-31.44561424422721
-100.05648211976359
-140.1975582541636
-21.30150408325244
224.5363129097277
321.46757980996153
-46.14121397341296
116.3822525887208
-36.93197926090306
15.028483328100142
-22.723889206164003
-54.50204894289436
-3.0139670393814413
-43.81435974607848
40.45257546318089
58.67062865560001
-275.87744738718175
-5.278452381537136
30.818753432659168
-33.58956923618598
-71.8570161774478
-49.0736649298146
96.001905319863
185.3621933040904
-29.309963141345463
-78.18886579736258
-2.1849769583949206
-70.62076634628465
48.039734533030696
-39.18246346476735
36.63337446798323
-221.48759640499338
-29.02875423616681
-95.95564953986104
-59.55402283604822
-29.802403078450425
164.38296674435696
-184.62827735797146
43.483309266729066
-304.68385520667834
-47.2272148869682
329.80638909340996
-26.609489780567525
-83.33262409894735
30.946574660401893
-28.820677037730547
135.48437146938159
-45.51133412225499
505.3106688341795
-172.918993901445
-300.7859735969869
167.20046144715343
-166.96360771545915
-31.892328096257188
-113.93122989606347
-27.1031717771084
-58.15854332012577
-61.34556002763304
322.31403710267114
123.10464521038375
-70.30496243053858
-68.2871856449832
-108.1806854370243
-47.418723867843596
-63.30187858982583
-89.4090983005292
-4.973488400661836
-26.168117885877564
-137.0099078998719
-93.57247539970231
105.78829076169222
-15.669554400126003
-91.60805238015905
-81.64324875464527
-56.5198442945656
39.97600132917796
-33.06556748032948
408.771468505689
-7.459331159126577
22.77227052066337
26.655362241135663
-94.34508283453752
-39.2000791283627
-59.19867865291542
-14.804603874072995
-36.3569584017514
79.04585707603292
-33.50898478294942
-82.5369246771546
-62.83870659907818
406.2856073325347
251.24299525906645
-445.4735266306925
-16.348215254550894
81.15489178817825
196.76443325300352
306.2275873869221
-73.7602086954115
241.5253653944801
-66.01807417668297
-71.80389750139028
-63.60071376599056
55.461146815596294
-6.574989656294747
44.40322858187574
118.66861718250402
-82.52429000869739
210.64090659754947
-94.3480175195402
107.18919487241146
11.271427139517982
4.561589867891243
3.512237677509802
4.33780419834374
-100.57564245888648
-138.76385245388337
64.73670851394763
-34.52132589590752
93.11230012358101
-146.52208385969607
167.72315290886763
0.0901790270586389
-30.153942959001483
136.4656845859372
76.23027237820497
-0.5674742278681464
-109.32404797299664
-12.48301079613604
-222.39854469425882
-82.28147675050391
-298.3792031855701
-218.3120983638819
2.3891851822418744
344.5758850795319
134.93019516237837
44.421776578279605
-110.85221772514595
-292.2590043466498
-63.046704359809254
3.02750285941147
-48.49749376908767
-124.93860488566497
-43.6917758569798
-80.1138292316823
-19.49896315689803
-198.36771994899755
-42.92503741169052
-82.34370188036742
417.54456133964777
-342.38849579874204
-380.717615651738
52.77933987097367
-283.80380942793636
-1.1276025116808341
-42.806588893867726
-278.00397756855546
-99.06856481867362
1.0377995448052388
-114.24417873721723
-55.87515021809628
-10.50926504795109
-439.70710475306896
-102.07125908096623
463.13383515008536
30.2899480213664
-80.55608587623465
-16.7562058511121
-350.0752675076619
-25.78947052265312
26.506876716523948
-190.99028555078803
-72.56436052205026
-440.6311795792317
11.517306972691586
-437.2539721825542
-140.4570518309398
12.731874022138527
-396.7124001012744
-53.05532406273505
-18.352742677419883
-33.41260625950963
-137.4029620952242
-112.21702575585914
-248.5533139742638
74.87194283222016
-80.91164312877481
332.93037953697785
-110.04201031617578
-79.22428667236818
-81.43449340653859
-79.55948981024936
-55.01502257020911
-29.67782309798974
-83.82285727909361
-285.56592286452724
-408.9682373087835
-7.736453192960937
-55.06060568574394
-30.048024168042502
-161.6388731459365
66.80679048368211
-75.92256069357518
96.38444225890635
-58.55837222213904
-29.044043385139958
-71.15777395376334
-153.35361905292484
60.466276695546185
141.5062812421429
-258.5586095724484
6.316395890214494
-316.1241679941231
-112.63528638027856
-11.305082775636265
145.01427087464617
34.056448211241936
-76.98523851361514
-556.292908648873
24.21507409719152
-150.23170964678957
137.7892988269432
-8.81618350028657
-30.589476210787325
84.41845353598819
-340.77778647361265
-64.58483070348848
-20.665063310880214
339.54351362240595
-60.15865710742026
-327.0130421272306
10.588209886719739
-69.64175785549902
-68.6516504042086
129.69424263106885
-58.28955191371928
-32.12198756686843
-81.48607608859857
112.70019565452003
52.751908536230985
-156.10274649184976
-103.63740408180584
-180.26860591558216
-43.785810951890056
-24.412413547339384
94.98531057179207
-169.4302115651717
275.43023751199144
-47.65128814101011
36.875763949889006
243.70044939749823
-306.43292013944665
-54.62503181747502
-85.24444897898971
-58.34771708056228
150.81527225966602
-47.68655065993073
246.17728929588884
-149.45061669113602
-139.16570048363974
-149.04938133752876
-20.270902243264572
-96.76459693516335
128.8799885572207
-13.920315431470954
-369.03546585588265
-53.87796138648624
-104.5693390113779
-23.287946123371057
34.676103924650306
417.662465874002
-64.95148401218803
-63.825685423171905
-71.46743031023867
97.07157724896933
-88.44247083879843
-72.03218570300776
-125.138919187395
28.80739885911953
46.5612618682444
-121.60345999764061
-46.098459413697455
-31.452202599347856
18.22440244192876
-77.31587774541362
-57.986927776450244
-102.03394568344629
-226.10805811443424
-59.00608018770413
55.84236955108827
-140.3005786420763
-29.16286282607649
-125.45932538489706
-60.8572952885159
78.6480884329685
-38.87285706723888
-131.56636857696867
185.10662503370622
53.63634624703445
41.70529878857633
-8.167401252398804
442.3096319889987
45.48256131055541
266.15781273641096
-99.52010577071633
-4.973157307786096
-415.42536156705864
98.08577109995667
-463.28788892119155
-94.4972893060701
-189.3409846552131
220.73661917778918
-316.03355684566304
-113.60153548184644
-41.50382093078599
-64.31058480383318
-113.6623600750263
-58.45966530216705
11.649691548645933
-80.29988661381867
-94.74807025117889
-15.219103750770529
-286.33983651386916
-87.13231992686576
-75.40061556025466
38.598271799657084
85.33813954376637
-9.483939601084785
-58.35244298511485
3.002089316829443
-1.118472281327172
-50.50658020850278
-26.735057393268107
152.4838683171488
13.900084359011089
97.65027812810149
-52.979572308833234
-49.86401579834637
124.12760014947253
-122.7444077051905
-130.6765951757916
-49.98572313448312
-18.492564972386845
-62.93851791404455
272.333918165079
-33.71623117638181
39.75172123943224
-92.46152327435436
-69.2539481984004
105.59258866720847
-281.98835875320583
-371.4026362157492
-53.432423989907875
-92.00538403217607
-66.34588577652363
-173.02085856573467
152.66521808948528
-102.9771195323314
40.33967021778335
-58.38040529455975
-81.83711894704419
27.24924498420478
109.61930622788259
15.488144368648818
-133.6327485023421
-11.167747438327751
51.81887279255534
63.30376750648611
-222.63948531954156
16.120509234409838
-108.44314570613977
-69.83653410930765
-38.7259063347683
-69.6611468830263
-39.58006204222602
-103.15456087383009
80.37052714610036
-59.824929272502914
-84.844920243655
-21.639739955097866
-248.25397991924729
-135.26602445981553
-146.62735342586166
0.46130289166285365
-22.573809065020953
-207.8453072707889
-98.46508349290525
-14.96261859748244
-90.52197445444946
-9.027454688918397
-79.74851780673148
-87.28831534640256
-63.15153964639971
-392.1873845960272
3.4592649434662235
-209.73750481190473
-81.96829179880115
-204.05906681476517
204.87660800414233
186.02371333771407
-46.11335179695743
-3.301148078900951
-645.0675685768056
-20.488212393183957
-46.185461724372544
71.28304985836257
-114.09838199525257
-588.6216106788343
-10.241545806171644
45.925459186220905
-120.7070410328198
47.71304151002914
-33.596686216735
-161.19315946567622
-90.0249604833607
-9.180740853415045
-104.61032531190297
-76.40836937550193
-52.541553513354486
-74.62088169303206
346.29075869452936
-30.631072582009438
318.2352227853353
-294.41886286485897
-279.5658807237305
-89.83623195953048
218.80569258047217
-154.22561792235138
-77.10341091141078
284.0697916972076
-70.56962706783088
-2.341262469532012
-55.86337777081829
-113.70931609042054
-60.03347854736822
440.8225126779471
-140.11320578583218
-98.83413115555231
-48.92632214489682
-31.34488906653678
-33.85293429968892
-72.3236166715995
-420.19405693820227
0.8423711150796568
-115.64835544297497
-191.38448374710242
-9.788744161133195
-45.25294455624092
212.88519280950277
38.12513285595833
65.41064562583415
36.236569395648985
-88.57900955050536
-96.11974479146966
-93.99971432744756
-88.68354170821931
16.04807361784333
-66.93202326773195
24.50817604632607
-94.42229058843606
37.75093174571475
-35.648415617840726
67.23367239215622
-63.51345411256504
-53.739307031101816
-204.72886124438082
353.47762203394996
-85.77635525155821
273.64091593267676
92.40881556492786
-15.48615846880324
354.64310344828846
-35.35997149298469
13.58747368121557
18.420494283242807
129.88231239450215
-19.57062112731728
-354.50353231869485
-102.55145909293032
-45.00401370721191
234.688534306968
-194.7661541576581
-33.55029528219711
56.64898907814677
-351.00473893216076
-85.92481598043983
-222.7367206670806
-3.389370457196833
-84.88768032986606
-86.23429093502091
266.44905408997147
-173.18302023997057
243.54528588627545
1.2708125463433646
-134.9699115839685
10.764808011466243
-60.92568025999593
-178.54792433831608
-7.834959974595887
-353.34466466161393
-221.92155985515183
108.56604285400681
19.332732130356817
-78.490136110501
-37.22432502676202
-113.37238039781005
-53.71106782084652
-33.841685810792114
256.39272527535104
183.68979071274862
-74.50067008970657
-28.208796488201244
178.4097777782472
22.58230626168097
-78.89409066554711
-88.7673077518543
361.28169262919437
68.02668345819802
109.51102392259236
59.64378893623325
-64.89814222282945
-47.38435764282258
-44.23279109663417
-27.329384326682256
-39.27015068666364
-98.29604038002617
-109.10636086004433
-40.906797405315245
-50.408536024293426
2.625692156267178
-213.0670315447842
-121.86756628092735
37.47928148545725
-21.470082107862474
15.513439118540532
69.47635106603957
46.625567423340726
151.49938591264618
-92.70508303390412
143.4596207445502
-12.193934177677761
41.760883858786656
-69.45375971569298
134.42758949913696
25.617187503952664
-99.18262836704403
-42.37171520801511
-59.741893460369845
-94.58194224817802
160.59405906892425
-18.401163822075805
-98.26879490617648
-298.3011929155218
-103.3757290340709
-92.77561951951914
283.6237320166201
-3.3207802023476063
-47.40607642769217
-99.85242126585462
-191.24510452175855
-43.719477035941054
-70.45532632533104
-45.18987861553069
73.38161942863917
45.759904367138006
-12.140246243795218
-53.42794915356806
103.9266981675828
-3.4924246202403832
-273.01567546818114
-21.374558874144267
-59.78042360992913
-35.68064615450276
35.89879497867446
-241.89739274120984
-69.22751639929011
5.832649694722932
6.189338935944761
18.522200346173122
-65.98615110670482
-59.56747718402494
-76.16637635491081
-55.35482071398733
-114.59462577593331
1.6813413711295433
45.03019401604064
-18.499061280178694
-98.17949032490287
-101.71361483489727
-115.39502203895609
-32.11263630237772
4.439694870381572
-556.1836232529458
-248.93282169095255
-43.35695971492692
-59.76747212639244
-52.73378649667526
302.88171086287366
230.15013613906194
-63.86065776201697
-54.235969765379366
-12.561650639585423
-50.657410526269814
-21.233086822827318
67.51562087147613
-35.29846874555733
-29.234818781183776
-12.697820052349538
-128.04620405305104
76.79805899949906
-72.51169942634078
-107.78036598608651
336.44865755593673
140.77875077720046
-86.1341598684412
7.808741342227506
-58.0476547820642
-104.6689583549014
-54.40003154673453
-447.565339751789
-74.24488212003098
40.091905833127385
87.2942633332168
-105.31434902116801
-99.9087492144923
228.7278182090904
-347.32951074119956
6.764204976036467
-56.918384362757934
-4.967925155192826
-18.654396471396524
-54.41391507873188
-68.70482759494912
-131.3440094525613
-7.71584801512472
-54.54339614019091
-33.83601796854418
-89.30691098356328
-98.1708867496788
-89.85435156180112
116.92748818099426
-23.206297185298126
319.3255909457912
-34.18988889129969
-13.908099626122294
-108.60394890661051
68.4295727193578
-43.270378510583214
-52.656948251848384
252.89101470158676
-37.63167557178713
153.4355531594465
-39.12958554780016
-28.582172829121987
-85.93485746938578
-56.63065351332705
168.85511254993799
-104.72998584046582
-220.0638184806121
-197.32801425573052
-90.25001508742844
-49.22735600114157
-87.696153247232
-465.1174272784483
172.95434787552767
-45.94067434037266
14.485601517530995
-74.62501506977134
-532.1867145266115
-90.92707175928388
-211.82251352910407
-82.94725466078133
153.357867489633
228.32913226886012
102.26451421711317
-47.636858834980394
-14.864636749777219
47.98054593074676
-82.73806101622384
-15.220121660112
-35.11739472293402
20.96148008813111
416.52564234412966
-42.04636356276387
34.16026408616017
-53.94709484330591
-71.35703151942793
-444.6804092051898
-83.37759673408445
-72.18316746332326
-1.6167154588776782
-2.0680024738712746
3.9043781201235106
7.097891041028561
-116.80198790280693
-133.03235894138197
-303.33238553921365
-189.0671147711455
325.04406554377783
-48.34194735917481
49.57674557257815
163.37055772944223
13.541714994456925
357.1929691142195
120.3163335298359
447.67522290293346
-178.82891982669025
-49.331432421439864
-1.5349926221788337
-97.20381267253542
-124.67461246695711
-77.83238439084592
-79.4901470753099
-40.63519451211505
25.380041834867825
-15.612203814698205
-29.40635578883891
-73.57741335206464
-107.42704975917059
-49.1194032101496
5.102337458563852
-48.603466544595214
90.2770336309427
-67.4910081223308
151.77941488109718
-65.41271972798134
-78.94685642609875
-58.12425674562851
-81.77198728510183
241.20288714538037
-51.13583252380886
50.34617449733378
-19.53788695852154
236.90956313341667
33.01030025330628
-149.05148563586772
68.49485996247131
-328.8124212057992
-71.38306690065838
29.445154886739147
-103.36472462287593
1.47299639074663
-300.4397824211792
-196.8529419263541
174.26878668108293
64.70162353252454
-200.6770229470403
-61.6317965331873
-38.98183469970624
-187.33698029262905
-40.06463134726073
-76.93653897090924
-325.27430277417443
273.06365355847265
-108.78451969031643
-70.84466773715263
-7.592552223064558
-44.49863172520418
38.96536434448899
202.8845002737744
-54.36262314613259
-64.40868335895864
-53.43929160104835
-431.2210544237787
-88.27565528663999
-12.381707204966233
110.78493464545863
114.55165106911409
-31.908511350979097
-488.7555474896599
-113.46168731777959
-120.5733552714928
84.5885946518174
-39.02096571799552
-38.463282220114706
77.90538902632761
-81.27319332888888
14.44879021425487
-56.41006850398844
-47.62790500036911
349.77121034886477
29.261625948654455
-81.0746520585044
-3.3438640827221207
-159.33849843860662
-67.4418408264049
-105.11439593720934
-37.34098920458973
327.8750543696533
-88.87367704636745
-52.20980111180981
190.95009591989947
54.33787337713147
-70.48597113164162
128.4313251931835
19.057721995521206
-28.86486637769849
-97.20453331197848
-179.66458135812172
-199.75739002658338
5.696158840764838
-40.7021545278558
-285.06696607464073
22.061015193705316
76.75860689110777
61.28715164033201
-11.912986787973631
-28.249887527859755
-58.59977815703223
-94.05345623994253
24.38188956666272
-66.19935479002473
-103.47423129267554
-60.648646829834966
-81.16236222912971
-115.6433973510193
3.761069752724552
-80.28437010444297
-63.00268983688875
129.77379486531208
-60.023928251556775
-0.12868431863716978
-55.77107099555964
221.61482447590424
-8.755097810284497
-350.0597401408086
2.4016047923099393
17.746730230577214
-26.027747798038945
-79.9537764929509
-146.93406162572865
85.43708925047213
-172.28847919203508
-165.90890653544375
41.23577356016949
-61.40966461725884
-129.76832331411606
229.38715197578858
-59.82453106851884
-207.2546300791364
-37.03265105448736
-58.25275677850206
147.44719061237993
-77.92965915265862
70.27777456146214
-118.7129838643514
-84.00971074979316
-34.83586289890911
-53.66335509086639
-226.7616483590773
21.56199205379221
-63.19452754636093
24.762157937888333
-127.09953315294842
-132.87807185186466
-46.32201758872782
-26.27224610928153
-384.362837476996
-85.748442075924
-102.01016807260748
312.86310679327653
190.6001053529235
-21.965637743234765
-4.066932024337802
49.16224737648736
-199.18725647993597
-118.31294594524888
-84.45000284807611
-57.05241796950415
-96.4033553535628
-20.990428542465185
-101.89943260273475
-60.044008115433634
-48.705470674881006
26.650388101204953
92.97492283834072
-83.0600617554719
18.108301102568287
-73.86933929625775
-88.56461556760627
-130.71389989205363
99.02996418359362
-47.326660699867716
60.953465512726325
-209.19246742621635
-8.218199998069394
-159.1819693876496
-144.34124772016577
-83.48643970264054
-82.72526694026237
-23.929047059964432
38.448256585948684
-63.901245088127325
-50.02863440012011
-82.61228845760346
-254.125118735672
333.31706167749144
0.5764188814568609
-191.36778142575167
68.30033442271088
-16.895381039212253
-48.417590922296654
-71.01649686470614
-6.666028455585547
-17.661462313302764
-45.6068028168977
61.883233389447014
-43.97960190406593
31.486474722591538
-20.534409029833114
-22.483834468990608
9.951846781210406
-403.8993668157191
-169.00007560140511
70.60545904120954
-9.480431845358908
-139.82112792301945
-73.18417132215697
-58.019197042906654
-174.44236599178294
-30.559712668658904
6.855293907694431
307.2702808850736
-169.97574800925577
-172.9933877060721
64.23511506891145
18.4903622891437
-97.63640036261131
-11.906427016463567
185.72296108383216
-164.99680277797415
131.96972820268456
-142.53832791375135
552.7472873869501
-64.66062856038843
-23.15189140680333
181.1500122895195
-151.83628120624462
-80.20992050686206
-73.69543731179523
-130.5892120485314
-251.1942934655035
-66.80030633998003
-98.30437864605665
-98.28009898228103
-38.5106512397042
-53.794711413175946
-86.00313836879677
149.14119303829466
9.042235846583935
-23.93362065442702
-160.03674931507703
-421.1460035888831
-140.5910092618269
-63.88265684811495
-27.201265981198617
297.293484150714
-356.52205423510986
-57.47873907441863
-33.328074884406504
-39.19247524268466
226.03905028969166
-8.544259300125077
88.95041810325529
-7.595180607226212
0.19266974324818875
-135.07616480331993
-132.72002516515386
-1.2073006456366784
-32.679774458931206
268.7172614014671
-161.03654166572232
22.87979496189456
-116.40621607723187
-11.131012845768055
-394.1925251570028
-56.9816807537085
-87.98378172226954
-261.8363702097313
-34.681998481697
-221.7303570853319
-106.40805204740647
-74.64890867504548
-138.90740689798076
-111.16704172855901
-51.349936792862884
-30.983441528162075
32.95787442276378
-174.35016834202634
-434.8458175917385
-128.5310215953259
11.341735094380056
-66.55322189870327
20.272804553452715
-178.31159103252503
-61.74510402401789
292.17748902681706
394.0801163925353
70.01689309918947
-19.553390561448396
385.62261419265997
-161.73206266786292
-51.8013727549951
-59.98894695742342
-20.47038657223385
-184.34084982997592
64.83513611347007
-40.978270851970706
-31.15324438400694
-71.70784212623767
-14.78292622825937
-5.662019201930832
-71.51679788965751
-84.20211977534836
43.3313530546111
-45.073592172216706
414.8596843948808
146.4442853562923
-237.44037338520502
-152.66654461857797
136.4376472023123
-39.084871899304005
-16.220984937161305
-304.5998801857186
-27.82341002060639
-38.5780349598996
-80.36033303991388
-7.002702172762838
-401.11368416455116
-66.81787927908634
8.140707266415193
-42.5365278956906
80.61172054941017
326.7491745212492
-104.1004937875183
-134.68140030591348
197.57116038388813
-141.92375721989734
-42.44715237145813
-67.2033343217845
94.26274595545419
67.61330215266207
43.73922533272753
-86.35361049583207
-92.35816125659585
-69.33931218560792
-86.30608755817775
-146.91230254280163
39.79774475687191
56.21811944368892
-89.60919701822718
-20.802442881064874
38.147005363625794
296.20286147560273
-124.39725035523225
-84.96579040462893
-191.07384590196853
-82.13737902095454
6.706499284380698
-537.4845035555882
-16.5272217162983
-98.02318167912654
3.061340218627265
-58.45829201501871
-56.06211934211092
4.787611466769704
-49.73375819276856
-195.3418220550302
-48.91287446050865
21.777867058406628
60.689997262532415
-24.646889013315786
116.9778111657788
-146.94172878460267
-261.4880900207281
0.5981867830471259
-22.770292847672863
76.07455885805939
-324.1967623397941
-73.29547156317265
76.92363846973149
15.101703365049161
-51.121705693313686
-73.8232170167026
-91.56200053903376
-452.53899162902235
-30.541892522899555
-59.78630143889893
-36.50923912922326
-30.371239147472807
26.070337839992135
10.24711430071693
-33.861668926854804
-30.212146470023526
-57.37850086940415
-60.77739909804696
17.632037832626338
79.73570338034642
100.88469375899149
-81.65749192728435
-67.8435382541777
-23.606938324845032
-299.7103398505151
-92.86367324758243
-113.5547669382322
49.496126247847315
-58.781274721532185
465.4148732076892
148.41446104611168
3.341381491849461
-284.3365967806876
133.37107357609966
510.00264546984727
-18.009885563180433
284.27004466531434
-15.355484581063138
-230.54821579964664
144.43171251763488
-119.50542730857887
112.2747191004928
-62.53524843072957
-39.92665673903269
-132.97779068630007
-82.2070768779655
363.7270887545865
-55.96723963056709
57.966792057766725
-42.93691287596448
16.586806987839054
50.42898737960513
-93.50048240253454
402.8659019601864
-44.258257121275165
184.49747655492683
-73.66081960232934
-152.15729679363358
-30.023373138929138
-116.22280352742564
-123.02424647234625
25.14789664900627
-39.540618534043176
-64.38538989554193
-94.16273111713706
94.06221806562826
17.39686471352252
-217.73517275986524
19.808853544000158
-270.9660292577919
-43.491317473324294
-402.1677779710717
-27.19001148369034
443.38575228855007
-67.52722455503746
-231.59965689972796
-39.045706700546475
88.61582099130646
-156.22645644549812
-313.9656072394537
202.01427037424583
21.687116455745127
-59.450289542860276
-432.24994319182406
-53.575747772163595
-194.05298619657697
-27.585292133819166
38.56700227607689
-260.8561527642214
-102.33012361339024
-44.852614548131896
-313.2159221098718
-110.74684685632201
20.23469760311673
-210.53615208517294
77.3833587246445
-37.018874638344755
31.140519204207976
-281.8756632041677
274.41586857996117
-74.47907889503404
-65.09277519774878
282.29618731156916
-43.48189889472174
-50.716764880844494
-19.43105138611375
-69.40854771901454
275.288683605846
-44.418165004087996
20.320944046728982
-411.383433074825
-340.42659131203436
180.26469593285174
-573.200301844814
54.99696319511031
-59.1530460821873
-105.61615601951962
-80.7310884837016
-90.58942595337494
-30.37849172380247
-143.39457952649764
-275.59797988407627
-78.30026104027819
317.90811571615995
-357.7197350429542
407.9661259726108
-53.04995939513083
1.9425748575376929
87.72078940369374
-46.31071955192376
-96.67427725500734
-223.52048518416632
-17.474746247722518
16.65116626966434
-30.192363201081093
376.2484839870067
-190.82388425003228
-530.5984927708378
-302.60528502478337
108.20236392094193
122.57271199070601
-415.14671642512985
46.89141831332836
-55.766922319986406
173.30186026998308
143.45400505435646
18.451859356740442
-272.64390542302135
-100.80534084003412
24.541574482049327
-76.26388002231295
116.67659033673954
-148.02932441896337
125.60640198732244
481.9805612240716
-115.8508723726136
-32.64178410574368
-87.8928213716464
20.427223188611606
-23.302049244821475
166.44762970221473
-15.699252966092047
-51.01814467407259
-254.18676971948844
-75.33622961533183
-96.92365777667146
-103.92258067001242
-37.91886471192993
-19.498927518445406
498.2293071671793
-316.97819730524134
-18.430888128524202
23.44205717172872
-143.14587233421844
-64.26616498056137
-255.75496927459244
-55.45148400773197
-22.459011750088393
-26.723587818676606
-603.9827617130668
-432.8585646664451
-393.32434324146743
348.3937606257805
-107.22797215440187
-105.61211920556889
95.17873761472583
-25.63699272350766
-75.15493095169975
-55.707509983888215
478.07856225049
-32.73133880407295
-70.15473490514957
-559.8773386603098
-16.60260354067941
-113.07438382801683
-98.24445979815611
-83.29649199413507
-32.207381914608504
-44.98034859727508
5.360174197534434
153.6556631496801
398.53373498923975
-163.0848289554906
265.38697827122996
100.42525281596318
-11.058359905794273
146.07352110563625
-25.939875852648004
-26.866373038055826
-92.77362110537615
-73.81513395640094
-90.64345931932056
-32.30781075584855
-45.05775432989351
-85.05777775511297
-27.972393140702938
-161.540534940621
1.3901434947429152
-60.24055385226997
-67.83245643752343
257.6025203230147
-144.69773628970506
-31.922088591099964
28.103060707863733
-130.12634595364375
-485.2860418041255
-263.75761680630785
-11.664323470880845
-55.62355870007957
-101.88490016479042
-86.18545967398816
-56.503141543423375
9.223754754805213
-39.2895078214001
-96.1750123024226
-124.04029766243002
28.01994121337384
117.79553503882926
232.9952456381161
129.97301917292134
74.50455934447746
-58.89449752153814
39.33659503486888
-101.60936467592273
86.6581414328075
110.75113425231757
-28.44601992539503
-62.7952382107686
5.459022263657062
-84.72059884564423
72.02880307004989
-4.627912854317302
109.42731327020556
150.93786723463927
-451.3445749912389
-18.014307832905615
-46.535028606395514
-374.0583709232815
-3.9722048161738712
-138.43156712179552
135.48042490299486
153.86628332352302
330.29481261935143
-70.6458279716037
-302.1603639582736
32.58320894967619
57.54022098617702
5.576267185630513
22.881753954762345
-42.73197269330467
235.8979775094449
-47.539440445321816
-78.38704956910198
-18.441789756402322
-330.53880123745694
-344.81158275967755
-180.59385204248065
-300.01826668658214
-301.44339149385087
297.06361400521473
-89.6711824496033
-44.84916334401714
206.56632814545992
-32.59550397146897
-58.988362026508945
-63.056889394986314
153.89686626079492
-139.3832499277687
-585.5000202363663
-47.51707792282832
-234.45444515742565
-275.44258510334475
-418.2049656134568
42.47143389444682
-124.72259858447978
270.08804041916846
320.96129964980355
-29.085659782001812
6.510354270119933
9.468603809492151
-65.4351247890485
-38.50354636186307
-17.648142732271026
417.6298837153154
-28.0604473946878
122.43327192119523
-652.0376898553677
-184.93616008572826
4.214253033967907
-41.14236899238552
-70.40110284824665
10.336457345970302
5.943867415971454
-21.00355660067454
-88.3177891451819
38.95397563232109
-175.28960460330654
152.3061221176231
387.0062386292884
-51.93327623481756
4.526451986772444
-41.758671560503444
-26.03745870310454
-59.57789768333393
-100.72171503893514
521.0134726992492
76.13903365595343
-52.96268053131189
-80.0892950474199
-63.57183962223644
10.146936766441286
-113.82595879043392
43.907518233441806
-158.41991642103312
-531.8949246891461
47.54132269896945
-58.77503157645515
-75.39749802464105
-56.560207962810736
-57.56401418782298
-78.25953487812455
9.275318685124148
-56.165285992706785
-54.61664942104488
-4.34290767676066
-177.42665101998318
-285.8605511874448
-34.84367858597443
-157.1132007674587
-147.75904530557455
-100.9414099778387
-58.72143634984559
-10.27898133407416
-35.1785499444282
5.724014106088362
33.31065279257018
-48.2182097119472
156.21436235699184
-18.572169375378962
164.49701217809525
-34.79426471089391
-120.57681123867359
-70.93177040493967
30.79887429070368
18.80528664559756
-304.1527606803538
-66.73927772084703
-89.61433517543492
139.36612165211773
464.11975093292494
-67.64140413525986
-49.70219592359308
-108.03853064583521
-152.86564797052233
-77.89225102989992
-11.32559807803591
-71.10508104659434
-29.930034718764546
-90.23271009187309
-156.64448818219716
-36.10341212090225
-37.25972210814452
-5.304332316934193
-190.1536045573048
-15.043396726264291
-103.3016592999993
-146.45116695956858
39.82837295556601
-66.80385774922524
-82.7931893075892
-62.50836704183767
-315.100251513868
-343.36472224691715
17.98527561118135
-374.971501374539
-88.23335164149307
-46.12013106121991
28.05007055075248
-44.610533172512845
394.3991825464909
-68.31200549323785
-39.367242604761394
-85.30905577982146
-87.97511207282696
230.4210720839401
26.87132649589512
98.46967845384279
319.85094356068475
195.61157896966733
146.44063589136204
-63.54396468384493
-37.21940236382822
-26.177473040509824
27.655021457232863
100.7728618146266
-5.740604745615589
123.30273110479902
-126.19764740638493
-95.59361681649862
110.33095208229861
-59.87729975384613
-95.25505653061587
119.77445294787503
-80.21856533275984
80.64149442537746
-34.00867550069211
39.84244781932375
-160.243208380969
-1.4266350316108856
-155.82387895063766
313.51363708327517
-340.1266959038703
110.0693731942174
191.70726296285147
-83.78021563240414
-284.6544512474302
99.22036632562231
-20.479617388566112
190.06267719411517
-45.10411097594291
-58.64391340165011
208.458763802686
-88.20932951864961
386.88018279638163
149.3237807384503
-256.61243447683773
104.45535233064766
-66.73614634999129
2.9932192092765035
-103.87326431599475
-6.680037615742549
-39.555027910495774
120.39616830855493
1.3604127822345617
-93.23895181153216
-78.28313513046302
-67.1536522606907
-43.320529607300955
-14.28023220317145
-52.7872464134598
65.85597131425175
-167.55579444846626
-56.91295980749601
10.218542634082041
-242.31968311770106
-72.99759370556683
7.752064538515924
-78.87522160656054
51.899432688930574
-286.90076847965247
-10.912821433639692
-69.25731487753131
181.72884484174938
126.32776856037162
287.3699420089579
-104.9227104722122
-87.86815975594827
-352.8025338818943
-46.37588989743995
-128.9398131651286
-53.15835345353253
-133.62192873865388
-71.98740015122803
-24.250658590121542
59.953949797834866
-28.837715413689693
114.04236265041891
73.03367747458833
-102.14357391663394
-3.5830299813578677
-18.8296686432161
-90.83833768819386
-79.03115938204064
49.71680819950279
-27.556282231446858
-64.07735387254911
-95.27235158002301
295.54829147077726
-86.08332469831569
141.79234287636064
10.439903922238273
-53.439051062360704
-45.389964987967886
-59.86086067025348
-192.75541199159852
166.98769835121675
28.965263363207043
307.65050773573785
-65.34826691458937
92.3167774528124
30.331434074072682
-436.8218810853341
-22.635672204724187
-387.42910856889284
37.25625690804259
20.67348826955822
-327.02977447855847
-15.203393625317618
-187.70174147764737
-451.08202263420026
-57.176134324967734
73.60750988430118
34.4825613696371
-165.15096289528447
-69.35252153022702
117.02214594741599
-11.215137217327936
59.00418028825516
-117.58884548513014
-188.4901356535138
-82.62625725450447
64.2367762383683
-54.91338080207083
45.34004062718441
-18.61260412699528
-13.688471368811893
138.9672794922244
143.0995378806074
-66.78362540647913
-249.68923107081173
-82.27337002667075
-47.14626863229728
-70.54906983486296
-54.83632653228506
-146.46347809228791
-180.2493584927779
-75.83481167640348
67.54212587812071
-69.88457539054616
-65.21804461592274
-147.97419901113244
141.85622958396925
-327.3260237827817
-63.631229263078
573.80064386093
-53.7399106306832
75.78205517654897
4.046872686960228
-66.03641685109494
-63.873037493260654
-222.6208571136831
-72.88008309411039
-392.8399839323829
31.57165560149815
-501.36543217542203
-59.96318210409058
10.776027719206468
-80.99452977528705
-52.29468817754173
357.3508438659592
478.6453072606628
48.15963984080736
-42.97560047472143
-25.375564839874244
31.516408739938925
-258.7350362261932
-89.541212515036
-219.0042921024342
109.77059798917617
80.5500029160994
84.87012225951366
-450.52903074041024
-139.294433805086
-124.92236580520512
52.05469000432777
67.70003763810746
-35.87531387924848
-78.09995973427749
-90.98581647247192
-75.45560595623283
37.37086617755449
-19.73921581178763
-19.035401706832545
10.957350131054227
-10.470121380767978
-25.306753731887998
-25.546005468650346
-139.05146673586023
-1.4602632513367553
-18.608462835275986
-61.12033792517977
-21.6700098838337
345.90008653935365
0.39158844509438495
-24.78920745054927
-87.3000168646233
-70.53155425374325
-115.45325335145753
413.0069506948603
210.48974760880265
-29.92489644494799
-107.0975653085834
39.697231833573824
-185.79980664026334
-147.41593385428337
-82.80750585883644
95.25406799913617
-103.88747615425486
-51.8142777651304
126.14232425329556
-72.13653110540984
-43.74876998687978
-93.8519868347168
-45.94606913012922
-48.032564508589225
15.233367556878875
-146.51562615924013
131.20779559168295
-26.78582096306628
-60.02628686015987
-533.7717301994544
-41.84243190605992
-62.89583606780169
-50.25388217135105
-1.5070446812078444
405.44899390631326
72.19510173177514
-413.83418206091847
-51.26947144125688
-75.9935811478487
-26.8969604463382
-83.68453887852912
-20.654255514656143
83.48968776724223
-68.88164061574935
-14.493820271916775
-319.67982687222684
-25.048367846317888
40.862486084981356
67.70354004953424
-44.9588724688081
-15.947591905027366
-101.81999963098497
-5.225181358258851
-35.34101066372568
378.9120502455353
-74.75038439549758
94.27404695640689
-7.605303279056898
25.64485022387612
-71.31741382848206
-92.08580393786102
272.71232336701905
-50.59255112856883
-179.48321008871653
109.19225981040609
-3.5213015160611576
-57.983965704774846
386.61185860525984
-20.58878603095627
-113.26928666810102
-112.66132532899249
39.87129257512606
98.83980664862247
-455.63535400395267
88.68702446240786
45.64578928041101
-92.31712173484448
30.97071563408099
-151.78449724481652
30.151206545826426
-17.588575161260195
-91.34945213834992
-8.030322165355045
-476.00041070107727
108.98160883943456
86.0413828125711
-81.3480382941907
-22.628365885425694
202.06276648233052
-411.0848216942986
-8.618776579863379
-64.71575657329171
30.229723252982694
-4.146097107960473
-130.23619062106445
61.69935991653438
-603.1173771524354
-10.340909913968062
-21.35347476638372
-29.512565100212964
-34.74922633039296
-18.44494854776127
3.8652716552994377
1.2749096244388056
-56.67507643563481
-21.19847653244996
-374.37325100824455
381.4921539737388
-15.975546199011887
-71.33465611251458
51.55856808286626
63.77848727010041
20.38898237966214
-68.72816617456452
23.010556066224126
-51.75876167192291
-73.85228919037003
-31.083809384917604
-231.45674583055734
-68.97681435845556
110.48903941634308
-365.46687257527446
-55.59831700340272
-32.041317320830785
-131.74307934023182
-94.85686837806831
-1.7026058643656155
-3.942555568993555
-122.9105756482319
-42.01903579859427
-2.924063381902215
-56.569234229552876
-83.69107755885852
-136.6366256313595
-61.73631767462332
41.400610413158574
-94.29154494879549
44.43619314889952
19.57099121202009
-38.78949762988142
-187.24437995988956
-109.70153589342812
-57.46169855360147
-63.967344404368845
22.462720133155926
-346.2945231532103
62.19206290618604
93.47394689011526
-478.57747511469097
-326.6412928176924
-65.82407116747976
-22.055703642898152
74.42082251990541
-39.53994495060806
33.4808380074046
-56.649920299828985
-31.014490432044468
-17.429007673101296
-117.42710098221869
-448.3149192228575
-64.10332892876579
386.03307030358883
-96.3260351140234
-14.960949971102025
-390.9970348124534
410.72666568193927
-61.295571147355986
375.51306393955383
-67.04837327694531
165.6360034438112
109.55662152774221
-41.23509612906281
-85.0697987672936
-565.6895805390232
-115.51521133757524
-250.1830666697797
291.2491966756461
-153.1970109994345
-92.79276085679794
102.77695655760454
-31.244076007037194
272.67745428934904
5.957041543701052
23.091191075833194
429.27715046620506
-23.77847221986923
-260.6772863454389
-324.6417615559112
-27.853567902045484
-88.19645510603739
-188.45296599057656
-159.07153839173407
18.234698715224567
233.06097665425023
-27.5031223437264
-39.74055170046131
-106.59048747437646
300.3135915812509
-80.27869050725894
38.773680106780375
114.01512486442334
4.221715369918911
-58.676101331764585
-29.394722581813767
-195.06158831104585
-83.19880096096858
-46.24164495587908
-14.193928537200918
-83.8277927244215
-29.726312741597212
-220.985340627989
440.47925418691557
313.00725475690524
-20.51041357952272
-54.25564000161516
48.93817806924062
78.62287462507084
-80.10356252847362
-140.13905440711278
164.12864071643344
127.66361151014644
-67.51772939940311
-152.06731590980598
19.88234964717003
18.63700347678423
3.541256870565576
-77.00529201076907
-96.30387928383789
-36.69631624788417
81.03963773760006
-95.28629308430936
-321.06695568668147
68.0024014928731
-1.713701865854091
73.98273304462327
-105.46148089487215
71.81138380525908
-28.691745781505006
-97.3084709094428
-272.521861272171
-90.1499563372654
74.09886415701658
-69.08330414733246
-28.44920212163595
112.77529266834972
18.824233833421204
-32.27142107453437
431.3543207945422
-50.524829590281115
143.54576884096969
141.6639182367653
-21.48068486993725
-110.43404656594386
42.988278026630724
16.9037439818203
-76.45627333806033
-175.391171792593
208.64790096499382
-83.98665217552116
1.7946310875631752
-271.2629501312458
-4.193067506322791
-38.90635841905532
-59.335480879530536
-79.4555946403525
-26.264373710655747
180.57799303792672
-63.327984146119746
-399.7090534987965
-85.93282813170481
12.08224098565468
96.91758726302942
-92.1848598005604
398.7671574054966
-97.5329213372255
-47.84237163728203
301.89013188893296
-56.970447887003516
-122.58524350443804
-45.74378548930508
-129.70137922146841
-108.89175211109159
-106.99589515740536
3.4559947003160687
98.54299377483221
68.3407183730742
-198.78672242100038
-34.91183601597186
130.88326884704293
-538.5925476036846
-2.5889435341987337
-91.8453982280342
-130.38103752774896
-62.73204842047926
-11.748415798438145
-113.49194302097749
-130.90438535935664
30.133317909143443
47.98079677213309
183.50464033820936
14.739327328109994
-494.8667017006428
-131.03020449543874
-66.10038493115043
140.18842602116274
-88.9774162355793
-46.655050819637836
-84.85865152586815
-68.82324838885732
-24.71264382681298
-39.96550087370946
-51.34720911986094
389.40252099688405
-37.45780600748744
-73.98729949612112
148.28239908070464
-41.2350056349878
135.73485638070997
-442.64010820274416
331.23868933784433
-184.0870124889534
-75.10891116564378
-60.87232590011354
-252.60627306962488
-157.73624267579726
-144.39050277630668
-397.51007575525
4.724435186091341
369.8329689035563
47.33840475049692
105.30325625951627
6.914236902155153
-55.77785302072793
-166.8541848571458
-56.09500003826926
-186.15285883332217
16.371637378150808
-7.560547644483449
-522.956824826897
-10.88356288324212
-46.69194281477178
16.48767401339638
210.12682999957724
382.33610093189964
-44.79937362208875
-33.11893699107165
-65.20192403328838
-40.032968930553125
58.55276891290032
-103.11603858160834
-88.81490557993493
-55.31370894967222
21.90202192394281
153.39189100990006
-296.80049042476276
-67.13321313775592
-75.07675189135254
-46.46761731274488
409.6680082565981
-48.657146907360975
-81.16135762693193
-4.335596685550627
-11.939413097616125
-15.372208240349437
-283.2071221221213
-60.73137015946554
48.127744096245806
-57.12096408882586
-57.3959091981651
332.46280361217214
-407.88367237581224
22.8467520314623
483.63625091243557
143.33271011656052
-46.39089534960305
152.34006880792913
74.08217621741642
-36.30861445568059
-71.9671371928016
-128.87767394474395
-104.89542262885698
-130.2592499662569
34.09752971768103
-83.39156098752574
-31.83338335411105
219.51846993938125
253.7469985444386
-48.80217819155249
-101.54096054514048
24.77385740611595
-135.08399599328914
-90.21514541303267
549.0205216456488
572.4864919068314
-165.70264239256358
208.03586394459126
4.603247416551312
-264.03662902628366
9.663948656058189
-20.399750228310893
56.05052680523022
-27.2828486967083
-410.2414698192679
-77.39086204908199
-29.763217783395604
86.20599184464845
-401.4847491027249
30.755116008667756
567.7913050877687
-108.46542779101765
64.34307709028144
-71.61670559393315
421.99837129706975
-112.29194406339957
-41.69742563917084
130.0543645755406
-30.50372701569347
0.42665446773708027
45.007634162588374
-32.47899397683458
346.10553731295477
-82.56147279388858
-64.70526697477464
-71.95523584373397
-46.40492521654414
-300.9424323361782
38.99222044204362
-47.449648003498
325.3700252350318
-178.04460988830033
-184.35396253100953
-52.458441759365286
-62.581435536482225
-57.64825558823668
605.464405232854
-76.62388871733947
-68.59083571098475
9.14343921625732
-31.1323174739764
-123.18689841097512
-66.79104915189055
-49.63175134725743
-109.58973860069818
-620.6579124223663
-57.170008829113534
392.617823764529
100.11744969082065
-12.45953144464603
-27.440733460545744
-69.2131235947426
-58.101227329929216
-17.983675678248346
62.854309299793385
-64.06096539152531
19.218231736205013
-653.9833485595154
-311.5837264486163
-29.793854546294824
19.704384028880668
-52.941611230300055
-135.12221955570567
-97.64273003652852
-160.23781115489146
-227.84024303936712
-97.71900184317491
13.162085892684482
-56.727878048033006
-5.852044349117875
-108.07044857129335
19.79411541462946
-75.78444432962078
-385.0404802776502
-79.33687984774588
-50.056657340112906
-42.624935668013435
-41.33852681269246
-35.64830830295017
-501.88671293164043
-52.40229747375563
-23.163122773516534
-133.6279248619703
-72.06045855010888
-48.028780858408275
-10.488733107778216
409.6225687557853
-105.97606524432558
-95.97296249401234
-64.13993315229969
4.504940741277096
103.30108143950565
-198.6976101788341
-13.230202804687906
89.8895656522036
-40.71046881619016
26.005966580098175
-193.15232577073766
300.6732355838503
190.3684308449574
-250.93564381249098
-132.3634642198249
-225.1683826530716
-75.85245294951459
-62.383060567210485
-398.93463034948763
-113.50814508696749
-103.82402518211529
-56.95507675310028
-100.73068264141966
-423.71195553661346
10.055774746924579
-113.51505307341681
-27.659621363415106
1.4297079116258828
-48.41778427355348
59.31024468052237
-16.24982272475748
216.12155858212282
20.696244242313696
23.12830690748433
-91.867079267171
-86.63493976935034
-27.166705393383833
27.272366988514023
38.818379698155695
140.85633170660367
-65.64573650591552
54.000155679244926
266.7030724559245
-75.48292280395071
81.21104034337463
-64.52066892495843
-72.31331492455087
-145.3192029572474
380.722420569753
-105.84466868201525
65.4831640669604
-334.4789498870996
459.44475845003217
87.17554457307597
-87.41076010926758
110.81083131666492
-6.876923471525553
50.98711098736976
106.47778281712272
-55.36451294600374
-48.89405060814803
261.3364374837056
-288.99737957390425
-65.4406610946869
-52.9033819634566
-132.82635040307787
-88.66545057053706
-19.57605300994794
-104.56948783136932
-383.74580974530545
26.695237208358776
-103.75200645044761
-231.8542997367349
23.466356904329587
76.39215737819222
-33.5523341317421
143.15747357046348
-94.15705227460421
-0.8485588340748108
-47.2998445835845
-209.78739310790843
-93.1320103821228
40.54774004313913
-92.5536600424366
19.377083611886974
-60.95483145699319
222.95646386233784
-142.72945092536975
-125.44495506791534
-100.38500936543518
20.227527819020906
-111.45902643492445
4.07284209603813
-365.0385213527861
-81.53877262983951
-23.541716112267295
341.77266810196306
137.39779767237997
-57.19227666531596
-17.549205701495566
-355.1813889607638
-25.14739110613118
112.95170527713526
-507.2927878493647
-38.530406812617855
-77.37720176352659
157.65225560610816
-46.00626112761893
-466.6259953369663
-31.567813065252267
-188.90237687040826
-146.0148577561522
-166.30922125832168
36.11962666530235
-135.95357297044848
53.16713770937349
61.90817769931482
-10.845491018167536
-83.20236957242585
-8.165748008996161
-79.10391975531951
-140.45491448204666
-86.75046818270536
-70.60108347640562
-106.51282691648339
-46.37308705614748
283.3436801326716
-76.59381130717247
-161.13614182139463
-152.71982820502853
-254.792141892769
121.4726004747572
4.8918297372638335
-46.53302225524691
-68.08951010901745
-47.091559913047604
-80.64783041858755
64.11143286261131
192.5697461054824
-142.25230724669382
355.8834950500859
-57.029527275612345
-0.1426192417902712
15.424205767503281
-350.4689320911348
4.182144979513339
0.24469835255763428
-129.05603321756553
-47.15038724923354
-117.23061867983688
-92.217926572225
-177.51528041999336
-17.22127316402306
-10.282606432475404
25.638363093365342
456.5070381363312
-87.03093799187582
-74.26607692475818
389.94957584005715
-25.642792695771618
-95.09885072434166
-120.24244836836988
-67.59828697283174
-60.121673189747526
-71.98381723739351
-53.77538255227427
-15.039380123353236
-50.27459955970857
-285.14658675744795
-135.73815057900265
-146.872502181046
-36.32955389192304
54.18964934910821
-48.5471829155249
-48.59576060467225
-114.4205646702867
-83.76125353055886
-56.58222718067556
-336.2503025142105
95.65592860317338
-76.94472236420916
92.05840524232372
18.68861293996133
-94.76036752660856
-101.77899653770965
-78.46334883834788
-50.6240384522589
361.21889435933554
-34.52080205533457
-28.00623393312162
-11.198201887474852
-73.84482851971998
10.108146333996899
-141.2376750796093
375.07905385570484
-30.613335483976655
16.761730483563042
-23.414454926624728
-74.96629547885277
-98.3381100823042
-51.04781118401267
192.8313849417591
26.07095603739799
11.845548082448659
-41.42242043895592
-25.806704078674276
-96.98130734873602
-61.906219028833675
-204.6497377415144
-274.59611815768403
4.911481654357885
-92.26065544301986
-27.910720765180884
-71.66595660893154
-27.098359399027974
34.382095838042005
-35.554457657005855
497.53184319809407
-384.4072852987556
19.01574681969896
-29.927600499041546
111.79545747724796
-58.62304850179498
133.69920333714754
-242.29243189078898
33.797653344312494
-65.40700141180852
30.59601760364967
-115.92167648211398
-338.1522880849516
-195.85503739533306
-76.14073318224125
49.58670788738527
-23.862813547503997
44.04674856159909
-93.71877212997077
32.58301074921383
-166.07768084909185
-18.82535293457886
404.93532850650445
-47.17552519038691
10.031044631678014
60.77237092340829
-99.2783464312904
16.24587475218368
-154.73912247782664
-540.8725557891648
-81.41759586895932
265.86885327529853
4.102943823812893
-153.51284087448948
158.69395323472054
-438.25482311484484
-85.17112619609725
-32.369387408847615
-61.1531214810489
-97.2552935080439
48.18612016400948
-463.8980145371879
-14.052703321377976
-46.084442768094895
-50.45606450561672
-25.762091228614906
-11.65733343143955
236.55498265658207
-141.24292738883742
-155.73171535371512
62.509425240317796
-70.07934312901853
-64.47636700836466
331.76289640101095
287.05268581357996
-136.13786367435387
-71.41396962115505
-24.27551266223304
-598.4286704855331
119.44328268672871
-37.56239450652803
-365.8290240358583
-53.67147578225801
-46.15827101933655
-161.425195366739
-63.528398792510615
-154.38859310747648
303.59593697776654
-57.466796554615534
-113.6808458043779
-30.409576306298675
-214.9284269289883
188.2090102159127
312.94878703217
16.75293591631271
-204.390957640544
-21.209808732602013
-13.220951477549534
-76.74668324239019
-183.19286225380347
3.657903888644796
-69.55688743638176
10.369183830996917
-33.16233950048541
-337.0037551831492
361.5423308798763
-86.10528890465189
-79.86877297019004
133.60463925476142
-30.68342180300351
-495.1988020543886
120.54508738172217
-76.87083962701945
43.4891583757053
82.16708009596732
-59.77543645920741
-28.29914440471462
-10.24659717656408
-52.77255269955809
-8.973663283768474
-192.5203836061355
-24.217945976029853
-60.359410876967445
-47.7069668572788
33.61736340272546
-470.18096904896083
-102.61280218290945
-42.28340456805893
-20.523062417065375
-56.36300199529251
-68.19140997990795
-3.340153169718178
-99.53970151483009
-121.73855329719026
-40.78474985232606
-87.23107141623905
-217.37895055040644
-65.35943139723486
-97.50994806736526
-160.9367834183886
82.87704787990333
78.23648506846894
-1.9216368212661905
-177.52736306535735
452.8791183120966
-122.69388275875463
485.6792034197624
-55.00344428970258
-47.281017865368995
-196.9898483170382
-114.3446620679606
35.75881147976179
-8.178187654468275
-228.24638453424814
-186.90524424256728
24.386307580776702
-72.21042733564082
-60.821325948884805
-37.81268311766598
135.71968054673926
-84.17970011019241
334.22607975924257
-79.56662638977137
-83.26340690665339
15.31988545758395
-365.2964585846212
41.20021707467777
23.009739327021155
19.935447101217783
-481.77158843512916
319.6924441280189
-84.72794967171276
-64.61752615116403
-272.1645996418265
-165.99160469048184
-68.22840667241012
-34.073297852899486
58.108528494699385
-61.01322188469794
16.36876843462187
-62.49368017457084
-0.27902360816369765
-73.19967641031306
-86.01213931849259
-1.1776572061517072
-58.854034033511596
86.70784285724221
-137.01217241629456
-9.945998111728784
-190.47478748873436
-74.56488359606556
-97.95642701418546
349.2816467291286
-12.776890908603633
-81.97359131267785
461.9955120047234
-80.42003877439856
-195.37515182339484
91.27790077698774
-135.19080614848644
-77.36476477898577
-22.99412046335692
-87.64961142249527
-83.64766396566793
49.053857505910855
95.56663987820139
341.4036920269882
-78.26551612181271
-83.89344322517242
-5.663133852383908
-21.741509277047953
-62.48414878680515
-237.28762238592753
264.1250984845574
-254.97553479828457
-77.60938925751151
20.93521415789915
17.596320362805272
7.461247434192501
264.27220971091265
-66.79841885520364
-90.66647268879197
-26.56480768165121
-456.8091536726606
-63.07704553563533
-49.08253504594611
-353.0532377895306
-141.45182762802688
-165.7511699065817
3.550425756995992
147.7756268116973
-101.84754461459357
208.54963442399003
-54.83140243875722
129.65960986828577
1.849033530757879
133.75116541291936
-2.1670869596327975
205.03256031825458
3.453341083588384
-24.680842312751338
-265.3855804721006
184.73829325958286
-0.8181504017950993
-89.94452817981619
-28.58867608921264
-193.60827791123484
-401.39681023826415
-31.45035292645474
-32.57478195451756
-91.29325953010449
149.41994982984033
-152.4631005333922
-96.0899898169173
-37.164388937525814
220.4768635092787
-55.20683234181706
-15.711238168596765
178.76073677334534
-471.3122880469782
9.48906455366432
66.4672944986778
-244.1483778883039
366.96064865167864
0.05179128690906509
-53.419516229824566
180.84975083973222
-69.50342724368413
-85.48448437535262
-142.319354679561
-262.8135260789277
-53.468533087911034
-119.98063246685706
-7.988523061941123
-99.69109120460985
393.76339340404957
-10.604402405058266
20.249518326764246
12.765991713027233
-52.749908230683005
-425.10909546359653
-13.053771731289885
-55.41725019985506
86.26654108183175
-48.47167304641569
-74.53758512883451
-15.707203345939206
-15.074847772414621
-23.277425978751353
-73.18926316959187
158.943897141633
140.00444322102157
-64.90436806788512
-141.4519633341788
-63.842260793384426
-82.91288039839687
229.81755497267295
-76.9945675709633
43.70336978628984
-6.514312412660956
-54.91576109403009
-90.2731167839527
-192.1113448179549
10.242836009008897
47.93857720066262
109.84726785325802
-65.47798085902267
95.35160584974619
-58.90730335836997
-122.79809830357954
-133.37697080580892
13.46604456705063
-329.2966603743007
143.9866687042795
-86.0123093910197
-17.44540320017461
79.39335613564344
-5.599730584028293
248.33952002407568
-340.9664687691329
-13.53144297660674
-248.07138303913234
28.566823146489696
-64.63643730661852
158.07209233045796
98.84823832941038
52.99055678248851
467.3014302433239
-143.2345982448296
29.093916635605638
57.63057818739617
-2.596669942828157
-486.98827458089545
-59.153667680366574
-78.75134566586763
-31.17650592073187
-58.958766114989885
129.1435807527041
390.43789234020005
-63.010441176315176
-27.3301208544126
-102.8638552710172
-187.10648944945024
16.920299873191077
288.6327968979858
-392.4031318634643
105.36332228303672
141.2198297348641
75.3107518128636
49.25755609469343
-34.35091259502224
79.45423261885662
150.76575888080515
-401.18659875830235
343.74895414097773
-143.7093264185483
-13.743106865780192
27.22820558663443
-8.954053687380792
220.17761278176886
20.90168180992987
-81.5896042661378
-73.84324060201695
-22.374960880149956
-15.283980867651621
-17.468933746998417
-325.97523008129247
-73.27881122222918
96.9506078023951
-3.1185530036054843
-111.4876640373941
28.66398825813667
112.42543858367026
-71.30378523044565
27.227130542018674
18.551815646621435
-73.42255208362846
-243.0109359157359
-66.7373692538632
-211.87314075441464
40.04881654764358
-337.4140796376396
-281.75997909502075
61.354650867657256
-76.31184331156656
-139.9579146643482
433.6488621995886
-68.2236491420996
33.917889407955045
-71.0560612430395
-28.29503139442386
-56.33650261015828
41.82407202570903
-55.09457213436872
364.3845440783771
-66.54325787018206
114.38478267904611
229.96354747439727
288.8079126812627
-74.40686811549256
-51.99394489816864
104.9985770191588
-103.45896058330527
-52.97072519363428
-57.60619278041822
-55.901116129817
623.3860041720181
27.346917855080164
-23.92714634643562
173.7230700772052
-21.81639208365428
-164.94029080031942
-46.790201412068946
414.1018308860521
-50.76522527670445
250.3131132945
-156.13969563652608
-81.41289525420834
39.75494437483485
-75.32579642553728
-281.8834476739521
-0.4020486301778874
-98.09833737487588
-31.610133787791483
-205.68164194866677
-7.298618905056141
-82.21550815532564
-58.8783713338478
-5.949133431758237
-102.48929651815342
-75.10969479479667
-43.38769661384822
-41.287546298190186
22.440951669262404
-47.911987124961236
-128.16841176265916
50.6751239432333
132.7923965804348
81.87932463108973
-111.73600334334151
-53.46887506814519
-52.03400148957547
-4.40268212655792
-10.435355688738298
-84.2767293435844
-6.31409149549836
-46.52662630883462
-58.070377448018405
-20.742344789676025
57.52473287288558
118.46290412349572
49.81384367427745
115.11892930216345
-48.26601384107409
-116.91902356098217
-26.70881337121091
-16.732184138880598
362.8818595894827
93.60395998780041
-64.95863653615548
337.5585781188638
-56.68893942499425
-37.93336022335724
-30.27324728624717
-21.077389900290655
-243.682157313664
-129.85881917756706
-43.6338706307688
45.32645039737508
-64.03142657903301
-115.30287557249449
-48.96093373689291
86.12075954318061
-25.61605577895753
-14.977235017994644
28.493256659010285
36.64616344522892
126.92877209656763
25.656707127691334
-113.36684113018237
-54.53232855265651
40.596818237192565
43.437300216764015
-61.88912754411231
-12.648421162826708
-116.3101639561883
-13.09495602163588
134.94022048983243
-367.071966852076
14.081466257217812
72.93185221159365
-69.35286430309846
-101.64319774322576
-49.45861804502283
-232.37874373007799
-45.372963048246284
-37.3456527659825
-64.55531311453701
9.434453531775944
-59.23914612608405
3.5675960784642484
-29.33040870973764
-7.3254671996783145
-68.16386956022427
-96.56121783104209
-92.14208379171392
113.24514374252567
-101.7070513340715
49.62736371602659
-57.20629287527527
120.02472716424745
-107.86805808753343
3.2060974958426414
-6.144153642912897
-7.416886030152477
-54.80326918573155
-339.05086683004265
-68.80701227403188
-461.92042391488394
-46.2119626180247
-54.36171956724951
-73.34464615900374
-100.25817587559732
-185.87064735567492
33.122925037020195
-75.2590784609938
-563.015192281071
-94.38193572494401
53.13450712633676
-251.74013559267678
-46.100680151702356
46.960826496396066
-310.0805979275883
-82.86025476989265
92.6691238676176
115.04754387041248
39.14334300553173
-82.06637244400898
-49.187734044378885
-87.45958104989586
-32.91091717961717
-39.54999125526753
-102.7048447095749
-118.93440231456498
-224.90357021901946
-28.085335572147894
94.17755718347689
128.22680747561526
-433.56771850750556
-67.54442387157542
8.919949825080039
-19.4656304535506
-3.901846934008063
-24.985907811456283
-32.76402270617473
-105.0723541393778
346.614180700446
25.78428230859663
-154.2067630583898
100.89920033250837
-148.37782433064967
-422.94105349421807
-43.31373162393496
-35.240639887154295
-234.9247532838799
163.05060337066607
-10.547123193834125
-33.352917988366016
-355.80714582769906
97.49268163229135
131.37677155041638
166.58903145962768
-72.01234713566737
217.2959207825079
-33.57078253066116
-64.23508543286727
-96.39498233824538
-21.378215642327632
7.754526213665486
-8.454203551040337
-44.976785878959845
-75.9563096727598
-75.82320725217332
36.91402717037954
-391.4364707463865
70.88534196574801
-24.483245634419745
6.260327649476949
-88.03020118681383
-31.292517728130406
280.8753153420312
302.26014706140995
-82.29390531488909
-342.1937836186589
-83.38680968023073
-273.45849400863335
366.423130690986
-81.95494872595918
-93.46175969196136
67.553347701034
-356.73885774563496
-140.26684201255375
-211.3223073054678
-72.49232925576928
-39.41933155457276
172.03222940333035
-141.12532454063694
7.55683642806116
185.47473932318826
12.624594631633009
-21.061582064798902
-111.37216007178117
-89.40991962153794
-49.85861992559694
18.053660164632674
349.6098050946075
-79.4821954046655
254.9146953314903
-53.008301917326484
-63.425769418186064
0.743683257083132
-37.28797567013475
1.7974243527625762
-23.16229441954242
18.67551568574129
102.76640288301996
14.018121423433001
-34.59642834274061
-48.54153015800239
-30.81248234350528
79.97843300651039
-94.79779222478783
-35.45533979694671
-85.15818553615463
80.90863220465963
113.45277560955401
296.11937850180766
-155.3058607009225
163.44976742743347
-56.79655087728371
-33.3055104677303
-20.94885560606015
-76.59932522859401
15.031321103621707
-56.17951841150352
-269.13789855425057
-44.959203474832975
12.872166161312634
-65.33749884495768
16.4166053705394
27.39212494263087
-64.37336280141335
362.46454194748185
42.21272896155733
-6.520795646625392
-50.48486304331209
-87.82287789953216
-96.92297927165188
-430.1773619404594
-69.18701126120305
81.09804407385491
20.055170884528252
325.69541250569637
289.8396477535789
-270.28353408147086
463.80429541821104
-34.033674384300625
-49.85260822700138
-31.07334943727031
-76.45407951079596
30.397553976981726
141.03305872654892
345.0575721138275
-43.671670574345626
28.00874041311181
-67.30257835942356
54.66690339505112
-70.97795195788967
-99.87457698366237
-49.34464348299434
219.37440726807154
-43.79215881485351
-31.40589490491584
-66.30902901328777
-28.466271661296332
-95.73609787752139
-22.19203874927619
-43.62656455288358
-25.624684261316816
-243.33782185270866
89.83443505830382
-91.36490258962931
-53.773394981848575
-549.3147603670641
-54.29139412373617
-62.15596983767682
337.341434875867
-12.269490755976506
8.364872102734807
-94.42147235375523
-59.35438414321993
-119.73100545098714
370.7653358314028
-124.47438102238084
297.40242833584944
-60.89586611834123
142.39095840787013
41.1645377085124
1.740877909736355
-55.21566476410603
315.01250582897046
104.55244836443353
-55.57097649333264
-72.06934635487232
-43.81724040664526
89.21712523885617
-119.63938092324861
98.16022792495642
-346.91672229961114
263.7367752457412
-75.65882815394741
82.74880975769247
-107.86353486367746
-105.60885449173702
-483.03224666932874
300.94536671537026
-239.76942762901126
91.85781991090516
103.94233527008873
-104.97790399443164
-61.99709854578596
-91.82522963720476
-100.82108712705349
-48.756461604984544
185.45448233220168
106.66047837454425
-0.5467373557530664
-269.59216771110096
309.746415329304
-45.5908820740375
-84.34023183565114
364.78632572899915
-9.275688724425322
-470.28817409792646
-121.59021748940177
13.17100835686324
-4.470481779620627
-30.595070275728176
25.018850588480746
-0.8924500630218972
-1.7614876257644145
-94.2625336140281
36.06320845368282
-28.068957137775215
-148.0430087339987
-72.69684036644159
60.1109233588154
-57.095169578300556
-42.671623451366656
-231.97298162990592
118.80150889560582
-256.72265953796705
-178.75896203899174
-90.98986514968965
-29.650014342472787
384.84863738712556
199.07971324509163
17.696104189217294
290.81575243531915
-21.894734271306454
29.779633825933956
112.6300167402942
-78.57583447490308
2.9228742373525165
116.60812833863974
-40.96457572789359
-10.885896550918915
-19.291672167651086
-216.06098487875897
-9.397311420416372
-6.668180093970985
-89.14412293392536
-86.91733430490702
-70.41303984610886
-106.87413247379118
-16.833756904379698
76.28847829781535
-33.87027558161299
-33.597641087024385
173.0233602594294
-100.23749330916871
-327.4228634248884
-194.38401361329215
-318.31685951686086
97.67809229449449
-19.587046264726013
471.7360516432964
-54.945204171798366
-5.142749454183104
-288.7325482126944
-90.92959040459
-160.45289556212265
-59.92523952223875
-4.038923740361952
-35.59193692914379
82.09902201998739
-156.1888477400862
-37.67211387819119
36.188135301315924
-17.32533736085088
-102.63398595075068
-277.6896285490475
-52.43462053904659
-71.1487157978707
-23.93616801801545
21.64707318449473
-159.47794569681537
-346.83324754222303
-195.21029560882744
-109.57665722083584
-161.0637330858617
-39.17520982963288
8.950963621338815
112.33675597518595
-67.12259002021709
-16.16271999052852
-126.00066052520816
-68.94440053119094
6.8664891590260595
-16.886351204359805
-88.14039770019026
-126.68141894557084
-89.6553913155467
-70.15887133827209
-91.3305592929657
-199.81363337582843
131.62737775048117
99.21280650942026
-95.41811739259866
112.7907790143363
-34.07046457041156
82.27403952846726
105.87607686589581
11.926346254046564
-586.0833535462571
-23.280214887238344
-72.31049224439084
-51.30893937039496
-90.78538246313023
-73.66203303516079
-3.753313442807041
-229.1316609197802
-102.10115229112671
64.09121243454138
8.727108343589862
4.953142761450272
-35.273948618742
-57.57273202076094
-102.64890835446472
-66.25335150586281
224.66561895770974
-94.01427380301979
-229.30013436776062
24.477452799900345
-52.94083691464442
98.61049903440926
40.23791806575264
-91.77642318312928
-119.14530625897896
-0.33844077769015257
-16.620931550169093
-48.76164854446027
-74.07938816762135
-114.48301512621723
72.58755034873138
9.736763344940954
192.92355452176162
89.66312835858616
-48.044776727785404
-553.6548999918614
-47.702749449589874
-34.29757396015657
13.322104581300664
-157.86036540696296
-123.86281575296572
-97.27908404331771
-92.74022065116876
-177.48430599387757
168.82315492930047
-14.499700682633154
16.901895788659658
-56.76826185286482
-90.40721956457428
-62.964536891414305
-50.142080005204576
13.752340078060115
-23.109864281710998
-81.31650299421901
-29.910849136282195
-52.3970156156993
39.93631162774636
-47.04930546416631
-20.443151312003465
-72.93768819686011
-80.32966664877128
52.16917440839825
332.10156171082417
12.611204009139328
2.4263998989915407
-9.491485216550139
76.23065507219508
1.1992952015352785
-564.7274762458692
115.31132667835209
-8.809621937159136
-44.20353886573464
-128.99679785306125
-32.07642255205792
-87.72763413197312
-80.3822122005901
-103.35036703546757
113.29311336121009
-475.08575708083026
-29.55235145188908
-52.11593493671546
-13.176768589369441
-18.298559712709125
-90.88109614931636
-26.075939385477167
75.08330532876789
40.67187607653341
56.57390350003334
-227.34128451621473
-266.158530414149
-35.508443582174074
114.25018386753436
-56.511712575651195
-404.3448130558736
420.43676261212204
-76.98478517929652
370.18235561276015
316.81699525111435
-44.96284173022168
-91.62576694829968
-192.2919554482687
-34.65672653581157
-133.97796007123725
180.34189467260876
13.14697007844552
290.6340047033109
0.10050224945189257
-27.487706577112704
52.907369489499615
-32.79147562294574
-43.36665453193844
-205.8901787083978
-128.80404863984404
-328.3182479834977
159.57761786857736
-38.35858441728578
-75.88926877729772
-19.87425118002284
165.82462538270374
-44.83786958236833
-60.579652266138744
19.932121940312754
-266.221131160346
-63.0015480173618
-78.45254559329955
-59.56227257223261
-68.82467171179542
20.131582513176
-11.373905793517533
-351.33399298725453
-33.31041573758375
-116.63618893942294
-6.591491058265902
-74.70007957134874
-86.29955643844036
-25.257622932596938
6.634631083877796
-347.820768063757
-95.16582235034261
82.92412098888053
-23.597353274587405
-88.79485966241046
-48.38868866567282
-81.71033943864973
-81.17831201233582
-23.442998749110302
-98.58725889268499
-8.553585196477172
3.763336123284454
49.698445586967864
51.58951406573033
-62.48225991005707
-97.3604421018582
-166.5392610758836
-76.7655751143419
178.95121443147582
-18.882769708091587
225.1788952117804
42.675004059608
8.708423657068124
-49.948310805371875
-160.59425565999027
-35.0550245298012
-230.03680252194135
-104.79104545552832
-17.582807266160216
-66.64877893867373
-66.47206933915845
-35.983552642945
-57.09042456171392
-44.220759400511724
-197.2911969402594
-20.525628009998172
-90.21050695702964
46.83687543076621
-5.7308537473345496
-20.683063664727193
-145.82804023403332
-126.38640393124115
-32.573748630095
-192.38364346697563
180.52890986971943
314.1223833586373
-62.256634154773565
26.759481054563366
-194.7772479129926
142.51469617725888
-62.4980153384806
-33.7765801808946
65.12475315184747
98.5283224776449
-16.153316716689005
-49.96350911808486
-38.874706244191806
-73.1528611717352
-235.8190465416992
-76.39215435857028
-79.32521668608923
-138.97504317734547
351.39978383499147
-74.52217859688017
-187.62991811233223
-66.51648265066576
408.42048623952087
12.572267006738457
-36.72076577423547
-394.22539933799635
189.23688203854726
-27.51102916874291
96.73189635542076
48.63496080305049
82.14687013702769
-13.162947296795437
-95.77420664914057
-328.6504082929878
-48.183223937121056
-20.27131151199501
-42.79433617086181
-56.0568672439947
7.584623727868802
-36.817986883170306
85.32211970293838
-9.769946607924794
-153.3609250043355
305.41794250836574
-147.5283256575358
296.3763683049456
-83.95153581561317
-5.801503763339497
-125.35668207146752
-11.224501763568696
-21.270765219778475
-111.3044955969115
-33.3706183607455
-97.77668171245584
198.91512162494655
-59.586073909544346
-124.57473893030692
93.87040337126564
-458.8755947705595
539.8727578396374
-5.902674858508817
-155.42550597713853
-114.7975072750578
-120.17104165945057
-40.488413868704356
-243.69805104922125
-60.58860935362463
-98.92004454823291
212.07568348066525
-7.78393204173853
164.36247294770874
-29.43775210713407
-104.85470988953057
70.28454829401562
56.134147004288934
-56.561532501560066
-57.07265598978385
111.5006693471687
-115.16060567378099
-127.54022664878357
-85.32504023172037
-433.73988747168187
425.7123995604197
-48.08990076516511
-61.83252248324819
69.9007526289538
-75.61594836767279
-165.7963785741922
-2.174028411625841
-56.82275542064653
-72.6774889904009
-8.638825479973947
145.6128237100438
-62.515484959398236
1.9130290410485031
-116.05220468259498
100.22913666484783
280.5402404875167
168.22170333213126
-50.10579119439819
-62.911159322202366
-88.0888701900372
-507.83671140895785
-117.21554616307913
-11.312176884147902
-70.31174049334929
83.77297701482485
-19.53337407694835
-69.45736342717069
-45.29038248696034
6.146526993015611
-30.842107553625617
-115.18286311753627
21.262997066659864
44.59089327687252
-119.95084681526896
-20.53173312327317
101.67829485095535
-231.7690953513611
187.55882329220003
-110.47645695490792
-46.5825094735726
-131.45837388731888
-50.20859041699781
297.8478587727586
-55.249745724883724
49.612832780807366
-59.16874485663669
108.71901030697336
-62.087689841339966
401.5247637143784
-11.786587021953892
47.82577359359493
10.20987567667271
-126.09674760989219
-157.5180993603699
438.33582075193044
-19.84051904371366
161.02148318598847
120.12481345841297
-34.943493225903694
-87.35274262919611
-90.897194902221
-171.72168399911607
-305.9817768545727
198.2544720918122
-43.020132675528544
-126.08196863833291
125.44815377843224
-439.4916217903974
-4.833829074618961
14.581913693556999
-326.4123561433116
68.55269249586308
330.8877457205999
99.61683163145062
-96.46150305595529
19.84145214197315
-39.57221724216288
30.901101495304488
-70.91231800147398
192.86030121809745
-46.77762413819437
-395.3667383794764
-33.269562018538636
-152.61803488603937
-36.00355166247573
-30.108443506740826
119.11410315251123
-127.52562897679127
19.699414744912673
232.6285664446441
317.5237577217986
240.0738700057609
51.83938315206251
-69.67116202898386
52.74812632651265
-23.472286961113014
113.42634807692593
-101.9781571659305
-45.37431843913828
-42.80847961551402
248.67210790151148
161.45324809803788
351.79148850966885
-57.424682690845586
2.788828459818312
25.735934063649303
-119.50895704204537
-163.92515309639384
-49.205194455602395
72.97086332769322
-325.4381289021512
302.8083361111658
-104.00803058559616
-188.52840745191497
-72.92357263220265
-73.96354451681688
407.57218124284736
63.2326751923074
-63.139538452941025
-91.4344182809151
-28.713305629049557
1.0731805624981519
-43.83477847356176
-137.01530606627057
-148.71295765725336
-334.407175946415
92.46417135498359
145.38952240532853
-128.33263824294045
-43.04899999634108
-0.6768780230659104
-80.62761539164057
-65.84521082031273
-96.60100378295043
365.38490184954026
332.25554353146435
-440.8358986380026
-91.23145890051102
-185.89752928394228
-37.05482042400581
-58.986244116801316
-72.17072752780345
329.40766475614873
-118.49730981003631
-9.850275284945042
35.77655173404855
-89.2609316247017
-161.67303438833005
-74.46143615713443
-51.94249376414672
425.67880522011546
-66.67962338340863
111.4388775397374
453.72696370391895
-80.74538812755736
109.67372110071301
115.86472838801637
-17.565151019654422
96.87968727665248
-47.89562367355211
-53.85219119075373
-26.532924730281593
-100.89663926070853
-39.053159922548794
-235.78834895029104
-218.70485396676668
-45.226267033291
-75.48515781528899
-43.842322029913156
-32.86422943023058
-109.9723709001828
58.187990425103635
496.194225811194
-54.76858959037418
-65.13923118148887
-8.071150032732476
-196.9578575675041
82.37506783571916
12.637183232180679
47.74489638673549
-116.90346206291542
30.650555920588886
-84.8265530258931
-345.98283660829475
-53.002238830718454
-44.57379685856722
-47.91547748499722
-76.84631085585761
-90.69195767583369
-321.0140641254002
85.27013945962426
-53.25406385182693
-288.5608536603413
-21.706697906571208
-111.67434545896745
306.2115391644729
-101.60158497146222
-19.117797646538634
-22.10122442663919
-41.379898710218185
45.865132091817486
18.169453181051722
-32.14672997446701
73.01642618896585
-133.16567024391225
-23.329241904690207
-71.75676562697326
-23.98145761281606
-183.53613673311793
-78.26397701743008
39.942978067965214
-134.33365641957607
-118.10539500345674
-161.15517314849967
-187.64026821527477
-140.98383065529015
0.675938323853309
-369.0527255341967
-81.38718489580673
-78.1832540411433
-87.39992399448784
-91.70869621428847
-33.177334325445266
-24.919216592864302
-16.461906178995378
221.1999799438072
444.14697477940535
-116.98553771223001
-62.55600073987961
230.69263313800184
-36.55114728424007
-71.99881927919766
-405.38280977413706
-128.7827330136115
75.33112453274589
-58.57045410600079
372.596945793528
-24.19517010717334
-106.66761249965377
3.9592375845454626
55.575135362269066
-32.47448872947376
104.3080585171665
-64.08440804396228
-156.19456011840703
24.64102668313535
-33.88997644518713
82.09762514484828
-90.82576792306568
101.06256254030905
-54.55947228573453
152.18479951635345
-261.79763186671335
46.32429083370607
-316.21506607738775
-85.96271706078286
85.1625230240461
76.48828218026301
442.70329353944726
-60.30091793957746
-35.422899029513964
-69.3077464118414
-82.36895264359919
339.01105470054836
-143.71392503241623
-66.57443373802141
5.535584663789308
-41.891079692292024
-51.97847767901658
-203.50194922916307
-51.523159869325355
12.615530395548149
30.22941617575634
-75.937132435042
-74.49377285036462
305.3517279172429
243.2080153717452
49.4398469562293
-30.00644701836336
-107.15491764539729
-180.95537542281
-96.38209061522139
-66.84028617593609
-75.33693932755341
5.805100808390762
-95.6979334403295
160.66483161292945
-1.2306392074912966
-78.72860001967274
-32.528537035716454
-94.17567278831054
-150.46409970379864
-40.478913493520935
-97.84141403647084
11.479561343920523
-17.240234244487056
-85.7778356412854
-100.85546344275463
190.04015609502494
-170.7188906901929
18.66802210262722
-318.6795744222791
-169.0789439437176
-67.38858653470015
146.3686478307518
357.99906477773766
-26.75184275427797
96.91774390995806
-94.30729052416609
-168.83932900680793
-67.23042017705589
-38.19581296965225
-491.023936216905
59.88347844015675
10.101268200583945
-82.04450538164772
-9.653768222189683
99.33928129309061
-14.86235279837668
-38.087999600702005
7.131639668374872
-253.45894983456492
-113.50049511698478
-50.039599657487656
-35.727859559264445
-52.67334073315601
-8.06711978343111
-61.821631044715105
39.636131445279716
565.1635612957562
-137.4131051219165
66.18457787027455
13.121887981189786
-123.20256811110988
-40.218074212763895
-12.891755051714483
72.93065988582111
206.31124683713097
54.22896958189011
-63.05832277515171
-405.13655798452237
-70.05120206810872
-22.681765450261082
8.77810428954217
-48.68242409388586
-528.1881362731783
120.7460708224994
12.431586300736853
-68.9816482142569
88.727171307366
-105.50149515768385
-8.407656727902861
-137.4701482380333
-124.98489005879638
18.450593533922813
-166.53121374016519
-221.2905053633658
-250.2881438731074
-20.110637423626258
7.954080081614393
-140.85302067468
-66.53023702321389
-52.655677235126745
-94.36939416571113
-6.510532107668967
-24.631621941075668
-252.0892662592123
-42.49075339974004
1.3547578755533323
-56.02046409640386
76.9317170439299
-343.7761248356219
-182.97552145671034
-87.93405301724749
-188.99502985696745
165.92934225328645
-389.9794765596089
1.1759999271753259
-49.48944129758911
-19.661296802857066
-77.98498775754639
-74.32608345272445
-1.2126384945477184
40.851833377395906
-69.45737354404739
-64.81395304514854
3.5941287403957176
-44.759460722591456
40.8110320947726
31.96595412564966
-196.11755153652848
-57.416821535091394
-44.99603231345702
-32.33631216156643
-41.80270363273867
17.90613349059322
-15.47936896477745
-305.23157867988994
-80.59565098991662
49.53582476001611
-27.39227315922315
117.17974999155967
-72.42682799983571
51.87125278377789
-78.89443002579333
-127.72258997198514
-33.20990302325208
-44.108640288307015
-132.3831955011301
-63.73699824603318
-26.82670482804042
99.69438996971076
-346.3060562076953
83.91940773568058
122.72817463017054
-27.17672602439002
472.38568487630255
-63.459681620641774
-26.44477618722418
-31.209087038601865
-369.15713139785476
-12.152020154562706
-321.42796730252667
-92.77400597204814
106.29244195246702
-59.16940828573661
-162.9671541024818
-92.03181558071657
379.59168895740004
68.18791319838238
507.2117970676627
100.31580808284889
88.00868713543787
-370.96653578773476
-40.96006613533166
-317.5261981863714
40.28865199486336
-32.92761823409819
-114.72106120426633
-163.9650662947488
-86.79482271747735
101.6764924600975
196.80237255352813
391.22668271732437
333.1316196776843
-118.77115091438236
48.195493111573796
162.3989753426722
-33.87759102278064
-80.79853296358851
283.3327197533454
-59.65743891629184
474.45254477580147
83.33083678023104
228.02863537938356
27.121512379162596
-37.30979034655584
-88.35434287433372
-114.69989312608413
22.24686239998914
-172.95577598508135
-248.36004049630355
132.62458172371043
-93.93154621339161
-383.35885858301845
-341.8938855182432
-76.1801480857626
-109.3933316786497
-54.778397244109954
-50.304366643445455
325.3916326249655
18.958151954028146
-99.47050062103153
-65.93861365814026
20.613597865734093
-27.13183360761377
-51.951278517186054
-141.72858248863668
-48.199563204500436
-22.93114266534576
-126.21184927849572
-96.01343621577142
-25.493002318544576
31.92815679338446
-173.84704889060413
-373.6103296682031
-598.3878728532472
192.92492555216995
-63.06034969759417
33.129608919241946
-61.76918336722406
-14.47864505238806
-60.13714202346284
-41.81048440948325
-40.13758611861704
-21.509614401446072
-106.74322207639852
-360.8172650543929
-46.988969291357535
-72.90415274947974
-61.32554950593476
-7.1180514607131755
-123.12262983116638
-62.61141085894269
271.0504135192132
-2.2667460718032544
-56.25761335779043
-64.91919903404697
-19.01007298760487
-133.48096468312906
-43.16810101322564
-117.34641814214228
-74.21060343764704
-3.552202056053413
-139.19059130235473
-72.98797974209265
-72.72447610541644
-413.74257174436025
-103.48835554834068
-74.22279378963776
-76.72791586602216
87.13848873750248
-310.9376546573476
-102.95740189983064
-21.12543763212682
-60.38191810960554
-168.42801245834744
-120.0114031806375
-100.7203565903992
-37.78298113241992
-384.04467946610293
-84.09885852841799
-54.687392971616525
-109.79785056198867
-62.56634164042589
-18.210144833929526
333.9813307635827
309.65782797079373
3.825338495949836
-139.14248120690354
13.491821951600286
120.61596486824601
-28.36167335079229
24.67919383804292
-169.61919562664116
-89.81557277620504
-400.0654603301409
-18.60694210984275
-13.440912032654524
-65.56396802015064
24.506630042897996
-265.37883501505166
-63.443239687854955
90.98955955347992
7.679287003886152
-85.51615606703672
-105.58995733652773
154.96548334908584
77.55045201367102
15.528026145590957
-32.657656634472914
2.9353554013596295
285.58549182127535
-16.83832845802499
-5.402678596043188
47.242930281684266
-23.758510024653106
70.835018473932
-65.27366252190521
594.2075077086538
-134.26836297585942
-55.44841423952539
-570.9554009513577
-64.8545534732699
297.08537490572235
-358.768945831167
97.89408131469827
-143.59127993487527
64.05313809722429
28.200805104601386
21.796245855934103
53.523972826112185
-61.77946080497263
-42.104449210560574
-58.30765484738913
29.308988031348235
-87.53308301186608
-34.99367356586831
-364.0994515640523
-137.75954763085429
-237.64315131358308
-37.20427675767708
-22.988227195236504
-190.48743448745336
103.49026173490893
-11.40973501817279
-25.838682551991905
-149.86635701845444
-23.572980814276264
167.93890311423456
99.36605621955277
304.7486052066106
-396.6269658389774
-189.68959134841862
-80.61627148328691
-72.44039148688717
-67.16229426409484
530.2787782791293
350.5786613367236
66.9666617715975
-75.5552309884601
242.5074533300094
-57.14232316662448
-25.62264569218318
-15.197312645780015
-5.140654772401689
-313.61764804584527
44.21759006953107
69.89010617117992
-59.162099572584005
63.18979760830371
-356.06437446338714
232.74482636805988
-18.699668117103275
28.26243331714386
-86.60071558834898
-108.79385287613604
219.50647869380919
-521.5668540782899
-111.08153641252102
26.685667444855426
-73.2962015255862
-47.844686308145356
-126.82227294748009
-2.6640465634036445
34.28828636474282
491.31620490785826
144.05731537836164
-25.120349198909935
-26.564704514470577
369.6176950065492
-80.93378593188845
-180.0177817414451
-2.229853213717231
-61.29414363719511
391.8091623463806
-86.09093946733547
-11.361999615170134
-59.86222208191609
301.26933196324353
-122.24581649690164
178.66177663696544
-327.7164035602382
-50.16183297452153
224.04865829079608
-40.748796275017156
20.77835016105564
-95.30764134591621
-173.00818898465695
75.45897868608608
-365.984442247418
-51.552994027767795
-1.9569256074451502
-35.676846189873686
250.62258741694677
167.56528569608054
114.92819109593984
-51.670727742737306
-195.96974163004688
-66.2032269545517
5.647920883635379
0.9191815262976224
98.43657794020692
188.5948170708525
-8.762629137743716
-81.28040641207382
-59.24890186455404
-50.8683061817097
-72.34989540998146
398.9007583743878
-62.98719290556567
-52.9119248856224
-71.15852688073802
94.57181906415099
-234.09522858623495
-202.30203908057229
-21.41376786106648
-0.21498976970599415
-644.2261137266778
-186.99467141671266
104.19191378755431
-13.281361285549792
-66.79364835302658
27.134392537670465
-431.20273295078914
-17.96190734725073
37.76332398896329
-105.12127971576555
-13.917491379723428
-71.0284217205583
9.620675972993354
-0.7658757847166271
25.084558129536163
-43.849177147791124
-6.886486972405692
65.96292632419
206.13101259236282
-221.88229365873212
-61.94178596008853
-98.70722461621881
11.666076807476657
-6.7441519248814075
-11.171270941592752
-97.82110548397395
-43.574735206294605
-78.7058665892543
-44.29113573664395
-526.156759230751
-358.84019473911394
-32.16135400500812
68.66985273730825
34.69031427568825
160.25926517387597
-160.76991254608402
-302.39274274861054
-54.82081643118181
-129.695731546376
-70.12698883774442
-82.93536062954081
70.04468280402989
323.10797958261537
-65.67812993606171
-84.59507018253498
236.69676581895328
-58.196737188977565
90.3743982778442
-112.2300251632176
-96.58222220156186
-152.7413246842052
-47.09371178913147
-97.02958324351506
-176.10923909524354
189.53458353320457
-69.85448389602607
-25.65306334796287
-96.58949479089483
374.47954925597514
135.56804655809538
-205.4083209649434
-104.03896102166789
116.34769283454989
-234.17578394631528
-51.85394438824551
-41.581869328937216
151.18945730638916
-43.39740117973929
-1.186827619993437
-237.62968200868818
92.29173604440257
273.57741532074397
-40.0962697462644
-422.29129031310003
-51.86505564211434
-42.98172586160945
-32.43870053316641
98.00472605075629
26.537980939105182
-556.7029232832574
96.57740359539184
-19.69277392892537
-18.416831378062852
409.65356366463857
-79.71367221559818
10.960497325577307
-365.3298089591408
-108.88345057692914
193.467162973594
-38.04525208931663
53.013368028843615
-73.27526103639904
352.7368399467032
-291.76944032961364
-69.76002935779154
176.27135928262032
-59.80839237507865
18.59355207880799
-47.78284952822724
-530.8652664200599
19.004441188322026
90.56532700535354
-39.96360441958194
66.72742252985574
-46.523299073010094
160.9009037408614
-70.07648294322917
12.745073864543883
-56.739648911484636
-108.29192780710002
-67.42194737959056
-71.75575072088031
-82.44552784443582
-544.3751171917665
-314.79321778330086
-93.68395431098907
35.90704583799379
-48.367080707356195
-47.61254972305477
-58.13005656949983
-140.42011355600516
-87.68352415857788
-19.718764288862985
-14.89249886543339
-567.5525051523764
-22.44471618208763
-108.03861531678228
16.745486132915175
-125.2355476921457
-95.36098177336044
-48.7556015744702
360.596172416188
-34.702144249731475
-1.4922656075036684
383.339545274539
-70.24853899581967
423.7735710795587
-81.2141770680746
-88.0236228558048
10.925805242221031
-146.4824021685763
-5.875681658078511
32.02927083289137
-114.16617932516965
-113.53793821071758
188.1288290740731
-14.014016136322425
186.064503915537
-75.20891196800221
-78.31032838618475
-80.60002425985385
-50.201997565023454
-4.34557392085037
32.63154040368772
76.54788381243793
-123.9345789505769
10.355470518887074
-69.07617621108243
-94.23090039414178
-538.3629061300235
-140.54563398709797
8.230586118106658
-105.42405967608889
-40.76625471426456
-422.30734100421796
34.3066003969916
-40.22162492456684
190.38140482375093
-98.45719419098441
44.76890629010859
-22.038892687641518
-310.2002579898417
-257.5045744439831
-100.39509098947565
-404.57527394609497
-71.14298360482326
-57.04173848393839
6.10330460770092
-49.78309212554933
57.408593108293644
-7.899322247279088
-99.79734611975563
-159.08552643445728
-11.722574436522564
-29.708255430515305
25.27385260999108
205.78535376788204
2.040231340531051
-50.52371911020782
82.06272756290127
13.782807360090374
-98.97513399351374
236.70155229278862
14.715560023397472
92.43246796774247
-34.42118545100345
-71.46747809479331
58.209701751235116
-8.6421247803932
390.2258564426811
152.00360520184586
10.686963771478418
-35.19552978940576
56.68955923415274
-68.40009402262513
-98.6804542877029
14.343109614976413
-80.95478054355645
-27.501461417504572
-18.271861250471147
-147.30358461150718
-60.35663058473074
-14.416112623742265
36.677427707564675
19.528703202629913
-9.772221410155964
-91.49303383827042
-35.912213223746676
-379.85883024242685
93.68016801774684
36.87030662896177
485.6158418206451
-192.03083930061257
20.63824500529137
60.904795271233525
9.012291805515645
-23.44463853743395
174.00391472948286
-58.088661908307586
102.39801681551694
-114.69967664429169
-235.63825398653353
268.33960521737754
-157.54159162784163
-38.111525943088054
-203.95099925790782
-135.85052737218393
-60.19355212969696
-95.76487085914778
-213.41345245743287
175.5216750330428
-5.064184146454863
-72.1949336597575
103.83522154984166
-74.22006098387469
22.319689938191686
-19.555349801419425
-45.16124660994342
-10.085995759291407
-190.2518697083542
-15.799331289244037
-538.1833870832361
502.9753006490537
-11.947092242353392
-39.36753524293946
-276.5371159294964
-76.9404495464969
153.78880879708595
24.7915755605286
-93.50950686311654
-58.06288710927947
5.08942481813574
-62.45456694335553
84.33876468204744
-42.99499523846134
-79.73865084190804
-27.21475543108545
-106.82032579795708
-90.0022517853571
-70.22412133220043
-339.34121768858586
112.59042245413184
-2.738151512560762
-20.225081137706194
-121.99978254366397
-74.82118017881925
-77.24258460467536
30.557654939631572
512.148151209316
-61.709560643219916
-109.16662157599967
-22.621227125447373
68.08215470828327
20.567531565921286
-103.28137605182746
5.048028115574198
-41.303526010005214
-83.7221696091547
261.1536138693973
16.648850408097132
-47.64855194068082
184.19417422102788
-509.6093187699862
-31.398346035756276
-96.79127440529209
-32.90601632495929
-430.35031521132987
-161.22969372299667
197.26921584217598
-53.817790628359944
-57.73222116047929
-31.227102711232874
143.0146979854626
197.3788929806633
-264.5320817861284
-73.99851451613355
8.072843071749048
-48.04711761019098
3.6187648389241076
150.9777270174709
273.2269019738801
126.88828923685469
9.756811513094362
-189.10751968659315
-8.598944192906856
-281.6087288479084
143.98429403250975
44.49655649205488
-23.685102851832198
-326.4304597989594
126.57815521873636
-62.27175874358954
-83.59235712078146
-61.2230033406713
-60.679701810719855
-318.5713453965982
-67.51058680525603
-76.51890597584861
70.54109097441028
43.49118775209081
142.5366531324289
-100.88294899621565
-124.54307390049144
-88.94322244942069
-50.083352063762504
431.79361773434175
-54.763998584527144
150.75621351950485
7.130838616401888
5.160099196493145
-439.25793491203876
138.66633888401338
-60.87338175498661
143.99222179673234
114.82437886103844
-70.23875993473848
-37.53340754473777
-86.14303470785654
-123.52790765887403
-22.90111623393841
-12.570018220683778
-66.86362642021868
269.6222091832369
-60.62758957858101
-45.42032480105752
-36.20664157975784
-104.57609625049736
-88.01000818325238
-118.20059123908959
-234.78387785950872
54.96537768651683
-11.811506352625202
-9.280935287375996
1.6933328245709163
-68.54382405755496
-116.08353440182033
-85.47913565020842
-19.497616300189293
60.688786686278945
201.04757966186662
1.8498993647299358
148.76526030892273
354.0883746114232
223.6949688520872
-133.89741468730608
-83.53484376360684
-226.4281135189276
-61.14639563280656
-80.67404042335329
343.35567696180715
-119.08266238093347
-2.984352763851689
-77.47252893229415
-353.1201806688623
-83.58382229699043
154.06536448301904
410.38903773494894
-87.61990310730107
-98.20904887019788
-98.1580730810927
-65.60476276892769
-21.70537674844809
318.4414345171135
-237.82372843962912
-121.83966048929142
-98.35488258367994
-222.40704829919287
-112.13736079753653
-70.41520840645423
-218.1463138252202
26.745767624661312
-55.349460688522754
15.323752549207711
-177.06572074605356
-32.32921385412873
-14.282656334015874
-291.02982543446524
-71.65761884402843
-24.677639029400382
68.38118856525034
-57.03344695932593
-15.99235714930422
-308.6181059499868
-39.80083200925037
-515.898228623324
-95.64213846778694
244.52087629525522
-40.26515028036738
-47.934850792054135
-163.98957145560053
-75.1069732819742
-239.9914097705896
186.05310930276482
10.434718955260536
-30.600188010446878
-37.89475269012564
-16.68383051346379
132.43009912113848
154.35009323673694
-28.46441296421932
18.771565262179593
-103.07369105304133
-300.0523875976196
-454.94006972311763
-31.489029558127687
-84.83299680599339
85.306727085087
-137.70949409849436
-89.6705335781935
-2.979906931597725
-169.64706391055824
-291.4045447223143
-124.54488789531206
-37.931080461088925
-215.90710830630996
-93.29537476759651
-19.685284339172394
-160.774231339783
-11.838245198294317
-45.078388321393504
-57.204852949547785
-575.9724443411924
26.424700891007888
-10.098352143366355
164.86864450793928
-78.86904910331941
43.2351332664075
251.45555524903466
-52.49767346777423
-33.66228224970117
52.71999994486623
-98.21039331389147
-77.07504075773205
-328.714237289475
502.0183320060787
149.29342021382763
47.91452548674715
-307.6830005658667
-405.4272120003243
-0.8972343532185505
-28.774463881318297
-62.496421731609225
-70.05359215446924
-66.10917031450445
-380.11865178028165
-381.87999343780757
-26.40768121826204
-16.008702387218364
-79.21670307430365
-118.0143410864548
-389.3213240790474
393.4667732071284
-116.72091956041004
-160.74414377541507
-74.67585579154047
223.03425915680782
-52.936286851532714
-406.1795469588901
-65.00372208204638
59.22456478236927
-48.0914672239644
265.70530002586656
88.55082054078957
388.16745400003856
-54.44676769618468
435.8628845560852
-145.24441044893774
-174.41425896947658
185.35463180541956
-13.843829510856267
-12.55910478734586
-21.899914605563026
-83.61931401383526
81.7209362484623
-280.56040117677367
-106.42512947578199
-32.05222359000345
-120.25259609740169
-75.52754772666049
9.100490442557582
-27.494948551549122
-23.350697121892154
-228.89027002585317
-64.06582073062899
-70.87776663191096
-52.38669243782215
-87.28199213423795
-23.73725506579649
-100.82658989491019
-122.4081749137531
105.7735699235127
75.39193550312848
-132.04377974505587
-16.589168599270202
111.21479915026066
-171.59231816422744
-116.88024549481997
-129.48361240792408
11.462475410638945
159.67119234612255
-81.18622928463083
-2.803201672320313
-92.61980983556441
70.57645708301061
49.817425016182824
-47.78427662316335
561.3581672723612
-81.03555218989494
-136.05740558534723
-163.14730391629018
16.068466317200546
-158.989859385194
-56.392786798185625
-19.643430668936617
-20.34640195286883
-69.8148135727664
298.7032976831706
-20.418638707998333
20.54286137221561
28.70581391631049
-143.8437547976746
-77.96903167996572
-42.975441099506995
-177.84987575175546
20.399724734210395
-60.87504785360579
-24.556984589391504
-90.11110037255764
-127.29677942524904
-82.9657715492977
-143.92219601327452
-34.65424956853609
-18.2834213266068
-100.36850659126867
-53.49924275752832
0.9795402952099721
-197.28318532883895
-8.740431479677227
-75.26072540531095
-79.2747968492331
-59.63522809838287
-37.2840296550644
-70.99660132865938
-82.12394073884298
344.42842880238277
294.0646340000676
-57.83748831163864
-51.79532406138463
-61.052657987354905
-37.21074459429474
-79.61141986099688
23.12641246912972
-74.41857229308052
-18.875391714794603
-47.158689688528966
-222.17858524726034
-55.46001305616211
18.04083201404137
-12.251691956068044
-230.76527180463927
297.24293462164496
-100.44630255118697
-34.73605731451789
-17.391003660432546
-406.565509112721
-32.04965333183634
-65.6824077278925
-42.586195524638214
-55.67161768206688
-36.72957029662916
-14.808941989332993
-16.031714961983404
-59.39472991410889
0.7677869813300549
-124.56861634153393
-74.36656876645132
-219.28717902085373
-58.97530657118388
-190.95968037108287
-112.8380990173072
-0.33471065964249647
-265.8378983942348
-7.9472769865897135
102.82222368506064
13.870997359724964
-50.058461929229225
-139.8294152897979
345.3796211992694
-93.14367971713455
-107.36197112590108
-531.3195938629215
-115.7000903430402
-427.38813256131107
-373.0697023576158
-40.53392181915689
133.535884310033
124.03155967397106
-74.98909484583021
-246.06292943927838
140.928708813492
-26.67728982274639
10.03608041555708
-60.655149523117416
13.308811691588517
-86.56805398819104
-66.1776780293203
303.027943991201
-102.814471086298
107.11989079481145
-68.34921524545446
216.29329980502553
-35.44497741304676
11.846520705621515
159.976330108997
65.45331142976283
-53.4533749077424
207.291904731841
19.32196839927974
24.74716070652721
-146.73104401862292
121.57297437787656
147.64601725500506
-152.2043328856662
58.27184858876899
113.27306486698205
79.86675799961085
-10.902025450372093
106.06758817152695
-425.95683604225815
-214.28161132786045
-33.408561552444674
-52.40490924070377
-32.21485968912327
-149.02417235178473
242.21786834589693
256.94808064883364
-220.5187204933536
-96.08189924015494
16.77951087740803
29.633172760479738
-23.275627758716347
-104.01179983730435
-44.26703178145643
412.08636336234304
210.93165735350158
-251.92715965476054
-23.939874884184974
59.72536778298581
-283.3356269370124
-60.93853617675211
-85.32726859654042
-37.724879410297035
-18.955234761700922
-60.452709975053665
66.7509768658565
-69.35226918583584
-28.34057862649021
109.57860275835083
74.35115991394241
32.02139914825602
-89.64770132786074
-65.65345562748007
-73.4282564594151
-26.781496863562182
46.47315784256148
9.513927505354332
130.4418468159356
-70.82070352247766
-136.4526291223392
-184.44599429925438
38.05546255401896
-70.41476415699269
-58.21985705790479
38.73780017317404
-72.29907387776488
0.028408185995431268
-43.417965630496006
407.90405437533263
-79.19430352164993
-48.33801666968134
-35.1803114041395
-66.25499008881938
17.61381643322602
305.18741233102446
-11.656590026106187
146.83550124790236
-22.16110322349215
-125.59506021865218
99.89168968892227
170.50674293562588
-61.22765510938268
63.99548955108264
59.1258167557844
-102.29244647742723
-93.25838212460258
76.90676344555868
8.501536032202239
-78.22343429275509
-114.0708055039795
170.0737073578266
-191.15813487581
87.32808653835946
-42.79845385067597
-45.57973532537538
-86.62697529495927
114.72184719508732
140.64900102844058
-84.69759928900342
-156.15160331683
-129.6462726170821
-37.895964440791886
3.5443505072946664
87.26496938270975
-220.56212177924863
51.01493583620049
-89.8850957432669
198.78895470856878
16.126046614127006
-311.1135820062191
-92.40568768189405
-202.9646971428756
-57.0400986520629
-102.62506484516368
181.62603954599035
-31.800579878790813
-37.897336149952025
-265.82311960812694
-34.979819195794526
59.659601306557306
-5.954589720297008
-113.66948977544368
10.779986005164346
1.7811172438969152
-166.6143134349004
-35.32813459812457
2.227125730360058
-19.62281759480811
-120.04089139572352
-32.809509354490366
90.56330318300024
-329.06182390562935
-226.5856622132069
425.0516939311892
135.01422712640397
113.28441540028007
17.952916033469364
-2.523175670157798
79.24462493837746
-42.43412555074708
342.4639575185611
-72.6716742473234
428.21774963631105
330.2236819154441
-56.00091819044553
118.59683856634365
-32.411997107268604
-36.53293614325594
-62.911337131658
54.948991765199025
-52.11839131446186
-1.5151316059684359
-88.45343478062722
-24.17312004438054
-74.45068479490328
-70.50800693424972
410.9613063624747
-76.14647444517776
-112.1059201667631
122.61406149676077
12.639581336667106
303.2595763369154
444.7363987336921
342.0049766541815
-320.911570434193
67.5620183381211
-52.07880627945531
-63.76346266098517
-88.23476940385535
-44.04893104812652
-46.46015921538839
-33.241232002202196
-63.76947497682301
-67.3920689519994
-66.02724636020851
11.478888714225832
-35.543678426102844
-51.42956268481066
-594.2194219654739
-108.61315989164154
424.9043420817725
-100.78006399176918
69.52622569014511
185.16721777761268
-189.89868227660736
-441.73463668895147
-221.71483319715662
-56.09461048593039
-220.37078198291056
-78.3270347824903
37.03732789323658
-79.5459615568682
-61.05755635587025
-28.345968306009127
-82.34602898973208
-78.5160244073746
-80.92151524828682
-62.32324474576845
-89.93361409295358
-42.99494604564609
-88.37262474482851
-447.173973727251
-105.57804739792479
-281.6485047699771
-53.70696258871285
-34.482012622525474
35.86512296715455
-44.90065259091648
24.13367272792584
-28.53702983059884
-109.7036362122235
10.441871490152161
-55.188123332047695
-10.797190529372529
33.91493471712238
36.36892078558304
39.96024243786508
-83.02287811688727
75.68191890975322
-53.01919869832204
63.862808271866015
-39.26725595386645
-58.785246576393234
-29.222231824346636
6.11130307750318
-31.4136128453747
-31.48814335520342
-4.943434799128227
-70.76127922353226
32.88283929771296
-64.2134685817874
251.3062573591742
85.93279019758847
-3.3365879578181534
203.2470593127764
95.68877086110433
23.31115539813254
95.02750835748702
-38.106335671274266
133.4784340863771
-124.93288716789357
17.854605688995434
21.133829820154745
-161.78197261213109
-53.24770943661272
-56.20253629473882
-123.97460851659788
-82.24806246441538
13.060834597805178
-47.7578449069111
41.21498895268269
-314.6747400772165
-618.2496606995937
-108.91672599610428
-7.21520204598346
-22.387889257423012
-119.32274256245
-71.35700188817016
-288.8192246400158
-559.2776994256601
-317.4683614415371
-451.3856619491253
-77.46389521853655
-14.815279129594074
-1.1094787272886606
79.05259979762377
-66.16160198801553
-57.34072981246558
-138.7602427878155
-53.217896536780245
-42.925017443704746
47.41765880623461
-47.36532818937237
-66.60489676064572
64.49948711469006
-40.44474972662101
-63.85898308363802
13.117425927019212
-99.65272469841373
76.14383964411536
199.14035863872778
-49.65811732509355
-76.6882985685661
262.62433722275273
21.637554900951727
165.68558168059553
-103.0164209032798
-12.058690779200333
-56.00600764877072
145.14024206839713
75.25675687158173
206.71437228196646
542.1188558435915
-121.12355913758256
18.97466521728319
-64.56693761792485
73.85959285946956
-90.93552726193872
60.92021422646576
-26.079607524457515
-28.591243155470238
-7.746105097970144
-19.076100758595906
-107.42128688919678
284.8222700672977
68.94721556697004
-109.06263359542027
-82.05685736657642
277.13635953900666
-91.8030289301405
-90.4619861926949
217.84380805756882
-1.8196434746425894
-33.26568676089482
116.52745486446793
-17.338628637883915
-0.8381634243419285
35.78402844097036
46.30423045646785
-74.46759516966233
-36.08052729413981
-14.545721299325123
-91.53785365620061
-12.889905126187669
-38.713750227836194
-138.77311899388815
-80.59441913047513
-78.51519875207438
-234.68038207440077
-88.18138693862284
220.73819207151791
-394.56788556076935
-91.39778409081327
704.4052134170738
-84.29562320758963
-58.966068799355625
18.098250028479015
6.5376070731346205
-76.23890916320786
-102.6169404365055
-260.06099781581725
-50.46789774685635
-71.62872828264273
-61.73766716344368
-48.62912409858105
85.09735177038237
78.09272931017131
-89.72274304868142
57.2543269133817
-167.62879670159964
-25.94238437006704
59.30613449503653
-85.54183434575836
-51.25345085939648
-240.69420566502959
-68.52658136391983
380.7216984650895
-48.28433765018417
-412.67866623131704
-85.26805990480085
-26.08388875293058
-30.077794973223945
-80.15036617021265
36.17935258810576
246.7262633043647
-167.19027315029143
-99.10165508814933
-65.06126188067265
-36.21774380055501
-3.9913150083966684
86.02900098101964
-53.695323200858745
48.3179269500115
-24.90655291083749
29.919639833879046
-277.73214053291304
-412.929458300634
40.39969885671917
-99.36005611289372
534.4379791594911
403.4536431293236
239.441375044481
-241.1604756470024
14.468395111241989
-58.62078545076656
-4.996205317140266
-0.5356953988020905
12.50070269443404
-238.71467258877055
392.09451447493484
14.474886514414493
55.156251006919774
8.602377653006215
-27.50822104353756
-47.55284423195144
-67.45308369703164
-109.53203825312713
-96.0350230365368
98.09225831565891
-69.1724225846488
-163.15274910814423
286.3214243246948
32.98264387743484
289.61801183445823
170.28985697411917
-52.540726296635974
150.2576058282939
-121.61691982062257
-29.009550068078575
-39.84813986465633
-30.958245975224372
-29.54652038965211
68.40597493702353
-54.66622971621837
-82.19836094732636
-52.859773271772596
-72.77269656368571
34.9007060575932
-1.484116049581644
96.97231772419582
-67.5568953653219
-3.502673130500966
-83.37501478299352
-49.52669279229667
-20.049867591426665
-253.6562579632373
-74.35070090930641
19.759039417574968
10.96218898337247
-246.56119371455497
-56.928654040722904
-35.64838474341013
-91.41097789194167
-50.119107715833536
92.57174431682142
42.029270588936924
-11.90559543386371
-68.68571494876511
-211.25164182241497
76.36316427651445
51.83473974263097
45.93152419425223
-16.606474582304145
271.3511205960458
-60.03797895323896
-155.87478011299754
74.9823641283565
-90.72152701889055
-334.1321476876619
-73.93957567123005
-61.74471690905284
-64.82421525359894
311.4451135643412
7.803782504092624
65.37340671782613
4.253017122793608
8.45811570437479
-189.61043724991578
-74.52622799769415
125.21794695354401
-66.75018679436107
386.830816885662
-42.45285565531656
77.42914263076636
-78.65985912901365
8.143088173715114
286.8819970661807
48.271961721209664
-405.7706690566356
-78.39003567532781
76.79872619318849
-78.02329428320078
-184.3947164982801
109.47955166352767
-40.52266121883167
12.448143260953657
-19.813080779106087
-57.41178352476288
-115.00519922151034
45.397412313623136
-40.150459749817195
191.87974330556608
42.779230813964205
-82.95615430097294
59.934672099954696
-131.1606269190197
-46.22315448896298
71.46517397606954
-390.78606321588086
-358.45308278096854
433.0495586485413
-389.77853958048036
252.87762514845963
-77.8520988551827
149.00582805027352
-59.414681374105385
-274.9825911561202
72.67205878733876
-19.952222771847005
-78.8046171997473
-86.29400620923442
221.53009184744587
35.2857321625317
123.2070825744322
2.2240879305431918
138.7051797193053
-2.372353712491531
66.84981498402703
-21.79359320402
-22.14987154638599
-88.87081656749409
194.44952195316
-32.205641937827494
-443.70733271801146
165.8595724156903
28.260034597558843
-18.51711660278941
-113.81314927805488
2.296079803594067
-88.66257684275297
-106.58277766804235
-77.75148182263547
295.21288441324214
303.32587707385574
34.76216336454627
-67.85542586332647
112.93796672888857
162.62220434818937
44.84759008758556
356.0726605745658
-308.59742353266665
63.934847925627764
-102.40737878980288
-86.18236509551237
299.2854056804008
-48.31944369333478
-49.286156080466185
-346.7512128599301
-145.36322191711588
-39.28063778634532
381.18621286020425
-62.89823912714019
-137.47945188002723
-97.03587913245048
-40.21187626473559
-76.49052148200462
-31.702144918827344
-83.61225817084778
69.00505045374666
-98.50070933956886
-96.4982130435892
-244.6145935125187
69.85966234118223
-204.19592982480935
-64.65406807529118
-28.533230259670063
344.1075106401022
156.7096010448713
-107.6414473288878
-135.17508102179914
108.4244519309832
-128.6119678820296
-34.68375165146582
-55.99879119194094
214.96267018215985
-64.16839721854058
212.59091451538916
-106.56029982684322
-19.676613235160403
-62.573575580870965
-220.5032870167397
-122.52904314440548
6.37057815303524
-69.5462489622852
-73.55850225909232
7.167624433235687
-278.62237909675605
-50.418558752565616
-96.01767298848216
-95.24249286460508
-139.44944388731346
-278.48751508980786
-53.83897081285332
-84.77744148889371
-195.36612718992546
-0.7325497417016913
10.622102797686239
-32.69573555784518
-96.25584320905546
-136.18807745422237
139.86810861584308
-88.76138650395478
-131.85533464834498
-123.46468635732526
-97.09983559427565
5.03966121039457
-37.02250109736861
-37.18954790984962
-270.61134585309264
-248.48529733468058
6.253536276093655
15.093096627017076
145.60567743154206
-46.90267775850754
-4.670054845742925
-166.39616088291768
-315.7039636492309
-313.2835174425145
-80.44923974629388
-29.32484052305729
-58.721040365450335
-166.5823663052488
43.99131152412701
-128.62796184488434
307.252215775432
-44.4754638633658
-53.257052262223155
158.1192774405572
95.22852359092394
-68.75207777712683
-95.63553153025532
-216.26063416735224
132.87320018273977
236.9110775679119
9.246894334038188
5.416469988816061
-195.50909100109857
211.3792807590471
4.107171386152913
-14.272999139036983
-222.13337476040397
-191.49967484534318
-48.62428749117055
-170.26090942135033
-67.30946479731548
-43.20876616487467
-82.83503178367633
-9.649870732957424
114.52007679659619
-469.05711245879684
5.1372706472547724
54.088055376441844
-87.29757063222864
11.504223911682857
-106.49840723517127
-123.57097071452426
-36.671530926371986
45.420548742400115
88.40047277556368
106.59954159369954
-167.62308545773703
89.64955920477769
-65.85535024880376
-0.23777882112244875
475.34858132704903
21.91624116180253
-82.33136960670019
-24.63679190831715
-21.504808751028555
270.0293405684879
77.89593310576674
-87.76847905170332
-298.8955242129923
-30.651271186794474
0.7884202953281907
48.97844399634414
210.70500111996444
-6.797579946367648
-20.070674610200314
24.165668370372316
-26.772709256717008
0.0009766032798097513
-37.97324888256059
-24.52919617108398
-38.207692060305135
123.38063624071583
-19.24249713001882
-55.91752411594682
-22.153185912970777
-466.5039649300452
67.50788613744226
334.67286953428993
-185.37770913440363
-122.472395546999
-19.78351766256725
-99.02115907215062
-17.011763792089823
-82.9733395411178
259.1550169218226
27.97081469702789
-41.5455093216533
71.78786189425591
-179.7739474851569
91.2741798164925
-364.1959908931858
-176.32485743160942
21.676144328337177
-19.557843582236274
-52.41641187201068
-242.35935327759762
-56.99619940150842
-6.28496395780985
-26.70431152513811
43.81327308573009
-36.994676245487426
-27.374180156052887
-58.29424284159086
-60.340559347516006
-34.66031188454872
-44.540410766971405
-24.809865988410305
-91.99295411008309
57.4887019381913
8.196613905430183
-63.481723227231726
43.87373260658751
-60.41377468990552
-40.1169408666691
-56.61431195702663
383.7273499681105
-119.73953077198166
70.70624642178063
-100.38280116449937
-40.42427210956157
75.7902888030294
16.369767618394288
-94.61653149115818
-51.22974875997852
-23.51167090764102
-455.4756779664058
135.99758820516763
37.5013482324739
-47.60453193431934
-78.9623490920082
62.8676344138612
53.09465981312496
112.90616560430135
-283.9887163755193
-351.48738344616504
-31.644617291129354
502.22286603931025
152.53085777792694
-106.8997135110094
-7.728972049719459
-91.10145213168289
-53.900892053084824
-6.590178600310537
39.21917819906639
-12.893255062718879
-41.962302052817904
218.91121565130197
-103.16999754792596
-79.47480776548286
-138.04122650947193
80.9818720806561
-60.833767434833135
-44.49506962737428
40.79904704141518
-118.11925848582541
-18.995479382672443
-394.1192704553414
259.6677810180281
-51.09221688025943
4.159760956925311
-110.00904627380987
79.05343045944164
15.927425789874178
-178.1661629855771
-96.10866712625258
-76.56934988193439
-16.193461897306406
-161.5712333476622
-24.802309801760202
171.587890270961
-120.79850838672742
-294.03544982294807
-33.08743291731116
-88.4527294819809
251.41090186641486
71.29030210783822
51.17025561463197
355.36499016840935
-88.80089132991235
-44.116749634600836
119.33308173904334
-269.4060037944655
-51.83227886250542
-38.60571897122645
107.88342479284802
-97.2193545416505
-17.90137332801305
71.2023348863695
53.01666057331204
-42.67860588998883
-60.86811869177031
-67.14659097884078
-225.45087853570658
-110.38054843926693
-27.639028159526674
-102.72440397585797
-24.478838042477946
-74.71412596159867
-119.75393807320168
-102.11036225779844
-26.25475063264821
-19.765676112670917
369.1458204670562
-209.1281726385787
-13.564971568087621
-14.222784725632664
104.39648436482275
124.55295268190457
-9.335978726428872
-3.529759057390038
-70.28335360066728
146.48863172352867
310.8524085743593
-58.391047068058285
-170.33728332920055
22.00075384020856
184.9584430806599
45.481084319791535
10.045403236875416
-43.41633810994017
161.49897922376113
-205.64331313387265
-181.33152612680897
-1.8451461762897452
-43.30733841692199
-56.40565637013424
-36.637604069839654
-32.03348089755647
-87.58942570682309
-72.30500200847828
-33.16939068106876
35.87645526960114
-207.9031138666669
251.37291510112482
-328.2004652371288
68.12780699443101
-74.46743358236745
-393.1872209984358
110.87680219851973
-25.415932444807
75.43248759066046
-202.74824518507558
13.165665745615115
277.02845328053627
9.152438977805637
87.24866698380629
-249.57084383911933
170.8509576615652
26.23614332211298
6.682822197662972
-64.9698030186365
-29.945980535637943
39.711840966500404
53.88452319654607
-80.9068238230888
-30.88637420251289
351.65666002637045
-518.0549552322645
-20.63582069296899
-86.13684449281027
6.386034441729862
-20.684353393855417
-75.54406787912967
74.11781117846476
138.85310228508024
-48.57906127410015
-71.24469551495173
-55.11926675160976
-9.50707728749694
-83.92280497416908
-211.01124438202896
-26.137275452131973
-65.36604481813174
-28.600542825058017
4.596514472039416
76.58870060013942
-56.497458871037395
-157.3620640504614
161.670652694203
-37.91708157270008
-25.49159588217117
-51.91586934441875
328.83574476622016
120.65954506237904
-37.78092791762655
-3.902137122780914
-30.86446690653667
-50.147952314717855
124.27556017541247
-109.65801273517027
245.95725473212224
-22.540693783555128
-18.858920163469104
-118.19624723107336
-15.039984108392105
32.422019183450686
-28.02416836789248
-45.273329742312455
-30.839112587522322
-88.1349682485743
30.847231837200525
-106.63421709706995
155.76102383367288
47.581030082861616
-259.3090923923628
261.56641508222856
-170.68819020559567
68.27588208253655
-61.533652314425126
22.45972484052254
131.5582423295591
-300.12318237546424
102.47312887850421
120.13434667888941
-168.8914781911917
-76.4706206582282
-5.883001514905061
-202.3608128876822
329.5618397872149
24.962729798776223
-223.55462481549148
-97.8088333694568
-119.7911682850081
0.34732042407813424
-64.7138238445292
-7.8826869320346304
167.4349442078037
-98.06358869595988
480.10422120775183
78.99852933331567
400.8386870063805
3.872807146404739
-9.705461705530894
-117.10403982727817
14.320005254464377
-43.10417757403957
-39.49538936141845
-131.1182497179357
344.625918045278
-80.18487927388452
20.61435087115626
-53.2551843831389
-163.1181541518099
143.4275705159398
-172.48219464410613
10.074647818219546
-56.256457387419914
176.8842448577052
87.17319134272839
-98.28606332850177
27.877708235931095
-432.5144760942494
-149.3625129017273
-42.87334128758141
23.074414586844796
-74.54301562534783
-56.800408875698736
-81.43100534274896
-110.21574224867241
7.084521857967047
-53.51870492731223
-61.59442335136655
-83.25518583429948
41.68049045529369
-54.74218192380742
119.09227892729905
-150.94353303601747
-89.76719339094213
-313.9696529497269
6.135504663610589
-93.38426793871415
-312.6124116352621
-100.99333076669973
-39.99628773618281
-410.28627903209235
-45.891451635767226
-13.865489459548826
-63.756654647772734
-22.268171978586906
-53.280762323160616
-63.13542395790392
48.56863536439414
-126.21756252586783
188.75560820294686
-32.057296674954245
519.9175590943287
-65.38699487543846
-60.44466315917491
-37.06466743439796
21.096784491583094
236.90426136677615
-58.903475346885
386.96256579252804
-43.03690016979402
-106.63433889541635
72.38509934086687
-112.72718975134558
-35.94608962205039
235.95935821925195
-345.6523620961925
44.562994704116136
28.043306822439263
423.9369237410756
-135.9085179597255
-21.8818221288993
-90.21206940758805
186.28172301425366
-33.34006615462073
341.3599220755859
121.28586170677409
34.12316248971001
-61.35609932026367
3.5955399883532664
-92.00260577046356
-22.166028307343712
-98.91000526564636
33.71437477297047
383.1596478103602
70.47892326421334
-65.41139047618088
-15.480175796558513
-107.70389940471341
-8.0191561408717
-203.15133213611625
-74.63827501221942
437.51826620279644
-122.09089650930805
77.06647071030102
-69.30421186132901
-88.21847158296211
-43.34442339009469
-99.72369559863843
-25.468144758088158
13.952452687302866
-95.93971317682463
-88.23260409731685
-265.2367514123489
-64.18003810802114
-61.58585825243346
-6.663766290195781
6.013862544310541
-145.68469983648356
-40.015677680758195
-109.7045037437938
-288.79949435729395
-65.95205184622162
36.77940750060442
-10.52047086342327
-24.7398914384994
83.18755227381735
-28.067507344315345
46.23259567145942
-68.43587544504929
-54.83843699486168
-142.28850782825066
-91.67099090048994
-247.1685899013337
-136.5215559735052
-103.33743209708155
-137.6625075608299
-20.713069440045153
9.697324862409005
-54.14735447590585
-209.68528095333386
30.588192277149574
-141.8763053067296
-38.8917530200913
-311.93261904600877
-15.726023084418557
-357.3635785586612
-7.523839767104164
-268.8967051367654
77.65435312202499
367.336024601962
441.56756104818123
-74.85785052601386
45.83450453097521
49.91749130296216
219.66998956830503
30.883922435093154
-120.51949369203021
-363.00792273067236
-92.30704725574287
-74.60375732219451
-33.67064000001746
402.52524299685865
-99.13151080161464
-121.66071775175851
-45.03813474669701
-104.96567294593478
-20.811444752740236
-243.0570893057702
141.58981171106825
-65.82413441183563
33.836413692354654
1.0088308409332285
-105.76574428423314
105.59969226959038
-196.65313453385897
31.470282266217964
-38.97057179056417
111.84240106102334
79.19672481498492
202.0007485570368
-39.45257383174143
3.2895853366399024
-55.90835613738571
-135.32442759352534
-3.0917876877068498
-51.33172828698425
-28.29051054366846
-110.1459405984242
-53.81286234606716
52.074389029578015
16.106420130582592
-84.40662239883262
-13.297558876840412
89.40783056441614
111.30790985952535
-42.16621257630777
-94.68088865267227
-81.80401301533311
-61.160766193279414
-7.551707861312934
355.42886937362346
-66.18171884665799
-21.598820137665278
12.109032558071704
-44.42435329580209
-47.936932132531986
-75.56267583444478
22.89101104502435
-153.16893443173285
264.69675028705205
134.11061789789164
93.73691029724432
0.88243934660386
-119.67828310718437
19.989835584716275
-1.5735250216787335
-23.544878856430387
14.37641129559961
358.1180330222869
-45.00363690918584
266.58548402243287
-48.284560375940615
-80.33339191899297
15.971389824351718
470.7732072424151
-222.8735475366684
-45.91775042959855
-59.99285460324063
70.74248582254177
114.71199870038708
-103.12413087336517
-67.42832509294736
0.08203982547672695
-5.929402105465229
97.99316087071202
-159.96590803342224
-93.09192133006798
34.141553099680095
-0.7404729369867482
-122.6025875941923
-1.0179909593043703
164.10773529394282
-23.66219999632267
-7.982969842732359
-442.7451726021354
-80.69535342161907
-25.99459850244449
-104.39215593792336
-4.028029803720074
-69.53065365344
-95.42025908792743
-0.2642004961917337
73.1486183748284
42.34860959608238
-61.22758135193635
-6.846880524282824
-539.5723569105776
-490.1141060738355
-133.0692427723916
-106.95044349456447
50.8335592013118
-63.92706193072448
-52.66638478377013
-99.40499198543306
66.59646510892344
-211.55737208514074
-84.55141128708783
-59.489370915756595
430.97906998215694
3.9206707318353438
226.73353767668777
-307.55485995053095
-72.08044526631602
-34.32900186748884
-181.79270954842104
-54.703741513033634
117.95333964076417
-166.13325198975963
10.430433483588786
-224.41131543715528
-17.34214867387709
-8.917665682706456
-138.98199337722144
254.14493476938333
-25.642361447513395
-94.94948027394275
-138.84696962461385
-77.6630177000307
-73.23056038368486
-201.50399781433407
-68.81635923821484
-32.445788893141525
-30.940865091895915
-55.02868480599358
-39.95264363978533
-249.09922654882212
114.2221021377245
-205.09496685662998
86.96915041634747
382.1825616979477
-156.16023786765527
-74.47195573018348
18.372309852824905
-74.16840748690036
-14.783546528704392
-39.34452469988027
86.15232389426819
-96.79797209552878
103.12338797503253
-12.037987443764905
-3.1560914145345578
204.47747191320923
42.89663825715252
-40.0078231213447
-48.354116621591686
-133.78332531682827
90.84503494944875
-115.13688601697595
-60.87134406580728
-68.34177339506516
221.65547568089823
-22.851286566121985
64.84508413951335
30.505777031464163
-72.94410491288727
-243.04427380313973
197.0594878415195
14.928850126364978
-60.78425120285397
-125.58529256149124
-54.1896992452821
-38.20238668539991
-20.90068247767346
-125.9720656619902
-38.596823861073574
-32.85654801045678
-76.0128426066708
1.2470882352845365
-72.76830308490753
-17.80752958166416
89.79950354040193
33.983600506807306
-2.383643097881304
-56.876902282925585
-64.32992279303323
-100.69428236735244
-53.440359648959564
-60.16360656573306
528.1622794203067
-71.96176670192632
243.22003519083228
-81.99794711718361
-18.713780305646253
109.15589864617323
-62.41472437728726
-84.78489808667291
-41.45612120076112
5.2219643096377695
-103.6832662551551
-128.57929035736652
-550.9918252187817
-54.62923160921565
45.95689721196868
-40.230900059684
-25.806979262001562
-68.42738332975985
14.265019904432847
152.9176061640046
-71.0128879135944
-149.93167721142527
-41.20536268332944
-108.71551449283393
-40.909288916314836
-231.39214410082786
-122.71466826413598
29.4903513525137
-50.19885992237255
-22.339774488642888
-485.97965889016814
-121.63523112777011
189.65108246629916
47.79543547920184
-41.62697142347497
-137.69331646564387
106.8247701303626
-457.70156401246095
-35.57607769486384
42.475351515803595
132.82674499124732
-20.7881344698053
-92.26988183882953
222.31229796931802
-88.8136232350872
-78.5704188992959
-85.07366477691174
128.25873565443362
-102.21698242403585
-32.89504829553607
-28.83234492036001
130.9502818255478
-99.28057384749012
545.5252279861688
224.39303023003595
-498.3852488866505
-276.90317196749857
360.6245677568859
303.00252863282003
-34.20317120921936
-54.88741439632307
-118.43481713587343
-99.88218897269599
-34.26137609159514
355.1046942935627
-524.1029056615607
-58.87160926648009
-102.25140584403289
-7.156954032519934
100.74479321032959
-93.36461142249595
-101.23998201140749
-56.345760711105186
231.67316986851984
-20.246874001312335
-237.07376158520492
-28.599743901776492
-62.500735958983
-52.222581230612846
-21.51966535863903
324.5470225281679
9.842726020180635
-439.661353562552
-611.7648003049453
382.8180195870409
333.04006871312777
-35.76757831612895
35.47475815301186
-59.040187890714066
283.1005925833542
107.51022655687666
-54.97722821850074
119.56868214422366
13.945991883156239
-196.48238670390856
-65.90451210569371
-132.82790288211072
83.47452500657892
-246.8153010626429
146.47550066935764
59.14961494466115
-226.2109603386325
291.6577443669212
330.2841392028258
-52.77953639535637
120.31488052716304
-91.95629100624096
102.23925808232161
485.72158628994475
367.5430698115615
-83.47171679940786
309.842761869837
111.1274620803224
-0.07202368958515137
-211.6784746912981
-362.9691267846265
-61.26302037075584
-274.98537329047394
288.1774324263479
-112.41566059319484
33.871391253512
-91.86245952954596
-385.19649680749717
91.40072636187324
15.794178678682158
158.79006711480906
-131.24509307855578
10.827674411685166
192.98405902224658
59.762860921903666
207.83199653320298
-101.04227318581616
-61.30806865984414
83.1185954519201
437.2251211565235
-289.77871933831375
-38.12861377618833
-24.76035834401468
-309.7303074652682
18.6269057859663
-6.886517676979212
-41.672765405533276
-9.523215272102789
10.615936724410858
59.63610207903184
-37.54503685164673
340.7470351054744
87.30353016202025
-129.12855745449724
-103.6288291564124
-29.904829417933325
-30.400820855341504
-27.542276825755835
415.1720248588208
32.82538485172154
-0.7188538257437808
-69.20471284674946
-87.36778924745624
-58.71796891674035
23.814211249113214
-35.48349961029908
-201.766646898428
-32.73205044462884
-33.3081349694114
-62.30644732394566
58.113065343057315
-46.978471393693326
-120.6293409569571
79.33631713836758
-70.14460429330035
-176.1996537761479
-123.99546893821844
84.2116315602525
-96.5224993195077
206.76305967285043
257.0167726212094
-1.935051637716299
-95.90982376399076
-19.856378162736497
-56.273249452511024
248.9798094385951
420.9001873687539
-22.51154179216193
-59.47459226915936
-41.8149981425035
-53.21374385697436
-57.580179029008605
-452.8742607853992
-127.46854438628634
-4.167812532003499
-89.77436768666848
53.7836957183772
-272.7251869908523
100.58762501967976
-146.12012468504508
-21.090524989593177
-18.58831081447869
20.519871391958077
-55.751362809934285
-289.48727732310726
8.09296260861629
132.7998355341706
34.162963579316965
-75.62210728928532
-47.827593155409545
463.75168026578467
39.648566899151774
76.13939954651505
-291.8132606056297
-49.63003264255636
-9.182399936772981
43.44122508487817
-43.079037534747954
247.23922527709146
-149.21284639370788
-43.71241819642091
98.89046034530838
695.3372446911426
-529.3257642696408
338.27703123826177
-117.01364130445035
31.803248600578627
-124.86228419134638
-11.820576926599156
-67.91741493943846
-129.99558132016864
-74.68338198120955
10.199856635119431
131.29795342856778
-35.9536666737165
123.8814264160792
-40.89188215277734
64.63352922822514
-178.5088099898112
45.250930798354375
-90.76279440413596
-22.10915820269875
79.1341738578285
-104.8361042218512
-248.55493251307234
91.09969877901312
-25.19497305746522
-68.94694667855167
-1.1885678368453227
49.951999136138625
-14.925327097172612
-71.45626133748556
-65.2692840954573
-398.8632013302431
-147.9529772276337
-357.0604719421153
-210.2593151909441
-9.325674325270484
-76.31201860218528
-18.771218728180862
0.8585184039093292
39.150014162621574
47.634350185917356
-54.585702575011055
-102.20144291468932
130.86516012518587
-92.86280911164053
61.27517496496512
-114.90476842105238
116.92062149669437
-109.56527507929286
-39.673962225278295
-77.77824349499679
-0.8067714724152211
-21.723932139835718
-269.03002718691096
8.130697702405087
345.8840992688456
-76.06098082840072
-207.9305403437811
-299.94922396392576
-375.04298143004644
106.61445013153025
-75.35599042461862
-64.38458166890132
-11.662295658322876
178.9293875956946
0.19617925564296002
-38.342840871133376
-93.03021711553811
-58.702011775701976
-122.31124687142983
-59.491728209032026
-52.28694851488217
-86.65424766264277
-162.41068721265583
-23.151152570863815
16.710558753607984
-40.48425485729058
-148.72221696153338
-83.75714899580635
-83.07780208348777
13.699920229528743
-48.376381363479595
129.80431130474062
22.4707270339386
362.6837103494581
-63.677722317675105
-12.374422778152773
27.683558746277413
-486.48888749041
-63.39318355795331
-47.347136386072194
-12.015695185797085
196.9908919539248
38.569262894676285
-165.58105872255328
-71.80888040653687
247.3430839654775
-44.604127360775024
-29.76986863309334
-28.321463827722596
-72.2666200512449
-40.57825928348575
-84.39127534725026
-44.25964085631492
-59.01134045241058
101.52391179060442
-44.64470899974549
-38.60320864444142
-71.65698998873005
-3.5536739449762536
-236.6359463516219
181.71278606265696
8.409082652361576
-72.66764983495868
-112.45444485572989
-73.39442951191086
68.5777583845611
244.020628701207
251.85909517699656
-30.457350431529022
27.988643435792255
-52.75517403367846
-179.79070882221185
-44.97951911016298
468.77636985929894
-231.16186586536423
-29.14085922775712
-26.082124359901805
-54.920709292843476
479.59343149814595
-71.4203279367195
264.13894189439634
447.5090481636107
-51.77933081067179
-69.0537865773631
-104.73828735076391
-228.37544211107797
155.94735816909179
39.645792795132365
-76.95448002728517
415.444524169483
-231.69492475011975
239.57673914217776
78.31930335980724
-21.168235717070786
136.24914977014123
-15.647134643360914
-519.6086626833294
16.73379522091068
62.43498291031756
-85.00583800132648
-103.09722305967261
-117.73386911539637
-32.49920610798585
-16.080065303587617
55.44760804876023
304.1524060597676
-60.262067164637344
-150.83156939044238
-213.48460179183348
12.142785368090266
-23.59626011641012
361.00818998461364
87.57867214188718
50.569719087279736
-444.99178892491
47.18945864578927
-75.83495630474681
-314.22024036735274
120.30584750565868
-61.0542717701328
-24.488942637843138
-15.28469917618986
-129.2688525618796
-111.6405188721503
-90.44123458054266
-14.181321923833936
108.67549997111564
-109.53302173143206
-3.0005196103356866
148.2880212864502
-52.998137672016696
-198.66417518871276
-96.01893853214041
70.42381912335622
-189.5712732333477
-49.28577597645227
-50.44928518591314
-72.77482265724517
-69.69530204222399
382.1555371499053
375.47538805556906
14.935134812216347
-91.19697754320077
-433.67913204123033
-118.05863618232914
-70.18172007382131
-5.8381594373104235
263.29123449592043
-68.4539027271403
-102.41226242657285
-21.641969408686172
-33.825504512549855
32.68835261258573
-78.90390030501658
-32.964352553306526
-7.481136956654154
-79.99210526902144
-54.69674005353525
-65.4063706789675
-79.35289370722916
65.13509779185051
-24.259656987451365
-67.63308356731967
-96.61202603202985
-73.24967276595089
350.7239451369951
-53.43847346045686
5.461100678588991
128.0987929237608
-50.21785011821885
259.01048430476294
-90.01121827679526
-42.21259976183728
-29.111757628542136
-79.58424785851064
189.95173826662813
65.55800907990124
-29.22775549797052
-57.631019934940014
94.95929422792278
-410.60355540240744
10.082006849037498
-202.74127356538338
-76.33871281460597
199.148800022489
-15.262831519774508
-76.54005698604618
-109.91078928375009
-2.9248866342700848
-61.503849081252085
-35.649007079227886
-80.83184915646461
-213.80381779819254
-113.96735347062973
2.3788079862437
124.85950587285697
-255.78657527153155
-624.0461865948382
-64.17464043830813
-35.17327494872019
-44.63410104334329
-10.281323208650065
-39.129206614430586
4.318579370413886
24.690035906452984
1.4610552070852236
5.560333521112625
-48.14865055761402
-73.97261588496076
-82.15761989490409
-42.66120882058203
-44.91271113762832
-15.40732428799107
-163.00557714991828
58.046366449250854
-24.34249955012408
-106.82574510981058
-17.288754033678742
130.89017177795904
-47.79104880473584
3.897200697295659
-13.26289762924301
-70.90041732014288
-30.57598219833268
-61.8546724472144
218.05271584775983
54.932242942421
-86.6113557611108
-55.43082286141484
178.47282283185632
78.84039796871002
-43.156691270776264
45.64973222310846
-29.10872026425119
-392.1360783151267
-15.239026831250953
-52.56256206109895
342.6180956434637
-119.95512949071737
-38.733207591909036
-496.4006367099246
-158.56242153864514
-217.60176203716946
-66.66344091786596
-63.38736145868825
-56.639788538790825
63.361690268046004
-96.67698108437799
-176.94992431331048
-56.8823257927844
-221.54160168856833
-120.98670872362891
-105.51863583300955
-95.77279538366565
-51.09089260731997
158.4664598567515
-2.7670918752494345
184.83294378400933
-264.05440310400627
2.4540102425853547
-70.1841274308869
-26.431004017269995
-25.496135975150082
49.97226687148918
-53.117535449441675
22.337998921555076
-25.98356449825951
212.4373572914992
79.2608243591012
-339.76703085150984
-54.48017125858837
-191.61413300933327
-318.8697821470232
-71.66765111086434
55.885844204660884
-367.84705454090636
-12.077662926843914
-273.69599949214535
-215.39199066830224
-10.964282999149646
142.97422167786408
-40.948593484649706
8.349053237787302
-91.66823898968943
273.13209430375537
-53.33549703377146
-93.65478915012955
-57.91499384220449
-31.23918205684936
-19.166623059487733
-92.51143354345004
-321.3994131828458
-87.79765573359873
-78.27127561090452
115.90708192601778
-50.82313311285868
-89.48039498742537
309.83286292836056
105.41033751933719
-37.918459186868745
114.29725395530113
-36.97608866815983
-89.1421085758866
-140.3096866776068
-80.64569241690663
320.8156058222339
1.410170904424413
-111.06418614702852
-69.4966530043054
-14.701978506073203
97.87511049212935
-129.8482810046553
-114.62968770275802
-4.523900290716226
-259.78651709313044
-58.414939150050486
11.045394147806292
-226.2908991158456
57.90643594883841
-60.06609104153641
380.87865208922267
112.3474763975637
39.793030713311964
81.32810667905869
36.823835790350586
-102.52251337647886
-16.614120521688164
-93.91255906058632
80.35650059197042
-62.54545478293039
123.9731969677996
-103.65673152119234
26.52743318598999
-88.77226225853656
80.92495017904548
-103.70426225765215
-11.18014798185959
-13.968662051588922
137.12778518530286
213.03354009223585
-86.66883438734426
-106.47191128795566
-13.537593867621581
79.05716502705218
-713.9498932102397
-125.7322161448792
-99.5908927855136
-111.1941553584619
563.4905389756168
-35.18988185942688
-8.316804829688976
-208.71282643565792
-190.07335237902043
-193.55290108864392
-75.06176526727138
55.93465899331386
-46.25164301341033
-349.13536527555516
-28.9488940079209
-142.29090004973114
-111.99776958748996
-270.1650233818564
27.35883028611596
-215.71471320042656
71.76317473544805
-342.1220179118336
-42.99148010007306
-67.4796868478748
-203.68983765353732
112.52596571368122
-12.359763677302453
-121.5932529349684
-18.580196487851936
30.273818611543902
-85.93005607115083
-104.17806307756369
-125.15865067789491
-69.49015734206088
-46.85221967732733
50.995815760708865
-241.5072162541528
90.9702909866046
-41.93716055689765
-64.43610158073852
-73.61096761617415
293.10408986519724
-430.1495175582695
-52.8700647677295
-508.31777608872653
477.99590306055643
-73.91782104847455
-87.62797744789704
-268.7639641760088
-363.68952595601695
172.05906974755726
-91.08396747463772
122.5844016742958
10.204815475113094
52.41233849339142
-69.77405535981052
75.14865304211162
124.92279426018376
252.94049963596626
224.5249143516994
32.699894280136505
-182.24870376942636
-604.2835263463876
-247.35256594192833
80.37720925550002
-37.365901576775286
-56.77522023252391
-592.8332002094903
-45.0755775680891
130.2656992858656
-13.91999217901181
-48.10897799975564
-340.8459826515318
-119.37717282950143
-260.08079335917864
-119.02961402047004
124.68380419644927
-38.95880976210216
44.2087607502981
-49.959749621763535
122.43321557511808
-34.71814058250311
-122.57102152960933
-189.3858296575272
62.1258633412981
-319.19548861390285
125.17992225882699
-88.45086740892876
-234.53207595680033
-141.875577062885
-206.09817739424398
-82.89759851765025
52.72221272110255
-4.060276923060883
349.4185800002724
-44.529425333782
19.457778927779145
166.05087922287203
-98.29678940204849
-56.777485937307574
229.19274462709654
-12.420562321077341
-72.21463426775608
-71.15795976176419
-137.82821451292693
58.17715433422882
43.757645813165254
-42.66590792751906
-199.17272734905237
-62.67637920661036
-155.74066521156055
-33.615781827188584
-84.66120390656215
108.79026699105862
72.49539251193437
-140.01066967809146
-57.46185495111714
-234.92726258454786
-49.4146020150456
67.51097485010405
-17.704091722018063
-182.32992153582927
88.40398404546067
23.345000714673006
44.98571839074293
-181.87409102800848
-347.1635334194689
-71.98412898235573
-42.96814377679402
510.9827504975019
56.652453416601475
-186.4232958718021
429.84588148453986
25.360273834690815
168.25844912098546
-42.026931809583864
-21.82037240297541
-1.1828926908274298
-40.94084480789381
-110.93753597399063
-9.087043552556224
-78.74810077316397
-89.79018457179336
-136.66645079628506
-82.62941027695342
-73.45868286228313
-93.60199446689512
-39.52709541293373
-6.494791911740322
-8.518933978222776
58.00033790093221
291.098647552315
-78.1975522374969
-41.590321292774696
20.371783822398356
-30.775319054902866
-253.08234132301368
7.387349343318192
41.90268302599952
28.240206517279148
21.0544245255478
-100.7521481645224
-106.27116729481892
-94.74363719151125
-54.41493378323193
185.79635277009947
25.911032245363458
-13.009248474982542
165.89028092823173
14.720532513240869
-35.78252205460012
-51.93385570201826
-5.287599624504953
-91.85078470506556
-64.9484897876176
-67.06823573683916
44.912210899060426
81.08478839258441
457.4228386200066
17.55785867985469
-11.140017381338339
-73.42167434853064
-368.38556683912066
73.28791409450332
64.23034517678934
-178.8120553088629
-94.8703661454256
-174.252485927218
281.8963744966459
85.35346528737682
94.22998726841934
-97.86351060275956
464.65359223197265
-44.70247677977335
446.8858029500334
-8.144208825533497
229.87478030644343
2.8077887983399705
-166.75904392173106
-38.93902634997289
-7.169357158723869
-65.39319768568384
11.743111792795503
-45.602214997197734
-39.5687281166488
-66.05965017680109
-294.11386824348483
89.58347644633159
-46.751375925897875
-22.567095406013323
-17.28731045656491
-86.39978868858461
-59.50824129036102
260.6049359809058
-10.145267017643164
-15.974986396312488
-40.770477953357044
-64.2890161056802
59.620087716446506
-140.6850637291991
-90.71719072276105
128.1522562777409
-88.34557269735024
-155.78617675887472
-49.220004071683
119.53725493677848
-101.81548438283426
-76.13029919334542
-116.62080183679245
-47.23566419396397
-106.755777580202
-58.43661387528806
-141.7964480235405
61.50057579883196
-100.34946448402584
268.03872227536704
13.713449913916943
105.33283771388778
30.644952258857302
-61.93939916021342
-105.58955535049546
-54.38474133922284
-101.35019927490507
255.6878725277329
450.067037202989
44.071855727195725
292.33446398792876
-72.25357197387257
6.494218877724052
15.035488153394908
-142.87736442403366
0.9280233690631121
63.682060420035214
-41.64032279393177
-51.530456438365945
-39.799064154212175
-69.88501635584845
37.86921681867352
-104.64644048370428
-60.93846574298068
-62.61040167305819
104.09526839020782
47.20387408496026
-95.11693916737153
140.14721739136166
-83.62281597479684
16.625061778567584
79.80792154211031
-97.52757519117404
0.281557360925035
-82.87748358754106
4.595802247703432
-166.728638926239
25.326764078119595
-6.365096537684622
-0.292312280848364
52.84895477617283
123.12124775923803
11.569163685725016
34.137584540265266
-174.82460886376612
-141.80380729594617
-130.46147549332022
-80.45460213849128
424.53238997532935
60.12216641097649
-27.44097758555419
-136.2335638999739
-101.17856042228141
57.333523718330525
-83.15449815192824
63.032624370425765
-21.845121413198513
408.01778502256457
-2.104287092181494
-101.88878704954641
36.01708782800927
-197.51880135357533
-40.428377085510874
-71.65652384160421
-89.03389684453032
336.76010048472654
479.5701517767284
16.484194480103085
-352.2094184012949
-56.23723350067303
-21.828791388767456
-414.0643430319051
98.35607837938369
-46.00557373451289
-250.5764156276182
343.11083436785157
-116.94872567788236
-56.220528015201126
-84.36358446290627
-248.22887496713156
141.02414084630345
-127.45027854553882
53.56242874785676
-64.58367391464223
-67.70381944349674
-95.44680423247962
-51.237175078332925
105.37878489343893
128.82628042901706
44.36265677256415
358.19053303204237
403.43085319941565
367.7693316072655
7.885424374115521
-32.89150774151392
-32.23068651839553
-494.6528105980742
446.58425705431364
-68.54027587270109
147.00347486955798
3.4003305009355245
10.975195388120483
-37.34864212602588
123.2761993636941
-201.96938025830605
-178.28018690776025
64.20207354922059
-54.202818040804814
-32.55650922810848
59.53551499682197
127.8600520010441
92.65184092794198
-46.844931427600386
423.98202986560864
150.31132725522184
-136.1334461214219
-23.674445382978153
-59.27819691130469
291.17134155413805
-43.30915569913381
22.240060507221642
-38.15938484345533
147.27316056773725
-89.90602006842089
12.02915804609926
-231.48283039158196
-599.3860422205435
-46.572475441834854
-314.0478546909635
0.8572663816175918
-3.670094954993097
82.84494683183948
210.9003977989123
-96.7694463667266
-17.353247206747255
-136.23755446898213
24.30281050170379
-48.99021513220566
-32.109443391885264
91.8020628883769
-39.95222396750614
39.595123232086735
-12.740255859052922
-31.306291231673356
-242.69867798883206
-29.25521382217077
-181.7621368611599
-83.00039926892532
-242.99073964167656
-275.5515419939529
-123.50296180194346
310.21005908262487
-19.706315865647355
-24.60179541909555
15.640690095618993
-94.31848632446653
41.814338834159116
71.34235538269718
28.247088296222728
39.16266945028838
-259.122252712943
-48.72921115870236
23.045162650369775
10.286550311742758
-304.77208479347246
321.7043932001761
219.74698866009567
111.95672414352157
-220.82199639183818
312.3697364044765
83.05274916938197
-48.41571030435807
-76.50836276966405
12.377472391590118
10.924973013750787
-24.69421348134925
45.199193363301674
-102.74377075977009
-63.859395441911545
-68.25723721816757
131.232132259418
-74.45450987207819
-78.88571307127387
57.09336923216033
366.9715755083489
27.186415464974544
-47.678640362953956
-316.75595002065165
-110.74482317898037
-76.5593374639443
49.029630884017024
-595.8233593379628
-91.36810917121403
-274.2223610987421
81.10487035748156
-85.80877626471374
355.11914275216986
-25.81021562730666
-66.07505837060235
137.36981088969515
23.50291022944685
105.37418566980523
-37.00018293191032
-102.26603766453196
-127.5703956543424
144.2188743358256
-37.19045112213598
-82.91786745116713
-90.6694810309249
-109.81566198951123
71.18593052857295
-91.41786547528363
-216.63637394480975
-16.3410251859641
397.09705929774464
-66.47378535454345
-105.03364436067022
-147.85055398348777
263.3562035891664
-54.98988347165624
167.6789814431777
-33.168428117758594
-27.221273230727505
105.00997880354407
139.42951256751257
51.03286337393001
-49.532560874026785
-52.40281171419815
109.30335607278175
-54.219513521184126
358.7193989689822
-18.42460045952157
-43.22964985359848
176.71843948711285
184.78584812241388
-101.4931607374856
9.458709853592154
-3.2291689763699765
-35.773011466188784
-43.051509145660816
27.065137150133523
-58.76107272519638
-49.19419916936613
105.68996062970427
-40.48232263909489
-292.13843757546965
-265.3187939280451
69.93079391153515
-72.1365461170451
-301.0188905758041
-88.76549061195003
-182.60615189943746
-69.33451551497365
83.84066565651756
-244.9545519749263
-85.51488951505725
528.3926923527652
-70.40820072313555
35.01618203383805
-12.576533646664757
-31.674389443602653
-83.73368226693674
-64.75776098873666
-53.264450453141876
40.40278717702131
-62.982849199922384
-89.93804422306027
-71.84091461803837
407.24266116649414
547.80488785733
-62.00955789835825
245.5576436260617
-61.811621954224314
-27.60807186250466
-25.435223414868233
-274.16695294376586
173.98512510061073
-40.696053051471665
288.6964656381042
-100.06738730270627
-129.14857709304488
-49.4517146068456
87.65968511491519
474.29389830873697
21.524558009460634
79.04946523816398
-477.9012767774966
-6.893375956407908
334.21057808608384
-41.10797758259253
-107.95072201563653
81.58437694966051
-43.99522250954601
-73.75674220439214
-108.27551592103109
125.61309994063868
-39.45276483279861
-162.32636967160397
-307.55297855168374
-38.480999626974054
-94.71751504208441
-3.967713704269425
60.836546478234595
-137.84089566603234
417.6283238751148
-155.12976656271894
151.67584319592606
60.5120007979458
92.88022752667075
217.22087261382512
-118.0462860190499
448.8488961856601
96.43935349284948
-225.01381793951714
319.14897390824717
-354.8658835699307
-21.480223864032382
-154.05396579160333
-116.07869555137222
92.2087193357429
-102.49167125432994
101.21754260794341
30.722755460093595
-169.37275589760793
-36.16518376143267
-136.0864170656132
-46.67948434514159
-25.199528127245014
-80.65643781518793
-225.7341024981306
114.76659247953467
216.56671198034746
-14.080349678071684
-222.28940173107003
-4.18982890440742
9.3348094885082
-96.35226871896157
-89.46700211580762
-34.762153783855865
-112.32627790137667
483.26864303737966
247.84592106561104
78.3283186803319
-22.997996568827148
-58.925188392247875
290.3053644466054
-45.32255336567664
410.36372515635776
-14.538717267937955
-138.26383181094388
-120.96973891381458
225.69774850201065
-112.7226392750199
-36.1059521634589
-71.96830692279245
115.6825770033247
-214.02964647621866
52.50991604274395
-19.271127691724644
177.2973592058097
-82.09525236179974
156.36194004351955
19.098075144941845
-20.783708963299706
15.920361019948132
83.54103055373707
-114.8231476339588
8.583631189820153
90.81150323191832
482.9195623397027
-98.75823754320987
-68.90489528693924
248.22388033836614
-91.10978022040013
455.5987195772177
54.70595790842049
27.700209320737486
-306.4910858057119
-72.6530090098834
-37.661222642953724
-195.62664783471882
-303.75470519288865
-64.47588481736295
34.45442367049418
-51.04543267998748
-78.5164135410214
0.5585957894759304
-138.63844011011224
-350.9935174147995
-23.485095597434622
-24.100961170206574
-2.876717843497488
172.1961467301153
-16.90383542942618
-29.48153031538004
-119.92706680398987
-411.71013641550417
-68.43769638374533
-72.04431089416114
-52.5635269111649
-318.5130478386709
0.9971422329908819
-62.001399667085124
-15.987351954564076
-343.73133746375606
-140.61068864118533
-81.1120814571068
-58.327612555602244
-42.671369119967494
-28.825473811503173
-94.40405516656665
15.71170435583781
-47.76005507640639
461.1503545428477
-20.804491207736646
-254.84147288634813
275.78574739965734
44.53693359864519
-132.30200483116823
-53.48447457101565
-24.321739427791726
-99.74119718114162
-344.4432589379285
-51.81931952427047
-68.54827595649658
-36.83697588788891
122.60590582573604
18.78485107776578
89.39261514624195
-51.957328937325656
-91.96918050089789
-1.1779150608003424
75.3532725103014
141.8054986478728
60.469654853124666
-37.93921967843016
98.86591059539569
-36.87863482184083
-83.65588190392602
-130.43335609265705
-61.96788731461835
-60.67268799535603
-66.58858683911399
155.49680481960058
-252.00551831086887
-171.61901580580343
43.543719679131755
-99.26140167299354
-25.283331095822657
170.76415885039933
16.128846860749036
-53.16861837372465
-45.734073316991676
23.18566756817647
58.740168630065455
-267.42168510099873
-55.32161482882213
-135.58947171913314
-7.098824014001366
-91.76475090199892
-312.80484875221737
176.13696393403916
-88.97951411744339
-226.75903974430912
-32.65477174743667
-111.27296337439839
33.371499063931196
64.70249525975396
-23.71920396388589
-27.585792262937048
54.595080471392976
-40.227166062404194
-297.5029931962763
306.97089390552173
-107.78999795004711
-32.48069078597617
253.6662501721421
-64.48104307975166
-76.61537734966032
-109.60355508004673
107.25582489945373
-37.1558717827902
85.82570733826424
-66.11119987551257
-51.701377145176366
-108.06725320012083
-54.34077156929927
-105.84460208207565
90.21506110657901
-53.740507900643024
-46.545688449838096
-0.28576517962756043
-70.33013417116968
-82.54552813904544
-29.427887780359413
-13.259047175246906
350.4071289092135
-63.18480541986901
-109.48470909077514
74.77362249117323
24.807439673028057
-42.521744565713455
-69.48908076813866
-17.086522036167025
-34.67107281117195
19.622761173124672
-212.15772868694512
23.733033000259468
-51.71124149899611
-94.76599480417644
-217.60275160929814
-263.48637576228793
-94.41562261184299
75.79283186855946
-141.5567398470921
519.4555408584993
-90.94299832891502
4.669194022866122
-17.431806317774317
-112.31008716272254
-147.71484651869469
7.060834913970211
-164.76716453826702
240.09876358512247
23.535261837907456
47.28250344502703
45.72323986873789
-54.881207123477985
-203.19822913952157
-27.019516672178952
51.09507853014475
58.37005481424478
-61.341255109788534
-12.043394213647726
-48.96593596749042
41.514361430015015
209.58377938701233
-22.07965607426331
97.00195122472724
-106.15021857556599
27.33715593400666
-230.02290042570803
492.82114598996304
-108.25417922791235
-71.63594019827227
29.794946085976534
293.71395669663434
-266.9125653717365
227.78526356316252
10.216453469239696
-113.8803027357826
2.660677435677826
-14.174010786683368
-39.36710438598179
45.97644831794241
-40.924215805325616
-48.580283153966775
-409.49484300961194
-47.96778143926951
-15.314601000873608
12.558266679052394
-389.75117823619803
-335.8254910387095
-63.680469613749665
-7.884375947035725
-54.84538652815445
-111.13913416792002
-87.67119675473805
15.296870319447407
96.51145433070451
-13.565492708117745
-127.65657795644074
-60.864602353191096
322.3711839947591
-116.21046634325648
-143.16768288582898
395.6264117965202
-24.7065816429797
-59.80133276497373
-56.28103571118481
-197.87974751325964
-60.38332954582713
-120.13102070356399
-48.425158475456556
-293.4691893357085
-585.3918653801829
132.02680751155276
-13.29597558360365
-43.340171860228
-346.7653586292963
-435.27644505033277
-36.54554119416008
27.98785275569321
-54.65339235266857
12.171473347591018
-95.94733191844519
-33.35756600761488
-40.93602057719636
11.061073726386894
-69.22117165748881
-16.42262723130912
-14.827944817297976
-19.315928845062444
-198.048305604726
-79.56111781822801
-81.8787360630275
-215.64209977525752
115.32852517417496
200.82253241552462
16.943833023617117
295.9678408584459
-69.00252057857602
-13.291020554269778
-292.40478382537003
9.12522823184437
-75.37261652259757
-34.126827925290904
-69.38919310252429
-45.43793630965047
-272.29980153762153
-72.67631406916189
-149.34240359706382
144.60745319751732
104.5050696887156
403.5612240336377
-120.87734305629023
8.256969173753532
-256.2644478091388
-241.7375457313483
-50.33046685546395
-29.342808361889922
18.534562253125127
73.4278899705987
30.636359426554918
-49.5090612834045
-101.85643172732398
-55.56985614820951
-10.814590652983043
-40.77915722378873
71.03261486552037
453.1841421939189
78.77643454486861
-38.95149828447086
-139.3254503275648
-91.44395026094107
-113.63800902281261
45.68154152393254
34.793323617637725
-61.92765138451614
174.79487057985807
13.039898718793356
-188.11516349961312
12.388263055297557
157.3765290693409
5.670190863491371
-47.30061569915392
73.42815922219597
-157.08552707955096
177.01950989597208
-9.236469415411193
273.89401108453967
-92.46014893683423
-308.88827690864673
66.18978039197827
69.20732419572596
-41.62065047158481
-85.7493415193876
-4.241934960375147
-78.93500803437382
-115.7346445033254
-27.474691591691226
-34.678758265808256
90.7912748169474
42.2496145079067
3.4295294525581994
-57.565720140268965
-52.89655740406628
-192.47849042142116
-47.49579124893859
-52.154036044278655
-15.951783524822531
-16.23379964673251
-97.8988940707884
-88.17217703002552
15.503649039752418
-23.542137199434
190.03629691388414
36.71681713339785
159.36601657123174
-136.56852570803312
-54.00603933661273
-36.985348314785426
38.255961276208836
-194.66458469082045
240.9893139255728
-57.11927012004526
-61.525873085961024
-34.644559111835406
-60.366289163919646
-21.749298749772667
45.59688770605544
-127.63216157081797
-12.432532963981373
-15.50837744221981
356.0086768287965
-145.87831928486776
161.39913262441314
-92.51701897178137
144.50967407575445
307.8252267188236
-243.19772948678838
-87.26749444860184
-84.29244890851572
-50.907964233675926
318.6800927838576
6.389997765756759
-10.13270710416299
-49.44121208907518
164.98842846697153
-451.78703349606803
-22.387078438402824
-597.6447998236617
-114.63710309729498
-63.767586054971616
123.46314481839181
-24.677793238830418
10.279982398028551
-269.3782727207563
-399.26672117527596
-96.66481868636401
-48.89802709004631
-9.3511296409024
-44.09946965862582
-38.654891906950965
-82.09490734508472
-58.93741804372193
-69.7024588287475
-350.00961120399916
-107.27795240788691
-145.1134330920895
-202.89779389110845
-19.734441941806836
-70.30038318772941
238.1748671733494
-66.52394915908027
426.06604313255593
-50.06350027610088
85.7980237723823
-53.03647958448164
-106.56430209006325
-70.85659867878076
-28.144278796674655
-76.71607895834637
-73.1858841928592
92.02488029343249
137.94880416387605
-63.75104596698816
262.2719600836663
93.78631513475375
-40.53082680397842
-39.39972434406473
39.33621031933944
-56.39084320269515
-49.000549985364515
197.88611288500033
308.74686546212615
-71.61707849840423
-47.81740332040081
174.04912862815036
279.4578231604337
294.745374451064
101.07228775416297
116.36755078179658
191.89331258864877
-79.00507608789485
-200.31962695728362
-215.14361391518833
-50.9108480190399
-261.55787060078364
-70.79709333190644
-11.806225722138501
-69.88822252299452
347.1400409755606
-78.65348210105891
-92.15060766839997
-73.0003710382758
-28.338825568415245
-32.776006637850855
5.75896235469736
-11.196874009368344
-84.19158712847205
-38.004459549505555
-200.87510724986896
-65.31653583213938
-3.232796057292944
254.75887749395224
-67.93393765260376
124.87502692239013
-146.64017690139372
-77.09874913814383
-114.44504198706426
-64.81644986052743
21.917688086423823
-158.87238811959287
125.28769407312484
-42.660636210460325
114.82619366916606
-67.48822561522684
-17.819060047055714
-57.14199955108495
73.17738476191334
592.5613544258467
30.35353569773688
-27.264799901722654
126.83853198895667
-65.43348872867136
-82.21960322666546
-68.26224761896083
-449.7281926415744
-118.78654738154326
13.504992124184355
33.66260004921514
-225.67839570415072
-45.437002756854326
-120.70149636248607
-45.8072467804418
85.69181505492088
-58.02254871910752
-72.1365528383476
-97.81311525083115
-33.690292732571244
-144.59118271783518
-58.29059060579429
-112.92497500773759
-7.582839126611361
-44.96564549120054
-71.79651097189628
267.8899527374251
49.590595310291064
-75.13945851922472
-263.8500674242532
-29.91149028775726
-94.96844852377359
-85.67354986274222
-57.60655074291083
-61.944247766881745
-62.060864338785656
81.56361576950258
20.878977364837624
-32.37930845234189
-76.31352721470284
-57.72046691700052
-20.4468750733237
-63.87462334258544
-4.075513780429901
-253.15189977024602
350.88398297092317
-64.35256509103829
-65.15557872961229
-40.69251497641432
-108.59524512541066
158.78875137223986
-65.83254248440244
-76.32707224971955
151.35400105231383
-291.9834994466546
-4.219085397327348
-88.87691468314006
-26.655230078926724
-26.29129321808341
49.41612829825499
-9.652286400663343
-2.9144549363746934
-74.47044778485831
-6.9720034680667595
221.45207570085768
-189.905608000121
195.51590630183637
-110.05939239930588
-312.0606879687648
-46.235976269314506
-123.00914268062517
49.17610924960354
-97.26684157712953
100.38381328419564
-284.5533534121023
230.40993233838344
32.983999769391176
117.00226992281614
-9.212014695936887
-4.883561465560945
-60.12548734668249
-38.29859799398284
-102.7339312006552
-94.27939546929477
-30.864195108935387
-522.5478214261675
-60.12750528671313
-177.38541283267114
19.48862750152554
494.22523342281784
-3.242598394092056
35.11378864694416
-131.22536376162546
-54.219619797923926
-50.06111471278655
-9.169435857405052
-70.69626836441651
246.49016302458585
353.89621286090005
-26.986626736415907
-42.628262563062016
-375.6456395084697
35.7650280310404
129.01219477091672
-2.3270785530820604
-97.08551085816411
399.9828887521344
27.373377842228365
-34.64901719640693
-63.44329691334826
79.7196683117354
142.17794327930278
-154.91955523847264
74.0192276456437
-87.26088511665436
127.13130955371525
-212.46885899328936
-40.99932550361655
-118.71386199885183
1.1632893796811459
87.56691657171177
61.957253756047066
121.24197701658522
-11.487970351301556
-72.07132209894144
399.2014448898608
-32.734372397906334
-512.7776418230724
-45.83141054338466
-18.403342119438094
8.72396779526207
13.125990964854282
-30.06384648936364
-31.270581546113064
51.88466164920055
-56.77514013061443
33.251696877489394
-72.5198543370036
3.1040924193903265
-20.707205643146153
-14.565087096579532
-6.493376655933389
-27.47145531674323
5.875283072311504
-70.53318531441522
-486.4481946347005
-170.64505388255566
-261.13072085324166
-57.92044910968815
-87.7315751505322
-58.12926916532383
30.891297890597343
-75.1295535646269
47.414542119357066
-198.98284006138874
1.8183437815439332
418.0780040306672
-36.7056882468312
-223.5940456727767
-77.1574538012992
-47.70702935839398
416.2906194567513
59.8289269888337
52.72245589053273
-68.44698912613259
-87.41567951315847
53.64800246102277
-286.50741640423075
5.556478671233435
-15.527486060784412
-108.5111729328446
-61.89186257395446
110.86368847857193
-127.01525473529
-535.4063024755578
-100.41023635315105
-63.27645517758698
-44.631954335729944
-249.77771670543552
-64.4260058822918
-4.297121545309076
-7.108163422872849
165.21195690968852
150.690793789523
19.85049343006108
-341.97691212158134
-32.55256847672302
-89.42832873279622
-115.79582782737816
-100.97788479100407
-7.645770375660618
-52.77888820163341
-50.465164880380826
42.60423149188318
-72.25701476916856
-172.9663919833456
-13.183166800429717
-269.3728157020032
249.24874390557488
-89.25316966005266
-51.428275834323124
-25.618488238229475
-427.40808094035356
-42.12075859303063
-0.5535223846538884
53.97008350369106
244.9145077544672
-145.10961040647817
-396.7641680040633
-12.980147528754742
-65.0010610443569
122.58907546906448
-62.894800076530544
-37.509082325886425
44.333206380398224
-384.9030006977937
-444.33830815275724
21.93760470984853
32.87632389292594
-102.05804120371158
310.83155815479586
-66.19418895368916
-32.525201543586476
-246.86827976806853
276.90007571611386
-46.61637767503453
-71.80633246967675
-77.65343558889924
-63.03026647267094
-62.804509465506804
-486.9046288811951
-68.48999430378569
-116.71173754877205
-348.81460823848647
-75.94284506580198
-93.9993973186555
-335.1071110247776
-308.7446789492551
-200.32787276193267
-81.5412486433581
-86.34724043300669
473.35699144980026
-57.026161219358826
170.37780529045676
101.57886654955473
-44.23736843321967
-307.4714288113355
8.19820978272594
9.866009173485251
-60.617474931834295
-47.995793345488174
-522.3880153551927
222.45347818705886
-39.611093275786814
-16.91801042359478
-30.24492572571944
120.83666018886925
455.91004189096566
54.00585331529828
-114.09448490386427
194.26070522787631
167.89404218257732
-163.9274288835004
-63.15374971223025
-77.72531476997528
-94.69220187432063
-48.41011457174952
72.07026063590092
-81.78545449408557
-25.168973878019244
40.19665539145717
84.42536709982778
-56.389678679330245
84.64472039118414
-70.75653606511752
-409.99814570617946
-166.46511011152143
-113.77150555787466
-589.4074954949774
-52.95531725326407
-116.55294761623165
123.12874945715339
68.69342007647447
-105.10381296054796
266.8923920370635
33.516552081073314
264.601087920043
-220.66018617314876
48.88275489886382
115.8325987402277
36.20849563440106
-58.53948118506541
-380.63455413267
-79.5667196362427
-28.395793005182533
-196.56567681509478
259.15642689870947
-50.31539741398228
1.460623930899601
-3.373246791465135
-146.43426293483117
184.57409904889755
312.8360007958072
9.199756514700312
34.12416858406141
-14.629807191560303
10.196906958562522
-79.17275148839421
88.49813221583099
-89.79419185503998
-100.20296465461263
-5.4909260275395475
-0.1222653346660536
-42.16713539963647
-49.90255925129941
0.05353927135365666
-56.862346266212356
-10.112764442421394
65.26339289207317
11.709007306288186
-55.199091902301916
-62.82686834918411
90.67667696389981
24.33639980221676
-8.570334558586183
31.41356280155196
-40.05469535970148
-161.30134588568217
14.548401590400317
97.26931045974561
12.654767689398795
61.95628865056415
-5.601423709262235
6.603570202688616
-98.0140711440963
296.1380364908564
-51.995575418625435
11.057781757263456
-123.22716910218332
-503.924893608777
109.23588703729001
-24.31797854647857
-195.39996489052646
-62.100366103824854
-45.02976693079938
14.367600556587604
-22.839766413795587
75.3997421459062
-10.685875049854076
63.49735694478659
109.77990214321835
93.25851146399464
65.06853343862122
-47.25752930118324
-539.2499632831259
-40.38037176649459
62.5675384691549
-16.01506400872404
5.744965198229299
-111.48090446727292
-67.6708197587279
142.65483020888132
-58.53459274049729
-415.15797479340836
-86.95651778917
-57.35557750166292
-316.4136318828678
-59.20829619521504
-17.53755669930171
-512.6242587168126
4.386366370088581
-130.14504837510776
-173.38411507592537
-64.61547872003055
-40.56472483458829
41.974057840332534
-46.89127840532368
-10.49076392535062
88.15752927764515
26.618938394838263
-60.661665679171165
-90.42279298804351
-38.17061202462293
11.422062409292266
-36.37045333564108
52.071896236247994
48.97453283129744
-34.14056818012517
-15.222230812907583
-117.11110191268087
-99.01985457979873
158.08880637466063
-0.1666058256460019
-191.0834569568524
-28.869381169253757
-78.48560231835395
-105.77892104598868
-81.53254295895906
-62.457092157513515
-122.46648157691016
-116.22378120196481
65.56110658751231
-87.07138263393972
207.94864640707237
27.81983920566745
-33.88179183743097
-63.97754056099525
-110.11474459367128
118.1443815889088
-155.57011509837685
-53.40288990873504
-26.881355741664592
-184.55587226038006
35.865128765888585
49.37242319057748
261.49836712512297
15.129282461533876
35.52265474886485
-32.15243639658141
-124.7305444462454
-63.1608697731018
-107.7712540607957
-9.883074157319498
-25.321740476341574
-236.29675477013916
-135.44407201877948
16.16205493351663
-84.9704986579046
195.83623689757587
348.113813389451
-35.18750212328814
-227.8044441752063
264.5494762791841
-150.7074287083542
331.610413863129
-62.37045766427218
-80.91819714367257
-75.11178603345797
-16.359021117870554
349.03002307406496
-12.375887322982347
112.28779008198762
-21.278016865639984
-49.77110290643651
-193.09663303149318
82.70338966741292
-77.3250657681292
37.827532057907774
-52.21438545440659
-25.414435685576336
-26.497788402798708
86.29140553352181
-77.10654126309275
-287.93094704879513
-170.9067644209681
-72.20078211407262
47.347658407497875
-5.848238650163239
-117.96019858872205
-254.15769713221198
-63.7658011505746
78.97323005679573
-76.49543358580289
-503.6196586870974
-28.084578534585035
-83.76513224765037
284.18097459970704
-530.6407887417063
-56.77575026435808
-82.78387962371659
-18.88811926385995
34.88054052365624
-76.87890767905901
-108.16103664013245
-105.21237090502306
150.7477900613958
-54.33462898944799
-174.00646897470506
-2.3376118882885066
16.526480333862082
4.72085566361261
-90.817983455986
92.31692994045625
-97.70279409217704
-87.99310682528403
6.811783584239265
-93.75282024081096
-107.85416542918483
-40.74373835133565
-43.6960024428422
307.538164679434
101.94043699994836
-16.621348006796325
-61.103072731393624
-111.19025982347921
-257.3608609382536
-12.603504354572761
9.23628358788676
-51.11183970694856
-35.31547713153759
68.23493522918216
22.11160772958283
-3.486299649236571
-51.65017813452732
-55.74975703272685
-168.86164560180714
-118.65771355957804
53.82474348298592
139.1898506512498
-104.16933243809487
-80.21976404195357
-49.31878432669802
-97.52226084622089
-42.365281027407036
3.80248788877725
23.02965302189159
-176.86062918699463
26.655268110505176
-48.07295412045026
79.2428991058714
-49.26517915353361
51.69002196549809
-107.53851652210345
-35.01706552014673
-378.69012845014913
-108.73833081127489
-109.3922247205519
-23.493157502663962
-48.882922541859976
-23.87640467314361
6.206786745513455
28.22748258358115
-120.57183832036034
-253.1258745592695
77.52050537188006
22.255249553960766
-187.16946547613225
-233.64701590154073
-41.515594410184804
-160.0878459566593
62.05277601006992
-101.92818165245934
-61.565918067082066
-244.36219026239633
5.976921044216738
-88.52952768386194
-29.518906358215702
-37.05204157201605
-393.43301275406156
56.21877547154327
-16.703175534654292
44.08354750316539
-82.88490814519824
-54.705388685701166
-71.05938916079866
-114.07863078559126
-0.6774075083071693
81.7560237124926
323.9955202791152
-4.671258383919849
-173.9294437336248
-19.959720284225114
33.97795983247761
-98.06574452533533
-34.279549922898276
-168.3212144540148
-56.142242601913004
-219.63054253446353
-122.43682278746105
-106.19469922816415
32.70387295961882
-91.44747684837239
10.893120490907677
-9.651094140775118
-88.23978621490187
-16.47662885151476
408.11076044529364
-34.25978564053776
78.4112928305185
-275.99740324148115
289.61003101977076
-50.16916079442838
-74.2468141555881
60.80920353832971
93.56574045438492
-346.3106526617139
-12.931878096424498
-349.606115160208
-5.52170181472247
460.73033464972286
4.7558941815877915
37.615797137934806
-92.73048627412666
-48.47184946419287
12.99977935160723
-291.370582729523
-46.78018152971309
-93.22760756184732
-136.34378085286335
103.65843816350207
-119.45425346933624
-19.822500540231033
165.36051428625797
268.8616014709414
-53.79797250882103
-63.97782010831047
48.109695602837746
-41.1476008844773
-78.80675877552179
-71.07925380988854
-60.72257570228794
-17.10566444852884
-96.38762446321016
-88.0108792625482
-130.87157690060485
-31.465600489189
-79.67299686185517
-50.137457330474774
-8.669308463890047
118.74391737377846
-19.25095403901105
121.54167522153875
-95.37063231820368
-47.41287014851241
-66.30651368172948
-34.78997983884379
-65.11138356071388
-36.195035996595095
155.90232993619475
-228.24847170136218
-60.21843209785968
439.21329172032165
-52.59599301955373
0.4006431276384319
8.570387917411608
-220.47893905758974
468.49425956485356
-41.24847243895783
-73.30489424885886
-52.8572582935643
181.92445660866724
-52.38630407002272
-123.4701603609301
-50.715630397058085
-606.4745572978773
-62.01233889872947
202.69515988822604
73.17757526728019
-40.196690151307735
-82.0564658778494
413.0153389077368
-31.81279336594889
291.6744109423462
-74.45245485658006
474.8222749139277
-73.93877239514607
-102.96497258068194
-87.66799412480441
264.8171289519796
-66.79031751635739
49.3265435799276
-231.02365594664116
-47.91657348022725
-46.25416466146709
-596.9574611117387
-199.4661840386143
22.532363665540288
105.34495119646999
-382.9537955631622
80.42857023488432
478.39404428817124
-158.55384577126642
162.51722432535098
-108.54855995662172
25.998324995005987
-261.678528904873
-66.69239114821627
-45.101399067847524
-6.429940723966865
-10.983305100108057
-24.679954677640126
-72.94321321079497
-161.86649983815914
-520.5391426377555
-120.57555448509459
7.734215124319235
-90.1195879894007
-81.83320359710082
-71.9097690773715
439.43732134817583
-40.744697666619686
-69.26449155116825
165.04457434835058
-60.084062855573
-380.42667487353174
198.9912515107826
-85.54433715191226
-240.75349887739412
-24.4178644578015
-151.1112939763334
-131.6115599306504
-153.51809509042323
-55.957195505732955
-202.5448263794915
-9.905580949760406
-26.854919150985097
-323.2347213776902
-23.30062612558868
270.5529622680024
-215.90047879709527
171.85404208404725
323.60200320562217
-36.24464910499228
-238.39779836528942
-160.6104455549157
6.870935824952539
-65.61994655138307
-35.97169026532424
-57.835717211411406
58.91364907488787
47.87712710318192
14.685217603743695
37.04377343447777
-72.93011762169408
-56.65141027974006
-54.338820998265874
-94.05863995545042
61.70088528512133
-36.47501571846533
6.055658457815298
-51.10907893555907
169.45279428135473
-151.19939671594148
-38.4034602377969
17.62233003174879
-13.319373734662804
-97.9645783433686
202.59513236633393
-39.904224069180245
-120.61000319130562
140.9218565062347
382.37854007989336
-175.1132284378873
-55.256122402646426
-98.00125669105934
-18.384464309920475
-62.36200576282681
272.7898023059879
-60.75163769209304
-75.42386174700417
-90.82673397566182
-135.40454780666184
391.082280949895
-110.22335440981442
-409.32160046982244
283.40379826091885
-22.017944317802403
124.11720204930998
-75.18984285861961
-178.68926242330235
-50.639833496626565
-158.75257328162206
-70.65260362801217
326.9893936184126
-211.8097019748675
-64.99217735580692
14.965316078872092
-310.3524156503554
179.54783381536254
-84.67689897386481
-88.12522386954919
-83.65228237280701
-99.99410224154289
-96.24564581356753
118.89843381073115
-322.2033640038553
-251.77649685504002
-38.685982966522715
-58.382255454460456
-98.26383731808801
-11.748970875845771
-235.89306503015723
25.2422674651516
22.72060774288417
-9.216864030642245
-76.09584831416035
-14.197703571727033
-12.11477662890644
172.1271766739883
-38.242503890068974
-112.61742911483066
340.2157950167384
-98.14373069652332
-302.0632527681446
8.98213556286767
-108.17724434295087
-154.8441663559097
-60.4460815697992
-16.190637704877318
18.599243895359677
-19.731641017057942
-49.238604484610136
-63.55940916691957
114.96426766408695
369.1282748223657
86.09677785253189
-13.123854510404698
-34.63102598203025
-254.3039210301431
-453.5970190340886
-14.905727004689084
-78.30489581537404
-12.82348721983343
-176.3522246211296
38.03943871910178
152.24286066823151
115.92653532929944
173.72479699335963
-119.46446219511381
-11.909350274449375
-26.930585383814105
197.92532621195642
-14.817668016476091
-35.627047340626135
-143.2798425059027
-6.834972386091749
56.48126311235683
-39.13845601545374
36.071190834133176
169.33459160118946
136.99012258485527
-49.943835307822155
-91.36044184945862
45.32288636498561
108.39698146346382
-11.806591534912304
6.713426952328291
-195.56872979127002
-44.69551107763607
-20.302354410461703
-14.481723368394139
113.78810957113274
-293.7663442061712
-113.23232481143896
-78.93817683456278
16.771824773175467
-78.8867291174065
-369.3850448350331
-110.39784769315143
-78.96502377832425
-113.16166405907325
-53.85769316500773
-240.04346943972496
-71.65829847152195
-5.613823964453786
-15.61315266808037
-65.40321456317945
469.63734629748615
-89.94814755532798
-55.32453503969172
-127.90252781320396
-277.8687529312938
-32.13408384888626
-357.89855699414875
362.7345441157795
1.2405946124672482
76.84970514392626
235.3336816742849
91.5373926683742
7.500008625233022
-61.365686093616205
-2.6769647225532935
75.09102641129175
-3.481655947201034
-66.26544090481606
-46.790747309779235
356.602304180411
-65.93558541297831
-35.131530826487
-1.5501633833509914
-89.80038853843321
-58.05318915694711
-44.53456840910163
56.345543321223886
-29.562186534602006
-63.11433712677601
-78.81875539583962
90.37312950369778
200.60814195002058
-28.932317177102878
-179.50236202843735
52.59083924550305
-82.94343297915316
76.01786543044909
-13.665081279686092
-48.90508612295969
-122.8125825858952
-59.12181619539933
-92.92865188059841
-133.47755510918432
66.73250449325678
-24.709375400478166
-117.59658659746492
-154.96184546591576
-20.779118188613666
-79.82672358275313
-28.584570964710906
-77.17805271424004
-152.26238094240034
-88.35686207505051
134.5434862575039
-88.4504633029608
37.49864288473327
-49.70458943666405
32.418156976076716
-303.7487087596328
-359.07070883853703
1.5065109974704758
-48.53429216859331
0.5710415727098734
-648.360969654068
7.55831259104616
268.01256828383885
-85.90840609506101
-92.3289672351568
-141.68597311751546
-38.609223723846675
46.16433630344545
-59.279075751447024
-52.242665013311154
-41.02539159945036
-98.57018776562722
-41.55290517507617
653.9927994871559
123.73786212776395
130.37160264580098
-64.67101818435661
-40.33986802742484
-5.823075665687838
-93.66697454766467
211.44276137167435
-62.63687038127409
-52.51432521468598
-63.65563885428219
-93.82440859881797
184.32096037982046
18.08516048961792
-55.02309618524208
-76.69586185593926
-80.62890028534366
-311.21144671710135
388.9430431591045
-0.7918290219956816
-73.31353598515852
-45.3965121617216
-74.997619996392
-369.28398894480415
-22.33584850902954
-51.62303267598671
20.057963169828326
-255.39840804629603
438.9529408790113
-279.3070507364191
-76.87870897338652
9.009281188416026
-135.3516389821034
27.208118286593162
-9.92827926191901
-50.19475972267759
-260.2689406694626
60.77082810513821
-24.114116357035755
367.2416180251257
-4.806739063871293
-71.39516722710869
-40.76469496129357
8.958284832139725
-99.0452711359839
-102.19026338728872
230.54564339325407
127.80517454233996
165.7359126644883
282.90155824107933
421.8122052673134
-69.3458368584792
124.81149772375102
41.71464668277599
66.45243257867696
-9.869559050191356
451.45787158255007
-37.45669560132731
55.92922114191515
-412.92920774799495
-106.72625588940326
-38.60641964732349
-74.21394212264931
-76.16239578545867
252.74653879783727
-71.29612120964023
48.97112596454281
152.55311309911667
17.21924061266418
-32.29076508527419
-88.29048020221109
141.19368313588893
-117.00732913271632
-35.8866075816414
-9.936612789719732
-4.002520507208828
-74.00720834365114
-97.45400311317098
-54.42786492613959
-342.6655935941744
-29.903676042586085
-77.86256369909424
6.022980778379861
-13.523195464277423
-72.88242563431595
50.0601062714627
356.37816051608024
-89.07487510056444
-7.130933603935859
-70.88227865152871
-66.7401367336791
-81.53174790255419
168.8451084670196
48.92311599437244
-371.7894800830818
53.26895056721878
-29.839732900524723
104.79462100671117
-150.21981126594562
-35.67204085109623
-36.528903178289056
-60.48656278716156
27.950791498552007
-45.53015949258679
126.35259895257877
-53.000942661898506
-76.18569019444436
-33.2725618881841
-36.54399040412119
-103.00404588460424
-119.19308169536353
-65.47187567207025
72.9665400711383
-89.23050041343959
129.3800730547191
-64.06000745536949
59.264978725923356
242.0369254200541
47.88912205405518
71.85506110811002
-36.046532297910744
-48.69372392116293
351.21636428218153
120.14742715405191
-36.18691832360173
148.18941146726502
-31.485279676091295
-23.920970294056858
-51.166547436165054
10.393996948654603
-48.129915388541654
75.76602938900214
-66.46739224725361
392.12632696052424
9.356628174335128
162.00325364538185
44.37990240651243
-55.745468212333435
-66.17433348322369
189.64250897176953
198.18470137393615
41.619521610120955
31.00144164498215
110.83071020798161
-38.540381855995264
-53.84216783829834
-60.995460644265535
56.10390434222427
-95.59388717007798
-94.54124570926433
-101.8150003006781
275.2819709448322
109.11119226409937
-56.68974002929012
-33.77325401239244
-6.1533623134664595
11.271495239834726
-329.1328096589332
-5.36825604325902
-149.06721683810702
123.44357744563422
-70.1675834309662
-44.9968653696144
-73.79452715831242
-100.97074081356368
28.165138816168223
143.79497594150962
-353.0706404577395
-10.984089247716838
-75.99862984499214
-45.20346536653415
-73.1948705952136
-56.49018054265848
-284.89966976599453
-51.554924659346455
-149.0397817439507
50.05238578776061
-414.7456778571577
-585.986976771128
-218.3717988242479
-93.0464829469223
1.8594021961698672
-74.9318972712527
41.626769517415596
-90.66454221959623
-78.49273168111813
21.72515994556261
350.59688319447014
-87.1735798184136
11.159972018814187
20.679376095212604
-80.70398740733513
-188.8127286324725
103.75571401954858
-114.03393627018056
32.947037721583
-132.6531995337591
-2.992075498954779
165.42200891924404
452.10707574755907
-103.76394020525933
39.78631941641106
-215.07082235184862
505.64350131815627
53.701732875359085
42.8860597297662
-37.98121917935623
-109.08464505401935
397.3237542193674
-76.45739994442607
-17.114858497957357
151.41819908451998
-56.98392506367304
-129.76006083910943
288.47703655086116
124.58012131447504
-56.61483994629239
58.71985338523973
-132.67430284743205
-113.00255041856235
-94.12092112978003
22.286819461227424
-520.744341643127
-384.14106699000513
-36.84780226284586
-154.59579102252246
-65.64006319210326
54.58410234520852
-171.2043196751365
-115.76081630748789
-58.477719772052296
-270.2734040346022
-25.209544018342058
65.9488156479473
-77.73377819651068
-21.76464796109576
280.1202300958248
-82.07769851714158
-67.88774378837982
10.533126035109314
-33.49993947695281
43.994038823394476
111.3934076327132
-57.742121157397875
57.122930546226144
-57.78280428649782
110.97553626378794
-88.13244461627255
25.786705702946165
-70.52140238765871
-18.55322510994148
425.73336419226143
-134.1317835015625
-120.65030100626245
2.6282730551611166
19.52685097322137
-221.368594728674
232.42101702097716
36.697037271348336
-38.358048386358405
-63.19691273246053
-85.39187686088798
4.180996702555603
40.164127681488026
289.46832611898117
93.82141655698615
91.28566757127737
-25.510590797670602
-60.073304000498865
-80.10768831525647
-131.15319789942077
43.412212993367575
-93.91322072701107
-117.323640660196
4.0273410693507685
-86.18276744434115
-309.7688426664099
-62.29737916229191
77.04466339067949
76.25421884488651
176.9350481666229
34.96096005525487
-65.64020659011737
-44.81614072888169
-172.80465752711825
-41.67561757759927
-90.39430449723932
-59.77655526837317
-83.82074016859224
-28.75246679819611
-2.070413811768958
88.40071758831073
171.01880322766374
-88.82770146511544
-12.165207860893133
-10.656948401978525
-60.530105549742395
-341.0764764403466
1.2082549830122389
-81.39674630190157
-84.19098138796394
-44.2942152908048
-72.98439698543018
-39.07895167758289
-55.53625828719487
-11.418347368376999
27.97840012871393
178.89094633759032
271.8387489443412
-99.99442665670176
-78.85267534910021
91.01472660928994
535.8965436430135
-30.378367651991994
126.84730677557855
-35.239955448923716
-107.06169051375218
143.41820943929633
51.400115283982814
-108.82924560681619
-53.825227347087264
83.65070206521705
-208.33273111405833
-209.03709196120326
-37.337813551431154
-15.166445767762525
-26.477709911658167
-159.15809631568118
354.611404019417
87.52775876491614
-17.331896105242777
-93.44396292987676
36.73643433029247
49.55909204960699
-20.97049984018122
-49.255263176823064
4.628320625098941
20.859965602490774
7.37178768526428
0.3296316407365225
-98.40555105960934
106.99824058089325
-7.318959320881277
109.34066999878632
-101.22411237062079
-492.28979725455247
227.65593236970562
-62.9373728476894
126.94759590361627
-150.86604561579043
-76.2696225581289
231.76724113507407
91.18533060121263
-106.68223399795157
-12.435662084664727
250.614139738831
53.39292411485667
-82.50075887318336
24.5724868200914
132.9021797046844
98.96125441177082
-111.32591300808781
-10.246739645320304
378.4224982855685
-37.68933420815584
24.272685470681154
-83.51982707206047
-18.098991952067536
-69.47025435598395
-384.15222308454577
-48.03571378526767
-60.40557029479106
-104.10448626771037
-303.80776236993006
-123.73245274741565
-48.905265673620306
111.77545657465816
209.86496441846157
-197.81044796933975
33.784785129941156
-6.046283448717077
-37.29278280882289
-115.05257012727088
-459.79300484885607
-101.14872224547788
-121.44716173571396
-80.73657662792289
-235.58823478354498
-20.966686301813297
-56.20683437296651
-111.09727597250367
24.85453400410006
-55.946588193289074
-165.0600741983526
-123.15133266400699
-34.16190623240436
-60.23458266106451
-149.0912903712615
125.87402755359699
-342.51715126123054
-95.40058074942635
363.18313789627973
-167.08789595117742
485.02538199512855
-63.064676227829054
-376.5992000565293
-130.34265175907603
62.89058030368142
316.23410769709517
-152.3739819864386
60.38590383529845
-35.558047577525286
-62.140610055858744
-131.0997820953453
40.85900477898758
-31.84544373532117
177.72370972037788
189.49834013561485
-395.8781251484852
4.0417125211160965
-95.18780329948275
-101.18717779189993
-29.713503461942082
164.7374427977893
-18.43114656375454
50.16512746032345
27.787264839589625
-425.46857522191567
-144.66693880977982
382.1134774426082
-38.21657644495766
-59.683548346172756
487.2722683869806
-126.49114106922752
-168.4400479605756
-1.4942691489883424
-73.15139773600822
-132.51317135365622
-430.84896911006217
-88.63155337114624
370.45639118535837
-51.46132263831532
-50.10734377051594
173.70912437305742
-191.6631244758246
-82.84732041763527
-88.69589723649618
-27.059664711479854
-10.537041953985181
118.02649692629257
-59.1289391830637
-60.22161250467307
-118.8517316473758
-38.49597707986423
5.802130089383027
56.473321522486
1.1889727179157035
-44.3030971462366
-44.46801713588265
363.1622490859554
103.45834046654636
-47.78506131559761
-429.6192366613468
-108.03154385391827
88.48730776538287
-68.81541301037396
-149.83119311165774
-42.82686687231555
-0.40314520415631705
423.06613061319285
-64.72088216275924
-14.447575438403257
-91.96745296600294
343.2591248331537
-372.43411752294924
111.79282483909628
-21.153233379880476
-47.8895896254422
-104.97075179973535
519.4930252431641
-57.80344969979414
-44.53362779674478
200.33630014646042
-56.20302363822884
-78.75415859504979
-1.3383850799891794
-64.18603177757086
4.1417139081677306
-38.06197208107267
-26.45008666513209
-85.63912058135065
399.3202305646482
387.79881293370636
492.6469050948417
-12.25793895522321
-95.3504306714658
320.70981392087015
-55.03371910385658
-184.85819005643134
29.125528088068677
170.75404988459786
538.8250856182021
-135.72835869845312
391.2455590326008
72.6970292687256
-49.47864108940712
-359.31654188861467
-67.85083898572141
-400.3146641393987
49.19972865555246
-158.99969807585512
56.89626261561716
-15.574394076518502
-31.92752448850166
-124.61134484207105
-9.875485232128938
-29.69490084193866
-114.64657848903335
68.24440231188078
-211.53814785408213
-127.85235775343244
-97.96821180162452
533.7165225240678
219.67343898734725
-57.156152057425984
-71.46284644422849
-52.196778052775244
-2.9366020600118645
-51.743405463535055
483.33498608714945
-51.806973893674986
159.89203402272096
5.60884993237778
66.20762995279529
-38.521776925956146
64.78547485412491
45.844627450276676
-42.53367863313309
-110.43015179931568
38.500772108403
-258.32998536820924
-36.79219954639848
215.49137909993988
9.331534739163544
-12.900973298733334
-171.77214238792658
-25.179365705362272
-28.123218002585872
-27.282608566577906
-48.610542489811166
-444.7103003443026
93.67473126265759
324.40371473171217
17.895073543610124
-27.861848920654666
106.15737405424989
88.32102777329783
-301.62738324975726
-76.49151059277175
-114.22247652270075
150.70356443259425
154.77159461033443
74.37487516375768
75.18887047371118
-232.04240375045993
-62.455439758704046
-96.60570211999683
-3.081051755869737
-57.250627137650476
-58.460771790950496
-96.36209320970374
-68.17657040187002
149.10850307122564
-177.12633487474886
45.454013554719495
-110.34776795601101
-74.62092717233449
8.014938385056666
70.74213809549474
-57.90610752716321
-89.94740757587265
28.554615118664625
-97.20497313031056
-80.01144940191296
33.360801203181836
-95.1302452684522
-82.93811005242605
-54.79240621945037
117.65054090840931
-78.04045854757256
-77.0179726699739
-45.13600727304083
198.2904860452618
-85.21315785314151
-41.17263141753165
-60.61183759667911
-81.47768487470442
82.6367780477085
-432.08423119589406
-597.1051702660716
-23.58554061230086
-51.900562972752596
248.21721292967413
-23.478884584904677
-85.51554670716705
-66.93144506955741
-215.02985930638897
-46.958568469921374
-47.728129817770956
-137.40232284613376
-28.98923504268714
54.08531786239291
296.4811937091854
-261.0242784702423
-87.00494571198915
-295.2289144568076
-91.33686967909671
-14.32266761169376
-160.82157432497297
-111.27826477833423
13.792710862369859
31.52770581979894
12.596926434983857
-272.45091094538475
-15.650851422828081
-125.56472343176392
-53.86783019577888
49.88897764041394
-69.29838363592586
-49.45546581960586
-147.29151416670902
-61.40024161606598
55.89749855986156
-176.5603941041736
-79.60953094807287
-99.57615400145005
342.9790514278375
30.158715866369675
-47.35317517264371
22.85915396207747
-92.73513576485863
-110.66468849336798
67.22768431177064
-55.00798759681169
-71.14987803821485
-57.869476820926195
72.81670088679857
-4.994836245441547
-43.1943762089084
-74.34809032227349
-73.25143120411978
-0.6232076607160776
-24.820048807101557
-50.195663065827986
-58.20214362538552
-18.551735287544943
-102.97906330495425
431.36443182125004
-39.055439272034164
16.337660739960484
281.30784709691216
32.77265344754596
-31.97938902654773
-38.16589685289955
114.13870078791297
-153.86061810585124
292.7370506962852
-98.05884645888115
-32.26421767824968
9.602053501139721
-65.82993767100922
-4.182925551223889
50.35185172207093
-111.24144458109402
-117.33064550014387
205.06369558587494
-212.27458558640137
-32.473045545506466
53.149162456298654
-61.98813047618387
-40.96031953544022
-172.222740591229
-24.525140590849333
-20.606318596917845
-55.89372095762958
-124.86252958744626
-77.3220110192834
-36.51807816348418
111.38997386471237
47.11720698045974
-18.206334544978745
37.22248304262757
467.78766253348294
180.20844864574792
192.4740697174002
-58.430270596542314
-162.20668085165926
-77.52824465915103
-35.98731371735903
-83.54652973117527
-206.22445738328497
-109.3909480418315
-51.393709894446076
-17.016599604091898
-73.2315122164999
20.49010419443539
-8.86316884921871
9.055052578977733
-267.87589935253527
-16.259472870870468
-48.19835939866566
-224.05169306656535
-360.7882642518816
51.439634179349014
1.7786423549678148
-489.12809387650304
-327.99917465716817
-135.01766004549063
-55.724706463198274
56.78162901074393
138.29373993220543
-93.33511702025585
-90.65436475386545
-63.94566225417403
-215.8641008917166
-65.43204742616041
5.728860022694789
-66.92866834490815
-48.95136958418665
189.78245933192102
-51.22895159611687
-31.620365938314535
-84.47574166449306
-50.05928572998302
-37.79639510575555
-107.49437551293278
-73.15434282819632
-24.228597895052644
-5.262463774065617
32.3784671851339
102.06065866970312
5.718144470596826
95.17125456879512
55.16156771979968
-73.50771719926558
40.985858145022576
-99.66431979885742
-110.81531176532638
54.436684845974014
-17.043990494911668
138.67282836349023
75.01416516907102
-54.508377125278315
2.9580036149209263
597.1761216086925
433.4707998189897
68.94796712125299
-361.45146916935846
-43.766104309584705
-2.3195542498622217
17.121785946845193
-110.3814014811287
154.52180940135804
212.88404689785057
60.80026608975277
100.1174875648594
198.7615666563288
-94.2293377482589
-374.5610762575252
123.46858225430697
-415.7050978531206
-192.20575672079758
-424.7691420688843
403.4217198223123
87.23037467376662
-61.604590631981594
-61.06851439908755
90.63632483908805
-256.40599642775305
212.99533022818468
-46.464867097765094
-297.5661263929578
98.48531240922057
28.062690379370906
-439.033352484792
-151.6346938630686
-43.2170320905816
-17.25700979249723
-616.8303641904404
-95.26807554621216
63.4242416328816
-12.161120364207818
18.360386494350223
-130.83031999046216
-290.25060259578095
-74.65155925411239
-138.12627770994368
-10.312013697510338
45.79529656705927
85.58160726546112
153.60273848492398
-202.59907291361924
387.88476980284577
-34.39856254031656
325.67039541160557
-77.10013224892799
-68.96882909860817
-157.15801061202728
-49.91661769282564
-33.705501634023676
-92.32349007337871
230.4902537777889
-66.77524327842515
-73.0358206134243
-122.65945537698462
186.5401278636109
182.1735857100157
55.49123522614991
225.83823274501992
-87.8920019122761
-37.180466320995755
-20.94160229185627
-337.93900944513007
-64.92833910618901
-84.94633862279227
-40.03677211303511
120.27385943200534
125.57675222795297
-55.2830839065668
271.97742449986254
383.4512589499773
-113.1250292273838
-77.37536679033656
-74.55775903292695
-5.633448311612483
-52.342596840553526
-55.92429301420043
-25.009316604818196
0.6522499756936213
167.63396439393
23.034364291088423
-53.827754607868705
59.9304340712506
-216.1099156250566
27.729570089316894
-284.6249386478394
-63.011316136624714
-66.5107645553317
511.36196267596097
-87.32238695103767
-6.3881100698772
-110.19905436732188
352.6127156612856
125.4702638242984
-50.47446170117746
16.55878354071683
-78.49331472813356
370.62240532079886
42.34107165486421
-47.819287165282546
66.12931383002524
-52.84515027257328
-50.41981044406333
-56.42587426348534
-193.0117138618898
-99.14667296909
-3.294518823281578
-93.48346267276034
-50.19576675628781
-13.311837487985715
-101.70950927219366
-126.12505801549014
-161.30036121198282
-18.725101639020068
37.2633797983799
38.21939267227344
-115.1010181813599
-46.12971713101615
-124.9872369262257
-40.19488999787245
-414.3678209077498
67.11317653983133
-48.43151269244663
-332.8580891461643
2.0591487580267085
-19.944209718134516
285.4046148597081
-84.38266531098621
44.125358421888905
41.561200879052194
43.726676688745904
-199.2589775275428
-84.71759163719811
-29.654288233937404
19.094542569626356
-133.6878260521098
57.64287485061914
-7.42899442835965
144.74678307850945
147.38239365675145
-61.4836031709372
-2.431254907745874
-215.35519433538866
-13.461658967460842
-99.54035183516287
17.460465746524733
526.2674833252186
-318.84893151107826
-82.47705333682863
-89.34151127235782
-13.401350509086114
50.314481485757824
-326.9304498747588
439.8336613598967
-27.025771954570587
233.42439799849126
-39.961716542892276
-55.83979316622007
-30.266405097847382
-110.4713999029883
20.19760008070807
-153.61088211102378
-3.297460842202838
275.2378152593392
-185.0204628364827
-74.54728239792705
-57.191171602238
-165.57723634366903
-38.438131602387124
-62.28469667430235
141.69183103821797
-9.55227827851537
554.2122161442003
-302.30509267816524
-59.92971569242968
-94.8165637165704
-71.26083899244445
-47.51018200779254
47.13941028520003
-82.38486133236802
113.92721712599086
-391.81106172040745
89.47409528392745
31.811229154812025
106.96544142881066
-102.84856936938831
3.961763001370059
-411.1946720527794
-118.62543604563507
136.72462726541198
249.82194131081087
-98.66301653342408
-38.94432684670505
200.5505162568843
-29.754078375679455
-20.91556272935395
-186.3892904228851
-4.847095210445161
-19.11007269611673
34.90318252010934
-30.0664513050815
43.48828388333095
151.4033614228374
-6.174690411816499
-47.68296215793828
-79.54160490507434
-15.167000431583801
-47.04127683333853
-99.91501735800011
-20.817993703823028
84.21441830310323
135.33809199947063
34.93292045253747
-115.76543842623323
513.4667542575862
7.523998301135725
427.71704126739314
-296.56443324280553
-52.438849471437806
-44.644198770065046
-34.33408791475995
-165.70965152196823
26.847568893826065
-376.66933787858034
-53.48928094939822
76.53357131085477
49.96330741104248
-97.1419183679327
315.6675415779173
-98.26084791531346
-32.7313777071231
43.64671296072993
-93.02173029796501
-133.2423155012275
-71.72651515274083
-186.64410023000892
-30.71808616272793
-322.5315017664416
-240.07762028420257
-133.65527585094787
4.333356555945403
481.56202872349786
-66.2911973881544
-83.27158268150512
-39.61134646397386
258.9322494546632
58.26336592589678
-80.36794910385414
-58.893807062709485
16.848891696661667
-11.803072366002482
-2.456448905049456
-37.26232452951927
-34.44308891816254
-16.580344172820332
-159.26216899938117
-60.82866889421393
31.390863137657107
-69.89052020899352
131.23320967475274
-73.51247026477176
127.30119317133722
-97.03934517758262
-114.74448646865858
-274.446109768317
-103.71734238834279
-166.3440692627264
136.2637345186431
-31.247661308581883
70.18364248427542
-132.72740634894944
-15.878539219647791
-98.4885122086398
68.02703032389337
-79.45759410429085
152.22187220803607
-405.1411852653564
-184.25993308072066
-40.87337129499454
282.7580729797064
-68.90468853182028
-36.94283584175241
164.84507125369055
-94.53633124430962
-297.95531052229944
-44.151153710856306
-37.90864987032617
-13.59201332616476
3.875238613084548
18.483716463379096
-71.46480919151743
8.9841256057598
-10.943741836008364
-156.21583269933762
-0.3313215563483709
-480.4315537372713
85.97563966920461
-370.481272799565
-249.78192165362634
13.801518502110646
-34.47554560532808
-48.78311050682959
-44.12486207352145
-684.4683745802868
-42.15054839905497
-54.06029818296793
-124.53180065582546
-142.73898819121223
-80.89798752538374
-108.92331927673968
217.6975524885802
-11.376256864572497
13.158153203429265
-39.91289393220818
29.85338412304077
-122.98649580775509
-137.0480012510634
244.82989876374813
46.355740711982435
12.041754290072276
-39.97745833181489
-6.769248248451441
97.71744667201347
255.40968461967532
180.20331433625324
6.997053065376804
-28.47436889995879
-307.9256644093184
116.45755206881404
-5.825301062915969
-227.48111449883618
-25.821993440542656
-46.54858425008092
-44.198837304526386
-158.03358288810705
-212.5468305207487
-170.1208396952752
-74.37187968908125
-42.498793231152376
6.715443089626206
-99.70334458579862
-96.47682139421288
-514.0483583340174
203.16197933526928
4.998017692598296
33.36835855750769
22.704648190519947
65.25739990996226
-283.1515380901401
-32.23619241501304
59.42532077162468
-83.81920756915527
-341.0053458183593
367.4187460113171
-142.93117060020995
-30.028439552793323
-78.36854860501214
-8.946159037972393
32.92412975534353
-3.1318139769714293
14.998285356886754
28.465709443077017
89.38750416979155
-37.92139029280361
-12.581305431049259
-365.8512207957119
-30.03401405393504
-225.88982851401124
3.1038624560972146
-10.617666222498599
122.17244849842064
-94.40710028470087
-349.835425677742
-381.7242448378147
-61.72981399463788
-59.99837717929546
-42.18778847715808
-87.52772048659497
-31.395903646392913
62.16406505408713
1.6467250327464171
-107.85424602210784
-207.92805631821102
-105.09567077351626
-116.25547616393675
29.370003668153913
-45.819042985521534
-87.66341107710329
-42.938648311582824
-24.637290099465332
81.6772101259757
121.42773277354354
-544.5873083832939
-115.90987516670702
-116.33358656930159
339.1683504928551
-141.36501817655335
-69.8130029414525
-2.026072463318969
25.741546201241363
-42.68371996765842
285.1095439579476
383.1519302727593
-333.15064948684994
54.6314827176102
-36.91508158726026
-89.68290348122537
-556.2347616404768
-47.989115237327155
-98.60458560523116
-68.8235249885256
-45.9584271100282
-136.07091423222937
-66.47691186114659
449.53199761445467
-82.68446071498724
-37.16516788636147
45.6773286695543
-83.22095721356709
-121.22452384643111
11.697533058964837
-178.45763677725517
438.20444213537303
-38.495465261170466
-57.003159576942764
-38.503954796517064
-84.29610937954835
-46.28155120973773
159.12984272270114
-113.6959393179186
-103.90367313524257
7.27890787373993
-410.34882715601634
-149.86088070043115
156.06721888688617
-84.38783617633817
-163.53956760689653
-6.401442530019267
-102.51864742795367
-170.2104777136028
-104.26384984595461
20.694230386705385
-85.26068043172745
-33.50180336112271
-8.427017195217559
8.224168997043307
-40.43802579619165
-316.8918019117882
291.62767330112365
-69.1088784555177
-571.3224770571833
-397.8519391771433
-388.35140364158906
-29.55342383921527
-77.76475083604448
-121.61943168411744
-228.63630627709608
-65.29392768479094
-33.91561022246353
-81.46558232510975
71.77664382208422
21.888031880800554
54.17922307780873
-84.80172847268031
81.26602063396967
-168.71933867893495
-220.72132069611143
-78.41805892803131
-90.47479253328856
-37.95378567638568
-84.09251547640868
224.2301557729411
-40.827806658761126
-8.759906914939698
-93.87892757928114
-31.659467210768526
267.777528967772
-42.24902530882105
-100.13461493614327
-41.03224523366066
-57.88325204118337
174.24833141096315
82.04609134210841
-44.703067840598806
-96.20769655053655
-88.48386901209197
-223.4406846872389
78.72333962997982
-149.5905711844107
137.66410629518396
-4.835255286163374
-132.05982242834398
13.432430878134255
-362.26544538014605
301.76056313579465
-40.466531151538156
-44.500649494468526
59.447422419663326
-25.776101750041963
-75.30198838505021
-49.588545942118415
-377.2143790396094
-28.22964137741944
393.12431837550685
27.88607921222922
-110.86290400241523
-74.95983358263786
-36.84159103028469
-31.415728096919338
32.10145654522239
-60.7633701463742
-24.878985397677752
173.05785447812468
-68.66899434870511
-36.959467815643336
-24.68698463812424
-50.283244219201976
-19.554987288660413
-59.638448634460474
11.604459957989093
-59.13577599498291
154.7815904445315
383.92740424706426
409.2800421770007
-154.95555761023934
0.8102383687968882
-3.689536755676727
-148.99263163717023
-86.20372547041248
-2.3944841702523263
-7.548210547666379
-50.779919280065315
93.13869928203349
-11.96081820627893
30.706817050497193
-56.50746976476237
-144.35688843228309
40.355853565084544
-92.56101591142397
74.5026148441284
60.336117812062184
326.87610099466474
-49.38852444688837
-86.45991188444157
23.487240820963052
29.62732623978809
-56.5262142784577
-113.02266148902072
-5.662278078141814
-101.27986692115519
-1.182636457342697
72.74942110763413
-36.726471929270275
5.31841601157987
307.5737426558644
327.7549525704944
8.09550102943922
-77.2868458370358
-39.79285362747623
-274.1852539376332
-25.476517425699114
64.26155861179541
67.01922857286809
-24.94383114465927
-59.121832454272
142.5125650120135
-182.5445582913053
-83.58408520597163
209.4081722773244
41.89861351247782
-87.94913710502715
-122.65451351730462
165.54866893150393
-226.8811422101553
-37.538236799194834
52.11000128192609
-105.25953558743788
-57.64585017138029
-325.34185314408205
-62.65232328874117
-6.910046248168783
-165.54908958211308
-25.417462523482754
-2.2981268807770903
100.89475022961778
-52.54526221533109
-6.790387486291365
17.52064074869395
-30.929510240635093
183.21987705142055
520.2007234133034
-292.74937634597336
-119.21778620108489
-115.24122654756422
228.909614300077
-49.846614120433514
-71.73587304988007
62.06081737292425
113.83243044522624
-24.164701736379143
123.54571156740894
305.42216420331715
-42.44184638035103
1.4980611391277912
-202.501533293982
-223.75281147058195
-15.82823328494214
-137.2936195744951
-155.13868376774735
-42.47849591739758
-159.56217619098243
-73.88708442945563
97.09418213733034
-99.8074035310374
291.0917455427061
151.80244998153785
-26.939103516559044
-45.79381803601245
-36.461154642565816
120.96119684899168
-45.63845739860244
-199.3349557373349
-57.31258481459632
-23.30217543092067
-17.206997836874507
-189.79647125082192
-54.2185127786488
-20.888430691250505
35.26568510851462
-12.890741472576337
45.14884571413995
31.063370502310022
158.2807961271228
-69.86264105784305
-100.95262428564183
-43.71633761494195
-256.6578722500526
189.05938430601782
-20.139309304471226
-57.471748872044735
77.08736958686859
-94.96165509413368
-119.3897852822602
321.8928260585608
-71.32436101266194
-177.3222359085985
267.9895602050001
-13.483727703806835
-29.769232387672673
146.69324171323387
-50.86636396255267
-61.98457429467448
52.66248962950522
-397.5367262460286
-117.98436373580807
266.25647576267875
-15.79285337929889
-150.02553663161234
-197.78667628855874
-93.27892077734217
26.9193485730666
-79.88085498775918
-80.67591699237448
-80.65366997980048
-61.79691549984034
-161.64645071483937
-215.97076110540002
-25.667372142041586
-102.33282102807
-525.1169179595781
-99.81539384742973
-38.93203430862195
-58.90544798458151
-25.043625311878714
-84.611971483444
-55.360423803546134
-61.39011463813037
-98.93474590459196
-45.31314169689745
-45.72712212028728
-67.53311585953094
49.70203363266046
-3.9866837597325535
34.14173176104305
-88.86186845224238
-266.1333476505097
-50.287593259550704
58.57288695556622
-11.998488036198173
-74.25981318286541
13.969015194684744
-196.27317998532453
31.61364826562567
-22.272227132310153
-30.973786569073596
-28.293718537757513
-211.99296854090426
-84.10752316036596
-74.12803885322636
-41.43041253677677
16.15408925418069
-5.3321263659781835
-176.37476490282097
258.8996686079536
-40.609524008556676
-101.47712993304503
81.88523281749804
385.7135310098365
-38.427124509296576
-18.327888543627523
105.33269514006861
-241.36189367466795
75.81506294118299
-85.67716894687146
-63.7945173126093
-27.17850549815057
-301.9443021647112
-91.33835558285955
-150.6600566763732
-76.32233565196024
-89.32635979348262
193.29103466458218
-41.2308972062674
50.371847041935325
-37.86144694555742
132.80186485175727
-79.13104791109072
-109.31506902290494
-229.87064004514468
-313.7989615083425
-86.22905375080705
-209.0413157764442
-81.09271101747254
-57.581613233585045
41.94623684853195
-30.651591834967803
-127.00715267940905
257.1944792202139
39.896488905118076
-95.8566009503063
-71.60122188003015
-70.1997428439679
203.82327441211146
183.7698669144047
116.14244624029925
16.544363005424998
-47.612538634363545
-23.12507048298903
-4.005098035446508
-184.37784017279046
-197.9665336318376
-2.4627194078161665
46.46235129359593
-42.61015813080853
-630.354851230622
-41.151303398920184
-190.81289856156036
-560.3656362130478
398.2990940712134
92.36304189108341
-37.96713112271095
-80.97731931626402
-192.23328383680928
-65.45932009618991
323.2634634249134
-46.46911663088849
-74.92170991442477
-393.6890407118408
-164.77279029754936
-193.20407103173784
-535.6064696452286
176.8421675939262
-108.87869673897103
-334.7350848931583
145.51476780951862
26.418620274975638
-208.63812901843812
-93.27120686195849
102.66565876967434
-114.86051269312702
-72.60723398099617
-51.728023391931565
-201.87643152721284
-86.64687208230384
-110.32485348983532
44.20491217986637
-325.866370722837
47.36323738053443
72.50151724700027
-31.51344759788926
-1.7810010107959897
-4.942590576100201
-71.23118138667814
-69.25614394236982
-54.06692375198327
-44.285171998290025
-42.85473370849317
-55.747678556967
-274.3195027341626
-479.0298642003763
-24.048030765030084
-22.401514672004765
519.8134232593147
-30.768906671861487
-6.717506480076736
-40.31819652144585
-245.6356226373082
155.21573610730957
19.31938505250946
309.75326384588516
-58.18257264934209
-82.1835194485206
11.659914206257326
29.804682711617716
-250.62191747752695
-37.269580436828846
-86.12941050936222
70.83512080291712
-35.266345123029964
50.83487147121923
-71.48957773662013
-114.18267367136832
-31.208636289786227
19.78287348231379
7.631165857306769
12.959928906448113
-34.92395662457896
-285.7814117228536
22.45096187575109
9.805671343811127
-29.74906773136535
11.963180068618385
138.4821974069555
-69.37850414607237
-318.1153650671022
6.627276081166201
-57.53464512660679
-12.47175277507404
-57.56030357334499
377.4564399231658
52.433338627604144
-518.8962925027099
-72.45998218688918
41.92773500729891
-11.352108578273349
58.143670076762646
-54.062723908985966
28.304320947785527
-158.2181493254975
5.62677028591728
-108.31954910998547
-107.87785760202782
-30.31791945201363
36.215144825004245
-236.04579395308429
90.26997119755106
33.2070364281044
-10.586604008104814
-197.715584649417
-11.130575710342669
-98.04221330097167
32.168723860122554
-304.12514969887707
-115.97207160648941
-63.49296445922004
220.2806107936267
-57.787606762610665
15.189220670818031
-118.85191620162624
35.46637568374399
-78.19229801170104
-79.82830374809402
-204.32081053448383
-27.590850694962285
-24.285867135736225
-29.960785848084925
132.6086829668311
1.0795644308423107
90.1247465514798
-110.7140546974224
-113.45123242739282
117.92377711975132
322.7902179171506
67.2580539122373
15.816467116531207
-83.00621827057849
-102.63470101486655
-140.4743440325601
-105.01931465961015
25.708505910329336
-26.113304872041226
-35.544666561574104
-38.3998491183178
-61.61203074723744
-151.69975623379833
-22.36266951345351
-427.9588321642841
72.5201203679062
-223.34590232981645
243.20905462721748
-166.88200440807123
69.11796685431182
85.63451505332341
-472.1218252851995
-67.31407180344746
23.58439347361491
-67.49843224529432
-78.84908116203496
-110.87614351884713
-309.91763968603846
122.30560284438798
75.04633940257281
-21.219561462139893
-79.34956258927092
6.817229100941404
-84.17126058107192
-3.450434618024609
47.16183428388831
146.76287851638153
-114.19818670900167
-127.02174141157957
-26.518623564610806
76.42632553174826
41.38845838845282
-56.914588850647775
287.55040438153264
140.465189041955
-44.2896154140617
115.91464132477995
20.777406464558226
-15.194720296428226
72.48257806700349
57.13719253074305
-95.31707911729293
119.75565414515222
-143.01698574518923
12.064557139940007
-67.42420660235344
-108.49575377773363
-22.841259622740836
-19.79483414112437
72.39035004365542
190.14452374449138
131.8138287011625
-10.974178761258255
-12.355394142237856
-608.410805036594
-58.042291147839535
-44.678534183066404
-31.77144213038389
404.49263749295824
-150.73539867330425
-145.10856857088947
1.2021105862777404
-50.03185051326386
125.72983465920697
-32.95270519109332
50.58408853299852
-42.42644945486262
-164.7452305474162
-230.68069020603252
63.30833092064313
-58.42038773380802
305.61646091677903
-45.459698519762604
-71.19549393359333
47.969463336297395
36.288949810072154
37.16228901586351
47.72501889504747
14.528104263023124
-81.57003889275526
-131.95442448522772
-59.01140407444984
-56.23999538075097
-12.539760059325943
49.333691625395204
-9.207411442372631
-33.681756761679935
-47.46856395334086
-66.9441706055843
-64.05300363603055
-104.82506298186522
261.14723455145213
-71.85527095265388
-111.01125431407355
-61.77738439119758
-45.64476234502217
-48.9766793337094
-4.126761717436614
-100.75866600353038
-30.015241279959582
80.05486695405943
14.56377349673312
-40.77148190846674
102.21698289990582
15.115346734503952
-42.07968835242361
-73.64036010375258
-196.91155101975164
-82.36309895127579
386.99583723518117
-38.53079644720462
-62.378277247838696
2.529869006309287
43.22473774364698
-31.23924798801356
-22.264711067413373
57.71385347431442
-87.77472191708888
-421.72725545641697
-38.5968494853961
-24.160742390447922
-59.33379055907046
-232.82439485514988
-31.459801209786747
111.0426868827044
-42.54403489030622
-48.91640528858496
-311.76197782776944
-170.01747100547618
72.8561669435403
20.231830718892525
-52.73898962799862
-22.47231369923319
-66.0874639492408
36.57649147630582
387.7869680910735
-61.10469846857789
213.3888099866781
362.85985437790623
49.35311007496239
22.544475108081315
-45.620810896378885
-51.84795930215422
-97.90565602494911
360.13439044461484
-1.6841622143954282
-129.08365041327488
275.21200634990055
-6.365028673676221
-1.2441903382084112
-230.17062520029504
29.465863527500915
-129.93193275555677
-7.689553717503283
-40.53139487622502
-35.10126578449422
135.67007015933177
-214.82997633805098
32.173367494958256
26.559586286063222
-127.54088493703784
28.69845313276437
8.402083214807135
-106.69444122997447
-111.67934597268868
64.9182617998149
32.901802031822626
-226.8187061313356
-41.43153793327838
29.58968139972967
131.86970836333057
-60.950434739555405
-156.75167038956897
-334.41883907147894
31.34653723647716
158.1552611569623
-47.75763317602252
3.734294989004411
55.02264694031601
-156.96905815677746
-288.62953596290026
-59.90994232564793
-410.46717008521045
-111.14697788884041
66.55174850271032
-35.843716411737205
-82.55184976779873
17.675909129587126
8.966730996818569
8.790143176188394
109.27659419123802
-41.306922826346636
125.82754790512263
-89.4383495850957
-23.81446513564612
-33.195216416169124
-64.66798367387237
-29.39046956494201
-44.008297690621774
-4.686493852666454
-102.29048023429777
115.38691851542535
-48.54983223681975
-52.51001401690519
54.76016138605314
-65.54177312206842
-162.78295051195892
-83.42123018195161
0.3344894684905739
302.74478236713367
-300.47249012364045
123.14975519375002
-56.730880090908926
51.45109069534374
-28.244663746760125
-80.31148581642702
-12.095777668490427
-75.8879240596325
122.09022152404577
-70.57348341528
-32.36261507750592
-110.31663663456675
-9.327118550547311
-230.82830456975535
22.531155532162302
-216.4416276077136
24.79981646052579
36.77707875058877
-78.80530421733826
-59.254403134901004
-64.63594675579839
-151.38032601418308
33.280568666754334
-60.691185698462505
47.486731655646054
-112.5941851336399
31.63564675107409
-327.2833024492011
-52.46461240954231
209.27845668983173
26.612716426740008
77.41793756299012
215.6373070795089
55.65067370446741
11.091190139926766
364.3803004600886
-5.434100455441126
-130.11416169702167
94.43229356689835
316.65792390825663
463.6421514591693
-98.80441945466919
-58.3622145696736
-30.03283593535116
-82.57831710222194
-55.96937933129266
-73.54900243806563
-132.59547630788074
-182.8513714052624
88.10185152237136
-125.80763122018298
9.718705096500344
-166.14849818106268
-110.43715972640696
-65.6699827843538
20.66168660822717
-0.7477002922236125
-215.71283858714014
-49.643261384502665
45.00954919225205
-37.7023884826217
-99.44416587206615
-76.00607668215343
-89.8232953350198
-74.56860694237174
-126.88332444302432
-60.06611659565283
121.92265235494233
-54.49948449568278
-33.0194769765543
-29.073292938217207
367.53701678818834
-247.75798569166182
-40.027375045777035
-43.327685861540886
-105.1488131336373
-79.71121664574528
-126.61137938384127
-70.06136537451557
1.3593612105260036
-272.9357266898214
-317.05414337925777
48.68220515273788
-46.97542786099439
-103.7039954775064
272.98075066509045
-59.58804289763748
-29.637227971647008
35.755701644477085
518.5558777554288
-104.67328034171292
77.70509996964392
52.912940860077015
-8.302100077235082
-181.1031129462899
248.5625792719984
-50.205188741258524
356.32361779078565
-54.32731900895763
35.02689313047995
463.1572119957691
-243.83960476344055
256.03305824073504
-168.99592075939836
2.1797851378995006
355.75921371203003
-2.2565494299632998
-49.63836234127757
-39.813317796629235
-63.54547768831619
-51.73747283503795
65.26533489261783
-56.695518884995025
169.27568691477063
-162.55090889054372
-30.116658571330845
109.18229210321624
97.50116216719198
-120.37160868962656
-59.02146879891097
-47.027463897326015
30.58765771682738
-89.52816981333126
-381.0852017662528
-10.40695498551355
123.13210895705924
-36.17303799054965
-36.38507644740275
387.4211908128309
-111.34981625395085
-366.77037167876733
-65.17812963053439
162.04548696686834
322.53523678746933
-42.75778170620811
-60.56226377504754
-59.90612551807693
-3.770517721255601
-69.15382149477048
-65.13275827019515
-8.769686540724113
156.9714988513806
-13.372189944198908
-9.3543060740501
171.55644055573248
-108.13669867062957
-115.03190829333471
13.796938929611315
-546.442432156593
-133.13341825559837
-297.2769970879708
10.355438609931934
-13.344353169581154
5.429401374232839
45.11646708240551
-100.33704932514593
-14.92883613659069
-55.347217001341505
82.14469203359113
-52.19523461697372
-113.02730698005325
260.95321960226784
-87.90397193297804
-258.29779859747396
6.817304122936548
26.31894161530238
-109.71068188035133
-58.29894232593392
-84.77573821713122
-175.50151568550245
171.3560150683188
-92.30764953064863
-110.75612212175565
-76.0713507121602
-104.49059075686775
127.00379800160454
284.0578214574289
-66.67139007217253
16.785459686355637
-63.970604954689136
-38.38101361625951
-109.98275319220375
-23.067876839180826
-359.15305014708974
-24.273753894646664
-187.90295522542692
-24.84514490387203
-40.34881111803635
-212.26006380400213
200.07377898317645
-155.3513478003697
-71.56283561773307
-26.200067666923132
-361.77938579518377
-25.06032974413812
-15.876707102972432
-53.97062587697492
161.46047432343403
-74.62324118847242
-82.82045490164995
-46.33060523105196
6.668958361703744
-106.2507684153743
-119.00155723410505
-94.13174302427865
121.61337415036769
-200.5996939775432
-92.9718135765825
-185.59813882999333
-170.40113211617972
-10.63709778358687
-39.33587842954285
-114.5319094626193
-53.84850356848236
-74.5189907632373
45.17942591997053
-16.322496990274885
-50.69299175779738
16.630148566425078
-86.31958219034186
-76.6921702014792
21.77514699364474
208.4359937700192
-66.13785021919671
56.05352035122087
3.767362718222259
-116.57670170242818
241.29170980974413
-15.073175997546906
-36.55083221112494
-237.1178315200341
-36.28092908915278
-91.71889334225943
-431.12669244529934
-82.61826250209323
-223.27853117428094
-117.7639245584761
-100.80059841848015
-81.681863660011
264.10464214534295
-191.77223268409944
18.73429794623217
-45.36819709993165
-83.82002626961682
-35.34194691195353
-64.03832662162245
-33.96630960667608
255.45968835408075
-106.04967884031703
-465.19189226486014
-148.75939063867918
-88.50825360137361
-28.857379305520226
-80.72287626387174
-80.45349415079
-5.277567313906729
-236.8038478132239
-86.54614618091182
82.92468997055221
-373.58719569283494
-36.974207568730264
2.7719408871453197
78.31696463933076
-26.220228647761072
-26.993050761449922
120.80726760504331
-166.94319036659363
-45.162082784202845
-105.81512898559413
135.37077932996544
221.48540650033647
-63.32127603646081
-22.71395250863634
45.60750414559698
42.042313706862615
77.8722356623739
-114.06194752036572
-28.15524468510148
412.2861659951195
16.175047194858053
-119.08448373523242
-82.05861905228326
-64.87754598317817
146.96743097530998
95.5615450977657
601.2252863142094
-139.69914932440042
15.334654814776968
7.8651440174562595
-76.40448634250879
-95.73044904306653
242.47555854018174
5.179714597193197
-55.58671354100227
35.02854063547966
-10.620573189853083
-3.7110335533980106
-61.9305704195671
101.637883879117
-132.62716077171535
-46.54146541226157
126.05910639075682
-100.06656804490922
5.736701288287804
-60.89512770891903
-34.0578319779288
-65.15035209936974
-66.22594527002276
-38.35083403139216
142.77720673360636
-19.04275810784202
-44.068892911745024
-45.048159903287115
234.3634267638431
114.56429618636867
-121.40756476637944
-460.6291991651178
-96.38645965786691
-35.2742452880085
-7.998818351919169
-50.42669834313088
-83.90787764667414
15.671128530113492
-341.5513239295342
43.96912564034028
-270.8622099941131
-44.57981436607173
-217.93046888373738
-374.6476145437591
-102.65493358277126
209.15070400571858
-89.52923566000572
-112.46943663816091
12.09321283650388
-90.11916796382911
-16.635408565885882
-47.69630237189476
-99.10189781138995
410.83046899758483
-322.48196881904914
21.071404863354473
-60.13815674066538
108.46377986780499
-171.56792180556658
22.904542732605478
-100.98871284387317
-124.85327955006414
603.9395203097847
-25.09053544958215
539.7806961847709
-87.23313945781359
383.1468055181758
113.19829550881286
536.403694372324
-2.3141778675408773
-4.212399938716317
-50.71383829871411
-3.001436208111954
-77.13562331299363
-55.09387207377899
-30.747847299346354
92.32742402769509
-31.59733330078293
-153.98919374267643
92.07744959173033
410.3552293298271
-153.6497121951852
-134.77769417223135
-114.646682149978
-81.43912693348886
-317.71893966935386
-19.53884651362023
-169.46031717831647
-74.1690184105446
-14.003432685698765
31.95146604947422
-416.8567083965245
-69.44710549819769
98.11462288432813
67.0740975580411
-79.11836486778917
-42.051635861129306
9.025040546536559
532.5983172043498
-53.340972681324274
-253.68739383703542
252.71411390737194
156.962198531186
321.8689785934994
-49.50377739923954
10.487826681623574
-26.75599378156278
-371.60841191412146
61.3577076898564
-56.644999693997306
-95.7480443229043
-154.2497789211593
-57.262827453402
-134.35402946611248
-54.86026831656958
-83.0768131514651
-53.94537435437487
-66.10901512080181
-119.83767208296712
0.9874677431662349
-506.4386315787233
-318.17054679829016
-33.80974773742355
-247.07087118713207
-75.4145110647201
-51.69225276305038
27.875580556272325
-120.62566483732056
5.606176110391516
-89.19036903895648
418.0248981117693
112.15006658107313
-4.356182156212128
-17.24827831850598
-23.21063447327066
-91.21452228839513
-71.44063248128163
-62.28100733227969
35.22449497096068
150.15689510714128
63.26362648411032
11.108071227955861
-108.11679642456866
78.11438358710348
34.71380324851816
171.18727027846398
-21.915147146530217
-155.57357665551353
-188.24609057836642
437.55784386746564
469.88215699439024
115.90799658999458
-301.4195685541181
159.75614000950554
-18.36453557232835
-74.47868621825546
3.703810847742261
-36.10197761636664
-218.56231495975408
-44.869164343656564
-48.43431244543149
-111.00183090474638
-56.662250099388984
-6.927836786055025
-49.64193563621611
-68.63108817596367
-228.53568437068407
-60.85492672340297
1.0695966427794588
-70.90661370637554
136.09779116391474
-106.21258650826421
-77.34421509159074
449.8307898312232
-93.48349447451437
-51.73058225070015
-30.307530777489788
33.58923012337391
133.3108784820215
-51.30706486045335
-60.146426534445254
73.93324189698978
-56.36115092555573
-55.25183628275722
299.69322577921866
-225.02648894582126
57.0240419558213
-27.257632183671376
42.86458454042804
-78.19617855673675
14.732801268674848
116.91915923193301
-76.97640061683887
183.73862073338023
-54.20388889434935
-20.792897034270936
491.4198409139517
26.166924398775564
-27.177258408981288
-54.53006314284375
-106.86924772468988
139.58792867379452
6.442921671576187
-3.9087866688651047
365.7871269988973
-71.51698054472337
345.8385843843771
271.76737440332
351.90024567419096
-35.244391670061816
-44.82099592659324
-566.0052032970798
-280.16353839280237
-123.9677045821536
-177.3626933649939
-65.00865353112601
15.439815465327044
2.6364858431602727
-102.39846767503695
-59.526315559484374
-41.70606452816901
-13.661300214049334
-67.98153186989339
-92.2000828594937
38.341677536665884
-332.65438868506317
-26.171929983323935
-16.652515341996093
-67.16751198997844
-285.35180032645985
-73.65334083360722
-14.612369381209191
-51.000749212656956
-36.73390693354122
181.62099056103762
23.520406430003277
59.064448827003616
44.067600666896396
-71.51460780280962
-67.48434485300822
82.32708707785969
-38.9693579407658
-93.64865671862428
376.585793811224
-17.023392394711777
127.53206794957578
-225.54172359042968
-110.39967442917805
-6.067639936947671
-18.187697434247184
139.11228179096724
-101.91157119259151
283.1617487023559
-111.76594767133975
363.65961664121824
-45.73160730633306
4.112899171799427
-76.39897527979883
-52.35087974953922
-61.888087323900436
-44.92683490292309
585.100193841583
37.43082523702651
-8.85889706652597
-41.97998738078401
31.04309711048427
-30.50514977746642
5.709692740799078
-56.60840464707343
174.75591017891747
60.4685239704213
302.8263483303381
-36.862123337365574
-40.83393235610407
51.87329973801661
1.345728233637436
-99.79807860660105
-85.81527487496166
-29.78748254363427
-58.68701699761914
157.10758179425102
-52.223541454950464
9.777620850063613
-120.32818552548997
-74.30730163338801
-546.7645594333953
-77.30276758557193
398.3203374138975
3.9785216917225625
-111.64225679609591
391.0256315583647
141.80416738802342
-177.47624912175706
-268.16113536210105
-27.340002859140895
-93.31682887970055
-116.84895788164836
-0.17659678361474107
64.31605979484448
-203.91466595653765
-85.33520582496531
-45.17554085274674
-80.83823955673145
37.325852090007174
-70.37817253994399
104.14847113692667
-465.1202183245223
-95.37913077189796
-96.15627936094499
53.830795115512956
548.5758704787859
-15.079990607961463
428.8929321412488
165.27849975692152
-116.59236685089098
-40.424642873522316
-69.24249615670428
360.190015001941
-44.91023477173859
245.5406163547932
-35.00412884032676
43.82883796081387
-257.47163490397907
-38.79453553795065
-63.527118112880956
3.9680553435559887
23.939766739587146
-63.87018733295454
-202.5059080461706
-228.0626163404213
-73.51669913842792
-112.15142260833818
-54.20202142592209
-5.870897039794272
-145.71984123587845
-28.932147786364453
14.136656183868581
340.48170004021995
-417.14023033716876
-60.875161736236805
-69.63002999848388
32.192929767496025
-46.7738372407548
-218.96145957772387
-1.1277722960517833
-29.689697877228514
-338.80218464992413
-180.29930292902372
98.52098031160313
-38.93276161470931
-208.4401952504395
-63.627746925498286
100.50332436144072
1.1671855052269393
-601.989891692363
218.80584140719475
48.29958763253467
-3.599337229695493
-256.1056684291707
-265.0808235056702
166.06202569877314
-91.61552503574092
-17.490879568316977
-44.42396258684823
-36.35485522063232
161.03041232205214
46.48652311614751
-241.35411200761155
-62.77025104638153
111.13839032644864
191.4957957749357
-32.790489820562016
-25.307763425055043
-37.08895494189091
-89.47626385548935
-48.460026427927005
-195.74531260813637
102.04922983380857
-124.32380560117235
51.92032606396481
-213.278339473678
-117.28312892043868
47.76926014168657
-38.590476183243226
185.15977551099513
-294.32798282936346
-677.1401953420955
19.655109605155303
-118.91173203407925
-99.06598507044328
53.300687534270764
16.09055714562055
31.52021915097521
-72.20390749736725
-424.4710103696634
-14.321023640146905
-32.831664084647855
-61.34428126545416
-201.19873800243568
-105.66469943806896
-206.96560794436846
-354.7733128712207
123.90876027746526
-251.68810490415854
-59.843464593154295
14.707204762248239
30.047415127488875
86.04551707050086
36.52880999061017
-81.59538901906429
-75.80681208657813
87.8268421144362
-23.040989869554675
-92.18054945807671
-58.87255128589385
83.42412970902933
-117.37098087902268
101.51009070919645
-33.667220346091
-56.98817058919636
64.75513508275071
-29.15962221071825
-35.07688809172578
8.807751541118378
-12.175901357654766
-9.096607196544937
-130.52794736987894
-78.51501252104438
41.158257350520216
-10.933046316891819
-47.24570816217329
-14.071051549138161
173.5024574954641
-39.08197559451689
-109.8145861062394
228.57918097471884
-115.54251178105369
41.169546303804964
-96.75156219128485
26.22769221550334
-68.67948640565862
35.89254197583614
-101.3636249232058
32.89681026447215
-100.02567563602202
20.057363947875274
67.953735156123
-25.787457901976722
72.3475711369465
-182.34402601352303
-61.508287125382495
-53.970381693317904
-20.443907300661326
-35.494035966222675
-45.80724921270735
140.91861825129308
-7.194310488561314
-51.36385981331211
-76.29147141077556
-10.760638472333198
-98.7962743795968
-58.998643555259356
-119.43193456241988
-238.44245376111212
-53.9969149918179
35.11227599202857
-73.91451954129802
-47.90827767915838
-30.183920421404764
337.30471980427865
-143.522696470749
-21.21974184250439
-106.49755392137195
-81.24569497503762
-42.18837004620268
-273.296657434822
4.570550629265199
355.54753979383713
-0.21950200639184914
-3.262313151775743
-118.39016424688498
-33.60164627226959
-87.96829520206484
-63.91893422002977
-106.0603862187154
12.38987474191822
-67.88932406905155
63.26661832483978
-60.80415420474901
-98.54723029726458
-67.79708551820295
73.51716383367602
-89.16177476576831
122.94427187621568
115.9299586535708
-80.06759590951248
-264.52618623697526
-15.032395138452557
201.71338340614784
360.2654423851154
-77.83563179911653
-236.93676737038913
-18.155408091127356
107.69337205261172
183.23444054789252
-79.27384586704616
-63.352359211685325
-106.13192276107111
-576.0536520207042
-147.04739089561917
243.19894662308252
-86.72638832176527
-101.88680913414753
-89.14315318846928
-52.27417719590794
-25.566844524143043
-17.536156541260425
-233.02270040480835
-109.48997819941745
187.253336992414
-98.58569471054011
81.74916139829975
-12.807790184125253
83.0905684127174
-37.7715824783827
48.296841037712966
-74.53031808281821
-82.79779782860896
-56.16444199183766
59.94897168774696
71.4248759676666
427.2418220141608
-65.68116121164167
-138.648447720906
-59.16614838226995
279.1203899005577
-119.30732386532327
-22.52124945692559
-21.320147283028973
-40.32780591647679
-45.78090497784251
-213.06383681810985
-74.87882522464861
185.94391613414518
-348.0724897120599
116.47518903968239
143.41269968162305
-82.83464104091786
-487.1894345460514
-102.69051404715196
240.9359094379197
410.4526717464814
69.16953723416691
3.1321111715024017
-302.57948075541753
161.53862719738754
-125.57245704362504
-70.44563233040584
133.85818550280874
35.342360751767046
-119.77811502149416
-279.65636569841445
-80.25749818499753
187.91179791172726
-96.04717980787635
-54.68376019249851
-46.587207229383466
-19.052321642812927
61.86076535121447
583.0502722781039
65.80499335550553
-48.6635285723936
-15.336342978414905
-23.816133584399267
476.59978823618076
138.56580125772962
36.448988431466205
-48.26620218162962
-17.831347740596172
-103.53475999412255
10.657886583168874
-242.26319164555116
-334.4329932918845
-52.278913073353124
-83.16481784091135
24.184090080666692
-92.12553742411001
297.2366421608531
34.46797457674438
-42.926240316000474
-44.5197296562601
-117.48865659806506
-11.31891162893487
4.809738821721112
-216.88403649575412
-17.688300187849563
8.42679228482452
213.32314074432907
87.1403894010491
68.96693319886162
-20.900624826227926
13.848353551310039
-65.59124197506753
-450.6454852450843
-80.22516156187467
-110.84509649070492
-4.453224069049156
-94.4024851853718
-201.25866807540297
-155.72804695786272
-1.9987964604479203
-8.591582095035847
-98.4759727631581
82.19610317249135
26.203514785971947
-177.1327609451564
-400.8049514033246
-14.662745956430626
-25.025396303488378
430.4943653154787
-196.5529399087509
-150.00836723910652
-43.14153801199791
-57.00937739363013
-82.89306130640281
205.59970810859159
-356.89123099417884
-89.69999247693158
29.32301127975552
69.96448635781326
41.60806204805749
-83.6886695788717
-236.09864824646866
372.74306254387375
103.30231425164584
-42.64732541018504
-184.6242735929127
-32.980578647356936
-50.61097655391899
-56.90846647615555
-48.32004053054334
-37.47162498734051
-96.96944126012846
-40.47816227634212
-215.71048768750916
-99.67095616574244
-117.34886738715304
142.09616515974267
-58.02962997486611
26.719329510193347
-49.64445327006251
141.47696397311665
-38.688247808297724
-255.39379100655788
-47.670424006663964
-26.458471706828618
-68.81926488051018
-64.52357448164781
-86.40436254064662
-88.57006753300541
-66.66629309086653
109.81456164711562
-44.89462569537318
17.473912840855064
-17.958138590517166
143.17039734188074
-84.7449845834933
-75.68427781934338
360.8501775047698
264.1422617235112
251.26359300145305
452.46409257319465
91.66237640175314
-264.97783363440794
71.64333624891788
-37.229806508523325
78.62432142851867
70.56537266300393
20.81135067628884
-68.77003612671714
-48.13099363339916
-101.7147129175246
-96.35722140555009
-209.21807422448092
35.80504276386728
-26.744589744001132
-17.02395170457612
21.73204840806102
290.5061780054857
87.43516467166046
-163.44700652768188
-9.034058600726098
-90.76092722508838
64.3623707375009
-339.63380574452276
-72.30857639942175
-87.49543640087643
-124.25155021455612
-68.13626709045093
-77.59796740603906
-561.2420709354101
-100.9043606056545
-43.08774192260046
-83.15227571487958
-442.29596258897436
-62.540363866832585
424.70928284403635
-16.17415305524503
-57.69341919530698
-237.35929744134955
87.68443427301827
15.6032049985497
14.945065180536403
41.84378384393949
-153.69532420734686
-135.8246461784256
-45.950236549423266
65.73424497453652
84.91776586177912
-57.478650315759296
-548.9037287154388
-56.56189285364967
-342.000259401354
88.9678130143111
57.67304605876143
-86.2233325305761
-106.58169087921306
5.287209405362773
143.39570086760432
39.04773190970627
413.8137323634637
-74.7274010134655
-3.9180172581545776
-117.56085542007531
-585.7175584325269
-102.37824485220699
-1.4931713162436608
-75.58542494853853
30.331137925792973
21.75509706736011
13.455878001446335
-62.6280523889169
115.76008140314661
-6.916098399600631
21.026131648923183
253.899695097336
-52.46980238966861
137.59219779817613
-72.82759723207158
435.8532381266268
-11.2325099308473
-158.63576008291602
-53.33400496909536
-334.66673818450727
-69.51514042055918
44.29889746340268
-157.0629407008655
-293.63006900595065
-41.997659949768604
123.84791639828654
-9.136848868902028
-91.95257325832608
422.4128786391266
-22.462017662276537
57.79467477096841
-60.510339390315494
-68.38237803992823
-335.8692117593564
-149.61980658057837
-267.538131972733
-10.857225844045388
-104.63191500322228
-7.143654920038898
-87.72919141365719
-101.71380620997661
-82.19183435162185
69.7545648885989
-100.08544144775624
-79.86433329235545
-39.78512112764594
-152.7721992538718
-233.39937381847176
-59.15520784122964
110.79068877446343
-430.8824010478402
9.69512756810741
119.35464226100521
142.26121952698213
173.61718014748476
9.470877391357476
-40.760376836580626
-298.0750070861468
2.4039224013695275
-80.75370654328212
87.79065905234756
-66.56903669273213
-368.2287553301194
-37.39102470184012
-26.716618982561613
-135.8663540831766
-73.3940426656531
-38.25090705518109
-12.465855907290461
-68.5597710199341
144.5942337102224
126.94094647529164
-7.12637333175735
-47.46547444662587
-59.92239864921645
-1.729009035665456
-114.55051858185834
-246.34467024425066
22.757966034843776
-283.50296243857883
-27.88578940272177
-116.54052258516015
-70.0610258531774
-59.217460214642415
129.79881160078457
-48.75824198138616
-61.22994668892534
-25.199355247169706
-83.51743951835272
171.42298956205423
-59.075877145928644
11.753986148345575
-104.40666110934762
-171.82568161410927
83.03873224213748
435.5384352872479
-125.29327798389022
-37.399711040571276
-5.826326719080157
-86.62505249098686
347.75233730322725
-41.122221146101595
-74.98432808594623
-1.351981288015054
-96.12764293739562
293.9467550014724
-7.711766956861538
-26.391625292772744
-36.373537178768856
516.8860269475535
70.01505465930859
8.993539014441922
5.55500250613477
-80.27228754991921
-69.39908481826205
-189.35239000919864
-72.37457546726216
-313.43354525557515
121.72668776757928
118.09592829726353
-248.98852554177938
29.675661141862292
-79.60983401609914
-69.91701253898228
-28.764829383183343
-221.26776809676994
-312.1130759628413
-10.809837535841325
578.8806519512273
-75.16455843750828
79.56075712164056
201.7309164096314
-124.54546207900897
-40.12552415450403
-47.24233457374744
-88.42211406325077
10.521760212689559
-57.26809511884388
39.13778425775581
49.22343085947432
93.55739813251057
97.6403932721696
-30.791751994863716
-39.72390655200206
-48.121197348080514
-47.302324676275845
-6.728131092095282
397.83245896572043
346.34503962433337
-58.66344122632108
137.97488530511237
290.44306071400933
19.578806830796225
-86.58498040210007
51.271034468232756
-20.859102010505012
-51.01568459090524
-90.442968950887
24.415489141478247
-61.84563897243372
-21.681336548516015
-38.49654244590238
-55.62169995840122
412.3747412823668
39.49862378445687
-23.928775872438564
85.70052158819226
-69.0731538596259
366.08177422759945
-256.1989317810985
-17.84584851670479
-26.147842781511592
-40.055682894422716
35.29124627240867
124.62292613524187
57.92794983858539
-373.91187973674187
313.5983590513897
-87.55543038097494
-37.031711965508194
87.08597066506809
513.4456910354802
-45.63977896597862
43.43578422686369
-76.53178425712548
-75.24707490398708
-95.7982534179637
90.08665563242539
-34.91243344571435
-70.33386823980098
-139.60706010319427
4.289951498035407
-17.119733617114434
-42.28479707858172
-218.36064334108778
26.507074354824454
-11.834731651164475
-89.1134220593658
-63.762699670447546
-29.612558387756053
21.189957356744344
-47.62230169803752
71.66621081892117
93.20205266188896
-74.09292146892417
-68.60181836289212
82.51924261116756
51.01009483978669
-83.03837658122356
-73.72741828937939
286.16704557843696
-64.16623068284353
-43.377561647822226
89.54155986073238
-63.08025314347644
-140.2533111235316
-172.5824008463842
17.93062648706291
-60.915332911492555
0.0960241874518033
-43.82390044004605
-121.99460937862932
-338.8020640591585
536.7224800029926
9.251907101393613
-18.70915265241826
-598.6124091877555
-280.97413551958925
-18.803607232787726
-288.63121946850333
-45.15562823533128
14.732120858313465
-35.35361664614584
-75.97474034931014
-102.97581579731272
-32.244117778026634
49.34340419369801
-25.58488487723571
-52.8229260509338
266.79603760969803
95.12601549482679
57.09344871958456
-132.87014194477504
-20.513665184253114
-96.2447551181549
-87.35130939414921
-79.49586485923585
-66.39532995628556
-242.66131040465643
26.271135540067917
-92.05486376610861
-21.168362582092414
131.23362464186357
-295.00866111648065
-75.25325038173891
-166.20410695950704
-35.23649833377556
-133.0530169672893
630.6592893648085
38.46241133417789
8.380921785979808
-197.84313359305816
-56.79770985482713
-56.62030093457485
503.87160225450316
-77.08363521456674
-129.77870058816552
-223.6355096948946
435.05974835237794
14.590240913276261
-194.33671039905857
69.49654775800923
-269.61902086635564
-68.06706388900216
-190.63171886791497
-54.09834509664415
34.480467973126
-26.997706196019863
-7.829773546055264
-24.686853582307776
-44.05533502897697
-196.03751434008882
89.32948895013851
-59.96516543892831
-51.767805221160415
-80.48702508867063
-50.40817638740409
-112.14550994155616
-49.2690714139153
-44.08373025471337
-196.91794124576336
24.45823682035433
-7.476764678425752
105.82969539094302
2.496897412262396
-67.72971856944676
-166.626744526764
-90.92617450776197
24.286513135223686
68.86345814184824
-215.9451108122921
-9.507819831620964
-97.03397277504799
34.6937919369816
192.2770185317986
-33.15217000131931
-30.107679470577295
-48.68905814962443
-166.18119512584053
35.643520125057876
-357.81180519103145
350.44991134906013
361.39375671615744
-13.89556811256034
-82.1550345689916
-213.51334697449238
-184.1930584223919
-55.15968168584186
167.41161084102623
-68.38176800965414
-76.17680336507692
-132.29395979887158
-22.164455005892023
-35.59102417746362
40.54925265810016
88.22361729590739
-20.33382135732427
-8.35475124668028
-98.08439297677614
122.39281296544323
-70.79219474390356
-216.41307772885375
87.48618029075806
-53.737945664983705
-112.8331108213506
-36.0763343947691
-122.62019809857065
-64.8168870123668
24.9499759221373
244.25526703490323
-66.80573554102193
-99.40658761601354
-78.43643774255725
-314.6570614201373
-80.72565100860157
-77.90405428247706
-94.9379488734444
-23.23327890817825
-28.46238799686006
-111.94478222243424
60.473572515054
-82.87695167588845
-47.94410987794886
-102.2668509581454
-27.055867785604278
-66.95368101378335
81.44609703713422
-102.38784989080881
-14.90170256970032
-230.43177707311406
-78.92877936143988
16.197513308445195
-186.4626649245547
-120.81557416851501
-57.40620891947583
-27.572821079577043
-10.639096235707818
299.48103701883156
-4.9684925601713985
-56.17045568374397
103.29264498677549
-104.53889358600892
-60.380325470104154
-40.85188660779704
-3.9277664162452766
-28.441275677317208
-25.250636906421814
-58.443771107435396
174.9510297065326
-95.99438072012958
-56.83957081345579
-2.755203787613482
-335.47660545044164
-101.12090931405237
-49.88681878805065
-54.83436429158564
-94.24603096869502
156.22279348360826
54.04543082269629
-58.25213450493463
475.5368988701539
-85.14141002310816
-40.17881925699476
2.389091860530243
-68.45568624054278
-76.80927757447137
-266.8894209750142
-427.6971441289443
-60.587716338350226
-20.12538461051372
-6.973439491353728
-323.7728161031264
379.80785080641
-80.42582771110881
-200.07469389549624
-110.43812841043837
-29.118631148819986
-93.30299692690915
-324.0394292493438
143.8429055351471
481.0435722705133
-24.598535208468302
-33.97789818284412
-99.00881810960036
183.62118169491077
-17.42500877670136
334.5742955242622
223.18869913397248
-92.76215529758883
-314.843250801001
123.03943264637019
191.7661026331698
-65.92087602592983
-46.41890287249032
-80.44104675356266
-73.19059058878891
19.155879775422363
-61.14575888345756
-109.57337578589797
-92.73675651252331
366.3431513382602
577.3933379887003
2.269636771958176
396.83489896936953
-57.452275596614605
-78.0333198645746
-110.41232382986561
-48.844806957731635
-577.4162547768901
-9.612981119442054
-215.0556489246901
-59.235392155827796
-47.07122613532829
-127.08232955637322
372.45027947447306
-29.11258787271572
-19.359055995229937
-15.405383120814292
14.968481762534793
-70.4272465896044
-87.47358978676745
-65.71584619795885
12.524694054878353
426.34563749457993
61.25347404623426
-25.555942401320607
-246.6959768112365
93.09494427871141
-67.75176658394957
228.15005386851772
-11.667323076997455
43.21281329910167
326.04918469991026
-40.63273857100389
-37.758904989019356
-65.07881326408972
103.48838960071771
-292.7058881874327
-46.64908888886339
-17.241625844269038
-51.33923279888626
-108.57979001325657
-38.37705831408755
-69.34761423656624
26.46088193859623
-67.52607205763115
-52.10052961949759
-88.3764814690038
-30.66088722343503
-19.038971614949936
-6.238358645208791
95.67450527094479
73.90371948802203
-57.30754552179005
-107.3859990625333
-54.60939656218761
174.70477144230426
-6.876316748215686
-93.07742116324913
-422.25446416110753
340.6702966740995
177.0791425618545
-45.71224818200278
-28.0747826708177
36.20302493996928
2.8208068746544086
104.26256080259554
-438.835053769717
-65.06728629938605
300.39128184086076
-246.43157775397412
-218.7259753615417
151.36478367223935
-59.81667686016373
-77.61163421050514
-58.690915472614165
-28.526483088842724
-206.15261586170345
-258.0639996509635
-297.7615682504984
-20.28101624265946
-143.83469152648468
-51.79591630766281
-76.7363749803543
-3.2284912912296773
-482.58981908259375
-59.55246707872285
14.640300569898187
-95.42681414678918
-32.14598589038894
-79.68218585483815
57.11281390532531
-92.25619064215243
-53.32625957192886
-19.892006626983857
-42.274679609126665
299.98029359994143
54.20666241268691
-50.60109015720172
-147.41532738839123
-84.03345643766023
242.29407353874194
184.3628315862734
-31.547899480320027
10.29621293172559
-86.15658551271349
-85.71486389595547
22.147143786598463
-111.4355079861707
-53.77544198542309
-12.403682589095297
-28.750623280500093
-81.19897892723823
-87.06194010996478
146.26031248824984
-38.0061875221598
170.38728819063363
-42.07586581521773
-87.57183341555537
-78.0216109449666
-42.28026681487262
-39.02024814088541
-57.03576303986025
-34.168555391177506
-101.27358686445132
392.19414473726283
98.35099827086196
-139.16974404689427
-309.86596171352176
-286.9204940123145
96.72973733976505
-58.00643347657469
-87.83152905749736
6.096080746321604
-40.88200111138815
-62.63376154654907
-108.72933466685026
-53.43491970876494
-84.3432077094194
-345.2668669854538
408.35496561555374
-66.35918290254995
0.020712576827792668
13.136209826552658
-55.289589397140844
-125.42602629932662
190.18957707022673
-314.7575687250628
14.805430827014789
-98.80641653126622
30.542139299730707
-103.11664483413188
51.385831563520696
-47.52731012128724
-47.7582547727623
-70.62774781624671
145.44392921912095
-29.976658388679425
-98.5592480612504
-188.0444757022642
175.61781957216135
-28.033328054467216
337.7793227877164
6.287470032261808
-72.10581185830105
-45.35486020541
-56.78968030805369
-24.19841228299242
-75.02039330938617
-29.017379450154138
6.7324828376258665
-46.562454702204434
-61.77238825022515
-16.95488301014897
281.59308939073344
-86.47545268905866
25.494782237649588
-115.25273978124505
161.99155940645142
-82.41725525371112
341.5016036296529
-110.10119862566432
55.934458256589096
20.10494356448453
203.26962963299047
-44.63571820490912
234.21756804174947
81.8932636887057
38.39783887077101
329.71877768146805
-79.34915605234926
91.48870167126051
-51.22974296660639
326.7198656445307
346.67427869434687
78.28010780700788
-114.06356745689573
-141.82227906140542
-93.68085084352424
-36.36384623863205
-65.6288912685514
-290.8204464536193
-30.360876708770796
-55.17278679656738
-21.086004808965637
-101.19035763984374
308.51877602897366
-61.052832350518656
224.373825129971
169.63262414976998
-79.9099666596585
477.5799229589211
84.81155764792311
-160.00753516351688
297.5156430065126
-72.72505998763472
-29.459876990683153
-65.08208942366802
58.915061687101115
4.75257011673844
-21.192708820696577
0.7351833319444268
-37.352617350006085
-55.102764525504426
-79.3271190819827
8.166348746555741
423.0012012301722
-18.41395097402956
108.97815437959252
-222.97063153479576
-97.53715519427449
297.65315629751785
112.18680279987166
-55.512365278960715
-168.30612693369767
-73.19665890768044
-57.0370677575429
-127.5911615775473
-255.36077687777288
-3.910119268618928
-20.721251151357137
-59.49452319122611
-156.5332876740572
292.3527505719994
27.423787122648264
-266.26991043823546
-36.16977297925742
-2.5593805564640206
-106.43166623858633
-279.09227118885065
-48.60327443029928
-30.717488741038323
147.9703359662526
75.17541239248567
-83.63287348777658
-38.01333262187633
-20.27446686516962
28.99488352261733
-18.21782052645823
-399.44534527082214
42.90766807719319
307.6004263982013
290.748469378339
-216.94139527088646
19.234603537566727
-146.3812261795938
-45.35688571202067
-43.050317410309844
-496.4227770498219
-37.4162747121195
392.27868119402046
299.6479133855901
-73.0217724853124
-32.8956868997728
-31.01408689238997
-302.16436063008405
-84.16056385076259
-83.25955500116672
207.64821619633403
-276.1828790020718
-23.94385906016214
-13.517893486925686
-9.947343041733802
-6.711921778642205
-90.92428411395287
-101.29880204661094
-57.48189397196051
9.812521745463698
-100.65667958703104
-64.32812366906546
-214.13755997482258
-74.87649720120979
-36.226148070421615
-183.4272656362118
150.72715781212355
-92.6051556977045
-34.150220317503425
191.09283313025662
30.101145973061648
-62.20538592661827
27.303193165565062
-67.39267807112446
-82.26507118353948
-121.71677308968538
350.38256607001495
22.528765496555014
153.7580766327278
-63.82276289392217
119.07365105031386
-56.40553132604636
-83.82802500085927
-82.98312136181201
87.04152198210795
-64.50111562685478
-58.98350620337351
-81.59974020324444
-126.28377343110697
112.60429048874357
101.22678095482479
225.1483092960152
101.33008456517746
16.089644900255735
-88.27292756627352
-396.6686145336971
-161.1444763633017
-29.792652240782843
422.8753883174013
-5.527048698949007
178.81470244659704
15.90631209748608
17.16960458651488
340.33466693785203
-69.64643321711628
49.202928893983994
276.0181845299321
-53.576340027863864
-87.01206331873223
-10.615350694510198
-72.08476462145472
-350.9399971043367
-75.01013644954037
161.9560360079886
-338.00426139510637
-64.16815217992917
-118.70862627252245
258.86356863701985
-91.44507354392958
-157.85404766201646
-65.71942382294468
240.59310675286542
-82.44324565431953
302.1652142656276
85.77565670704826
-50.411745929619514
-37.866116351285896
73.35662103917093
73.74030377311283
-241.3771451753364
-190.77794243883
-67.99237896624572
19.889933656395783
-131.43430752179847
-106.09190576202627
-9.285476708854787
-298.5345449649067
353.9015872722539
64.90388377683303
-7.12228595859392
-302.25831431484767
5.2234873765810335
-67.84609056938511
34.617725141989744
85.72396896483406
-61.67515411434579
134.47111159857104
274.23164962874216
102.30999729519772
-68.33866418783509
-95.21551407296973
-108.87555726060236
-374.8211813712496
69.56971077691924
-297.4224119470982
-131.80617021431317
176.68628628303486
4.440742859812253
-94.6775751110763
-32.05403894430286
-104.03000064603467
-26.45756189430722
-16.856089855607074
-221.38375414882103
97.81815409790897
-104.77727198487743
-152.62738206241374
-78.05049869957656
148.30224972121687
7.159534115275896
45.770096958272916
445.3050021798008
-269.2103415394067
-106.24981904124701
86.57922861511452
-40.201766300829654
-101.3133300298258
-12.322114376183382
63.66333794984348
85.71020784611574
-70.7037401400579
-205.4211336586268
-33.41866724338797
321.83000906794405
-157.0908313312375
157.10350734084705
-68.13522344434747
-90.1210471473459
320.1169168894012
-17.156712187941558
-215.5377054078781
-84.56240823698066
-84.68378027680552
-47.53530398796238
-44.953445912926576
-49.39356725698809
-74.94935344198711
-212.57681619290634
-70.92625057455416
65.68818204882155
-44.912123711776076
-85.91893420395095
126.15869668669075
-359.94815349310375
-356.01402233646513
-81.7689674324447
-171.61299895313277
5.093398434783012
-109.85709237529208
-103.92870169503243
-67.87988342264543
-45.776664324952534
-443.3848350154585
158.0214821783802
2.2977501690475037
-78.41839634134283
-40.78735325757911
-168.58565635727064
-209.09198332277447
-74.12563810556037
-25.158981721590862
6.188236985429396
-58.770519558861
-48.885033378724074
-239.51063333202546
168.04767002442895
21.300213764277032
-288.2112541034112
369.8386114565019
-114.68093844902069
-11.501992068759137
56.48227935848627
-355.5348444153851
6.752046983319815
-96.50366664592647
373.0494713258486
30.161377294313752
470.415885364293
-24.98691172853796
-51.27934356187752
-7.6164518544715065
43.5120058366374
-2.318103767314824
45.67295947075036
247.1146983893923
-152.0703581419857
37.203781764537794
-21.603975787124366
-49.115689230311546
-20.47517054979471
51.32392354800959
430.8797361683937
-92.94957707223051
-47.406810905953535
-494.9612448900716
-63.75628195221726
-248.42298291198313
-106.20118145552826
-146.89654075630824
-164.87740326333187
102.75875702665917
-2.163419825239828
-432.4059687773406
-89.12636754665945
152.10313941009736
-37.76812484758351
88.07832452895127
-10.375078900201608
-84.36984647891677
81.29361344810695
-182.56685941713476
-22.093119392038375
-14.16011183379942
-153.94984421402114
-453.9198701305959
-17.862102973471337
-116.45182738640324
-43.08127860208835
-76.34959398114891
-9.142040155568635
-43.48331088927671
-68.99113470893947
-104.10875683954418
190.191171584107
0.8924830528030725
25.85163263421964
-62.98267107265201
-28.067349253844526
146.92255519990613
-66.24808840949072
159.7198611542317
8.61049018283893
55.073993186184
-18.49667628992267
-387.174011497631
-12.446475356486474
-520.9072070644943
-194.42513335699914
8.047177848263821
-420.3509376919246
-8.714354229482723
33.151789899738674
-83.59602115135891
15.91584819840773
-71.95426627108463
217.6242722474508
-11.62367601448841
-64.74437810112795
97.13484435552891
-15.804294897618888
-43.8229325130219
-82.10689301305304
282.3689479852965
88.25103247413608
-334.2833429396196
-56.75578807192106
17.923712427316786
-238.508094951766
-51.91519891380631
-99.77360215990545
-67.52145714853867
-24.46740588530156
449.3963439097024
-69.5040593887856
-52.96110217032583
-14.189521424379416
52.14999020742107
-385.5125952489325
-60.694478670216995
42.71622441914906
-151.37373851348275
-26.785488331966917
327.0276868614783
-70.67080685007477
118.7612879691792
-104.68102564705077
-38.12735546879412
-77.93804220649805
-183.10514411032455
-116.85912979469231
-72.11453884461844
199.17667098528364
-43.10912798038407
-352.0611773572382
-3.7487362748977544
16.53215493760763
21.512546913611004
-28.578743536110828
446.7065265751198
-51.98243330573132
-82.58951138381535
57.961098409365604
-42.49587990123944
-146.92815301635528
-20.2979441571415
-52.50734041261188
-79.60196537750903
103.81237785353733
-60.8410935245778
140.807507205629
-74.10456655452163
-81.99654145584282
328.50813825120713
5.761024433899365
-99.31974678250299
-31.759496519317064
247.87961252680543
-99.27809463144786
125.97018490916344
-46.97854382267178
-252.346506699183
-13.870075140315748
373.5838557615716
-24.963117411680287
-46.87943961315734
-203.3107633666932
-84.02607258236677
-47.416758552402825
-172.82148797253467
-91.19162353079264
59.14713682730212
-551.9496758626092
-106.39219982255062
-106.26414068356462
57.20431048505452
-72.22344287614305
-33.36441347002443
70.17975091410517
40.10320518834487
7.129361247944871
-123.80885385727377
-143.06191821514605
-4.389438404723478
-110.07252715513992
-157.19746266482252
-58.640559681447826
91.39312084450103
3.8550404862903633
-11.79721165589217
117.29424994201509
139.1787273248392
-44.74460998413065
-36.28805067927816
-33.77368059781293
-267.44898069491865
5.262468959754187
-34.98603495003954
201.31948916220608
-119.74836088099437
-71.94340980681847
8.056775407208988
-27.93585015175904
-20.855550862494056
212.8167473415051
30.191835388170148
-77.57753285985075
-133.8651148693334
-113.60981918747977
-38.79927091961872
12.406414937357113
-38.986711366200915
-30.561923007782752
-116.27752191046238
14.15038285197807
-301.1560159177752
13.236550281490054
-72.52127448224383
-88.91594518316153
-75.34726004272488
282.60249645279146
-96.13512307986457
-80.41791547341907
-9.937383386065676
464.6041012450114
-349.3204259352897
215.18474845152014
-409.1730989035932
170.30122563090845
-107.62304531187617
62.93566278425533
-376.44956987646947
66.84512281094658
-268.55035492961724
160.9505982771043
-45.74903146890462
-88.07963782403152
-122.61186990239548
4.170368049219178
99.68664548479137
27.488338636441767
-65.55850205296333
99.81150001691958
91.12497017110218
-25.544132199160604
-116.53359451642245
-65.7551796837953
251.63208112938628
-369.310411491997
-35.07133659502847
27.105828539934237
327.9303869711857
154.32771993161623
161.85068008435883
40.314973593752256
-246.20944516333657
-36.2816300772447
-42.05884866252628
0.6107857744923422
-59.19671390641589
35.77003148511312
164.7204287622062
-14.034321731867976
-4.718150905715447
-18.080294810219584
-10.326925981142267
-74.32616284780852
-90.27434542301307
-39.965742093386325
-119.06401120157761
-228.1194137598104
-73.88643424234988
-88.96260387290295
-64.50649955336303
-77.04491437877431
-114.43936678611941
168.50654640703397
204.6363826947363
-32.89167345828355
-28.253469210572803
20.737959320238588
-546.7380513679909
52.97383910090372
50.630390042231284
19.663102844685113
-112.0758875098054
25.342159538169653
-16.47936318446667
-81.88086554369514
7.373016147210137
-271.6106283440731
54.737893043585245
52.54989818290778
58.36949183110255
58.87865895399409
-43.54031392882098
-38.278993320135214
-255.48749644252166
-40.04650678897087
146.93807976916105
-60.85623057768057
14.601551762944382
-88.03412521818561
-127.30624290587821
-25.852458481476788
-25.38348428269137
-127.68353132344419
-343.31459711839125
-167.64040183336692
100.02836619294794
-69.84188048694068
311.70917596169056
-106.76617419907879
34.2318244010815
50.41776811020782
40.2591293722362
-57.47477334416961
380.1994666337705
10.647072208333611
-140.67743975835037
-52.2638499497657
-84.10857792785828
92.8135005163881
137.90187857405544
-125.09302472627678
9.379494258055274
141.69253594072507
60.75278894155849
-58.40447201947272
268.63179158359526
292.76722428870926
-55.151459207322276
37.289228364992596
-72.6456232292612
-77.031199640809
29.008512093438185
-25.40273507527985
48.65370419141573
18.19461752060124
-240.70362847392607
-76.30361418574917
-242.7778176468155
-200.8659926163091
-176.16328039437758
-50.06976896140715
-10.513214528267326
342.8666779451596
84.54218745131948
-23.949842771366093
-33.57880289980631
127.49957728779191
-119.95072217017628
28.816134495766164
-60.469082248258154
-239.88929186907626
-140.59214223309573
43.16407877016354
-147.39120704064044
32.43706148217257
-23.01081808378278
-265.48634442643197
-56.04597983678161
-3.865649276359818
-18.363878497029873
429.0852630467598
136.33793263787447
-72.56771791940132
-60.17156503407182
398.27082033212537
-68.65320457129992
1.086668913126168
121.88769409436827
-28.358425573994822
-105.60763123845936
-2.862896177958646
4.149732519343303
19.619091985787236
-5.204990359047997
67.351553118031
-29.066386005837785
90.85365688805223
257.4713699328295
66.54890317695117
23.783763074889066
-50.990251106640116
-138.6986094676573
-10.75755439106797
37.940384863426516
356.8731295793277
-62.470928352529
-75.92657769561363
-41.048724868680665
110.5078594142542
-290.5958180430989
-122.74546340256711
-86.28806228002577
-463.5174662951122
-64.58082783882868
-60.22527200987018
29.782525574948522
-139.03971710108817
115.17942111561115
-9.235595751601224
-96.06312757947947
-147.13189989141574
-365.3115733758077
-52.068234043317716
-36.62931226427429
-84.74252625273704
-73.54284253906735
21.812915258641027
252.5309393011812
-53.663074633746874
64.82898004272465
-41.46566193448456
-43.53138803956517
-23.94214915817315
-417.9713577804105
-155.21619444910175
344.58389830979286
336.59220841477145
-22.99424991119193
-165.65822761968047
-8.940688962417713
263.4917919682148
-289.14617352044297
-96.63770224831543
-65.53523634658593
-70.83469773229923
-51.282674648884495
-25.62753407491136
-83.41904982276068
-64.09784748085296
-74.1100471919833
216.9031776073225
-12.47320779522488
293.8653708399106
83.24511628200344
-5.809431939056594
443.9805369894402
11.860523159750521
35.14918524573659
-64.05224928111514
245.43606829058808
-8.500982044247678
-605.6072789456193
131.32816534992526
-175.71760849391194
-100.39407404750644
-18.66438860809285
27.190871753149167
-75.65597430054544
-55.439472206177015
306.25508861759954
10.306423223429137
-43.99760312115879
187.9419897957414
165.48049848090886
449.4741927660398
-175.14746102027675
315.94176184780736
-11.821142752409287
-55.8833810443204
-112.25615272731079
-75.25516416214856
89.60454091997144
86.01843307787021
67.28642264478617
311.54611039857446
-42.13821777657847
122.5034618179161
-38.43357409565692
-176.4892109627126
144.02241966637303
-104.3940649666838
147.05615374089666
-448.2040686184773
-62.60984128666561
-9.426768265337614
-290.5098160251291
-138.17876339268915
-276.800546977729
170.82091095028636
-44.52488774036305
-354.7535366633456
47.82563515289439
-21.87588677044323
-57.53430920879525
33.52744829267249
58.397132190306365
-144.91237012048532
-119.83446996071416
-52.793221052464126
76.70661410150933
-47.04475597642477
-19.383669585324242
-39.12636123252037
-78.04139752811405
-287.5228463657204
33.63919483993595
-46.069977846093046
-75.68674100829232
-61.289918653527366
-468.45384134249343
62.225482211485996
129.88634003485095
93.44098230499912
348.54459307763136
-39.90871267804212
-98.23195869676398
10.718779742033803
-29.00484782339454
55.03429168461298
133.5755017349711
189.9107952708273
-202.00582711325842
-374.5549759008136
-28.7391990646732
117.62855665200004
-51.67972950255353
-50.168892708639866
238.4595741990688
-265.58899089488295
-29.685086378577616
12.171879187539162
188.31708026807792
-203.83069050571248
47.66034104871187
-102.22406493325843
-73.3393787222636
-73.48170481704437
16.98541291157926
-42.30976767788343
-85.70545939830663
-35.4821799492197
-80.17676412964784
-37.74187125982098
-51.0805045403865
112.87762920751993
-15.554999671425776
-18.136063765372455
-555.1487190978587
77.49544740850297
-158.7656776882286
12.79996557373454
-1.8376080017005734
-36.467917656192355
-45.02334808749339
-94.32464548860689
221.17287359078364
-64.35178427897937
166.2737345172618
-101.01992705317127
-82.44546568349803
-25.88869717527723
-14.58945167056936
-84.05893037665737
13.352905647535408
7.196070734295063
-71.22794564905173
35.95634216031431
-260.4554520645961
26.2487906788665
-70.89283898584199
-28.696046383352062
-239.14598631110312
-19.545820307010533
217.27091651057344
-199.59113672553394
-144.927009591639
-235.9040399203168
42.0415088171103
-471.90075346628873
-79.26110516455446
-83.48996131139472
57.11385044342842
-30.312773458450465
-60.027293479188835
-84.70525738314564
359.5009845388995
115.63146408171269
-53.155013750241224
58.20026636290822
325.8362686107921
-48.31199934659617
-36.268604149001646
-103.5691190567668
-28.238379347379094
-20.72573648420712
44.534888319175934
165.3194267941235
269.3067872666106
-18.212873404037964
-153.64605190229304
120.3065957150684
7.415904696084608
112.68528482590477
-72.0140016166557
12.008516685064023
-264.2441280473904
-51.80626672559811
-511.5388832954777
-37.50840846564097
30.554034192650306
12.180785386904518
4.265302294974845
13.516386093362826
-463.1618622083661
-15.758177188763252
-49.6846893240932
-9.301839009696096
-112.60810316580955
359.5130809618877
-94.25538114160554
-10.728359379646381
-88.35225196452473
-156.7670463728591
-58.01432967438055
-47.521818458858064
-0.7334492161066919
-15.389421178973862
638.4376926401164
-103.1913212648299
-182.54189390789725
47.94452896752409
-24.702845963790935
89.19353531867455
-61.65160961709574
-384.1104178227288
-100.76776628899614
-193.97114867067648
115.17181900601645
105.05969714492949
-88.1450011482575
352.95795372020075
-227.571498430063
-38.64391418841369
-198.3962252205256
-263.9067370437897
-40.89246345027792
78.44625843170434
-48.1473789224608
-10.672858022198852
-72.8219706689597
-291.55140681502417
-283.883932082299
13.46675306949055
291.5656222209782
-76.19859442896473
-92.87988943777546
-133.44159394871895
34.76479678100486
15.78110349783583
-73.85062800742352
-43.201571684090595
-98.37294026351039
-47.410702132715244
228.97950251454495
-46.514454450103585
-240.11907352064554
-73.3788219069277
-29.497659375358126
-84.98118790938383
23.10465068141093
-37.87883564893855
44.043066192116385
-73.94703012642753
-95.96898892705056
20.832439363894082
-45.39051956662297
-160.63138196333966
105.79607177999787
23.606146823223753
-29.840446642661846
39.42981445613623
-160.587103142876
410.0808143512095
-337.47045915366107
-35.906261332453695
-27.11271081563882
-77.53530391565927
65.15411246724398
157.53697415496754
-37.355665868969936
-28.336852160078518
266.962803167793
426.59529646105693
-119.7838747917267
-164.90762735552198
-77.93376521907943
-44.633569683062845
-80.26506222045464
-91.28662868763074
-25.70403317660748
7.3978811029029545
-54.548875721688965
-90.02959080428406
10.019924835008439
88.51186158867813
-96.06575505845123
-103.51239021580419
164.9786016524813
-111.10712446398429
-92.09749580064178
-25.830445111210793
-95.9220402057536
-301.98528772959617
528.8837373565984
311.05793700270624
25.056610850406287
-355.6822243126235
193.8850160926304
2.9246148809816077
-57.64267940072125
-184.42734209355513
458.29845600148474
-264.4124688087986
-73.68112796044079
-33.688520206493195
-41.96486796860199
-81.3022017061292
-97.49552884567902
-98.68252165220136
20.94902677861046
-51.474090312920225
33.07197789010388
0.20387132082266834
109.25754220325143
43.99731308844139
-262.76104068715904
-21.98954257040714
-0.858731814901148
-107.17835786486035
-111.7239176708296
-116.1261911321053
-95.28134210073902
40.09884969918494
-428.9473667848106
-8.156191878049377
3.245547050728419
-55.458663975538286
-64.89697720700497
-72.48699575077626
19.71686022161906
-74.39543057424085
-89.38550558416317
-133.7425746629342
-219.66595055750804
-78.07879173361933
3.77378718341879
44.64670688683691
-138.3445138707193
-86.20071617508134
82.7939253203158
-76.37046855555703
-0.9982740435079904
-89.90919251024945
40.90611422703569
-98.47065214990835
-62.747384042951865
-41.9973404141183
371.66803893974793
-230.07119061615867
-56.00781543285881
-32.32365952018577
24.60419837559948
-48.120754089966844
136.13602594294844
228.77536454199435
-45.378537425716786
-341.68285306228245
-14.386427967550503
-76.40542203109062
-75.31978620832557
-32.07348516021445
-131.92555982023623
-269.0005266132657
63.17875441322076
-167.83857509421068
-11.024551850162823
302.36140611589144
-28.151605824065484
-86.76377554655657
-89.45372820507146
-263.3884330406563
151.2191027211993
-40.84389363240098
220.46823158332154
-46.85704891294467
121.09634705888311
-15.694434947714967
30.726058003006983
-335.950907909506
29.138716053150347
23.336895284794082
-395.2599837121161
-190.15113653648223
-90.24153209896576
-94.50822583301166
-316.20688518155293
-578.1851477979417
-80.910267863851
-64.67560403481484
-44.76989722207054
-193.1383440187119
458.81373898970014
91.35901135960285
29.760407058004603
-413.9309406114371
-198.2562611557787
-95.56352229590333
41.74440354594117
-79.26429582042692
-99.70515492292658
149.6260899263034
3.9992524740282533
-273.24708307462606
-59.61519781483054
-64.9381878894591
-65.53319047774104
-316.3498380208148
-40.42443844169247
67.36480063715862
-92.23845834583335
-160.044658077255
109.10273600923756
68.42297816816063
-83.15957436613098
-108.53032708759693
16.80335327530156
46.77735331628355
-151.79901679831892
174.44282617556019
6.218291013397447
-10.902730339652408
-29.889931329565268
-109.93980280340293
14.417816513217428
-86.09161622770708
-136.35841358905327
-64.2412721558484
-72.64233761794276
-43.46375185383207
28.307287285929306
-85.22812181355766
-392.57382882856837
-16.466109189921553
-34.2497228893244
-126.8940907365959
-89.16128041401043
-102.75397732881234
-70.83805604575645
-2.278939053268914
-33.95715946791838
-60.96773888837212
89.0984771080175
97.17138296777011
320.44955716595723
-55.56539715413419
9.949988631653468
190.7783319815244
24.84068578137385
-117.07577945391131
-45.566600300503836
-83.12277408193313
-19.701382727213968
-217.44399222844368
-47.7542021103846
-409.2305870664095
123.71861986241447
-180.71932523607575
-27.219138295171582
466.8760253180135
142.6275867625136
132.01040888630814
-158.66939067466228
-12.217664179827352
320.2917987861256
-53.40093483628457
-36.997763524297625
-258.49193965992345
-72.43422430445935
-93.9178471616798
-43.81175810121919
60.54311471666915
14.22578124181382
-42.170445187386775
144.54240831147763
-85.3325687599739
-478.88316517660496
-302.2726871198447
-93.40582146166889
-60.748023175898396
-422.70517142410426
87.95826900057682
-48.143811651057355
118.11947698723907
-186.2395915354955
89.94258188250569
273.323713014237
-49.89987240149529
-50.8200845757121
-17.755274050068692
-38.82239133057395
243.82735574341496
-147.1706287388015
-209.59266702131572
137.0695720725762
-437.96927782992043
42.70749130050717
-12.277846437064909
-51.981133412609275
-119.11474026231372
-77.41348827373882
-18.973624915192886
-285.61078938040555
266.1574849760764
-346.91765405656224
68.6304438284651
25.633597819404372
-27.644491298324873
423.87191613317736
-90.45363099723727
12.526860610631408
-158.8432471331971
110.1294853691852
-64.5235344019377
-29.558401502815432
406.41267054020864
-70.56485038090223
-68.98077352220753
409.9306922077303
-23.522454573266714
20.59919370443822
-9.58427619399572
-69.67119359270325
-171.68409158219401
-189.11941391937762
-57.22924916686134
-29.728200003968254
2.727858775884652
-53.410496692347806
-123.75271224784956
248.8771881267112
107.87348290606087
-75.2116562758165
-292.97961903388386
-32.565222919871154
-87.7520416353459
99.25149076185153
126.928704246895
17.401693965769482
130.01266576483522
27.08043350832679
-14.262437295502423
-80.8026189842767
12.012095091791707
-89.7006501955951
188.86550127432565
-206.9601839187235
-111.0458077753608
-91.91098816328645
396.5563676973961
106.06920096832437
242.63223785139962
-74.14174858654405
-0.39479048616294676
-37.51220687775883
-44.57624730178331
-26.90356975898976
-129.27709870509352
-387.2053613425105
-46.96984262408205
-5.4107040528809875
398.4022880345892
-30.010272334942783
99.43130021978504
-35.80069112817296
39.87638647454878
-20.190713959421146
-22.886411792395393
-292.6257203006153
36.400196623006195
61.76161572356705
129.0985952768424
-371.44764166936875
-38.45299045601126
-30.560625291224305
360.4764249572572
-347.0984830991292
-349.3434609630549
13.44656688440773
-48.70661796683817
-378.8241933163481
-57.471422907781744
-345.55539148183925
80.89189264531888
200.35461752818946
-188.8597783714904
-39.15330118765173
-18.980515362756705
-24.446759659445213
-35.79790587175134
-46.453193514546385
-1.9840009769300195
48.984654276322544
-61.11025684318838
-45.31978382447187
-37.28042975770319
-25.425170947802556
-99.5346593460381
-48.80662411990404
-79.08049309060901
-77.24293948905361
25.200335452595027
-87.3936908267246
377.90655004900873
81.49052868087892
-29.18574487351907
-35.809751265464
-173.82910576913855
-15.27292916494821
-138.3787810765895
387.91571173045486
57.91787575388389
67.25829581488415
-9.472323442029278
-47.48780768659884
62.13256677287444
-79.4946899786537
-36.488770920796014
54.28142936205768
-29.199919534836503
-227.26452565226282
-75.49080023481474
-32.79195818073848
84.93446809800389
-246.33379585144758
-9.046302511336762
21.658589891153497
-82.32259977633984
193.00985459098774
2.4628763581449675
-99.46229384938765
-17.463937284714802
3.835496080366861
-107.31892036735735
173.7522623835266
-75.25588402994244
-26.125890440338985
-39.84026427702997
-48.24165455790677
-122.71496614064745
-29.68677425071496
-161.32966939190555
-73.41823747395756
30.365977538063817
-43.99301273578476
-0.7188421861637266
-87.33630508580073
-52.06105778668839
-228.46806127279524
30.58539777053238
158.5039820447637
17.348614390347418
64.79667555687593
-68.87713490656951
86.8181456227394
15.731681951422761
-46.34353623615789
-20.226727562359656
149.79750260744004
-112.26340689348466
510.14315007191
199.87414254194846
-99.89672819142798
-88.78119686892276
-101.22701232825239
-60.5059256681322
321.63247016158675
-19.78741263449389
-35.88032131680788
-133.99726830612872
-63.803707144670625
-136.73199034376375
59.85701299626817
-87.01182696354688
262.8490325771654
-46.58924444428703
-53.18190143677853
-30.038446415765065
-118.28185495760226
121.05219010707515
-503.18199663995983
-33.87354789222991
-40.90940966672679
-62.777856952929945
-53.00240857919562
102.04221363396664
18.675386788384344
-98.47528362892577
-45.34505986171245
-30.807520041273406
-75.29915591947247
137.94004406646127
16.216014377616375
-87.04416965889823
-17.21234257962351
-269.2062656500002
-94.94600870008412
-81.94038326373561
-14.670661157541733
448.3213640899321
1.6248510069755329
75.01562770339478
-105.44680486968096
-264.2733055426015
-208.53229505486888
-19.406470093799726
-475.53642229800425
-28.111200457978168
-449.09552442124004
-61.39804508435918
-100.60665405334174
162.59834226423027
-42.006650612807285
5.229324722537058
-89.13368485432375
-101.94035704258162
-102.04137007812606
-215.5825827392855
154.3170179941444
127.83170630626773
-89.49510996580193
130.1098254390763
132.4304078816258
45.2614782267874
144.05109462382507
-97.59740437282562
-70.72572271092758
-23.835050447792185
-186.49849459726465
-173.2168376245345
-366.3944085002995
-81.49180305920754
104.3831669168012
-13.713125651371229
104.63385931926405
-6.808221719957146
-38.08869502465248
-49.5913996716165
-101.54910832002952
46.51505710205947
156.16846085955876
294.19655584119937
-53.74041841515787
-103.52821492649127
-59.91085364385208
138.01567782046914
-64.31693143746998
12.195710843040047
66.76392574334932
-22.954784195744082
-66.12882004728783
-23.426813318064887
-108.12271623803997
37.25550799469511
112.37860997399002
-519.8851639946897
106.04531737109573
-151.8077519669714
353.6043443988128
-8.346044867523233
-47.997920607603646
-242.85951803621174
-293.8263809507607
-37.32985578989792
126.99005182418205
-22.813604698080184
-32.042638336678465
2.701803819753877
-55.80811406831526
56.106185551003364
104.19262690067444
-9.086820503189301
-24.016355577660075
-19.316527646327245
-13.628646280676548
-90.78226717772223
-105.82163415512133
77.20615127036808
26.46385331993133
19.116497693033125
-203.57747359600035
-33.47798218763728
5.419487644668891
-353.6424037849174
-515.0466406321739
-49.998422067654246
-47.59754465077821
-75.62175667873667
3.1295976436277897
12.987724119964696
-91.82694551315763
-67.74995921208843
74.6883779044474
-135.2789177682862
-589.1158129090272
205.56894573513273
227.78347005056094
-118.88480724044166
158.72736136949425
-62.11071722942844
-98.64429080414902
-107.60490852995463
26.912552779202997
-205.76405136108406
-78.65197619698696
-63.415839608039036
3.1519636954199086
-61.067962447979916
-57.02144965484797
-308.3591103797953
-143.01482028475584
-41.64801685865456
213.70631292093458
-24.224361859203533
78.30538356189209
-97.53135330045279
-82.07831626477972
-308.7247051557115
-30.623435950253224
-57.14319283092664
373.7051020525687
-391.5940962972527
-2.2359800728936534
-37.96655214560633
-52.012385217968465
-42.11047059218174
-74.29310322040533
45.10163989914872
-47.10038850569137
534.9444527283067
65.71318416351914
-61.53172613916172
-81.85940293379835
137.69631131811911
-35.685466582165304
172.29037075742235
-10.725684943070519
-86.62066088562278
29.661114651715252
-54.241863529284394
124.62013400280921
290.0131476983188
-50.03806752587161
331.18322400985744
128.0646554371333
9.528178486129946
-247.32573342585965
-83.23698243522995
-134.84579459766792
-41.01784167741175
-59.701309517715806
5.559823842780133
269.731584490919
76.21642240810434
90.18160184000408
17.227016106139388
384.3760245792764
-51.235004880902125
54.72211355362515
-5.857681981931819
40.92160359768741
-9.714606837528086
170.85418634404596
49.97083438587879
-7.808349655768325
89.11367472998063
-165.4348500278811
-53.93107878754745
-93.83268376735687
-180.60292186678998
-14.467581434932361
47.8773871888352
161.81472649312764
-463.4985518836147
-236.89639358277418
-12.31707085592086
6.147455900171735
237.6244304605607
-184.2285261066454
37.09226383455825
-12.249695870407507
-71.41644854384752
143.87017322653628
67.57022995837178
285.37411337093727
-72.08959582658261
-165.9418680116396
-177.47467572980258
261.54138402848184
58.171887670074284
-120.67336981174864
-12.953680416681891
-37.16096125219906
-11.110910840284362
304.94733006544266
-120.60881287441043
-86.08411361940671
-91.76611114960724
-275.05779300700306
-18.341698214409064
30.863897147584396
-37.13561878676637
-102.93009652006367
-103.67766890304665
-118.04872643113413
-68.36598164216778
20.54984746063831
-108.51566623184328
122.4999167726528
-50.436006774302655
19.45025243476266
44.13510281940307
13.727738046188627
-15.871933734790218
-229.29131376559963
-54.183242295982694
-47.17941630866883
-8.34480356045367
-14.864436042342277
100.30513416912754
296.78309593141967
-51.75911542700412
98.51493391432541
-33.93827847665825
349.04862834885535
-116.8715816176761
102.96005675647211
21.566095553788273
-40.265654847022574
-238.0591511936982
361.7669270251572
-5.2439856565735
5.180135689039276
-4.771133959706276
-112.22507561879502
-85.16971572857788
-28.635235709081826
-17.63868499363889
-62.19216886062184
107.58175546512393
-48.99721571757994
-398.31188299791756
-24.883694744414697
294.3812818110546
-11.603328993287505
-16.80606722559787
-29.852752395863035
-188.4878834091851
144.5353582693865
-57.80009209538277
-84.91334605807236
18.5192416029347
-20.37180521033224
-52.31039230054678
-24.79459453714469
-32.30385678017774
-241.6174529353434
-0.1463732687688264
-79.68654135828365
-178.42526684016593
-163.93808901106968
301.08455035042425
230.54466131155823
132.25353672267738
-57.87643156040167
-91.73220478286349
-62.08180520619317
131.2343364095741
33.39551349437764
-14.298427561703193
-398.67131372771473
-243.40252672523638
164.82819900264985
-34.54236427511955
23.56822196390567
-23.775104786794827
-27.843803726024817
96.68853672859314
349.0271671096143
-5.283778298678499
-55.57383442118758
-40.06713480462258
-9.686826392483454
301.5031669053715
407.15929732019504
51.799695939873345
-97.38151716343054
-58.425694922767896
-78.53252683803025
-42.13604558302268
-68.7326880561146
32.37774872559021
-104.15180481125138
-53.8309469561259
-45.74641504423926
-10.596029058506696
48.07007145405987
-36.479371496501926
-590.6711593472464
-141.84516379410343
-60.579777373855904
-181.0781177071667
115.26639031888044
63.43148510389028
138.86177475784643
3.2033995874162073
18.24976406016276
-24.438622477344325
-21.6797381858231
-46.949098377611335
84.20580003576015
-113.91305405338608
-396.13506619317013
-93.81451517425512
-123.06046124838394
311.73519228495206
-170.50518619967625
-49.90012172969017
251.74677994958074
-13.598732600180483
-12.12683868633576
75.32799589177375
-58.329659780943075
-2.1496063570320985
271.1134562532425
-1.1887050334025844
-130.3361264442285
-125.40452110006845
-19.51101557932452
-222.70768264638355
-43.40022031409579
81.93008971380641
-190.0042207871702
-36.60297531882074
56.630232727802195
-53.20361798686554
-32.58275776652442
88.7807963809064
-49.06135152852039
4.680577232286396
-39.85207814647963
-48.02018409230969
-32.373092720835075
58.86999210148406
38.2625161545493
-112.86518292241453
-129.79391800855956
-63.824600134226955
39.89482317544844
-54.93395530754469
13.00729106174475
9.593176267847227
-63.59109492663384
171.52676627243454
-34.311431125201125
253.2993147024299
-43.6207529065523
384.25937215357226
-45.16766693167665
-43.44633099065755
-48.21763268907634
-75.86511243970563
107.28691472380706
-344.87021067995556
418.5400463597234
-42.710390844386644
-49.43796936594538
-97.67857572698772
-112.70905477950171
-25.087224002558514
-31.067690543614845
-648.8270915893954
-42.79571909097285
-76.17665015334796
9.072151189124725
105.60340873413224
100.50556827256378
-65.58097324027972
-79.33711707970963
97.01855498249643
-89.57991263211257
-120.7736237571753
231.30251127720658
32.52479897275407
-66.64409274156164
-58.38550919417372
6.733766739566363
-401.4945558814543
211.7398189566302
51.30223037158612
-365.18408182616804
-474.27405051470123
149.57111109643847
-42.73425116133206
-94.56765175724821
-40.0140562535762
-88.88913678617428
-24.777616568036137
-66.15535121134458
-36.299226502418605
-5.351000296137499
110.2902474556231
74.99109957147448
-92.79528452963677
2.077384369888371
12.702443542880701
-41.890923572094835
372.53239427743756
64.09827687340294
-382.90030390667016
-45.76830466310912
393.02727799380773
7.273304290044052
-189.127274237665
-471.45613527594924
5.3664431370882255
90.52580425144333
-38.40525626165481
75.69313917890577
65.49105264890386
-70.22621388316817
-36.74196225685591
-25.326844387946338
-70.83715664581291
19.936681713631344
-87.07167917442985
111.33199257513479
120.19460246399285
341.99342140372755
-83.20028672439749
-0.35786851981053885
-14.447447352592462
-48.306711222087046
-100.80260845572047
-86.63171082337385
24.53743190685327
-28.638582814761193
29.165797601088343
12.325530868962687
36.144790493024175
27.47315589113441
-44.634767728339035
-135.91534230922844
-103.37706369717671
316.69918620793396
105.80712367579281
-142.57865212777324
-612.2314857280307
-55.677428800325345
-91.1259286675704
-15.078075751498545
-48.84849529385065
-135.70574744283476
47.65597837648966
3.9621054521667247
-76.59571414079194
-125.01665011454133
-6.130869171838217
-118.57958756816515
-71.33415578464792
21.318919374851248
-53.37992583007766
33.3686588392452
-54.072040855010464
-47.573223959106144
371.8460541494878
36.17152250357731
44.399943389850705
-115.64022611501059
-2.2453725037087113
-72.98620624936126
-38.03338605569843
74.9994411310563
51.339362434795476
-197.7614524582732
-11.487962619736209
-439.1736383069874
-59.77098457365537
-101.55408128849558
-347.14275909239586
-61.44104557827359
-504.40043775721824
5.37535166460475
-30.841761959545973
-45.496984909679114
-176.39902623132002
-17.034705240625044
-9.446818421018804
-41.317491630937184
-13.90117065119607
71.95580596508262
101.98495576805544
31.146156565015644
-54.88995643310773
-55.254690425213994
-47.14363127930574
-58.774550622471
-80.10577712610393
-40.88667652454232
-11.657455552058764
38.90436108936228
-77.92706124358094
-13.103716624957087
2.0155693621109094
51.02478120060778
-69.20256725397616
-65.04132719547046
-39.183320558582636
40.21256630734297
-40.26633338045107
84.34463502484914
-112.9775593789409
-49.16363463749792
-77.62903912230831
-24.94101258918644
20.7861066393084
5.017047460672984
-102.72797425728868
165.92319012877851
167.740762350375
34.66142999568365
-3.472829156511125
-449.00052711580065
-69.62633173589002
10.743408784296662
-68.34377967021682
96.93618881459952
154.1245733247888
1.1863393951898615
-410.1825841368536
-425.70834943404407
-84.39186844244614
175.02247821823585
29.35368943046271
-124.50914926663245
-75.81410247028741
49.510317600592316
-18.96138203261171
24.796436388059988
-99.28229164562089
52.20288188568293
-227.6196681237234
-26.09455138615158
-213.64016734051984
-115.55812901671925
-39.81746673890094
281.3165120078047
-7.574509130080742
14.616337954822939
-36.097433501774134
-32.75556090198598
251.68471411265273
-57.818381092136406
88.56653064550665
-54.012817755780816
212.1721602597263
263.4579593631652
-235.390405801797
-227.53200700394245
-64.54308868896868
13.302474589470876
393.44031536444345
11.129961621968505
-21.191196774426658
-7.748235073835377
-47.33802237302564
-133.47858436130628
118.15838351958382
-47.25174647039148
-72.7593390452663
-58.89687721963979
-19.71162817140612
196.6792297624288
-35.21262851906886
-96.77544323464856
-372.21292028136304
5.082665176182233
-113.18168045930724
341.5380817556106
51.954895695122104
12.12796808413259
-7.058205480509059
-115.67071457321984
-95.7061319265631
24.61937895208939
-99.7132908965028
-18.689953216797733
-23.34607051137573
-34.07682754260168
-49.87044520944153
82.78225908103786
283.1521872490848
475.39635906751937
41.68349852564363
-21.96408795343
-96.61930570965525
-26.35416539630205
107.93462222723201
-69.42321394044642
-211.24090924044322
6.4683396876765755
-0.03764379149288288
69.36619907452223
172.20942061492633
-83.68193914284893
-53.889544161437584
-90.94597217921788
-575.5121038071065
299.96561076017133
-89.71285143191756
-39.42421333134446
-236.5939260910891
-73.22912173970317
14.288392707660933
-26.370591737215364
11.750897135508694
462.1933284566985
-46.890648631205714
-0.23702800856881368
396.96739440875535
-370.7842342120275
-49.642485688036686
359.89986435323044
58.59123393287791
41.260414420665256
-49.103916541813305
-95.33634478399472
37.10048158924292
498.7459127871134
79.13238198288673
-0.35737190217469106
-15.691421671833176
-52.33883714027043
-221.71620706720478
327.71722390644936
79.4298977484541
-75.80379108609344
-28.833966803303156
-38.187042652088905
-78.87856233870102
-11.041679042302803
-31.813427860024056
-85.25627102498963
-72.0099955939504
-36.20466298983774
45.24273984551655
-155.37430522808427
-69.88014592657704
-75.41662907756624
69.3806738116491
-44.7013318088957
51.94892804306983
0.5328152001096669
-124.04483773927677
-82.46654842460046
-96.87840795958323
-69.49229455679186
135.746697197068
-29.668075394043967
-36.70567942310944
334.3639708725932
129.6928057377845
352.0274734733066
42.196308180504275
-37.97558752253076
-10.31698120810033
174.20328039078413
-17.364135548192905
126.32273075699777
-25.251914825190397
19.477442159228723
-116.48013769496538
-68.15925711458323
-48.11488995534819
-6.837247705281698
71.75057279391694
-36.776440454195836
-62.28312500539505
-33.70373266714114
-40.2211387874122
-46.621417461640725
6.484602442531354
6.950889926668212
-257.49511271353913
175.64020163224814
56.3092580777502
415.5350358234409
-63.52419885294694
-31.631128673198873
-7.216228032740673
7.813486588914657
-46.99370737561037
-121.65866071048913
-81.76042502707966
-104.90811056576078
26.773809276577595
631.8429447826165
-58.700336982126146
-54.33962186396852
-9.754623788605386
96.467434054568
25.75165760458367
-206.22577034372443
24.5907818147125
152.12255501336222
-127.78071710617951
-58.80610582918598
-209.51612095662495
-318.9144858096679
-65.36041068874948
82.15209375452014
-90.91060709231057
-4.389337810936922
-308.1319103942178
-43.08473083042179
-267.62376138511445
48.69007242542648
13.00849228673195
-39.359536424168255
-18.648325003165866
-72.38854694450706
-32.35975006976278
-92.13894491453155
41.330603937311594
-34.907132373250654
-6.39151612976957
-24.926322356545217
-29.700040260967935
-67.2708586795178
-373.2877540229165
-39.054971715730744
-5.553538984734132
78.87562205663176
164.43211788831104
-5.634807716538489
-93.19980189212578
-56.2296449965454
207.5768296861952
-254.0180660971837
-51.348389987824476
-29.227720920646078
-60.73198446935498
31.209455103899018
-109.42022962747342
110.37243502173533
-241.49343381010476
-67.88229667950635
372.88345995291456
-310.4490864440304
-80.90841310910882
101.9957067812793
-208.7036987538795
-55.48104042745399
-87.69587898201756
-61.054041651474726
-56.1092186075386
-94.40533446307563
-119.01375156353515
44.8096661705049
-348.84207236783186
429.4460496121774
-46.42943390621023
121.02130724939161
-62.06372938350626
179.15508274637614
-471.30492643544494
126.95300674731243
-60.93833710543004
-62.621896162562734
3.033847184280603
125.22874912895668
35.04901840176899
-124.73847710105656
-21.578088631728406
0.4572100151572158
-86.31826624867335
-76.61879568509539
309.5823972115777
163.47329858658304
-80.41675059469526
-31.875348350390937
-454.07787432134046
101.77275996180651
29.919305654075288
73.56789590810149
-74.0335497035722
112.29413230340833
-30.240186229346534
-73.32635705646317
59.890912056384195
-53.32258379983068
57.48980422707791
-39.4777480775756
-100.69624765244589
-345.6109635196317
-42.544854708286614
60.96855113241463
-39.99268525458592
-74.08763545200566
-72.94595796458891
-19.093759970444808
79.13393916098994
-79.11966636870966
-88.56340852303825
115.5791903305435
10.024663183289022
-53.79546453933849
13.176292262356583
99.70873447636404
145.98411433651927
-66.06524056131923
-111.43762853830049
96.24692276087808
-20.38309218863439
-21.417974636051376
39.99071226051365
79.36745214029543
-53.885885260522414
-68.25048442185248
67.93428185607445
440.7899383486729
-41.18204189855419
-339.5243312476332
370.58709805543367
-27.559542522007632
-76.16494039323103
4.0994301614586846
6.721518007319488
19.18039726367897
17.65142493167332
-10.310349707382557
-4.131039835078354
-107.9580560563458
-78.67526207912897
-72.02961948591864
91.49532510907147
-8.878249010859516
-19.590643299723524
-30.875654708737784
-107.5615981629993
12.281795394652363
-26.695855131756844
-86.50185602955877
69.27841013283069
-29.421537132636836
-123.17704501164917
-80.75943825322976
273.300848545201
-55.7943467497086
106.10587455717814
-71.63875476023753
-57.2093807634876
-179.71064708703489
335.34602459691996
-35.344528550277715
179.24350574287382
-72.12494080654156
-70.10023554344625
-290.1857954327861
-83.21464228102559
-163.11860283608257
-197.1121584797147
105.64668620909288
-44.81331805713148
-294.3396453948162
-78.63855223192823
12.41800704124779
397.4554274613365
43.12162717772799
-55.325738516155695
-64.70075464755791
-394.77150007284035
-46.460325255924815
-52.37146856748768
-50.566918676670795
-9.261195924448705
70.3925781684029
-121.72592540548206
28.345082823337634
-40.35145357136412
-31.7495415490539
-173.60313306426542
517.5230709529133
-59.75551041712604
17.21562740260788
-303.62050187289606
-19.926097831570587
-15.856633966777736
-52.88545738267372
-59.90176224871664
-38.02986133336696
-21.325308107968283
-98.14460712591858
-9.26444512094838
26.64798960846133
108.76021862530979
-333.5037554005685
-133.83879623701796
25.996207949810014
-68.68905391286353
413.9860342522661
125.53338720897773
-58.41949732064859
-127.79516035693814
81.88232625455566
143.51076709892277
-54.689925245546526
-352.94364289456826
75.0973240264866
231.76273953757482
-30.414316420376856
47.32281361436617
-79.49155224502584
78.0670467087275
327.2422063348786
-94.37949659577316
-210.52046983129003
-12.092201871553812
132.42412765626977
-72.43162519289888
-66.94721472536222
-74.66451233977568
-44.398855466831805
61.53087905977736
-142.00728324519514
-84.57640440372475
-58.082255117758905
-127.61492991184787
385.0226659224754
388.83332234172485
-85.99720061596
-200.390856083357
-503.1062377871681
-28.64339542820926
108.10935423584033
-80.54867328130594
-113.44791816868201
3.809934979497484
-123.4790980677185
16.361122628864223
53.32153896224736
-105.90469291386034
-68.38486150054807
-428.2604387179799
-99.8593869599873
-19.71951562305003
-184.06825050342195
-207.184576235024
-123.49242226710703
-323.47670332505004
-312.97343064232336
-89.81723960438327
58.160532093810616
-626.1614868196957
53.4140282883418
-34.37433832906572
-34.10495608079509
143.30918052080142
-123.53047545989102
0.2995374699621607
296.35965146271974
39.43411063737403
-69.34757885791842
-112.61378153988608
-192.81564531823642
-56.144633319289824
-62.35860349564914
-68.92001782010402
-59.82082710484883
-34.76282213503613
-33.73590644868273
0.548987761768899
-8.225461017741054
249.1319020079136
-300.8994613975683
340.9199933812324
-90.37954301784396
-220.71857207541507
25.979834660116467
-98.07248094889292
123.6552219166424
53.67043969607403
-71.0221045209837
-66.11790640821687
-65.63978139858988
-115.64613096013454
-74.62247476443102
-161.17131324736692
-139.99498741877323
-35.91084696777216
-77.53770722330148
62.47837452214628
-41.58544813643857
108.66317085510673
110.16299199780042
355.24963984855276
-302.0940253803383
325.0257934274505
33.703179533342336
-68.33204839076643
14.155035729215797
98.91548178384801
-57.89441736736444
-22.33152431641247
38.77403029374821
37.32538657637724
20.714218010640252
-36.23477154520697
-79.99456768513846
-31.36835144283085
-423.03692766433414
100.83978261149969
62.57186353674388
-54.49660547015633
-434.86493672831966
63.434412041814994
11.82879455794
0.26224960890687044
-37.68789008917611
-90.78159545625931
164.58476260104908
-179.37510883434152
6.655136535049678
-380.43851289001213
34.33015175982018
106.97241182247672
21.739336708607137
-93.35338572383444
133.68182867989526
83.32382459800647
-82.95786211165796
-90.70400252023421
-370.54956738062356
-18.91568097581151
-130.10096144558975
-25.419347040901243
-193.69075949335456
-142.8547555212681
-3.622733480279578
-57.48441474125866
-21.123456044525938
147.06175787849043
-94.23427113404125
-69.9479979820191
-14.16657724860329
-0.9371090107632085
-443.32187407343736
-110.80479009149713
40.39784386924775
171.1816428404636
-94.99282530820165
111.02171570159953
21.479926203583226
-53.47993786903525
-20.05310903347431
-75.56159923133994
226.55756402109182
-196.3591129657325
17.906385921951355
-106.65027064561446
-314.74103268781346
-4.612058802205695
-71.74737984192184
-117.4292980638797
32.44735706996062
-105.65708092193695
-231.25029618690314
-126.11836878322356
-51.47009747058706
79.769701300831
-71.74311014895642
-61.97649536682161
-76.30061851438586
35.73354735064095
2.50167609519076
-41.250137961454215
-92.93132154274463
-489.44995756967364
-61.60808713021602
-237.4333365681632
-28.729937695772207
22.49605567198614
-404.61633960405925
18.988718189746123
-46.995375656586475
-149.6205818020735
-68.77027807824221
0.1974141428981966
-62.22601500135274
-78.60950629441413
-21.60437716042179
-50.48061772723676
-71.26507204391419
-1.5015662186947907
-183.25211807208507
70.63384645868064
0.5457643217217196
-30.010410774752017
-65.71704083040022
426.3565393416502
-44.72018046696523
-83.36562406245545
-78.24487377921317
-79.30640032489919
-266.41997043244555
32.16284330859526
39.86141904872284
-50.70801034994315
46.40741108522707
-1.5056646506653264
-121.06018643538664
-68.03756525067881
136.51444903055562
-44.996335598205405
-192.45746740168397
40.40017168693157
55.962264925146314
-70.52997745157163
-54.393673128577234
-72.35816372679983
-5.105508074271953
143.57404148066598
-22.947280841803604
67.29184963987655
29.145618994079427
-80.93063545824383
-77.77979638304876
-486.39484214131335
-159.60882602323863
37.34191072751378
12.111275504849562
-197.4679831123667
-56.49728237599224
-5.271778625729439
-38.33330887750242
283.0221337054609
496.06481426309983
-61.383785806785134
305.06523278863733
-66.37216309368445
-95.47868487039256
-246.2616168043969
40.73099576111963
-4.5809453254057075
-77.53506376721805
-98.60087096074706
-61.51995151710113
-264.918577166296
47.01536649088075
-51.032281770740155
-5.397637938913249
33.240615699700356
178.20711192640465
29.458094567251464
-78.92167910337321
-56.82630609598733
-94.15285628867241
97.39396980541096
-87.09720422247847
-51.80845196299151
-69.2009722209748
201.56763579187282
23.033823743477114
-94.61716499353598
13.524645321430398
-43.18420357124705
-35.69746006815353
-23.44018583166644
-124.51339592353247
24.69499682420792
-49.65337135934078
-34.51176661481703
-100.77620976019588
-60.46837206445983
57.011084055689935
-35.42124792361476
-152.49288205091398
-74.95666070637408
-62.09215849270235
-0.2297297757540946
39.877749093029706
103.0068776337539
-233.5566092616009
123.05839304845358
-276.6517991609853
-73.09449537342785
36.249724181838246
72.9707005897817
89.70734823615021
-32.492706378899896
121.10927178203929
-59.09643682307027
-26.320942285873215
14.233089718676638
209.86176146691423
31.842525627373107
52.052378072198735
85.3140877102378
-71.9409278836356
-19.108350988958776
-67.4192990440981
-349.5360878769443
16.138066332316157
253.82188896773732
-14.976289503838416
-86.79332095305836
-30.61876386618445
-21.603405442473786
124.73004669411739
-44.16928416178668
-220.1967289849399
-445.4038030174579
133.03864498904295
15.766195837581108
-33.103902494932086
113.73379519277842
-59.72899417865392
2.7186662406257938
-33.89719478136067
-2.6779737198394287
76.1317204196639
39.58463501476217
-273.702094707849
217.41691929711487
-16.426111345190066
-19.018642767113988
-156.11179360219649
-461.76354146933045
-37.343415532457655
45.573572598985265
-398.0073778079277
-41.434685175521416
11.744148740145747
-56.368363732093115
159.1711395087641
-367.227572038013
29.492655594582175
-13.700102029498737
-6.258742755373589
-101.54019800874266
-74.6071971871697
512.1394275213788
-287.84052785565837
-249.02847730973917
278.7169041653724
-49.48673010011771
-82.41426569788341
-56.65185567033177
-150.3897626735834
-65.28585121433571
-82.80081183356634
-22.52671115648218
106.17527565448381
-55.750145944777614
113.96339090728725
-77.89178663483409
-308.1847008219629
175.34753637248286
-28.24417031549973
-190.103877321626
-78.02591537408432
-218.3711703503759
-35.72768385641666
225.66277958059618
-419.9967623596476
215.82694839430405
-193.52133313609193
-16.639657934820207
-1.7255905272832024
11.950216564633592
7.936312603875194
427.0930311973989
-112.34387613487706
8.985980636647582
-387.7300906645596
80.61713740230834
-33.815951797052094
-59.26362382700245
-165.03000279914158
-56.30931464292491
-80.98070928878224
121.34050610249142
-90.72991163318616
-51.7254930944473
244.61143408934004
-37.327034739219926
-102.53335757821029
-41.2122765265578
-150.4722146023032
31.176548723806263
62.68791752218658
156.68115055254384
-86.64721219394403
446.0579156831009
284.3748979055872
-208.87356549849937
-99.19900710827696
383.9371711803069
443.6284004571662
13.053760590184538
-11.121217824343603
7.723308135629139
250.9818718409897
-74.83481956671494
-23.73996357447362
-57.19336505031843
5.319304408843891
336.61794813197776
-39.43160323120861
7.466080706909452
-43.61983404045282
-11.940711765063043
-118.074853906719
-77.43528393473437
-63.0617618038259
-84.37940552638193
-30.136443326150157
-19.087547978652765
23.28308478334111
22.119413583704954
46.62124052380568
24.4003652103911
-70.09267262041158
-58.09377390945307
-40.299741200544304
-183.76813371170283
-32.15668677236681
-43.12753518417793
-248.427663744862
-108.2242038938237
-27.366483823803556
-69.15351245282629
-32.45699384160616
-123.37410074187574
-108.63957485486702
66.9850500671455
-154.13571513907118
-73.73683881438436
-94.0094680613903
1.049517518544576
29.738921656598563
-45.745283768533795
514.6765121550889
-55.593613251658155
424.69854464306445
61.80263255847058
18.39874395516381
195.442376659621
-91.3474089641204
-141.76722261357645
-78.91836847726238
-108.05598227410596
-27.89069375439804
381.3599914195802
-79.66657704872887
-26.461091685683904
-121.98475272611267
171.03529848914695
48.459905758182686
-219.77439888623303
-125.87054027204795
-30.145118215645198
152.94520868019026
117.59982771818113
-42.458114321490655
90.77904552597465
-30.389387746161447
-4.338466194448301
-9.99844983084943
79.80561510536972
-98.49501123442315
-78.24954502019773
7.185611563213297
-36.944477122392875
-36.191699489441994
-71.41243212062304
-22.267176538529384
-69.36822249700462
32.57724783270987
-74.55082623944494
71.26566942467798
-79.64339712832407
220.66981019370905
-107.91813830141109
79.76966264284238
-142.42353468006695
93.87564248168019
-166.76095797533708
-2.5072889507452407
-22.375135248561932
96.24794979304716
1.280765103885642
-42.68243360088937
126.01941156423891
-387.8779735525495
-1.835810330801337
-379.30983447059043
-43.46263150850685
-12.654197942394372
16.688329449560115
121.99685934516492
0.6734699865955918
-52.216021314903955
-63.44886833096819
259.7699078691553
-56.96635480761176
-70.07371367300225
304.7907167418216
-59.56896418807264
104.99790231805218
-75.21617710503726
-116.19149017095515
-60.79743389798911
39.132505230481
-292.5120754226409
3.4622465587544866
-86.19136860262807
-74.86961182179887
-125.88352686970575
40.22506554588017
-70.32560926764204
105.41688240713574
-27.006517475628698
-49.06438033074568
-155.600344301949
-41.52018809727315
-50.15856379670731
-99.43684321121395
-52.9125888426135
-50.33849167068058
-44.98855076983955
19.240170135823064
470.73685562794344
-118.39641776034114
-378.06774352960747
-67.26976108601411
-42.2618638615545
-81.54804370697002
-55.20235641165709
113.37277342113339
-44.05505864948271
48.93157128138046
-32.90612093140794
-301.68977369087224
-60.20097740801631
2.2439147631585
334.68628914018336
-33.14576168004578
-39.15302582693221
89.31984396996086
134.0079262950926
-63.03618167122959
-93.27031339761083
-219.31858855448354
-97.56747229747089
-81.66949263092575
-84.38589807235303
-430.6053545428276
-59.39321507493608
35.94683223500243
70.81121849406918
-25.823864492850703
223.8259772953661
-78.92015736759845
-75.22108251922522
-64.20129481319451
-152.59177598206134
-230.57247955559615
-79.69212274356664
2.4667473918708724
25.119315363569285
-12.320381372332122
-206.62232390677946
-58.5116210779406
-452.0241130747909
-137.97236890399836
-82.78932490386201
-171.4036416438612
-96.92411245589543
387.52775774945985
-429.08837453858723
-78.60547814606252
-231.20133922140667
44.9895452150613
-62.69466683001701
-358.12624977330233
41.585865727523924
-190.2634310223184
51.86807566681637
6.819503394692902
-63.32540654426134
-178.2918688468235
156.8416010818164
-51.69416652336066
-55.82767840525017
-208.803343345955
225.0053433495068
20.314348679949035
-7.896053827743799
-38.083716142032586
-8.191784581934801
-12.661683923204691
-196.3364888316337
-208.862725519155
401.48481520783025
-2.9794112396339187
168.61034396321884
-23.47522772096454
-85.16141685597808
-360.7598170412293
-54.49793414536399
-55.04496552305227
64.86878423038706
-59.53779797386893
-109.94744504674964
-253.0284720731579
-45.761443395744415
-47.57709060140627
0.00016848695486260112
-151.21476824520687
169.06860375001816
-122.06790837893459
35.535472829494665
-84.7440662585982
75.48724282329613
-324.8671942319179
-34.053578039726666
49.185692368974514
-86.75480399271979
-105.74232560236243
-64.09118862397966
-89.03905947652129
-32.29533784434511
-47.083442220702864
24.592228409502468
-58.28420795234706
-59.393674876158
-166.64489266493
20.78131156672498
177.99230357548913
196.4712787973258
-37.33060661521631
-61.978052596165284
-172.14074865557814
-324.53492813077173
-60.361510620039326
47.90134159117042
278.67202401521354
-126.69861951967505
6.978868185578904
52.92274108432321
36.737713525609706
-95.67867774705356
-292.20773944850225
-34.47252818311435
109.52410936540309
-16.5925857010825
3.7451549064535357
-55.86904116895337
-44.554164182946806
2.368268926736721
-217.69482451390104
29.25685700392387
117.26919040172743
-203.75850940662167
-30.063800827110754
-119.85962182261756
-48.11295391822889
-21.789722298832203
-36.66099028403983
92.33869523597059
80.46028597217264
29.319073977880635
525.6791605211201
-221.87390350251462
-139.7143586450784
-76.57133514074086
55.74489548790734
-47.885272132810286
59.66106659154502
45.63414787419424
140.49926427089122
-110.2898200531331
-26.379958555598932
-20.867474631115808
-66.07254115675659
-272.9669369996318
8.86736558378152
55.176709255688365
-229.35055884661415
-5.086539668000114
-30.67882171058157
-72.41878765348254
337.26904860431205
-79.29908735082412
-4.68559608212513
53.733541473970945
79.50866587548171
-262.35831655712445
139.9159598969618
-97.5098319750376
-9.640253230263625
-88.70680785623433
-22.488555440006166
-25.091645310329802
146.78468946673638
-231.2914100786802
-131.91065626889394
-90.32504226977785
-101.06821842924
312.4638068541881
-46.325815828089205
-37.10291617262624
-107.42420141871935
-13.272035723952285
-349.14587811279307
-93.31511233581409
70.743767577369
-212.11859074772838
-26.046452565062737
-123.3426351689468
-49.90568822783325
137.82754705424304
-109.4814552659609
-34.761845842463
129.76339270389508
26.28643752349535
-36.09565285839926
-205.61634556592253
68.58556422517177
-35.392196069658894
-20.743039973146605
163.53353051606246
-84.65556838429703
424.2583333737257
-347.00511747124983
227.819173140374
-92.9672901144877
111.41995851747379
-108.74363826616172
-73.83339514586078
178.09104209485304
-495.1907523412792
-131.0152703895219
-37.53156864035868
27.507657141619234
338.57761349428074
38.287930061396764
-31.299172122336017
-345.91391706592367
-58.31999362015621
160.54948854786835
-24.443626832767904
-315.54092276964184
34.34951326255759
-43.68468484476445
67.28009428962696
-306.81848348411404
-59.349883382157046
-144.67429163369525
-65.45265189603701
-92.51978049228364
-82.16906094342414
211.0130120963222
-72.63894367683173
-26.0706552695745
309.28553096180076
-28.745977387767198
-169.4519015994083
1.0128458907365712
-552.4651051233468
-0.849871219232682
346.1949518096435
-45.05457120633207
-104.36891212574724
-6.874012716087009
48.111754200259384
183.47009683914803
-42.42712584763476
-432.66743335761385
-6.3848979163591935
-26.64449421061363
61.7536718081592
115.45554912855732
176.48279672189346
153.406455967066
39.68379375630866
-49.75054794481807
-212.65968503543445
-94.28836775598211
-94.6536317509123
-15.56534655012183
12.133831126704536
-52.674104528980024
318.0500561254121
-456.48544065367605
-227.40761111686697
-88.84828193709973
-254.84303770838778
60.563729697931194
-1.239000538384226
-162.18423991169584
-171.43457467312692
-90.28108488913495
-93.61741496274226
-262.63770687520355
15.20688887358665
259.0289072584328
-132.7986050127515
-56.3317875307323
-41.78682378441954
-128.85550129399053
446.7191643281267
-124.52601566232819
274.5462172217267
334.73242283928084
-20.472668329709222
31.137043086940366
-81.29059957206674
226.41702281474863
-17.98083352301302
345.14953755143324
28.82467740166385
-6.112367337391333
-48.88854296561249
-34.7031949723488
-93.26170453234226
157.84463790234804
-190.22467050351952
-99.49236887914776
-26.147053606404427
-73.26553859395023
-94.88010146461485
-184.48089525663454
-104.75426459785423
6.057922670326207
-52.51900173322275
-350.73233206209443
-2.9363701472245816
-34.94564476279146
325.14453312583646
-12.933412966433025
19.923684378692997
-35.09324339516388
-371.20828750558394
-36.617153552934724
-45.788681687837766
67.62206971951207
-41.147741652297555
-83.2495163732604
-101.96287120828464
-61.12356303710796
101.41270115504267
-36.420533702649045
-22.50558609671083
-336.890146035179
-336.2012025353424
-17.777465229772957
-57.77908529331171
311.19185090470273
-44.69725923269607
-122.25773539089641
-436.3954752132013
-81.24836738456057
-4.33084758008556
-52.59706527196454
-304.12103168561043
-38.901050188748584
-84.39382155341805
-90.41484469864815
-67.44104576467329
-40.96703957390106
-115.63873643629995
208.8584419683557
-55.278825970261096
156.5344400031463
56.47858791356339
169.22310901345008
33.71577949688435
-19.373680080867643
-4.296705425176697
-114.42070861338973
-0.058588524801962194
-62.69770414759681
-46.41787404919981
7.071674200975394
-72.03261560189094
-76.23057087861517
63.27179349293374
395.5968990874053
-256.35025194988157
-67.70597668870293
232.9272825847329
-49.64102034444659
-106.85493375145052
171.77499947912656
62.9346789470319
55.99602165975193
-23.84821702913905
215.26654620196132
127.42695766185352
-48.77648722595942
-5.733371302935211
-85.75588356421306
-72.04853370319708
102.27360523638708
-35.49417739236242
-108.85051677141173
-67.43431760253225
5.812269432313542
-74.14001600565362
68.86795171918266
-26.972143038490145
-63.57892492960855
-55.378348085461276
-29.541691277748008
-88.2105231409917
-89.86292655408948
543.4780340083953
57.12668576143051
-16.338405492475886
-109.88094303516725
-1.1675988923616387
-10.361160058047062
339.96271140825775
-43.95021521694798
-10.379547468321107
-35.995461240283475
-97.84030372484813
-29.84231961766136
142.79564534987367
-46.16707435524404
104.39468363480319
-58.0445178569189
162.76308682403806
-74.81323043330485
94.48173080038941
-171.19219041167344
-29.37737315028221
94.34881339027561
-75.8501458832536
219.76632649569683
0.7090966576306528
142.8791293373106
175.65512928860517
-29.885155717152394
34.16481575422404
-279.5261917000371
-40.35656921628282
-55.87417244831915
17.098240749092355
-56.02057061424421
-183.10663737114737
-55.28171134021167
-34.62357743762965
375.532043540592
303.9694769390735
-3.4533597390413964
-19.532285175418338
-62.13695456977621
129.37597186629864
-127.2549540416021
-66.37209818401136
-64.6108280146674
-14.96394705783132
-10.052732085765456
115.21769445494283
-96.61311587507807
345.50713940971764
-78.88926035414292
-6.4455297604849875
-149.44171837408157
366.3826870107732
-37.793788223108386
-65.12259701624521
31.361726645729505
-100.03583282830823
-64.9114196556484
-37.168422336613794
-161.38338689825468
-209.72818731707412
249.35386608020235
-116.42775552596915
-38.20634119282067
164.14044700906197
-60.67681556858166
-28.441900251924267
-20.033331946815423
129.48349666057402
380.35034320922387
26.160561469405366
-31.65207675113271
-136.87108588957562
-28.63156355661704
-52.928063735856746
-76.24288667026995
-70.44419959326332
-2.839857661970427
-69.89451404025269
-42.667528673872766
19.56228040224596
48.39664614795356
-56.15716171715178
-21.5263114402469
120.87357452820925
-76.14335217417283
-27.66790836299333
-13.382997252484234
-4.244994383302583
110.54876771762883
-126.80661318476649
-112.02645557179858
-30.150960300114086
-98.4686795561417
-64.65275746108313
-67.74098013620761
-0.3612392383338374
-29.210994292830947
-67.34384105053766
-45.3400698296098
36.87566570348099
-85.67650539793989
142.48100630696354
-44.41744388661391
-92.69903956796102
-313.49803444249847
87.64087049699674
-38.801053864883215
-90.35966058571091
-43.681380131906316
12.849169494402304
-43.00858348352085
-97.10840120820899
26.80240215063759
-162.169422342472
-93.18246937357242
-132.8652712682615
-38.74894925826656
-125.27580883024638
-57.01978277933897
-71.92666975919201
-90.38926371603065
-93.02268870308143
-46.96174809967009
245.98870179496043
55.32151398356291
-2.6993668833436004
-53.64144332488718
-61.96412624993172
-133.12780108603692
-67.44994667793655
51.31211742306459
553.1986711125137
-36.855061019309176
-73.5677787472714
-320.93822091407674
92.58134111984691
-140.13541879909462
-53.224620174915344
-377.2140962516751
-22.577457046898445
-352.7694402439538
-0.8139311406966954
-64.06094128470396
65.4193944872759
-35.64682560271115
282.27334469872403
77.09832089084011
14.507205599195913
-139.45133540756615
-53.19142311484302
-86.79093872989142
-398.1512170783699
-142.15716689238292
-31.843881238595714
77.79103093591584
129.73845753564456
-84.73801640566897
-80.88924706076807
-361.6451230815128
-9.683813143283032
-70.15025013618742
-39.11566871311152
14.466870002515861
-27.385952620593184
51.945887380938075
-45.229075642247814
-6.303571047626974
-59.05783822094772
6.272194548652806
-47.20678229410805
101.04900000471389
-21.530278824157904
-88.28359915555211
97.28448759560888
17.942201541707618
497.7663343349359
-31.377140554136076
-68.50491385156829
59.687675043399395
-280.5008268968195
-39.1254828906105
0.5173872669165576
319.6185623898964
-41.84509941433562
-89.98188459638334
-27.693667404283943
-31.02190465907097
-46.067021609100266
-25.547527797121887
-91.41692111132215
309.81323807179797
-104.56848192210964
-122.62645019625415
36.425320276246566
-61.856527301521055
96.04498763380434
182.1079596667969
-322.999986925548
285.02686356483537
69.59494463750707
-51.14780652380329
65.25522127256409
475.6963927528959
-16.137542032989586
-89.36148407384485
-198.53758744990319
-76.13853461577452
-289.478580293282
-2.7592337427895473
33.19037681270675
167.66596636515715
-16.147902939883352
12.2657804449791
-40.53134418376948
-45.78841607716345
-28.438082442594805
-225.09547645254133
462.01246336148324
-27.44306111982172
22.374721433202467
27.329395207247785
31.779770943355288
-6.745434224791097
-89.74381887099612
97.80293954858234
40.24380854663468
-100.18501836556925
27.674172197659118
-47.98092204533168
-77.78050728003922
30.71926379929664
-30.7094374304379
-15.476315356831037
-46.37115979723171
-107.10791235895704
-63.69103454064523
21.57726195142459
-24.99233233033806
55.51462879809833
-165.91415438488093
-5.374162029501348
-65.795641125336
124.7043837421661
145.96985139653225
48.50278479524604
84.2230405035607
233.72099060814799
-50.573772195847596
-101.64576330325781
56.81086764318161
-88.69980518659213
-6.935796177311687
-127.50055767375216
7.577842083489687
33.566037821699865
-5.983055525146483
435.4767643062278
4.901250048935253
-87.07826844506417
-56.02116146795015
-64.30200610561008
-14.892191065693623
-55.771361988244664
-12.901654277755483
222.25497413292214
46.500657990220134
3.23130667591613
-104.1278409221477
9.881038227056706
-88.32589189183943
-78.56428078343197
56.21401665852318
-40.194209918937766
-87.43620271717373
-43.0331785277618
-65.98191615978158
3.2381268644053307
-105.34456279871964
-33.39830430389793
74.24080298509762
-12.673818239472894
383.2887762350365
-45.56448460717499
116.34134481612273
-10.024410826214762
-54.431092071417574
-34.769218109436565
40.14078062827684
-78.98726503847422
-168.32832325654635
-123.78867908142692
111.18980231855676
-65.10897032107925
-20.169419222432225
-143.68973028211258
-59.493967093904786
-111.269152298151
-76.360430488789
-71.66308076724425
-139.8797750313546
-153.56044367975164
-54.39261292673007
13.43044453121911
252.62832773745322
-52.79447574261686
-40.73768116338568
-52.84559548163041
20.875726360608667
-12.756473017315727
-204.01831154903357
-55.44963544599176
167.0604824243619
-73.46246251381734
194.28701723132508
-97.45205647084003
-82.44296914271877
-134.02237782285192
-60.78078056492632
-16.02112986727002
66.40320110103767
-160.53344596803254
-10.943754119851235
-20.362279823608333
304.42488205054724
-75.80302554376246
155.62528427561574
-375.7281441602554
340.9090417245752
-255.84000051798284
-273.9955552115716
-118.06306028358267
-37.667117972005144
-80.8196396318308
264.9984193847199
-181.22305358727044
-75.659156039387
-42.462306726905204
-53.28981379066029
-76.05248885430697
-17.32293185668732
20.811170038513126
18.247985966550004
-11.084660121963022
-93.5052498998279
-27.681880837750214
-69.45838573348999
-9.294784500482521
41.389661492583855
28.978309021198584
-18.987033896570306
-16.23154115629268
-100.62740722614714
-13.271953969906917
-68.40077231729128
-38.11597599932611
24.86325159853004
-36.97908296938843
-54.55299529467002
-29.685631511249085
393.5159019644325
51.743504387019584
-35.71841842504182
27.515654219976614
19.17447165274848
-43.37449580757493
-76.46144977239726
44.599571585386
60.816493122492375
-82.34593272711395
21.717124130464356
148.89463732810145
-15.624024028420994
-3.197109696586267
-29.08992750210564
306.84297190014877
-154.24117900289093
507.581015449161
10.070967890909742
-69.05299343100141
79.83762792365451
-458.64596097112553
-167.7032224301838
-343.06522432959173
-49.84267173593486
51.72651347544797
-14.83374446746312
-53.36744455997359
-65.81256023194612
71.03825813122421
150.67920007428074
-59.39000695582945
78.84506392441176
-57.32782372767858
-274.6624524886138
-18.22605655763209
-39.43473906996207
-286.92200873668753
-99.9960749818653
67.47212034695622
-48.93663246342759
-286.66522869447726
7.81283514311508
-74.22968583489956
125.39669596121894
18.29623257455397
-12.958305300105277
241.23611767713737
-13.629814415389658
-38.75379520398383
-274.2979464058526
42.86702373752223
-247.14608828680502
98.97000977997595
-79.00801848360061
-51.195968395931395
78.85590525291809
82.00971921211931
-69.19309992825038
-171.07662540550245
-116.05984464244011
-81.12713963665192
-60.232745848041304
-26.50505357860311
115.75338735440346
-64.80489497665236
175.40839213425716
-120.52733482202893
-109.81054779542295
8.509958083273887
100.31740566528879
-141.67126713011567
67.28885851257832
267.4497625431486
-45.436621091555594
-11.482531275375667
373.54690652977297
-256.3822777517471
-66.46904583427244
30.436706651258646
24.074667672112128
-59.79597115470295
266.46195266884024
318.58137956197606
57.903262070824894
200.85070030306633
425.39950517508987
-15.594034051325252
-76.96211867569835
262.92457614854766
26.768934375984827
-584.9920919528322
-98.43975632724323
-307.27872340842805
-3.679089756727535
-87.86844780725153
-49.57716726389627
-51.473050424619274
-141.81728886691235
-192.8637395812857
18.403241406031157
-3.2098189995440407
-446.8860000365039
-91.9467113405937
-66.33756261164534
-88.43640042240482
74.18203536899637
125.15984344530762
-59.76441360744502
38.14425967684019
-6.127984957267076
-76.79609772138913
-8.724445328463844
138.28788166074446
-81.37050447810907
25.695767955177644
32.62889365953015
-78.68312309284283
-484.50839678993725
-348.9628394665997
-87.44293339856029
533.8456068478863
-35.19817224725773
-117.36432102207982
-67.3999391746188
-43.300300398728666
-77.13241063736739
353.9667444964325
527.014527309369
85.27287536332187
468.35921154882817
-26.85075728639123
-91.03048498349563
-203.02967098144654
-97.49052330074908
125.75883652833
-127.37780743405165
312.5601815953396
-43.78627802463416
-87.99709898732257
-89.0720729677505
-201.92873125046572
-72.36962081119776
-63.53939715964789
-73.95393776989931
306.1504529412932
-320.6359420429617
103.06933674391985
161.030498193948
-78.40247716211827
-3.0734561797180504
-388.29543627895146
-71.4192812697217
317.2356293679204
52.62426114060054
-27.357525472383713
-120.30075841842972
-9.268764755565655
-27.91274729324777
-153.9341416654188
-15.753416983046009
-20.880347673810604
-43.273506162993726
-59.29061913925383
295.07654691520383
14.872957724772277
-52.878604136557215
-67.25607971605163
78.3943207772727
-97.0383099392293
-36.274485274117986
264.7243157683515
-41.827314275870094
98.98542943532448
141.3940403682618
-62.969018158990366
104.04438181317892
-100.31030808626639
-284.076804474631
-93.64016912206807
-80.42429394229623
-12.090538791362633
34.282188701773066
-11.914265423286338
-38.060611420096876
199.61745907603108
-255.01400969699716
27.520030624142237
157.13269950938047
555.8128399778616
-46.077783173981516
-86.16677612396961
-52.67691544781883
-57.982992845365416
457.31396134236275
-66.4656356540171
-42.980553784499534
97.68863293647883
31.660484253661707
393.74731472569874
-92.16061169510795
-14.790201834583058
3.2992833061263696
-68.03670895619332
-47.28729417220211
49.35458468359866
19.536730962059664
-194.66662787857786
463.6024732664737
15.364021273617254
180.59138454378217
105.69800021651645
-238.31591652720454
-59.52682008210124
-153.9029552067259
244.73033618892623
-59.53480423442184
105.69952629350155
-56.74245298647383
-72.28636831124425
-132.04479030125444
77.91094420156696
-21.385477839938176
-188.1736164906306
-73.46628122559832
-358.6737115667529
-39.725666114878265
-50.87694328127219
-216.43434535752385
72.08749325506551
263.873486002778
126.53164972075956
-31.182324570540004
-83.56063831898939
-15.411075567977434
-10.79042833766107
53.755159224650924
0.7637295617772075
-13.681480064794858
-40.43199037051477
-56.16347201917051
-68.77169415228823
-51.30896030954055
-3.5730750083536953
-79.9068358578909
-30.31621680459466
-83.9057831220938
-139.41919348115243
-97.36207614456828
-83.25879116657642
-70.61618371317421
-82.77767799346545
126.23069431444674
-27.05075512190861
-92.88650705375494
117.63857652089746
192.32487314894752
-13.772125705976578
-107.0177345627435
265.32217227472574
51.65003544843148
-82.03466723934692
-49.918802648860755
105.88440478238181
-348.37352371982524
145.3737937460919
79.00071414725244
30.699374771949806
48.131681295291855
-66.57086908042521
14.480790076446567
-21.887980953582428
-40.1084168540292
-216.9376722253346
-45.517866766859456
-47.30698091582465
-65.33091566062876
-33.58613730889738
-46.00832280039766
-223.42546439338776
44.318626277353815
-25.851769461535696
-92.19901098147739
-140.02984589635707
13.003276059878772
-61.51326361920218
6.779013247060448
83.4208810747059
22.647093357535596
-40.392554060639334
493.51175363477523
1.555917378203958
15.005245956077488
32.47064884190672
-95.28917581559745
-14.84601325153867
-72.37060583115995
-89.27128674968728
-63.373651988669565
-31.5811593113977
-505.760268161579
-69.90148433937061
-27.583512486777522
79.41402022604052
-63.911384685758094
-120.57303717515477
-49.248093721080295
-188.52845414435978
339.41759995397115
-99.15534021398526
2.878119602250081
-72.57034843996843
281.4225785423114
73.97446509332804
72.02606803583876
-356.43291559482714
-54.9775657231863
253.21751339450566
-54.81063368585853
15.553742184737985
-82.0305752955101
-274.8587782165896
286.4804767186288
-75.90276479817005
-46.90027597993239
-23.16861532921766
7.340077185025621
-80.71164170808152
-50.63873296366546
-60.41787039173187
22.010182948976762
-144.50584033343512
-50.0033666011534
78.74169687497806
-51.41880476240242
-2.0989133843559102
56.39458493918937
-56.496479961336476
8.941240492703855
6.54646727499221
-87.42552837475705
-49.64950051024982
-75.90360483183366
-76.10410272718097
-59.08361142323935
70.20645320121093
-48.52996796280905
-327.61195487191617
12.795451905940638
-29.66163037541111
0.3565432974919531
47.94889037138137
-1.4304763639147495
-42.07059918182134
-46.96311319443521
-64.30075933452792
-163.14008159678997
137.8080606575313
143.9770054991195
119.94479127423983
42.20273044826354
188.46559722657412
95.17703384381275
60.51813308201781
489.1098064161997
-20.308311552332043
89.3221887149125
40.064846728970224
-69.79394848959214
12.548740151334641
-15.112328607332529
-49.15755023907752
-4.3996793556998455
6.082881303109389
-60.60218113511418
-357.472264605698
-36.62444286360551
-52.384789838586585
-74.03510983220096
-49.064114387569994
429.3806086801178
11.60586131361083
-184.36652360119297
-43.667697972961456
270.088668690747
-48.23695835205343
-183.96746956738207
-196.32241355604674
-64.44275103124147
-185.98707760776597
-89.48085869103336
-0.213849527525781
67.7980844920985
49.96759214358099
38.30337197812332
130.8265321554809
368.5568487669516
-78.90819834141223
-38.666698834874296
-150.7046363791551
-76.77531219339431
-64.13913312850877
-25.948135011816817
-152.78213593059718
-22.759185344044795
-74.36421863989116
-79.36575620834628
-89.38169952052677
-27.03766568512043
-80.01990848249199
-37.97053842397145
-20.13896265752055
-65.4269836762096
-72.1486526472202
-54.647824103907595
-34.09021352018949
-37.752044694323104
-99.00856139470368
225.47441536245424
-28.107500099925574
-75.94465924228462
436.2714740334941
-265.52463276067374
32.7702984960888
-62.36060629611893
-230.0113080394376
196.75832215541232
-87.42176247134648
26.29837277711431
-36.143714219605215
-68.57524866094172
100.49373551601275
24.305066488959255
-101.1637865301027
-121.69651110754239
-5.014508172459216
-222.58402843466502
-125.8313998076377
-108.26007384215154
-209.36657908031702
-286.2998425993974
460.8016123299403
-93.5753060295014
171.78033417167535
125.46386040117068
-71.48390606893372
302.3638358634653
135.78779579030743
-71.40206705386481
-296.3428138379477
55.92804871100407
366.5406383318623
-456.7282970996348
-2.501146775457073
121.32863618843658
57.674901126260465
48.46322109508037
-56.24092196565221
-270.9052787527762
-58.86228876106044
-75.29394186856359
-27.112668343729066
-88.36853463817847
140.81696587947863
-134.71325374140088
74.05820873012453
-27.552691467282475
-35.72430404990535
-59.587902240728
-15.132336922820286
270.7963848131367
-0.9320004481201234
306.44713923383097
402.627231355842
-36.2572107014646
-37.35814816684349
8.395638245067857
4.521246530523456
-31.285864845644028
-57.51625144063349
-54.833594411209546
331.1723217954368
-91.6436793589146
-53.880557307241354
-159.0592926929712
-45.77204099444968
-63.33664062338539
-82.93910602810472
-115.68082772330672
34.7646810788778
-139.50550610565006
137.83128478109575
-283.6063298621739
-64.40062080987171
-103.18766390053224
163.05142923959374
-71.75879417339284
-35.62230043727891
-286.4317863002798
-247.76472360540902
-68.30979129605112
-12.412957386076869
-64.02508941929607
-115.07484498932354
57.80031797485435
48.68112045426824
-76.96982405095798
8.156956669855617
21.58268170760857
-10.356481290528166
-98.9063676521564
-150.89271357594407
-162.00574777334805
-137.61043825011643
-355.9466384958232
-17.674662364015603
-10.980553054167217
-63.802080547771766
17.951076183163877
-154.89674644065326
-50.66490520665229
-118.00750575987513
-50.57584115484667
-146.39840392532824
-78.3145632698488
-4.027870592935301
-42.63184271430873
25.165915752811998
-285.16076468606207
251.20361423444774
41.608203487897526
-4.173035023028067
121.09548692053613
-121.31711033734246
-53.07241596067138
275.75014512630696
-98.97313089380816
-1.8651693658899648
-82.86946874031668
-116.74619122770491
42.27300940952409
1.1581636504279231
-119.07803320489256
-31.586584568017372
85.26731546908968
-26.345312026728607
-67.2262797927257
122.92512244005411
-45.54572321679793
-77.49442402370875
-98.82231582763825
319.01556271720256
-276.6122852346143
-52.22105410824497
-54.2140127665791
40.93361702937
-10.380940476744854
-263.58825459568743
-352.15793536965975
-12.269616656589278
-58.3119005970475
69.65435121327391
17.517057043152818
-446.24747052675593
2.9839681967098386
-31.789588699334445
-320.65412557041054
-39.50990243366141
-2.9698755569352215
51.57294897254906
324.5704107012989
142.84064667245366
-1.303828756988878
-49.012603617608306
-0.1343726934899081
-20.445281588333547
18.497439950000626
-254.8455284812353
-29.559292091483258
75.30931354552013
-82.00407858638391
-165.55581001388964
-415.5413635386358
-232.19670005002445
-124.97988002752209
-42.141380790334324
304.276116460449
60.677422512357225
151.30117416478606
-647.8761983130353
-80.94108987075755
-162.22046977015725
-189.13441724897348
-70.86180054413126
31.358238414657535
-127.98943841302025
-75.84096380164738
-124.31982421862449
-132.45332994661658
-403.74479222755326
-42.98631754033131
-90.98561805487095
565.2923621722348
-169.20123096507086
-53.91970316281636
2.2103580628281634
-60.529688676850355
-10.379020781422724
-86.21277825919128
-166.16353353356862
10.765914077269372
-153.6915774584013
-51.85661785554405
-84.24131408205722
15.218545212377649
-93.83619836387705
-11.013401910074208
-64.89082626119617
-22.904604888755557
-157.30865590591384
-127.33628461572522
-83.06062853416825
-87.01836342165319
-138.97152259925497
-27.30939800001985
106.37995053358645
-5.086135301456693
-374.13115651699627
100.8734812390494
-64.51142962257384
-53.03001326339745
-88.09725210595892
-50.506990432254895
412.5843133632643
-79.2458325255677
114.00381929211017
148.685483592933
-67.9359900298449
-22.171178042279664
-93.89497396257215
-63.262657416743075
-32.40147697448947
29.159381663864988
1.614743916914449
182.37175969239343
-78.49181264145187
-13.151133580019177
-2.5677166946366015
-59.88896994334755
-68.3623569231752
133.88019535639614
-15.394815666548425
29.820540716489404
-95.89575441409397
-82.45657890196294
-115.61180332120784
-108.04808797633268
-55.51820175409345
190.574260495634
-84.68640970044689
-0.5692783982715355
-27.800366971053677
-38.36658392451298
161.27823138217536
-115.21617720908944
-95.4931284484582
-5.720616959649078
-124.22925406441027
-543.0250396071951
35.86220897531348
370.92141105070004
68.77568025714936
72.92687238151848
-15.745543468554388
-445.46860618627034
-219.7068007249154
-84.46002474959641
-87.54740256584958
-97.63102020227005
-29.53429303211892
95.65921621767848
-10.886387210704925
-144.48229908988924
-44.5108084376152
-256.19832047547607
-331.88141714644917
401.33975883273706
17.047442280783798
38.88838129727992
-50.94318445966303
-402.1055156682505
-79.2816255433134
-95.74086409362974
38.02162954152118
163.57808689893682
-85.8639039923511
39.06451495948659
-72.6575608669559
-82.07536085687202
-37.528814501096804
-192.8117414235403
-165.5577525703211
83.71240447383934
58.308950265757176
-222.34207596229135
282.1952500201569
-21.042588695410668
-87.3875024005656
-50.90352801714016
188.19947884312887
-208.26066262221138
-527.8439588283618
-117.68892601545053
12.796438879215202
-86.5494225437694
-28.536753684931682
-31.626071186115183
-127.70828228663595
81.46309679477827
-64.9079865963613
-4.553066007582402
427.5331719352798
-101.23157645467472
-68.16416476009428
-31.32871368829317
-30.96118417210903
-9.934795475805604
-13.278859418806633
11.864726352555863
-7.9510583892146265
-70.64459101992094
-80.37813640067984
-56.30474920650994
-104.14054003645003
113.82332787428368
-58.45111064688233
123.16783477036552
-23.691530699057694
-130.43560268480542
-13.606962181419057
111.86988119611306
-379.04815123111894
-34.89010823970289
141.98339226232747
-62.62707437431891
-81.21449070139352
7.708183182617169
-77.6686174314188
-46.50543520820645
124.5493611213733
8.596242539539162
-103.90542011558227
-172.57767593646895
26.204424185642893
-26.223525412458912
86.41669164176164
235.984308045965
-99.65810989257108
122.7984074553824
-75.53239752026275
-77.64977998291579
-115.66001198320737
-208.56136465121472
314.4729242785852
-40.70428947039625
147.94681233107258
-38.14024524800152
74.78109254553783
13.819865354491412
55.41254698681223
319.89622216195676
59.73895643701326
-81.85347264823197
-281.37294806565114
-127.71289436272673
1.6072548260132749
2.016441386555016
70.08353454275175
18.663547896288037
-313.99372579212286
-44.351522018532705
-49.82379158411286
-128.5450219483082
-258.2396847703276
-111.92902037359545
-191.50141171551695
-82.5740924110134
-162.89638890371862
-47.62925406666136
-54.515933811810356
79.94038757449562
428.8086703828467
-32.1393383123941
-78.70150150240283
-92.13485440155966
-57.609963004488236
147.59774457329695
80.25044645113667
-238.30419115788118
16.66053390819252
-64.85419169694401
95.20501820068421
-145.2522820698032
-65.86133130850294
-32.45384840513361
-427.10711917042863
-96.27983358227175
330.4082938153697
-18.88945989146289
-79.93091005621413
297.74868603544746
52.249253566502375
-298.2737197516417
-48.555541602154705
-70.06293519893106
-37.1418295550701
-76.58554021880575
-39.51430996183285
14.71274351149259
138.94843607226903
-47.396054121702036
-58.16251203743377
63.74958634050745
-145.9676873463868
-52.68846436361555
-33.618522723316346
-86.72512069344971
73.14472672794
375.668449949766
13.961481700816876
-19.735514283433076
35.48393731063334
-16.26699812405936
33.58468383656714
25.819977575666144
-92.23960245820308
32.64357632058102
-144.7697560480956
-61.11761248397397
-115.66292716600194
-121.52940110792846
-22.9132940033669
-132.62023526427674
-65.37016669905074
11.565494911916176
17.832886789608324
145.15305191597872
-4.43257597802949
82.61294957990049
-57.18766250446333
-38.68304985392615
-208.15294068793264
-59.294377344627414
14.190439676395727
-39.541757824685334
-86.2361594591166
11.998644067492023
-69.03677942213169
-95.81877670253107
-158.0670652353674
-108.28934339788883
72.56454733842475
-80.85630858550098
5.948111597276579
-70.46068870140036
9.553190052803984
31.50937121658353
137.67709556831687
-322.0453595506515
-206.08094904213067
-47.504382426060715
-90.73915877542373
5.59011735029344
-66.69858386301894
17.119812567112604
106.32681663854964
-413.0101858761918
-119.51719922011034
3.4547228482624632
80.92844134828147
82.87752679789173
103.92082369348168
-34.881070655525036
-93.64812134245994
-50.487226732221735
-48.33471151583808
-146.47308665651326
41.71016003535078
-46.512805607744944
6.706412157779027
-91.98067710946279
232.89040882529753
-95.63172938521332
222.6409883175911
-20.876707957839244
-123.28825379587033
126.71468492940949
-88.4487446474538
-43.58930962706571
-28.330682796615292
42.98491775109733
170.89587698986134
-219.2660736008711
-7.759569410926133
452.28860275354236
-445.0821937435503
-85.69727567451572
-38.360462425984934
-62.091032339725814
-269.1836962327088
145.96535950659018
229.53635838318587
-38.43901644732043
60.52855728944337
118.34715793313762
-12.581391643767347
-18.952093262387763
113.221337170482
-69.18610414973591
-41.43973331941561
-14.495596417606066
-85.96636814110082
-7.206612919075269
-75.35156627077463
-321.4025078229424
-90.7456243517948
-84.32008483726963
-227.34869595239434
51.62687198502567
-57.20266507164399
220.11724498220792
7.433543059628164
-103.8952086313534
-0.429938288341873
-22.42349978493803
-356.1239415053533
-37.10464432590834
-171.8814881018443
-101.62957172846382
-359.68652684592234
-325.0331007943705
-106.65434464376631
-40.15266335259969
-73.19616295221931
52.085066516803636
-94.40488219193786
-112.32216594430534
-3.122737939944898
-119.55772695458654
-100.51297815413551
17.28650071284801
-113.96828104562978
105.26440527406976
-345.0210169331731
-77.09864793118244
-44.95166716036147
160.4417953195234
-21.999893077710112
-103.52805132205341
105.53777094405268
-110.01014036683227
-64.190181416846
81.99321065514414
-2.667060881796715
54.22484918758164
-90.89422927208909
-161.7578036827963
360.9901199188662
-2.3623043131419763
-38.642406840730956
28.757450699025867
75.29871559076946
43.69125101778036
187.5815180193258
-4.9105432478663715
-74.29592155797945
-49.10280770328427
-34.65894203912039
35.39283520723893
-66.56549928866569
468.6706062603953
-415.7279021323029
12.340976897825385
-41.629766940900005
75.90721641559139
-58.908310315088784
340.32363495320715
-21.678580133091565
260.13450511391966
21.673707956471844
302.30631089738563
100.32251142141422
-27.20626584236379
-46.8555689589428
-70.5514975354431
31.683195187948513
-21.344500344459675
-11.92742406017761
-74.42225487050746
-61.68210747785736
-103.80759300672253
-47.788799714022275
-21.515748066956746
39.67730062835835
-291.2786562977908
-58.703223118687674
-151.40504710016376
67.73753974828014
-54.92749074264654
172.7219835798287
-478.4170456943957
-28.12388499016879
-43.47278663813066
-89.74075834200981
-93.37369937451922
37.66696874430181
39.18814122701542
40.32376403729313
-261.50634622471443
432.2294164406503
-47.303801314539584
22.118174636698313
-119.38162424114907
17.442853846998787
-8.454198340097314
-38.45430243580006
-226.24647506567635
-10.630683739892945
4.174716898261977
-676.1164639752278
-43.654278044212106
349.3726566432888
-89.61913095106286
128.31098144909265
-416.2135792834415
-96.70954855024866
200.05638536788138
-28.106656724887216
5.703978997947615
-196.95048695990954
-92.3019981007983
-63.89614471304867
42.687544352082114
-21.11822460809617
-59.6366616496216
-67.91291653959166
-224.42457874588672
-28.640556852204554
23.80774159767725
108.3040195077906
61.66438940504395
-108.46552764216904
-57.91261996568028
-242.1472958801187
114.14633767468695
331.62387417568607
-68.76129250473815
39.61413997430827
-218.92392016087615
-88.84818008969341
-225.78221968999424
-304.40965615171444
-81.1192324922963
19.912033708197928
200.64254960275412
-64.79190029801998
-101.26988735475615
-63.24800586547606
56.09708779460652
-1.3270873666313037
7.341973337073796
-72.84882379409066
0.5373771538233996
-55.91901305137094
-115.11426364746058
-213.27962880763516
-74.9270401013336
68.79768335913559
-19.2124507182416
102.24577352105416
-14.818748682772934
45.93414464529269
-104.10830980510673
-61.445861393211096
-94.32331715403917
-33.77187603058567
113.99509270014914
-44.98502037150648
-193.76381754859358
29.279319628286544
-124.87604324802669
-87.25040151392537
-97.42019970210526
-102.73234273951269
114.92540532360727
-89.62451961394163
-180.5299862230986
-100.60946944311422
-137.11026062989276
-98.24122513820748
79.65544481697907
-130.3191566723981
12.790176819366025
-322.68128239818816
-521.8358513423391
246.75298982598542
-45.873830492875925
66.38983730920336
-95.35585169151409
8.444507559646809
-110.50688370813077
16.623610515191103
-32.42250905407323
21.49226616692772
-96.00757994206288
66.80364965632361
115.39895421603615
-66.05275167627173
-79.40208388368956
269.8119587944457
-492.2825794052551
-130.45910634426218
-98.12973308824846
73.8453115374814
187.37815381746532
-349.82370294055727
588.6867278393638
-81.81188786989514
-30.057473638047732
96.84090043087417
-77.54712236750129
193.81377039384097
-33.12335542515484
328.3673513677131
3.2239477391558466
282.8085547092014
615.5144635569231
-76.99976911717914
-72.8171208701217
30.705905746170174
-67.80282843369106
-70.51945067675831
368.0771251098322
213.1297414369783
-40.25244554865145
-80.69136428191956
-137.27110556949629
-43.88984549080014
-405.47886510697936
-41.3423338210141
25.08815589705023
481.3163432074739
-209.5662773091699
-179.5894273022168
-30.540188930951444
-70.94442720240764
-365.3795700509654
-40.2889401960986
521.3269180436746
-17.587747084336648
-117.87472240634725
-106.37252065955181
-112.06437060845928
99.83539069566541
-68.18440082178313
32.320622716963044
64.23233640698527
205.04739360378971
-98.92254550301845
7.5629732738756275
-205.23590355886336
69.56997171488547
-112.34342133922746
-60.275784342173054
124.33395352103435
12.640694736444857
-64.14761831756543
-4.877024864827035
-118.05248487744848
-133.22957995020988
-90.12237926318092
9.841148094656091
147.21889142539294
-42.729368989129114
-78.13345832607956
-44.6088677670632
-30.39631487390818
-176.9591236368815
-105.00014271192899
-105.09744405918173
-14.476788947573368
-49.36537150341216
-105.00246608940785
-55.7709732476618
12.45885025390271
362.66817007564896
-85.77098821854088
-46.9444737429537
176.48525035137573
34.79948045092908
-21.447158901773946
-77.07791478688992
-6.672021959462882
-59.59297196915486
-117.87122465938955
71.80927232565227
-69.90857002783424
-89.69028799377497
338.1783989732012
-39.17252706752119
-96.05171967414935
17.855168991294565
153.56228471660506
-74.68251558170236
99.40514723035812
25.773283703461857
7.375195743266791
-141.93745842482713
-37.716639436192054
56.25381477639485
-79.3774962536798
-595.7317589372997
-198.3843001451678
33.41196825935913
-64.57039939680453
17.135864899652006
-89.78989864502
-96.39232622177406
157.88363353298655
96.17082267313526
429.4056514924341
129.0915011334705
-24.944535287333565
-115.438251283943
-27.614611935368835
-164.33771341436386
-86.04467468876052
-187.44916507710695
50.80381566417782
358.8175026922381
-33.54643163075252
-81.60124860613007
1.8341267607174814
130.2441860443646
194.09308216518548
35.42808205838992
-70.05267361754014
31.708282045887245
4.747506543626504
-156.3490377431517
-101.61439189605517
144.28075583359487
-314.76499793136827
50.61197405041912
-76.63408533015627
-110.52230163886406
-462.37295279027785
-71.31253773295393
14.290047433261861
76.5581916730298
129.7564372103716
-34.51040864341485
229.1795783978905
-59.390882323075466
-3.139224922387143
358.6076196570675
-363.79296598754445
38.812968983882456
-72.78200342260989
-65.83759490595116
-81.20969904544154
-193.11978145531975
-131.701435275947
-92.51585999025716
-26.609006850630806
-104.75115233760623
-75.64453805054109
394.6437799964151
-115.20365600317932
-21.14102462140454
-49.08454363907731
131.94752209353283
-45.3139934648907
-131.1580304955787
-182.20154161657956
-29.98371066873915
197.96624406807496
-39.29625300811318
266.80695168867896
29.186242793512065
-145.21773245518125
-49.41686656780848
0.46777433407207525
-32.55919903910035
-195.25088187001165
-178.18048589717364
-82.11741860723669
-83.49118298647888
-41.19482336408146
-365.82870861003903
78.34555059270815
309.0680574243197
-86.63944891958408
-62.26267178987291
-18.195731570927364
-143.83000303327026
-75.29519299197449
-55.4413507249692
20.75653002865647
-230.31737259254623
-48.93843898746421
7.747034648579756
-25.3613471184226
-17.282527609452472
178.85690849913226
-9.836212279396022
-237.82279065831972
-114.74840796217245
414.78244812828416
-54.39506432915459
-29.19844834160508
145.98459443924912
-237.05482122006015
-112.60870744387375
-48.42714416907007
-92.23197668790999
90.87465275410432
158.237859468838
318.3916194087906
-42.24939697392074
-147.33879959158912
-11.19387400503183
-80.83749806872247
-59.31852154134023
32.337707133799995
148.25588686881156
73.61165519596352
-275.1688622693073
-75.56428885927198
15.451702576710886
-51.456353395617725
175.9057036222748
-37.623957623117875
-35.54141163329405
-62.379705752364316
-21.05209975457342
-40.42776012008801
164.36167332409423
-46.02402433293901
18.58785088861987
-47.77601811048672
-231.47781415994905
-139.5202174480837
-79.95994791884914
53.63531087250817
-266.0630483945424
-20.721399990912232
-10.632758990306684
192.10508978866892
-82.1334710264523
-70.23683461288783
292.0220811013587
85.32926094852155
159.76345908870098
-60.21469639002176
-88.40653264534376
-52.309599744311626
213.47722394119228
-355.2668254569853
-59.4459730585786
-32.69582892092757
83.42187197136809
36.71230312933585
-55.70469201450367
86.70525304437615
-33.77715950966285
-36.80562682873818
54.42457147634377
-50.9867900558332
-66.53353833299943
10.006237819199876
-57.20647668384245
39.959721168486794
246.91294982114414
187.01246109641443
128.88173147468478
-77.08819362386434
-302.67977270717347
-83.21488665624248
-69.60983887960988
-30.663184293824088
73.80907446390029
-72.43043476006153
-139.08100791530342
-171.53434701726292
-47.228901230359405
-29.735172557649268
250.16837481243056
55.15010914364939
-33.59972109944101
-108.93680814207892
54.112014811489644
-35.64855004292076
-141.85678433261364
325.5344385736971
230.3110340948242
-77.72801885948495
-57.73850697320603
-25.370729918709568
-120.4845388701633
-234.72732813261973
-76.97567810994619
-48.76780820426461
340.29191109603926
382.0393372920462
-87.8884098117405
-36.94792724525627
-49.02722086906891
257.912913795466
-174.0042110318809
316.3798638584267
-48.35613503305572
-43.261520695510626
18.538021236348868
35.462486495571284
35.96772791432977
-47.47858406978412
-286.58992355719965
116.68042932031312
-5.430896958282574
-65.22699699324185
-86.91686756768259
-31.467974927596515
-105.07309838228048
71.45829463299378
-2.4464127269054963
0.884591634347089
21.440939012667723
10.009712841390527
-69.8861702482427
117.34506548416357
-30.301617701072246
-469.46365263793086
-137.80201804201897
-75.66982920820385
-74.16004947638649
-71.45032216649815
-104.88886226857267
-94.52098076151677
-82.82294549743528
-2.0290751521878985
-106.13625510881138
40.427028294590855
-416.7542818106249
-43.737740092905725
35.46619784148561
-104.23334449825597
289.0371603148069
-117.05833751927639
-68.53564070311857
-65.14598625598774
14.903732448532736
-132.66999622088042
-38.50671156787396
-192.58580542520212
-27.375000907059075
-25.22931226467753
-21.670162100117523
-275.56604934283314
-358.21178410152606
-54.32671428768556
-45.93211784200207
-142.5166008306769
-48.10773435425938
48.139841995021925
-11.967066537066927
-11.327773039427484
-69.59715115395647
-246.20866925133487
-25.185977736654877
-75.79904690711997
62.02761065162849
-41.0845521511993
-144.35183519442762
63.91753695556554
251.98570680179182
-58.24825218337959
-33.19155849220353
-69.76121091210969
88.4388953180569
-12.548961373749115
-22.40492019192652
69.30282193657695
-343.00090187281967
-30.226468430899615
437.5431844815539
411.5183924409539
424.9159689642984
-136.9949925018882
-22.292261933479367
-50.80043580187203
-85.51926984035083
-41.54833953034468
-156.93275419988368
-11.837523779963021
-328.8211592573207
-49.18257189071668
-57.48215761012398
-51.206389695372906
-298.4684567467157
-76.07959071480441
95.48437978437141
-214.97712069855152
89.8464858825264
55.19981106558407
76.60682762268334
394.7496910401187
-108.710328131403
-66.36453828426991
-61.73049008542506
320.57615302542763
94.26062499378531
-49.03594516747876
62.87287315213325
-438.94195891457093
-118.0059860335059
-219.8892668530607
-52.33151390426163
-67.30934486828112
18.64970387806352
55.3283980228407
-29.29933872489467
-69.3509225261405
-25.575866704028158
-69.3470264618616
-87.14292541069487
-151.65166384421627
6.367447111003781
-80.16278252123442
-29.379322376886194
123.72684318261418
-72.91877017075285
-43.47589028493498
25.231854019901164
315.9234267620559
234.69377814127074
-7.821030422694395
40.73784102970356
394.9790827251891
-92.31211976614395
-61.54703522741647
-114.2715101096741
86.00803827795244
-152.45179561199075
-80.02746288595881
-0.8551861912208096
-57.62571815508454
-94.61518881584198
-15.62625615050979
-94.53290639800451
-70.28025557485444
153.49063875375032
-15.918446763917018
319.7674322227522
28.444915336498525
-6.566555591243997
-125.4025122830335
-29.472950472913453
-54.65705920007076
-89.87506348524039
-81.05092517225603
43.658474827732334
-60.17950258864697
-97.7063950898555
-56.36373375266528
319.23698041799526
-15.587635877234788
24.785854032059433
-134.64015410429238
223.70629470711538
85.30511284632667
-68.3633966748686
-34.06508616762653
-439.60413874053665
97.57318632704028
220.01640866027992
-158.81015045931235
8.385455255527631
-20.98668755093422
316.21158838479096
-6.830329109719969
11.579403810083022
206.19493290366154
8.681951282922256
-5.008519399865236
-48.68245399393779
-78.33543261052795
126.85881838639216
-53.17001508890826
-217.3223059124457
-112.46815215117203
-109.8849721489404
-75.4230539408727
-12.45741921208537
14.844554460409654
-23.50556505157749
115.02652942310397
-33.32226731397532
320.5866095899819
-161.11027416271827
-359.85040433510767
-109.9355942635566
-41.20106012827114
19.273992751500828
13.893143262814192
-44.0282466775534
-67.83054722427032
-9.699232514438336
-193.50022546645596
347.4714569536409
-38.6793850500635
44.733362427780776
-104.43588108044878
-16.706592965980235
12.751925015151755
201.54809761767137
286.7909360742633
-64.2632528726453
-25.02361409683766
-68.78817514768625
129.62913064821805
-109.91031313228814
-32.674413838699365
85.58907426036967
246.23243371784702
20.032842082749994
57.60905809652127
-24.63189342266014
432.97312004630476
-5.477948126716001
-65.15377326260555
3.638310975704367
-78.75011417178138
98.71413809033288
-125.48934751439265
-188.94302840459204
-348.32425576976857
-44.839498417818504
134.36597899756816
100.32771415889692
-55.27955809498768
-46.54925124131603
-45.13683272689923
-235.83372992319892
4.803432052900916
-120.17762857265097
68.63977395495203
-128.18509084682762
-52.96968264144198
-130.66346968241487
-31.14348921763667
-71.31484615516057
-406.87929008037463
-54.47629198322187
118.69843247667723
-52.977159882782736
112.11313401335792
-102.06798254402202
92.19317076060906
-63.731690653103946
-47.73085358695038
-20.529881517204785
27.615101149331167
6.7964059010082565
-77.0758217233483
-50.92204057824971
20.9793258294078
-49.157438369105876
339.47743017710127
-70.16337357281623
-82.03948470153588
-244.94481956334948
-13.408429942199362
5.43431755423353
-62.480047982298856
-2.903832837868322
-65.15645039698529
-13.106557894043789
2.662591530697682
126.81937838738304
-329.05714544973125
-38.34569457564794
-75.40703926302143
-21.13442752105084
257.11057077538317
-48.80963269158201
27.964608341640997
74.04084306279037
25.764395555044757
-106.4973206444388
-41.96658882364136
-88.49043899405933
-72.6557656230726
-167.8703176659319
-59.772380941240044
-35.903814744927104
-58.35287598474453
-26.983640434554673
-38.44285685217437
-89.04592378558446
-80.32565131230078
-182.49392910259394
285.45479373304624
-78.78706506563896
112.6598226355618
115.09602107240062
-123.11774510035684
-473.65524606847794
-117.51669039730041
-57.93575607536918
135.86267879640218
-16.059555266375355
-213.7987421820435
19.477135482706217
-105.49298944710426
-66.12286209074591
-5.331575673693806
-45.09895998118641
-196.13225398369195
-13.56621097106779
407.3548774170231
-113.12077942926226
-85.1737319533767
-167.80270745742564
217.3029932402642
-80.82971942197946
-44.18852724799708
-232.94720621950728
108.97482595262227
-34.35788068918293
-379.2746012681928
240.65061644952766
-25.799144407326366
-25.55648703063389
-22.75958699891011
16.206873220992975
-57.073853819175014
-147.46445945696541
44.39730349533329
-53.362354569607305
-150.5604442300928
-27.838623195004402
394.24000771750616
-35.64973690093143
-70.45706367239472
-53.78097426483501
347.36588385586947
-438.1003158877975
0.9484353377702064
-646.7265916981905
-43.58256276959878
-73.33697545726682
10.995945354226007
-70.66949794136781
-151.57168665234713
-200.08862934166245
-77.28716830283368
-174.7833584563723
-208.19703356675382
119.74058804039487
-71.14348591421412
-62.198161113650116
413.8578279683279
358.75245159652695
-110.07435174046987
-64.64948948027427
-208.13468117726006
99.12010535102672
23.601084524990256
-0.9138585579788859
-350.8325121311209
262.69745856717054
12.753451058370501
-53.63597813709657
166.72774899774686
-177.24979332893054
-144.74561512492983
-90.22967608823016
-587.7108981058627
-33.96863846054406
10.657978124692818
-33.276222022175716
35.24656271276581
127.54459970995958
-280.7008562160627
61.804083873475975
-16.529495250256844
44.95526803235168
40.712595858243276
429.51951309921515
-11.40009552207448
298.51233776198205
102.80921200600642
-63.47885277040254
-93.81164941977352
-241.9544107618094
-23.713589856371982
502.91678925934866
3.6361985915154946
-31.238177168669267
69.44120007310448
74.03739308338118
-382.73189233035373
58.8793057335306
-46.09150782840208
-30.471729022645604
9.542752686222684
-39.16802109759783
-84.71982566951831
-75.34140105264578
-115.68020825497297
-78.84758762127673
-378.2524119075697
216.9771937961741
77.10189657164301
-13.73514152869761
94.98238667981605
-2.8834722679839615
321.4060937760805
-143.68725310951322
-380.5359245122818
-179.57230804172832
-92.24885043485132
-45.02272924824269
355.3477992122698
127.92081324139917
-135.06079296998269
-20.650895268467536
-88.4643323359328
-8.622267591947093
107.6252840962461
157.9712758859987
326.4931723485206
46.70470964659853
-451.47594769820716
-137.9717247915687
-68.93324840288754
-167.96038436175272
-49.02677584401099
-40.82432042610117
-37.50267573324163
-23.00768188266011
-516.4089915065033
326.6071561973513
12.578534168796978
34.445150401772025
-102.28392311282697
45.367460885240234
-149.22542085771784
-96.18750952951896
-53.14644825594662
-89.46308303816295
-171.74642971201592
321.0504897086139
38.41187099488798
-105.96989229117877
-223.1161350750881
-41.130444105274364
-112.30624896466475
-112.00300478037025
-124.74341844200421
2.8683602364085345
-27.866895539232395
-29.911227241666
1.0327651489289233
-34.67619299731155
33.6603691330547
-404.11944890927407
1.066905824262332
-78.3256605304714
-434.3771026018494
215.2390673352129
-42.497154218310676
-175.86531488850778
-62.92678113247712
-84.76802376977201
-107.58528882907194
-203.23577287485932
-194.46230530905632
1.5326176913222298
87.80101375593767
324.4099735945292
128.47524107144454
-300.3179539202247
482.1095012504011
-243.07155341723046
-62.554699046670066
-34.87858491275077
-58.8181611896016
91.64884589375924
-241.02832237022085
-84.62459498385007
-54.07912453258632
419.03738972765495
162.49246138414674
24.951577572608585
37.974126623658776
70.63537839504534
445.0940069442586
92.76518388043405
-99.45784671939701
-384.0712589862869
-251.13965138144886
-77.53497242196278
-5.294337212240279
-362.6451414555031
378.36677906659315
-30.22125687807511
58.087938839089475
9.4711108066806
-58.342098312809206
-16.88998731428825
-75.10247354665734
-145.26811522420758
32.897691535918284
18.338552009354316
-84.91848866011969
-49.913697234313375
-261.48388996303765
-4.049151279887155
-115.70072726269973
-64.2599028351924
-4.715699867912008
-5.826470177391645
51.584798217637854
-53.947793307512256
-487.5708009866412
19.265853783692364
-276.8305434483491
5.9122342838054465
-57.775096969559854
47.99356590340176
-190.75242947484185
-56.13460564547012
71.42308511182273
-242.79310869952315
38.412205843406355
-55.82428821831127
-61.78290658267315
-38.22846251064335
254.95981507781835
42.99855658150955
220.75096305186344
-135.56067772976212
-230.34981822299414
44.30238562790146
-15.819620209198547
17.42655870253884
-67.65185770303667
-29.51383670145888
-550.0340395077642
522.4393253375256
-32.02002541166911
-36.72981284821617
31.32373079711124
-63.908776757372834
-79.47057582435811
44.19372890959767
210.08389575625642
284.3743083153713
170.32322817000386
55.752027073576755
-271.5628047153168
-197.01326316680024
-72.89167328037433
-55.00369056362865
215.2912454783782
192.08675797793876
-229.45871662716308
261.52151118200345
-68.51551150219935
90.64145088367877
-36.37629175049034
36.93441835062367
-62.40552638477348
-80.79031859754186
74.89456544741552
-112.6715051672337
284.48087366601976
-65.85897761184752
110.29722893631697
-364.4139280526324
12.27559336192462
-7.907825693595895
31.28684747250918
475.22528726800556
-123.29074363509972
-51.78831462779345
1.6142564501925971
-418.14881701398735
-78.28017636040477
-64.28426744890527
-414.1116438924728
-31.03828677201909
-89.31153039764467
14.217981249076672
-91.7796441070486
-158.00674322771283
-41.011301284912406
314.0785970938614
-94.01415381902245
27.782194001674668
67.54810096585788
-32.11111417996743
60.31076886078108
15.223089422763223
-455.55916601085664
15.08030739267025
-69.74205142239339
68.99064571069903
-40.947948062408614
-8.742851072223857
-33.28112050966925
-72.51799813026653
-184.1929629939632
-62.31621446888163
-10.92369813995765
-193.21318779789726
-94.94951836062711
-9.410899792916098
-117.90165120145411
-103.75004961847935
336.7330641092358
215.35494261810345
-92.26923313756727
319.56563199202174
-105.25479373507322
-174.62284267063114
72.94848672953458
-82.25854168631946
44.30922703969031
-22.706603903079554
-342.5051837802548
167.27183387591504
-107.15411221871032
-80.51685238748614
-5.387456127036785
-10.894492850373641
-120.50641131016306
-106.78021192044253
102.04100338114768
-238.23324738253905
-33.54355560007466
-165.5110638694041
-12.578212048230029
276.6207802170102
27.857996866167923
307.26600542646156
7.580691718552771
318.91447654100375
155.55522994282
-28.612817292161022
-39.31233392163995
17.246750816917938
-30.944123782238393
69.69359559773966
-5.717592826747932
-75.01342885841858
51.33669743343398
-65.2925577734004
2.3699747804930666
-61.65269838839064
102.83610977386252
-352.2343410606918
207.21250534553292
-76.67249405060898
-2.13705734458199
223.89336101067784
-103.8576281850801
-20.259635745814933
60.305747783399056
-36.66600097892115
79.08503453888989
-69.80438971155216
-324.4361853244063
-34.42502143498888
-7.4400945787549615
0.9627249302094725
-112.68282279181705
15.8517830535759
309.7094290834975
-7.90225306200486
-37.67783467298776
200.1803197165982
-32.65721508493476
-51.936627667902876
-80.3040572248301
119.14053513356521
39.505110609019994
370.81316615244396
-66.4771929754997
98.85539052105753
-63.32787495142684
38.49898791297164
-89.84885138111635
-6.232571369007928
287.2091680051999
-56.290092152586865
-59.26649705784439
116.57242272136136
-81.18345950653747
-36.412917101533125
-126.92045996007073
-45.07870605307793
-78.7281674215989
22.60609123753784
-13.634539490401949
-9.59412280779641
113.22904411348827
-82.4717953769729
-39.02426080153263
-518.2682699792967
-182.07533561159835
-167.30934860960588
-79.65983256268919
-56.368475498414
-113.95284931708466
-107.99257907855498
-20.334264308002503
-78.96953649945301
42.87149679686081
-323.36692314807806
-62.52205037976728
-9.749997736562818
-212.64213724091496
48.9726908832954
268.02701916281876
-6.70040891033932
-82.35836699718044
-58.04966165874231
-80.616810945351
-276.01209610782826
-531.1731942802653
-119.89415186349106
13.821906223300175
152.74006343738438
28.403242799377495
29.373111619123847
-135.8395523505351
-15.030816893475844
-98.02381198740544
6.598714511885191
-17.468082657356717
-116.92672239986499
-552.6307323731562
-0.9682244079667726
-331.8243386090271
7.337061278749388
-204.06473489116797
-84.9823537294798
373.9856352942861
-30.434975525197178
-63.40067095294282
-19.652146260991763
-112.57903095214533
-16.51012167742192
-44.33507874787017
123.21158166707755
-215.87948339879767
-94.10840507717876
1.6805728738627295
-51.47528905122094
7.809897274549485
-8.10009597170938
-66.04642244317529
-77.38021813993146
-57.120028734043046
189.49504909041934
-22.770724789743326
-164.17960465535907
-42.11341626288231
-67.76080225641908
17.02279041827569
110.4161436801021
-54.256642815747
-70.44648184362904
-43.35448118743443
-465.31703609639953
-18.45041490840049
-55.83262953406363
-5.838367651451335
-49.97323281818457
-100.2848073968367
-76.10670919719053
-45.869875829126876
41.473180349425775
205.44901501003733
-217.34252404661947
-202.41103619738715
-201.53855743277927
-41.52818554051919
16.55232945294665
-24.917173426336376
-26.902163111379195
-102.50361902215107
34.786380729432494
-182.6673913744071
-7.363621065656844
1.4295080544452503
-26.942026096584414
-27.24073604892692
18.272326968483767
-114.55130193372952
183.62293251326264
356.3137530975473
106.1661648906229
-25.983402516483128
-429.96978793326707
111.13525375669178
-126.32141862899425
-36.78269194872337
-180.71815372004494
-176.09870749600577
62.982926550422235
-91.80989859597406
216.46049179695547
-93.82233944006333
298.4919044158687
58.56012222472964
6.193699634056841
-58.63376263117698
-2.6486622755571148
17.49031054246734
75.35334591057017
-50.47981393121154
-68.87555751188256
123.0486955930046
-115.26417181352745
-1.3243583205616574
144.85229539266584
-5.434727045771979
-54.99321199497379
52.01903864036876
-100.86906125183833
-68.98478080884423
23.412411453263076
62.65760128670627
-57.27161518827955
52.271436769590764
324.9017041436764
-175.63412665317992
32.173124347377325
-238.8682235575925
-49.710522576282266
112.28292738001119
206.67302284959442
-33.75612264140182
-42.139472073895554
74.13620812237968
82.18707567287856
446.9494989689356
-25.683603860683746
39.87099188043976
-67.59410574889716
-125.20034140439202
-31.91128079083306
-28.3535910057617
-16.06503232191721
3.4521597077982733
-101.44299458175738
-171.64759141675313
-64.25510788345443
-63.88655925670987
-59.52624180020052
-6.104433249089652
-64.37454559474645
-160.74490974785658
100.93429602780634
-19.482861727235104
-59.06554965953167
160.00637505239138
-75.01563655951624
-30.789771924195776
6.3553880891846575
102.1041206799564
-75.64861381492301
136.76444982915382
52.12673987907692
-48.12656586742785
-156.18854273420948
-3.435533393459991
-29.86774850603797
-52.853176073788745
-91.52621851322147
-94.4042564188734
-98.13401971329499
-34.77850956065584
16.905256673931945
5.879478205588384
-40.98311083700652
-125.07824719948985
-11.261871755917127
-60.45287337103764
-17.003001657991263
-16.722760431153972
67.10512929299784
-48.76689293139287
-138.84851626839827
-20.722352767859775
107.29326991993548
-244.8719963408057
29.44074661348077
-12.938672203870283
-125.30915780528663
-34.462262840947915
-68.23138098861543
-38.165929847296866
-73.06752003747806
-54.28903961727768
277.69192867764104
-211.00957081023444
-131.52794447429733
-70.4384763765629
-295.10571011474894
-52.36597170882749
-221.852672033212
-98.6532377917174
-19.99176555062957
-12.434359950992075
-73.9511001868218
58.82477951454939
-93.16656702238612
-47.30830833021851
-140.51026797455415
-67.86735942726409
-301.0968337247232
-114.5348271898212
-515.2403366087092
-56.963954417913556
-95.99047622462058
-67.3458064402318
60.97147578592376
-233.55688668237872
-65.42021507917472
-77.50189975227228
-448.89154644551354
-67.52571758548129
-279.97733565397175
12.373585038660963
-185.9331445582302
-157.18934742438432
-80.83534528930977
-10.192635758983428
-79.99673882368916
-39.85839500877673
-60.103309569998984
-77.45293520546511
-452.62413202905554
21.974646633676457
92.81921323863389
-122.56851090996315
-161.87535390883386
117.0186866735421
-39.120341372059954
-67.43954461518358
-109.66648733697821
-65.25311456918735
-76.4293322945139
39.45721134789892
-66.72518666334688
177.7145071056093
-73.4708495187615
7.872379762819946
-37.79786285974719
-106.00082776163647
129.69840457814462
-176.37423156908153
262.55332304426156
-156.82039171341967
84.742443853851
-41.758024198189275
115.9259183902268
-63.143774802254484
6.857784065696023
-16.534687354688685
-124.36378529535614
61.96354982047342
-19.636820585541738
26.737543828900016
-41.744650297318
253.45822700207464
-34.739722082249955
-32.90269473121769
72.98129057391634
-27.585506713650496
-48.796825382670306
81.53454562281695
-70.80393732351934
-37.49757966640823
-297.91546172379185
-60.02029382857836
-189.3252635802146
-84.52597808089524
-99.4937267607911
358.61881413353694
-315.7509399301889
-51.52290463510458
-416.9013180927195
-51.61321632088766
-85.41757809305341
-14.434561917745782
-66.2365147806836
-38.79170410930783
130.22787394925763
-111.41772320192285
1.5373681792486025
321.6437042251582
-123.2049441509107
67.2165849772282
177.18918928171297
16.346474888827288
27.28480620135815
-185.97010393287655
-49.59683562019738
-78.56039140294399
172.69581500417553
15.984050265745964
-76.58468662922026
-221.2808145471172
-245.18785711965575
-42.53618647239887
196.8493505664901
-74.9282624157585
-599.5630382054296
149.17886553657718
-78.1145365407781
-166.61661141822742
0.4643357371824095
-111.05248638340859
-191.5022600915854
53.87673785691504
-94.91410738392915
-0.47864067621240247
-314.14392743033113
-48.81774674953401
21.853468489372972
-34.128121969511945
-129.9833044791976
188.5671252391112
58.97939797167464
-47.31920862329655
-140.49217476932063
-29.56059640752875
87.11794869302275
-12.51846492207278
119.68200536920995
-626.2821517809352
-368.142155982453
208.10588273302528
-78.65190655496777
476.7714209326032
-12.66900453233135
-118.17774474618182
-110.4769000997021
-36.656215741363496
-93.49645103102652
-37.76226415610472
4.87598031867749
-34.782437718930666
106.72158388777643
-145.0130457957639
161.4325718676173
-13.427335739474074
-63.50694063617191
137.77595520028717
1.4707890958841783
-212.63495235142545
-477.4942489173709
-186.11726769490815
-180.05463936114938
-8.554500450869
-202.90611622374126
84.103384326801
72.24975267574291
-14.323884724461314
104.6892937308794
230.63617891181457
181.89771419834506
-82.16204257830123
65.4099565175461
-156.23808726801508
-18.280801954029812
-310.3314047323538
-46.614015966759325
-59.232569921899845
-28.11884745205906
-25.970265979050964
-2.410305835700001
13.446709114821715
-95.2761130689585
118.87043275728684
-160.8097820565299
-62.295166413076885
32.763576128298894
89.81137464165477
-86.606750942683
341.91257266566026
49.967960816486084
50.63663222575883
-82.50008653927193
-15.26788648259921
-82.06740585441365
10.759898433087073
-52.25381981490138
-15.553780019602813
202.60268601227472
-302.20023348808354
272.6759617191274
-83.16131059227882
-3.4573386244818494
-32.87060781174954
-53.4984564542051
433.9902272462714
173.81315163544286
563.4284172374009
-91.59061556481902
26.79769771369143
-4.4410269096995085
-150.82770534895462
-386.8591178534625
483.42484626909936
-66.23916013397472
-50.409635205578525
12.743927408550007
-25.74126497207544
-47.08183087086321
-26.45362871263933
125.85216277794461
53.2951784634447
153.78568875268866
262.5674877063575
28.66365100062285
-35.49616212878391
-100.23979710841559
-41.57673864845401
-40.29301356647193
7.884378883090871
249.17090991359328
-123.92395333602862
57.59376997863001
114.42523279490524
-263.19801883752734
-262.4604922425351
-66.19911436504562
-261.7319860535681
24.812393801583312
10.772314426207231
-57.54337646783233
-90.86104728962943
422.97474698566293
-137.45589375746567
-134.37648848581375
44.37927127038529
-138.96392618015125
-99.46918930804532
-170.79942695364025
-143.26492005117143
-17.61318135807778
92.5390093056717
-31.017771453745354
-293.90153874660245
-186.81245051049154
-36.7846966345863
-28.10825978350151
-66.76212316718477
-72.36791697751059
60.8651704688873
-647.9601814680846
-24.46065229007877
-73.36103738030397
137.787568708065
-273.6322829428409
-22.140290303546863
55.80370456270384
-344.882522349244
-69.32312212019477
-390.39133060887434
-63.04907390236542
-49.14940151614974
-60.70734165892276
-52.44496401547838
98.62039754781472
-124.28174833751109
-100.81147614157047
-22.703713292618886
-109.95671565208431
-42.67328079055537
-49.51460407363376
-96.10327398504705
-22.307877435464075
94.53269339624967
8.429422056057547
161.97719879888336
-393.06975800670625
-26.442373410998698
150.17961951125835
123.91034875489277
70.31174568541792
-132.80424696529553
-59.42184167393905
-22.701231394423303
-32.09838868065037
-44.27695797957608
-117.03297009464411
-125.44329160882353
9.961052501026643
-211.97124192418596
521.5222991726432
19.96280604513555
197.94162575333758
-32.64942250000854
9.502842672244014
52.54078753190879
179.06536732856648
-62.51248336991557
-144.27362101707695
-16.08168983296032
-26.975702674010513
-95.77357950516597
-80.44477932939336
-62.45057000216912
-33.0178195894423
60.17900612427911
-88.93128850300965
-53.62938150524769
128.6519072774754
-85.62500481784606
-77.05155358656523
-100.25896502634896
-45.706788388764835
-90.80506902380876
-24.560492316357923
-69.75878821063874
-22.20939924065998
-171.6165184133788
35.47907549259298
-1.7157861738323845
63.8444299348339
-54.944967459698205
-86.9815740387985
52.9854475096206
91.63437209938093
-72.04144724473173
-23.063814597855526
-226.81016667405402
38.6238536313831
-48.97086679760014
-287.08887145845256
-58.90066051399697
-36.41683387964116
-1.3864053535526182
89.78573372679148
-21.473967422354697
-54.992163806668714
-7.978114446998461
-17.149711515463423
-90.914573460442
-93.43142127160672
-77.97532235328981
-97.37184770974385
-2.409296657942832
399.7448379308171
82.42863670161069
46.05206747516422
-138.1681252616836
14.86820957121654
169.5780080156528
-94.53913426504863
-42.78214356644639
-55.098441646387016
-71.51318428225022
-31.655830635601188
79.02748380182948
-56.76365555899656
-65.14722447114093
-24.349510403994373
-75.08286241102444
61.50240694483182
-17.216309309821554
38.92563140946186
-55.301720713551276
-62.71959771218802
-51.44519042608076
-103.34608305729489
42.16851827778373
425.96268848711225
295.374289108453
-144.84034454397897
-16.33825300863637
-35.080126894891265
12.632413395976982
216.66873530244993
-44.549449787407866
-60.24044089132423
151.58365598400633
-95.93633013558429
-102.3475586511166
-102.84315027780212
-64.4505229718157
-32.069056871617654
-91.87568331689545
189.60878825982036
19.75485950696176
-51.151282409275154
-319.6517288838295
-77.64322753625402
39.47784565161783
-377.44031572684435
73.2739604133676
31.50298436202138
265.966493344491
-21.13498429462834
-34.40749687128459
21.967612024234768
-73.731413265622
163.687475871242
85.21447774281296
-478.0271258252669
244.99552270912136
-111.55366972812408
-0.6750943997740251
-40.17378734849634
51.11020269216169
-114.70034223637776
-22.472193011249203
-0.976620047718427
-32.175270114111434
-109.8302241199298
-66.12523840992496
-161.05974127852642
135.60426115112705
-4.696954982153535
-55.31580350797037
-17.859264063809064
-27.225877268693402
421.529468657076
-25.35485646123925
-94.64159295225909
66.5653745525342
-47.60800171823939
-236.75872981054272
-8.350673846710833
-120.80337099423235
-22.36484582722528
511.5532908950463
-4.67885510591077
101.13322734786016
8.669883635366205
26.214481882181644
-140.53403932010588
-138.86764695021338
204.98276438224275
-94.64707036518261
-235.23001592211494
-291.6108112854108
-161.80623182616364
37.351258947988754
-20.069830520193488
135.4379035801412
-98.86055450110871
72.29258945160336
86.57337754980836
-33.73837064877034
93.09389300368821
12.797787456540163
-66.39889767927889
-42.280699653616466
-54.22905530718481
-70.72581818695541
-68.73889886534016
-254.77242387103797
-84.97702977292721
3.2847921865741228
-166.07005945645415
45.350361415703446
-82.6638304352678
-37.498249883126846
380.9919020957168
57.48822148603267
-34.17887187750053
-10.388417038135362
30.91065445840934
-67.79599745618816
9.011222481743086
-96.35189712803492
-90.46228479454658
78.82660424869846
40.434358069351674
-112.68974656790306
-27.634822367403103
37.05982494781256
125.97629860034431
309.1426567717226
-33.465162697529195
500.3070139265128
68.28797578592321
-251.65159149038118
-156.44996713600995
-101.10520458138771
-171.69432648070324
97.04956203317215
-216.3258010852037
13.411189946529703
-109.64385422205861
-119.5899681833007
-79.83626261657551
27.952736311330227
-24.330747169331516
-98.44288276584757
-97.25009603310465
123.30345323094025
-100.13885262420908
151.2468512049545
53.337266419038656
-169.24697729540276
5.961221609356812
-85.8729123743924
455.02134698064583
13.811345685006927
-34.22972500463948
-117.12481917387231
201.77531362294394
-212.52872370833393
-18.12744959466005
-38.1218721656801
-39.06140619234225
36.48263050123933
-24.43623672910053
591.4415376192919
56.48052858117626
-100.14371543039454
-29.797250571307814
11.444510564575268
49.32351568490958
-80.13738283339852
-367.6058968443722
-65.23304205689963
-104.47594612330599
-277.787926310928
-161.57002754615496
77.35413595722093
-395.27827072896616
-96.82349074108515
25.142279931913208
-24.372458794417845
-38.72693054033781
-52.613151410083674
-342.14572234440675
-337.07973985055196
-43.4028870147481
38.44819395828654
-93.22564133797647
190.80605812870817
57.7284674077946
-143.5979600799419
13.419305217965302
-38.836198891810795
383.27879744865277
56.31226716366177
-13.846474732487549
23.262431434790415
-59.21247002627263
229.9928793212548
61.719347168333115
265.02562662891614
-92.34924284223115
-141.64225718099988
46.88782347566212
-97.24782170199339
-216.61770783951397
-59.67951094968974
-26.470888941098792
41.63620370901663
-11.561024345526675
-46.11415746896205
-32.99659274578153
-9.009486625414297
-23.85071983606622
-86.91297659680731
603.822722680372
26.57784797805425
-44.81782328635563
-90.00710650322826
224.61427248913697
135.25059683696873
-65.53125978267781
-92.94326692482355
170.59815840502324
-84.69441137976537
-71.61959464206096
-73.02172297716548
-115.80994744358868
-47.35697805738708
-96.28921510896366
-565.3670674944078
-93.52937994964196
-82.4772750833481
-42.612556985641284
-4.572122774179206
-103.55467672987582
-37.950709479264596
176.99205339432592
-121.29406257227856
-63.198950246293606
-51.66989418080084
-306.6910640993774
44.95519209917347
-39.07110447607671
-27.631148825330456
-138.56908211698283
-53.398622914223544
-46.98823009761184
-61.65685140051028
21.369298194213115
43.4524896163075
24.71354102543046
-489.8009320715446
-43.083411533020126
-9.870049905430646
-271.48112151982787
-41.04454100225147
331.46703765207167
-15.297624188589907
-21.75502901127693
-73.93832295991842
-115.96782240507387
-48.44612731338055
3.312261197146416
-66.86830236822715
-43.084551378200786
-113.09402950272488
350.18913764733406
52.84968927544833
460.3647996461732
-129.07767755425266
193.0063525427513
-103.39346227779788
656.3424943957807
5.612807895804508
66.78923090333228
-93.29945907445675
-487.2332637408708
-57.25198513432979
6.663440484056537
-281.95581636873976
-88.66730340661128
-1.8247957236535761
-64.96735107242785
-36.29831066054588
-70.72104430589158
-96.42332604217465
-45.96016089776049
-0.5730654654514353
-109.26589420473988
-189.2114932901659
87.73354224128343
69.3410697105428
-56.88935801761727
-269.408261377499
-69.16283792370336
-151.85183294843318
-107.64155746995131
-31.863324662116867
-30.949846209496627
-190.2145329013365
-67.84273160073462
-144.18913194187735
-26.419908249387436
-76.28800098304241
146.61394221508272
-37.19935964521436
411.8948253574181
458.2672000266375
-102.4707585889787
-408.94050794109717
48.07458815361406
-62.44815840743644
-36.75722158978354
227.38543624345675
-7.490447123039758
49.22235236973029
-33.50721625696042
-43.375796574982814
-53.731389760101706
-46.454036223966796
-176.9534276937611
101.59613558508863
373.0981124551454
5.836610575458394
-95.51149880948496
-84.0388052394159
-77.2642494132205
-72.5475679145847
147.61560674435896
90.28038792223924
24.066252743916266
22.660411089442732
2.7700564038669744
-89.54182540785101
-22.023911939998513
72.88574934224289
-502.82266482531486
-115.94229082009497
-1.1601945568653491
33.50142965738905
-145.9128933330312
26.12517139832562
-23.8098019502645
-61.811701250013634
-1.506767032224161
-160.42407799198918
-70.31580052727259
-169.24632164872855
200.4958630110359
-176.9398614432157
-0.7590728311323005
-317.42986566235504
-252.4286942126837
-62.58379185509123
-20.225406880847004
66.24139484171144
-36.86461096049277
-58.07322024961104
243.28644075332886
356.99650367285903
-249.4115045960043
34.269501998250234
7.3611832148519625
50.98274749738994
-13.826151499344633
-50.04108659720919
-131.78576008009986
-83.22901501370342
-52.8333613494633
43.64640132885688
-48.42739268282696
-67.67755959053689
14.381353596871122
39.35964980834024
-24.50713353297283
-106.41159744408287
-213.55188088021714
538.484202796255
-61.49184442169917
-82.01867806384197
84.91137431893003
13.964059353553239
233.57914698277
-26.74536371698457
-18.15817111270121
261.4200651707815
54.713678418405834
-51.51716890912462
200.3870640884852
-84.04987526265177
-50.488974003171506
-80.39113696444028
-142.1377749411813
-4.548960049320613
-43.60985979504767
-72.1131927062095
-57.554467345486046
-104.35539952494823
-63.06331851818504
-72.96737408260863
236.30716117344127
-102.84874468735872
-337.5680050847177
261.07366763819846
68.48970934040244
-43.32386265792364
469.2223853437936
-38.91645651815179
19.56200996914413
-258.60879796172594
-12.063351871694977
-51.65948991905293
-7.975057769775503
47.57496778901077
-88.94517367538899
-72.48065888370995
238.63503435090934
-89.69125811288359
184.38025887504227
-52.416807219744186
-1.4025522122246912
21.16585824741901
85.36447388288798
-79.45740878928486
15.294704619984486
-39.397071468893046
-146.71741000822294
-101.17942489700636
-53.53780331627968
-34.00711951212412
-232.41066387809224
-36.89657578925471
-20.113834002793737
-57.9987637518243
-71.49246324967967
-54.46970251284163
134.97683340746516
-27.871124180428524
-38.36875718790911
-29.698032705140577
75.08515832022204
-71.31651608574793
56.22422710765704
-74.20700069722614
-66.00506223464669
-108.64423113547885
-45.637917361476866
-14.705722482197501
-33.83321006159649
-20.32893637107327
-74.24012523119245
-47.55247326404537
-5.166760308469463
-27.017193152292748
-129.79265530997054
-45.360451228867646
-27.08117899602621
-59.35139322609883
-99.85340481197727
-108.95427986123286
186.3092463668636
3.0242977431521467
173.0719796633757
-83.10555141376517
83.6989700138638
-529.2652777762796
-30.19681347696678
345.83894474111185
-30.33579406900356
25.252244163192245
-335.3186992328592
-38.04488125784332
-43.963141832780195
-132.99313991399958
242.64019017199826
-4.89312203731879
-70.81966799380244
-42.60072488454922
-40.07423849568295
31.458571171434414
56.620090631067626
-33.588112801666284
241.31661091774504
-96.72346333420501
-612.8709360319644
-479.6556670787213
-23.27644498839632
-43.788640259838786
121.76347237453956
-173.3815740193004
-174.47279915057334
300.8149422311217
-42.21558490114209
87.47137980509615
368.0551794170606
-195.97462976446332
-62.87800378797692
164.12969289248986
-196.4597245450832
-55.31380060554805
-60.310917037352965
-80.01569328914411
-23.471669461589997
113.77924653961645
-37.45034052384386
-451.0704005470361
-44.6622425263231
-27.82900233170585
-15.169240437158692
-91.13926324416207
-40.59577654154688
-90.82387201371967
23.936470171674955
-62.50400225844369
-83.05259222260793
-292.7659873814555
-59.517704156734325
-131.38250660150015
-40.8810146443185
-158.5227505297771
63.7026714461299
-36.28439042687613
-24.170069198907413
-99.77152559653769
-335.9301117822597
-84.95750996377126
-81.25756826831457
-48.76195061530747
-62.57597516128361
254.55379416843243
-28.239042315866755
-106.97929071981525
-54.21988849597581
99.6301194617181
-494.25487961887666
-283.9802613844204
-64.10318956186302
306.5109493128166
143.41820292995817
52.066159592909116
-67.78811243482261
-51.92522376767829
-154.1972300974503
-53.58942740015486
102.56293312274465
-70.12689703958313
16.916146596129778
249.26499003182107
-0.17166980159345258
-86.69841482155516
-595.5836155780944
-71.21307540244834
-17.203016154873353
-122.31835593270262
140.81640373014488
-376.0036672796032
-149.41687163454844
48.85032315046692
-10.74878634777906
45.25564187470491
12.309180255520038
218.0055898039991
87.00040293875463
-190.33542429322551
25.151295419486814
-135.6623212389034
2.2630079218878336
-75.84166637678754
-107.65981580330481
-186.4636515732018
70.85903594462252
61.89927860102307
-15.376136341376423
-32.349443427845834
-331.73030869219474
-110.49723797372553
68.25109986100688
-77.27914882226892
116.97039749887335
-114.64767366889146
-44.69664785877558
-248.37650445976578
-37.5648953677224
-68.41539144747608
-84.55667664419343
-47.99308814430994
-56.42872100477302
-92.52079293991119
-357.43878507202135
-77.02911664618298
207.0833820222506
-27.292933311971865
188.88293124040229
-28.945092949688387
83.06313977603713
-31.526961292279353
216.08773053322693
-74.32287263304784
-160.73806460726337
-48.24939253243795
394.17272801303625
-136.1769252585691
8.261098917422785
306.9369243273013
-51.50393391585055
68.95028550515417
125.5290838320343
-343.0892320689982
-3.1090864061225147
-55.89585454706596
-131.59594088768245
21.942270617399572
-44.606057207554954
8.889879802519317
-1.0073893617163776
320.30433414938307
-43.36599382680288
-25.409989209369826
-98.05454226490292
75.0027634509297
-98.3786131668594
31.350675226062776
389.6240947106071
-55.870012226285326
-164.72273408397268
489.7504977583667
8.688386499437911
-41.11943812033311
-65.29150714583648
-44.02976655264201
-39.252812512701006
-166.57950074695327
-23.823485156437528
-38.5671941888524
-57.932515040786654
-44.10671963266458
-153.9327600571296
-377.10697458578943
69.59445998011051
-106.75801452525775
-56.54198520959221
-217.00572717910654
-98.04828882311631
-45.22330190208413
-25.549991597299595
-149.7794366309572
187.39195854342688
-127.44453876888474
-189.8466341825133
-13.656076691468911
-118.25862537175817
-46.561047813210735
437.31948122286167
-83.74518760724277
-27.5385855550811
-60.565202877355205
-56.01154787391175
-129.57447526659234
167.3489188222302
59.6588058693269
153.07968675379743
156.24732425040384
139.30412614268425
34.74627716736177
-383.99127843826864
-61.761176715706824
-274.28034376461983
-63.05480464716038
-12.161827778063275
101.33153202136464
-29.583469879597033
239.06786943439693
141.19476379545813
-25.25768392336431
195.21147818414283
-9.417225279008974
-69.69185241129799
22.222209783536073
136.11168284256382
-217.84102786685617
-186.2548370768427
-101.40851458855468
-55.69043569468363
428.44467992294267
-228.67250367019005
-56.60435237211857
-54.694462972514884
-161.36423514092075
45.458019527246506
-139.24687210398588
-77.6138716913556
141.02509207683033
194.37018882623852
-41.81734658283858
155.51398554346633
49.3975907379222
50.631624533783906
338.4141642478753
-73.75356016081787
-89.79980495641121
-68.30344333125133
-33.968357810253416
-488.7084227370615
313.3198034406232
203.49147468041838
-405.76139161597894
-52.02187429633093
-75.78355206975422
-184.7831823507713
418.10658679752487
135.0537568612208
-161.36092314970028
149.97787903876997
-97.9724951292494
-122.90553500317253
-126.50415705615342
-50.134034212633196
202.9179928657195
-49.63251372344595
-106.03041737059183
27.874196142198343
-49.31237873474033
65.91589413256179
132.6911034760942
62.69919741941703
154.4891232925802
-93.020932795114
3.2324284530577643
-55.90154153402182
-84.07236116699055
-81.68778003898024
298.3550481470811
183.32842550301757
282.74206800317734
-80.35742849832309
-80.1324624999124
-16.95803697237534
-52.40183750183331
-81.60136009048053
-106.76765904765185
-297.6760556705067
-200.34156215398252
-48.88062481326152
-48.489483767939944
-31.794558050262822
-63.611675493357595
163.59691220380046
-44.261626175819515
-49.56772358435906
-35.33788560220273
-69.60591617621651
-52.78890309516555
142.38006765463433
-160.9760021322818
-75.1701881441982
-358.4941541540502
-200.85924270083706
24.21997172612464
73.15647965673088
-144.14592119348526
1.8767986949010265
-325.7144476821577
-10.403608122362982
-85.72897688554208
10.598163165915992
-80.58388202664521
-27.240916592876488
-61.50051257252882
-67.28913514408735
48.6064845406861
-111.22640382959617
64.40550030977283
307.33156986172435
-73.05575606417007
110.06691296059034
-92.56470003052782
-41.843357680736176
15.40678827576312
-13.158341710235335
-72.7649401104282
-79.9784412597337
-88.142865826205
-57.63217059505678
33.04737583705537
-24.25169920599545
-12.911109094093263
129.28225111918437
-129.43144360032716
-71.3970788787874
20.1910674142519
203.0282741615556
10.777664403849485
21.1256346295213
7.293939201559624
-58.09446589578329
169.62351208653536
314.90112459964257
-36.906873145269856
-382.50722179217337
404.1010034148294
-24.127934001923904
273.0063161260987
0.008061247706507402
-89.94378521007638
-109.48268986001494
89.80740455326486
2.4287183134333645
-28.53994444418521
-45.40397080174023
-38.61795143508306
359.74492824446315
-78.56131190757797
-299.3383741551952
-46.71403760427347
138.24760021539987
66.67295276502591
-59.34334425573326
-52.70229624931562
-191.7642749246843
-96.25821789711426
-55.72934825516927
367.7731993314901
-49.328517865553295
-19.379190972265167
-50.992541895588886
118.29103238461357
13.958625414794824
-0.9829621174341592
-242.81809527014593
-85.98990497266651
-78.38228513758379
-407.9421105877227
-258.31417330358454
-247.52173914379455
56.485401129696584
-12.383324329155881
61.72633691374358
-91.01698191839478
-401.7631949812758
-137.71610328507268
-17.15957983434066
-11.494724156231428
-44.48744475019241
-31.075933883267
-75.14825427907883
-11.997726547109778
-51.73414448814118
469.71853024509073
-225.66547064690712
96.11261265343092
-64.77356371978239
-25.531666484194204
-94.37917254073977
-54.62567840775281
-35.697783100023116
-35.205803374681636
4.608943469842075
1.7939365981001174
-71.58141934037809
-48.48817194062758
196.95984675802356
-56.486195641564336
-16.48202831778144
119.13086336583547
-74.2364972783631
-45.93111650826836
57.217304597681505
-89.3508771579327
-94.830131379269
-5.6522518927756025
-4.709708838684946
-7.437863918805277
424.76234111149824
-6.385881595180379
620.8038222849045
-188.51689697641177
-65.59693313732578
-89.6780515139673
-75.27766644650558
-133.34950862382266
7.3628333391970955
-60.742098277946596
50.43945945536416
-68.78782704735544
202.65871443238757
18.542627292745237
-140.37645562794205
190.94911324341228
-80.55489383219073
-49.86329803417648
-10.692393466229943
-109.56480679050037
-48.07704963051947
230.3640319437527
-20.360792635077846
-99.13698341117161
394.9555773981938
-51.09223207662373
60.92515491802078
-55.385490072597825
109.10832676239443
-31.527189503198983
90.17167328929008
-22.110340537973592
80.94289514663024
-97.21999118329677
-64.77693230372097
3.2991041780339856
-24.887239840214534
-5.115917551800521
15.799676082696351
225.28311654099343
15.84008080126131
-104.87742278149915
-243.34473699028968
59.82812567022029
91.93570007944436
0.3023752381786835
-2.8946817948399257
-251.05599827835067
-74.96536431919259
-95.84394803098621
-203.45485864394504
74.04817986169655
-165.6832241586335
-70.36235242138167
-519.7685409007336
-18.612834831219516
-589.6069650586655
443.77401340773577
-26.451464261444926
44.54718227335343
-259.9260387176
-35.20427496885304
-11.221247156353078
-38.118217831670655
-106.48976080190697
-260.1277819332481
-59.62463899836623
-170.2570740856372
-76.730020379852
-80.94807629981344
344.8606295219015
29.033627703796242
-29.349453510609294
-55.83655898002672
-53.46073203328372
-325.3707932859015
-474.48084134098644
-66.3228723521784
-71.30457182501415
102.18147049594336
43.117874805101565
176.7355322217045
-104.88764957067508
-359.69742757718814
-53.798712211264856
8.300597407532223
67.11389581172898
-101.9443335476426
-187.87321618769784
-68.52326906074444
-96.1912834136985
90.23414431011952
307.58664437983134
-62.22479134646176
-21.19614845782161
-60.542631326976675
-227.87527768875407
61.656382103920805
-132.03288143789177
-62.093862959896796
239.2569217418095
-112.49398215543988
-36.855219608340576
21.638238909896245
-78.15932285402596
-12.10273670241053
7.084730916706616
-0.5060676050692905
7.05319838997184
-63.90793407381534
-30.608382061147303
-56.31316960944605
-89.44426908972673
-82.0958738072627
40.04830379275336
53.47980902794734
45.72841173452707
-110.41274986517601
-74.24173833790178
-74.971490297532
-95.84489060816986
-114.60112017370193
74.65635754632012
-53.915568359556346
-179.36013803226524
-3.562590932211151
106.8590321883512
33.59670525921115
-135.77973539251616
165.26293767600873
-305.2457848336926
174.4597585646443
-43.76660670047386
419.13141621923205
199.28331443050956
-68.88424210910985
-54.78415668727598
242.92484998924556
324.4961701947086
-81.59870042709917
-14.678365466065316
215.55302999928972
-274.48704990378064
-248.82788056593563
121.50258814661902
64.73882884559953
-5.561097785412414
-212.32389623327754
291.9796078983345
-52.167982860740935
-28.974224615370076
152.26823959799412
17.474199246140415
-129.69074082290672
-35.00090911265397
-164.17518366474906
-45.684928842106274
22.707412489507988
-64.4678420935212
-74.07506956039856
-11.622513268184775
-236.5134409672155
5.443196526781158
-149.26565540337833
-8.445530011651499
-34.876248556178155
155.66629514430406
70.59479409726646
392.05606511616315
-26.458933626175753
-119.92819952903483
0.8120576950174154
-76.5386138468283
-126.99487275079446
72.2785803251827
172.67735928008005
162.4519210362905
-150.63917909540214
-46.88692138565428
-20.952447370333317
38.57447950786991
254.090899719562
-193.3549148735092
-91.46215015991083
99.488489947993
-48.69597088737072
-68.04419323222899
-83.68354443383305
-43.967393647566155
-190.21848804482215
99.42836360588444
27.35528210735572
-43.97901855290507
176.46249940314738
-41.08805833290813
0.6711163729714826
312.39618512656307
56.12682106307511
-112.07017177728994
-86.24869574053628
-362.72254892394994
-262.4572412910761
-56.421425011218844
-124.3986571384703
-58.355380484130364
-88.4426084218976
-41.11722384198947
-17.530817455288684
-81.72003113503752
-93.16628932150448
-237.2298942957459
269.6295029101675
-403.73750753939566
339.9998108176951
-233.88755206556743
-139.63729434856032
132.5154024801559
-48.763833493197666
-57.84806411909449
46.11464993117974
-589.437984783237
-93.9558344240304
40.436321598640006
-194.65198431641147
47.09008574382642
-13.239141052696823
-179.7242963639892
-70.5989337301271
-57.19083422118932
-180.32162071853782
-26.87538515982567
195.93921910085282
-64.55711239093323
116.44670824287277
-3.9206275018172647
-73.8810464070666
125.42015190610618
-60.20494585281593
-123.73399931235235
132.297130701696
-53.44420363591068
26.023312166250435
98.85050774273441
-109.0650093771601
218.61569195327593
18.580303026968977
-149.1678712930243
393.1476413881537
-33.03825435923682
-65.31607831440918
6.837926412957131
494.4910652503495
-117.0971059529893
-44.314779523572724
-86.05578509010329
-69.5243250461699
5.873367883929802
-50.817320979837405
109.02570814968203
261.06289539612226
6.484453453163724
333.698853024498
-66.94208223037936
380.8041706327913
61.62117235551341
-68.43915172018387
-66.0481703810326
-42.06031483435072
100.49025410239119
-60.59498253858612
-85.33569312040188
-87.31935073543808
-106.26739340295565
-27.261324673576382
-66.93702997376022
-235.8897535125907
-36.043221417004325
-67.50051977498879
56.69171670376227
-37.56526908289288
-38.82043382075091
7.628146438742533
-52.69218811758279
-45.34816583397222
36.42189403035536
40.834629891130135
-99.1502753857301
217.4334762596227
-139.37767800933398
-421.46942844591285
-51.91222181237002
-21.143810702048057
-36.428044334346396
24.60786027253789
-552.3513440376319
-35.05166228320995
-165.23218792508123
8.959207980016169
-62.87798211874227
-89.14505936216187
-129.14613336642088
-227.91898309618955
419.20236030136584
-160.4895732176501
-47.9609280383624
-90.18545664617159
57.68836517660566
-40.64302129610223
-51.31808240899866
-0.8673466565614945
-6.791381777344213
367.7444782790026
-7.054363924758945
104.36166943197168
171.1881452331363
266.7369178565641
-59.96696237569449
-97.51560044578218
-32.37718042257608
-41.737860633337505
1.287109979127835
19.386206417638206
-89.3913064795557
-171.41748383753475
-62.15533996398155
5.992727836926406
134.53190580738828
400.6196076566266
-59.83281148444314
-55.28895105337729
118.421495934409
137.57674069973837
-96.35977257746345
131.02389428908054
-15.716305902381691
-64.00348375352223
-363.53463484066924
-53.478848059495256
121.07985695560274
395.19884725367956
-79.66478419293601
-244.1814796305698
-34.43818828087099
-62.488908584715546
-353.82067389295844
-61.41714365301848
-47.32361653692715
-64.61416590633631
55.49973688855425
118.38726237448327
-79.15445983946648
-1.4106479224574286
-22.64242939752478
21.84882685829365
186.8777448358851
31.603692219065408
-245.86856970882945
-184.33777675646706
-332.6607400329849
-96.7606993208061
-295.0867173229035
165.84786682733466
48.06465855917804
84.5182698000026
-53.61209381720619
-341.98861179114283
-7.711549552117958
-25.529786364813845
362.5273091697045
-13.7108430875478
3.9543701482170945
-63.68608664601843
-53.33234655417618
83.55881117647368
-93.37382554985093
-85.73999863966685
-118.4254859469771
-189.4920024441908
17.998279977848597
-53.40762894859253
-389.8037142976609
165.44949381505648
33.24544270871411
-180.26207058560794
-327.3567063989449
-5.660360426668831
-30.15535256433941
-150.70280050132897
-267.6477304736709
153.6565231999739
-73.34356012791926
-245.09839410052336
-34.027112670802
-81.22244303835214
-19.26484700258152
-24.604449691778314
-30.61165012251539
-70.97136642062843
-49.034037090340576
-3.2004862193234658
-180.5430363008345
325.6430733936104
-16.53464233994373
-8.819600681244037
-58.061104418859635
68.47173196262224
-54.49622002711215
19.089137788475472
74.02103046977118
56.764778436812776
215.03355680901223
-326.6360955467917
-92.1165461276687
-113.87690162858053
-32.16664012932597
-3.5940375109774987
-1.2563410636118988
63.966201848186756
59.83495858004608
-168.57790854584528
-6.209545456912906
-28.20226093362362
96.81117516953054
-73.47839833733047
62.947335991673754
160.27171593007915
-58.670985147628016
2.412062656980197
-49.45109063406953
-37.87545915780356
302.94413617031023
292.4537814434061
-91.29622140976738
-49.879684035370005
-44.376514448686464
282.7289554343897
227.02120000325067
79.6533883700813
-162.39465787396512
0.2703718212428612
-23.479455957561967
-98.15130186036822
-5.876046691459123
-91.98835115684233
-70.194441485527
-410.485819373338
-326.0076782680944
-75.01158761439729
-22.804661460230164
-37.90845051903125
3.694681891244045
-33.91407785496609
17.961350919056713
-72.9867693928245
323.8351097300929
-27.05475999961608
15.369855493849172
-204.26173167565685
-190.27680962965405
-31.69877257102962
-22.796901801673528
-5.871934430025647
248.81951704310995
-95.46657114314087
-6.066819225258996
-44.55517840374887
64.87266943244231
73.2964148295705
-40.1695931702817
409.270135472736
-212.23725580376777
-342.7230513860359
-38.1366537474828
26.828403360080074
-65.42161614241559
20.05319636540662
-47.67856988447172
-26.69604867108319
-96.86115769364187
101.27668793051635
-21.997573938463518
-46.04712296295111
-43.27602503309851
-69.18073937318714
308.8843535310334
198.12507102319614
8.278352146382531
25.9660165455507
-47.21607785903831
-59.676017090317146
-425.9519828368584
-105.2548034297921
27.585737748600877
-2.6505202299775315
-96.52263405694066
-174.17129787067825
-65.36982946805801
-176.58690748049594
-90.90065613603659
-93.62943101266879
-35.994817276746744
22.815161363851075
216.42320745803045
23.45267547835465
-42.72462825453022
-28.56533594186999
123.25811282015184
635.7761079189859
75.36313043272821
-35.526264733036896
-149.39002264537885
-265.82141947484524
-200.4104488089488
354.77771887174094
-431.8943483641906
-87.70602497059008
-52.3957656202854
-39.641437820628376
-19.348588726189973
-97.24483401286095
-56.81050451881047
-18.708452701477654
196.749085033357
-22.135678133401427
-321.76810635534457
-32.71966468409482
10.248363028556923
-26.92087681203884
-75.58126868851409
152.02248829922883
29.855512157789235
-26.105848191717087
238.57702100636743
-49.0429900606663
-17.780013099510143
-86.80620199004989
14.966691427197992
-2.6806806837715733
-46.93553932297609
-638.6463095803083
-50.21889665033925
106.2238766301416
-77.96402181174572
-305.0902852483632
-23.568828618957014
276.8162621225001
51.68731514489264
48.389068566724745
2.8934071572948596
11.529046982268483
45.409032366112115
-158.50711837084964
80.06673343950206
-100.79046688189737
-26.91071717403156
333.6532815936516
99.91541292478905
-100.66376800723363
-74.3959637766584
-11.918385876787397
45.76433382194773
-16.396859076417
-138.08498483358198
137.0659947801978
-32.30007715806596
-19.623338720923584
-37.55125687869831
-39.96611264025432
-68.75312579416823
-109.03212177286332
-52.70157428753224
-10.609280572180353
201.42626874170128
41.06377721069293
92.90835558337676
42.40831873374373
-90.20398467198538
-255.30606885569068
-38.02632921565237
425.6307713667302
-5.885548858978572
10.85950955370572
-25.772184826005628
263.7780554269448
-4.578210936660209
-49.959516592034284
-140.86804375512475
-221.77215886147678
49.01588041207651
-5.268735048278813
-145.954210172481
-350.48385313647304
-55.914512174552385
-494.76420146725104
-58.326694596439175
-300.1650111455165
467.0182656624511
-28.247362490674277
205.2924541700686
-53.73845968475825
-245.68559571386322
-29.7046320142108
-14.834367806724543
-35.239495369032284
7.220805733706071
-9.24956607432614
-75.09237060020337
-89.8913464262032
-34.984001623442964
-33.79203767607305
58.294393968325494
-13.858767277935598
-24.80468430418937
-106.18650831024206
270.21377570831464
-117.51815912277237
280.15139259945863
-356.28287387458477
284.23420189231
-107.42120343605843
-67.31338934257565
-425.6912011340755
-65.31356890473177
425.16130067305676
1.1536066977622
326.2363545030712
-48.56324714768656
-73.47931610153864
-81.50419650420643
-44.88788139802448
-132.81784030902782
-91.78551727781087
-93.82041587048349
-78.29923127710668
-89.99520030730307
-33.7407173105866
-100.00334036591084
30.92912353124848
304.07876570688677
82.90122436655292
151.16859522090454
-76.18853931270071
-130.85093770929961
205.05084027299745
-43.84071414427567
122.91400815210591
26.84027551631698
-32.418938650486346
-70.9393379392788
-41.59439689819834
-85.61526359747953
31.654365417144618
-39.15785055312743
-106.65280901306687
-51.12569629971766
-72.05996197944447
-21.80701899527378
-23.171647581080244
40.584803234893116
16.98437097401029
118.05637463195762
-582.1972022945138
59.10834169219834
-93.38301255708211
-70.69583043847761
-46.53680593729223
-31.30502289577011
-14.660840099135783
-5.5694251933291525
-396.8295946455837
-30.776448697151068
-107.50528726947596
17.582025304878698
211.17586231883615
-81.53451038330684
-93.43322956853639
190.1694330092705
277.01853117871906
53.199911048980994
2.9918130379131855
-262.0637048902281
66.50690976034821
-90.08553627556806
-15.91732671143427
-28.711689730798753
-63.920748671772685
-126.00953304711038
-52.3470632729568
155.87392700315831
-155.2695420529235
-345.1210766761833
-76.03722477751943
-68.44520999111955
-21.89305836737185
-91.48211293409234
-41.94357119725153
-126.60767546531133
-63.97624147637049
-69.50382591279812
70.95932313509184
-69.08530260710691
-6.584104340648082
-227.26217889937107
-58.49046404019009
-31.255233731896283
-316.1096697582252
165.05018763096768
-2.922018463140148
-104.26811564086529
-479.7047046694952
52.465016197216755
-81.43941429694594
-100.49693261666653
-116.60621890069888
336.2517010087413
-25.48170857009893
-26.16783881744584
38.33749883644896
178.82803281012457
114.62126120413086
-19.807004131703707
-61.3059575883851
-16.2816780349076
-104.26945267790379
-9.275764475078176
-71.79570626089719
320.7162476335725
-107.67051107569932
21.106154929313107
190.42508176002502
-68.52623678784889
-163.71104334235588
-349.1003273407332
37.991695150343844
-233.63261592580602
-279.94993671681914
-322.4170916839885
4.823774995187705
-33.29877778621261
-177.5711995816264
5.396714796158335
1.2697930354158302
-94.65774431168883
154.98986309591055
-124.43598414345797
-73.65762015543413
-49.28024273372413
338.11524498906874
-182.2670174299983
-234.37815752474853
-131.2097228951482
171.61561650730073
-48.975020959522226
-86.05341386145119
-74.23199708104403
173.25247542090165
-167.38280203382237
-303.0925047227265
-41.92952446229947
-52.408223048165866
174.46677421545064
-58.784303348179954
29.23591637390541
0.7604861372419691
367.61955191284505
-291.4386329748322
-52.51869433806769
-32.525442176347326
-97.79376532209568
98.49743039219538
-388.92798464591215
-58.298028101466926
-131.61864243932
-148.06694579006216
-1.6065378755542952
-238.1299686530583
-43.998326512747184
246.86825893072455
-37.36615642356719
402.28237738352436
-72.76590740806209
18.88684894799303
9.005691662236131
-160.19420330007415
-121.70978581510008
-64.12219688467121
-244.1711951767693
-80.54037559911086
-24.427908226769375
-66.95089848154385
-74.35172628335022
181.31412705145158
143.62811665510526
-176.22814438789646
35.8960198013915
-52.94786286007363
-1.8435346685062086
42.50604686233828
-31.056376722864087
-555.842277515123
-94.52450060743085
-63.9579001780387
336.23479866118396
-92.54858674574974
-30.69792200194553
52.83341135345859
-46.57712147639563
281.288122066655
-481.1103634495612
20.96274633271069
-77.68285724834186
324.4857253096625
-12.83870869940256
-44.387496723810784
-298.88019742797223
182.70458925829917
-119.16000271458506
-108.79573672334828
-122.43312372881155
-110.52024962016185
-262.95902258070055
-66.59534261948576
-648.1430003051473
274.9118510376029
-99.9129461750228
49.48567048224686
135.25154063629452
-42.83607627141697
-31.35312368099361
-106.13069731407259
-82.1058730052032
207.40422190727077
-158.42739915270613
-29.932317698910424
-42.025044918868446
-199.99078276683895
-376.96914696460226
-102.42428052880496
-9.5026450392877
99.42202848661412
51.998013285091474
180.95589450596435
-18.88723661359927
-40.12862060221472
-128.51628658268237
-272.2044387291262
28.296739752709072
-10.995106076908996
7.001717320143474
-20.931328321437547
-260.47567798862565
-101.02501747484199
-49.38939132522315
42.877792239716655
-29.3958635239876
22.83192304397562
-575.8528576789231
152.6824719128963
-67.22284970792937
375.7168868900426
-85.0998398213469
67.12993165538683
-201.25665624724206
-132.86248166912628
191.49169904025257
-201.3342485748708
-65.95086584643101
347.92001224891465
-97.78845568884839
-15.272228790328882
-89.59415214796174
-160.6427115632141
-14.452268255697504
-208.30536522536386
-89.88280214698085
-89.36457237887105
-139.39658395281913
-26.820390587716247
335.92505896594594
400.71851295736997
7.659324575383835
-64.89220174246576
-1.2535259109481558
71.00903721094437
-255.45607787137124
-54.28276338281596
416.36709604631324
70.10528686691032
-46.942229601039685
25.670616165576575
-34.93611661371324
-35.38854554495083
-10.707690377215386
-13.92852032429721
374.23175859816547
61.31779491558791
-46.85673776181942
-82.78727791505918
-383.9240274675212
-9.743089121875528
440.35351211716807
34.8199134548795
-102.2915749563881
-56.90779040453818
-92.63434056007645
24.203993057233674
-191.87846654649366
-13.313570057302059
-206.52214791820006
-65.70052118652296
32.69422007270032
-90.45205034577049
-48.714487644938345
99.51635318761964
-79.75510175033651
-161.18154693874385
-16.994666005527506
18.111408801068137
-69.80407929565126
-97.71784038524174
-242.74155314711425
75.49844652803222
-201.36693335108248
10.603409698961968
-121.98497268207029
198.80786850948243
-42.8534480926535
-68.12539446682726
366.69064460188565
-110.04036267562878
-94.14384614935852
22.478057932730735
434.2396286412313
135.52808119555084
-90.71438295122334
137.62062060487915
-64.50183782078307
-35.87705769865774
-100.07606902955207
194.25384352754554
-0.7976698925989467
-207.13352641652818
365.32018974397533
-28.8567754838499
121.55336658348142
-297.5004202605123
142.79943111139983
3.7255717316784285
41.93054518837289
-0.2343262125336878
126.98019220578499
282.6950682948882
-114.25508266187896
-19.615611368458993
-78.59375843986254
-31.693386029646962
98.99118595475011
198.96192804923703
57.90973404352553
-50.17676653066701
18.98852175547654
38.937395801599905
-311.0890159083028
-58.078459056963425
-39.28987902324249
290.3430780119943
107.24994532009077
-115.25743537575227
-83.0174260203598
-16.994653555589558
-75.11481465934962
45.67269612006203
-46.077209019541215
227.0719708684701
-61.4146172836969
-31.52599690389161
-29.429680364564774
-124.48812862237068
-59.464576214881184
-64.84398662138703
-63.41697767004007
-63.80354833591245
1.125701237857072
-59.244581693132204
39.50356367724453
-36.531891408989395
-54.53551018100279
-5.99618495608943
-13.307789920474534
22.942767065753287
-45.82267196671637
-14.475006986402265
171.68252030154872
-85.3227207345407
-113.04136214308073
-122.93479470626698
-61.80877866295501
28.278011915094794
-135.08848248628237
259.2537853580852
-38.26646801811779
-35.95709350334312
-180.0003382899995
-155.52830275291853
18.46369227581863
-104.72127086320916
-1.8089117619056196
-20.770563101004882
-64.92941971127618
289.9321252846339
-21.129835318688492
390.54764988864736
29.43231546968127
-43.350341108051566
207.44147824062748
-16.56853632430284
-83.79604136393452
-56.4255094720761
-37.94625098151096
-39.17331199788907
159.14235986566746
25.393423801381687
-90.04998264009535
-118.4586750832259
3.286218395267042
-46.8057168248755
-61.71585846771491
-125.01910796293305
-369.9868134978715
109.91673607806297
-113.98874293003564
239.1339037322814
-68.5329847931007
-702.7321415486226
-97.94961735872312
63.090304984360955
-21.305490887806684
-133.99892509340188
286.61352358675504
-72.60877090903519
-247.9085935388157
-282.83176090509187
-94.00566456109482
-106.281257087805
19.361208425417317
204.88392941333768
-47.097926115560384
-61.74983707605935
-97.22820050731924
353.17309879331697
327.5855326020983
345.9995914850688
-61.89621955828352
380.57918342260746
-260.008203056188
-290.2335333196261
152.93534283751887
4.421260120661827
-68.72146717814849
-254.53299598303784
-77.91075610521258
351.1925433751985
81.50780754762673
-66.28284360166981
-41.16469001181991
-64.20403135872402
-342.4439001554929
-54.56901092498492
-51.723389227878215
129.09848564276217
-39.10272117639761
-101.86156775749623
19.324013489548406
62.1778711995139
-69.24415667704761
-1.0904127340291112
-69.31486318263657
271.3246106716015
-36.32764699163323
-55.682940010726455
14.085605194201435
200.82501790502647
-51.13691588318579
-85.64133571511593
459.7188804634934
-36.768507716596595
-66.34638785821346
-93.28817597124613
-2.7083021610710603
-133.95319742409765
-101.54044821526138
-33.38970048682131
-123.14247576570233
18.011310450467136
-26.962407478782552
-0.17712320341451004
95.14185530183022
370.2489176372128
-114.49810806534697
125.48077470223507
-25.314731682740558
-98.46490911706178
160.44482166435228
-90.24360034986603
290.7401843231564
35.049423959433625
82.90720573715407
118.72368708769864
-111.73997829728978
-138.21997736508092
147.43311451650152
19.155735342966636
116.2464092275768
36.669677092945676
148.014657452944
-69.90216802169016
42.251064408477305
-39.432509635671124
19.69710530689281
233.6929980598925
-1.8596188703259031
-386.49594985316435
-52.807072254820014
104.59344045267608
186.0946919218204
121.65964981229263
-295.80079479903
-52.07299910536631
-53.09074631203452
94.3326619722684
54.97580667219927
147.6637020246717
-216.43368249160994
-73.55222267214393
-111.94742849456027
58.317684890291275
15.700418659944091
-83.15335664961219
-75.81970336326314
41.8119976198177
112.33169456440373
-66.74414046370109
-41.776213666628564
-225.68312371963475
-35.3714752368283
-72.33148207573049
-25.639267676316106
189.03502292127087
321.57052897025096
-314.94504976927965
110.96890837440333
-144.7580717191413
42.825615100107825
97.91986897686365
64.60128784063636
-85.43597065636519
-29.020365702340797
148.2247705321879
-103.25086976818558
-14.087805709110722
-1.1296784695655944
120.38309738113276
-99.96522308622298
-142.41343019123815
-110.01932160089746
169.4787807602097
-88.05781309956993
-49.514136222154775
-45.896777659618465
-19.16508934547346
71.40962128429555
-61.599682457982404
-110.70373378765726
-20.586292331203367
-84.61126642957426
-188.6942744711414
-19.622195979606694
-38.6102991209591
48.18700802632236
-181.94874008888655
-64.65632153894694
26.027407948669847
14.144163517517427
-403.9052765980723
251.85127780589391
170.65907862384756
-67.17514775763931
2.643058244909753
-126.2094303553913
250.5801508526838
-81.85037675482938
-10.24010007101424
-56.77470432012592
-93.59818397949766
-25.833735827669443
-11.814838861239195
-27.60901326366733
-92.51246086621177
87.51733820148911
-75.87373288700744
-50.605825624791926
132.52941175187334
-43.635658927427286
-316.81388736471945
-18.70875812542675
36.86045149067104
-36.90835125488306
-31.438012786279923
39.27418352782479
4.761414743248679
-44.66038851303529
-56.75844365638295
154.6371611572231
-117.06729269708194
-51.781146438598746
-63.09526603668752
-19.38111183222827
50.9177611158666
69.84459398386389
51.151539645909
-6.424241349753295
1.564919031186946
280.03849264628207
-13.668103475133421
104.09219608679086
-90.59332729451519
1.9278785159635845
-118.7821106165793
66.39024117507506
-48.76583647096383
-211.5170508299998
-38.380991838816044
-56.05288234479053
46.46385138459391
-11.324572340212342
-233.256439082038
-25.362325552237962
68.80053362836134
5.216129148546827
-332.32241841021096
-20.284874352118237
30.525145450508017
124.88578219148258
-154.0636547094964
210.38286947912775
-8.038635881941445
-35.67464632294111
99.68812545386209
-30.480414354184177
42.27127611477772
-54.70791493689762
-35.329619868076165
-80.94676991221786
-432.9305949353675
-27.078412727884142
348.72353566531274
-41.90997323122827
101.19483105489098
-220.72676831475837
26.238294818248622
37.776115012036826
-60.42052516126637
-86.01794281226134
-54.443521885469636
-58.617697312636125
-51.91882538169881
68.2851925352661
41.004154470359936
-106.33334343224669
270.9237411431877
78.51167376849662
-4.4054382614085625
-50.61840707779494
1.1116379745068325
164.8741573536263
-63.915169154663474
151.82341524649564
-96.40230641584495
-90.53780859846086
-251.9232973981907
-150.0741974233897
35.20015393954215
-36.673795729326386
53.3103617376546
-2.3421560147062337
-302.1002233464442
-66.33011159633497
-18.997563132564665
-11.42434614946933
233.94801679318516
-84.12177317872742
5.598283258507739
246.53663910532214
-171.46707905199764
-92.28923844297788
-427.8029590917413
-40.601259865038855
81.97931069997276
268.1028383374414
14.117976934729086
24.52830423528303
20.684660349959813
-88.96960549755659
-97.63933172914312
83.94780030606034
-139.2009138549838
-27.64023794593254
35.030895973321094
34.3799604364267
339.19984002226374
11.893821868437954
-20.690936009537698
-11.571342759348
175.56888514324237
-52.01366024603976
-598.3268643561041
-142.36414719360255
-394.2943856874426
-409.2355871294003
-149.00708763488183
-285.4478966598799
496.0873140645781
96.40148797050642
-91.93554836997727
-24.445757502586275
89.45814094668776
-33.259076265941424
-91.02531126592348
34.59666861593587
145.9410059103884
489.54341327699603
-82.139382596445
-53.72326282935178
-55.81196179962717
22.77522865656283
-46.38824070368361
-331.5287998423046
-338.6076830099246
-66.99483068552681
-14.33710285977249
-23.37828274223053
-128.33185803348533
-62.61119713826373
295.5026870631991
-78.76452110736963
-108.15290779505631
-56.27958712220028
279.04886707958576
-75.88648872814338
-49.549631911010394
1.2185385102902728
324.2401144783598
-39.60049504806154
63.25824910298434
-70.50843230264711
-36.668252202398406
87.45913201825624
-59.64356365635285
-80.7272855798463
-82.13865548888498
-15.67482548458247
-61.86040686938395
-8.482138858754228
140.29910996506442
-290.9471753982889
-64.63030263645534
-45.70831228562565
79.7392564828815
-77.35759306243366
24.531912183704662
-74.32480268045583
365.84744568197493
394.9091068446214
-149.7209166705852
-165.72084243143036
105.37260477493692
63.64979036222485
-168.2848290847669
50.028863465321024
54.38473092580125
15.116028429756625
-363.4248511152573
-71.21425824075956
-73.18369351554637
-516.9923923708611
-420.54564492540703
-288.93625121916466
208.8602439353599
-144.66187087294747
-74.53951473508829
-118.133727479566
-113.05784736441456
-62.298109406504075
372.96621961475284
-30.17760484357873
-14.520911698378768
-90.56877714099294
-51.621487209624775
-118.5545858563637
-9.107176264016305
50.2058333830513
230.15686180466946
-68.62258764750014
-51.625671966277494
-52.675848767042226
92.49742776470612
-29.912718823076574
-3.683973507991169
-39.40723276688427
-81.17374210958681
-89.7605307063624
-2.1104415364729334
145.88091297715982
-145.48911215347016
-23.86199995666334
-40.58108508294754
56.45919279634563
-382.0041919735231
-81.72908428651681
85.79660551346024
147.70115614899623
-187.14720598948225
47.173941077051495
405.9675650185891
-206.51362869099648
-109.92892150573061
-6.348352202909155
3.6319530399165387
-159.10134081808792
31.850628049369334
-16.670031192565148
-400.35459060336143
399.5008929446558
84.14907998880881
32.53273905106181
-176.44902949743846
-281.1204140590071
-130.00959913285988
-12.450627165455444
-62.361573925841725
47.82708360175275
-5.345925005703975
-15.604694501582344
-99.96006041147666
108.17893645946606
-24.621237491135965
-279.40362741229
102.57383804019264
-19.137103752299197
-347.16024980025577
140.49267359986106
-194.6964194734037
-98.93539229852439
-57.4359564251897
-45.013621792809886
-61.193951141070315
201.96194696450448
-110.48315893122253
36.5054035124067
69.21403832594751
-479.86030629439665
28.739143586280875
-53.94524246092169
-67.69683972363931
-82.62093099376916
121.80301264525224
-133.24309443186303
-46.51837090338113
-206.49566073047754
-21.875473875651053
174.99743587229386
-121.2286084193529
132.46069737318976
19.553432216512242
-98.02865957524126
25.059294211460838
-177.2588104586721
-85.8443138361026
278.34904389479925
-140.87279268768089
-339.58439656360133
-53.8819515312407
27.317348979064263
-83.3551128596236
-35.670149862859034
-34.790899042465995
6.283428860978108
-178.82130224022876
-113.05645497767182
-81.02447256167417
-78.21917696021552
-8.976163237383844
-74.61302947274999
-112.58315941383295
-37.545971938553976
-0.3502757796372862
-339.8062273295327
181.9677027382304
6.573172087923012
-81.49505598369134
-35.093363121668816
-81.4132589903513
-63.119962699786484
-24.534240098786768
-115.4915655750392
-56.37989036283521
-52.54235605405525
-114.17653644996426
68.73958358345135
-135.37754764678448
-66.64163425665404
-80.4274978518024
-53.195163319954986
-85.3880070410186
-206.49561039047148
-70.92238680109732
85.46653662136669
14.560037506751542
29.492412367823817
17.81485829082885
-78.92060056494063
55.87053993559516
-30.984836361623877
153.49455166966072
-29.499348803532257
-26.243803205307525
-61.36595581180654
-4.6542598573518195
60.68373918302677
-52.14720244604723
132.43865549568
163.28381693347183
353.78439515255013
-59.452456627227875
-59.77812509897799
-1.364368052044396
-77.72059962024782
-71.24061932148001
64.45326260829961
-41.531829801854315
-82.2665449728247
45.394947071490606
-40.55197342658161
-45.383509644945896
-116.03146699520948
-118.87852944530641
53.200424311768074
-69.17461893171685
-66.81082395653561
-75.6657445327229
-3.686142097377342
-63.425360976686115
510.97523462120444
80.47145357016325
-9.963587590080436
74.75083276910664
339.7827644359404
-59.221962194201694
144.50245511497997
-56.713528509413884
60.050720707777145
-275.43112156699135
-93.91475539970034
152.4032866331554
357.0152080457028
-11.164969736518193
-7.47140123863619
149.51205533312714
-34.60948575570143
-157.30801619624617
-104.10501174869268
-87.87825466690902
-0.9458449343273401
-69.05078565763324
-122.88565079027475
101.55501969416036
-60.33193006488182
-60.738187134942564
-205.20228471048176
1.8438077693308514
-114.89447066039247
-9.013790886796414
-141.89485435509778
-83.5708943414506
15.97280117343962
-336.32658696628096
44.3621018209671
-210.68462967798587
-24.846574767605436
-44.18754645274892
-87.7336129258306
-148.9772538368925
-169.78886013146257
-13.150317122705019
-10.877070010428849
176.39287800428247
-31.34186992220748
-68.16973806369424
-127.21933198581792
-55.92572193084561
-364.9511493783584
29.63514612697145
2.279648380881099
150.97716168606894
-30.966768506055814
-72.1678496785969
-274.4158391076053
-76.27242381706161
-353.012316713608
-304.92816807954296
-57.49541809295626
-43.51834068249937
-29.88029183155959
-7.520371213274757
-69.38973540577445
-156.5237824988435
-238.677129350428
-2.2387262610754988
-41.628254109130836
-45.497592809533714
466.834903094581
-51.63534659420793
-61.4550025481993
10.65351238260871
-59.192661216787634
-76.40249449595103
-363.53501924570264
-26.46983804395495
379.58785522484686
-77.46997314518012
-18.301469006556978
104.49930492937528
588.7439352910878
118.05808063270888
-46.66514004716191
-85.72236029505854
73.82791862015802
8.775656140209321
-471.4731589077619
17.565609742190645
-166.44054349472208
12.489332914248962
-224.39997296008005
-36.87990204944866
-0.016429836499810335
3.470962541810877
-51.73901054333605
-94.8564646018909
6.604475242105573
-39.9185740159819
-276.4876405933519
-69.41506547410914
-40.34248380452895
73.58885968031927
-67.02355656655891
466.41628907548693
-52.1152403473734
4.859885271152052
-45.075556399754475
54.60967948331654
-104.94444810933237
-45.77774913809872
-488.5758493218418
247.60750780403214
-114.83230987266415
-32.99632260368344
-59.975840503177096
-15.83528774083327
213.05875305449445
-64.02240724364208
-38.34455727056411
19.139806961673457
3.7013563739293005
-72.61392595609492
31.223713513664734
48.25934330801101
-173.63629586093248
56.37893407940783
-48.11166739921025
-217.29731923955478
-21.396605213367366
-55.62505056193537
11.18083232900426
-61.08072886647918
-123.75561528288927
91.87731647504734
-74.89351942036676
-377.5325526619472
-19.690927124211157
-79.28512465879749
-19.136100858229838
-53.20327538681158
-13.630294684702008
-68.94326746441948
132.38386136815643
-101.48026712521856
-36.112106193136775
-57.72320650423431
-15.499489263579108
-61.09043747029769
-102.00031666064388
-75.04183656091746
-108.84125322395448
-23.366819907055266
-384.9751731635715
-37.91566474634788
-47.07760387731287
-31.0511592191815
-24.21579674474947
-1.8083909726465208
-58.02911970801651
432.19884549887684
-207.32873604119231
40.408974646437855
-30.0406312262078
22.089181473204007
71.19107476790396
-37.66506675348546
3.5738459961599136
-46.708081974693236
-30.980599055139464
-72.4054974317159
29.608440088463794
-97.207666624001
-106.38011267542524
4.62906958216081
46.59957195174593
29.77453521838197
365.9505000019435
-247.45209730381976
-58.00854405544851
15.287953889900109
-63.22262498590199
-161.10327779537147
-197.24899865343468
-267.2898422417875
-445.2517719507996
-109.82008123146052
-0.8196393477028323
-55.20149852677059
-55.671854334723534
-88.12092376247845
108.56569090080484
-75.30874471724019
-53.11754705341142
418.6626019247906
-107.59482213478259
-120.02463991159675
-287.6246513404876
-96.74704970187422
-44.683458576633114
14.15519192575448
-128.37445227403268
-183.29727664829443
-150.09809128853522
-117.91837545091195
-21.55886316765762
-529.2788572218633
125.21491041984336
-201.76220994771938
-47.82637843021712
49.378870554131936
-10.94508240129835
9.911642115122959
-49.130438723853956
-41.86027373167903
-133.70528540070518
-39.837932634651565
-105.31547531523103
-76.10744477165099
0.7926698347036449
-66.73072080855883
52.2298554840163
-214.98591139500877
-87.98860960199124
-183.70511718434136
97.90851230387307
-42.77610775885588
-53.279184013334316
-39.544050626604076
-79.08216314644329
-64.06132047587889
-28.054602608772484
103.78722470113462
360.6025342173816
-40.37153220476173
-79.12082218784872
31.68399198500674
-2.4707125872730558
6.018168731245964
21.834038982859056
-18.8907099227632
54.544797646433835
-43.23752834437486
275.370878788719
-254.25190587613542
-115.78419996532455
-263.20266644247386
363.34268734600846
369.68144096673313
7.211551445650912
-53.43094772549045
-75.1474201597074
-82.20746135136307
-121.64445692220033
-15.605330198001448
-85.68497663363686
3.654979317023617
-77.41321832132348
-38.785176378164515
-516.5089448956951
-55.93422139321794
2.777382069687519
-212.8067254074631
-254.6582376290844
-238.22436948870745
-118.46306119866313
23.652056806739665
-176.02568080249785
167.709919175315
223.46556673016676
51.384236290216904
42.152941629202815
-50.15618596646573
-40.67448183288252
304.50539938909606
-43.194795321275706
14.620617476128245
-188.12021647019537
-43.06962419049631
-70.41783802934151
-120.22567156700052
-177.54727829647175
-119.06813745141241
-52.16102288457707
51.01121799046996
91.53039446101229
-539.9289750027801
-1.5399028905012528
-35.432255163358604
-65.31630925700776
-51.99883219447946
-17.479811062399676
116.66201363198888
-79.05994435998582
-397.8759396276382
-62.1452882025069
-95.29315537380364
507.7099811795815
-50.32979418907229
-16.436458452304578
-101.97868403230132
-240.53241347056974
-32.134906667469295
-102.47179103262988
-377.4479629048201
-7.0272879271411846
-79.06466952738498
-460.9311635316044
-213.8251949268997
-83.26609274543404
-39.938542706465995
-70.92528909032102
-373.9024340882788
6.578471514270859
-48.024867510347505
-1.9376408768384863
47.454796012406405
-44.20824686767254
108.83885381271648
303.79542626689727
270.4205203938327
-82.1563257613364
-48.436202899129874
305.2230935089756
44.29110963272797
436.10730365690506
-58.386877476397785
-355.9749983488109
24.65040440280245
-2.603766508458783
200.65362661218205
-98.9034946188749
-24.029706089431784
-442.1466663508654
-279.32877270168683
-133.70851181814578
16.60301695459748
14.357548316906104
-46.090285258496806
-55.79692490907837
98.73287111625905
-57.75009360506873
143.74855467882344
28.913195703393285
1.4123756945289099
-16.457664070241663
-24.06640501239781
5.63580332861784
366.7283245210074
-347.19141158921775
-37.66149071001229
11.258448096339635
177.88327562242011
-72.4382886925232
23.848723800465905
-279.12118445802935
11.7144442006379
179.87339974766473
-266.3463205322241
-95.58072440855942
-156.56938953841927
-45.979957968341296
-55.56632606454332
-202.28737297209773
-98.64603472653471
38.83379125446561
-378.4063460718212
-59.469153694288515
-25.680137052670943
-89.40552582937198
-229.67033348526365
169.7846592177848
-103.08666857586071
88.21842390196343
40.698379710010386
-89.71512766974229
-192.5467173281395
-42.189506531102836
121.023338020148
-18.596196486879762
-0.4889068921111175
-79.88408454306591
-63.87820257145003
-124.15949553447174
-346.15661457920396
220.9094303990505
-60.15089435292066
-0.7352333060189267
-7.606957700712883
-58.18921943390876
28.781031430859912
68.44914796255489
-71.97826385356507
-102.90028068217362
-82.02151959264529
543.5855686458926
216.49351729148293
-83.19993092433026
-220.63977222522044
534.7590028189497
-100.03063604305058
496.12684094699944
-39.37258266011155
-153.53341460870797
22.56444194478081
-118.66622365427247
-412.47210179979265
-68.60395504799817
-120.96513178970963
-149.03523296656385
416.36278869156195
-65.20400399526686
-157.14246901258048
47.86627510072685
56.74116910603698
-20.02981047009516
-45.925853220112344
-11.760498049341095
-110.39916686506149
0.7838139062935204
-41.89329958993976
-113.6279980237814
-34.93820684011189
-59.60825202159894
-40.357997014596606
-76.36215717525374
27.41995384645361
165.12809752907924
-9.858439042863836
-106.12700147625328
-179.4632430520087
35.73315807610925
51.301083765962176
280.70632029129047
-30.555174196976903
-57.97484775786843
66.9294889919982
102.31652064302216
-21.540797809452897
2.7182594251571572
230.5799145835481
472.80529600048794
28.607969823310214
-79.93418391561639
-89.83975721684314
-52.21640221553753
-117.144035996198
509.2001707568488
0.60919344261265
21.53170942010547
-27.540051108123063
-97.37426297264327
-70.56395016293136
-21.87296494266866
-203.44382524156026
-3.791826117373868
102.33048357544794
-86.04501649423118
-200.62639548314473
90.72703395320377
-91.28127846928297
-93.7991976196286
-12.34906544507885
491.0377233302024
10.061061240236995
-0.05623822399547862
-156.95365082178978
151.7988835388278
51.09650329987426
-31.987765578964954
243.29904333705235
-47.21313441275015
-70.6668676700975
113.57643864212878
-23.357349659066664
70.0995809479773
312.5335402172441
-36.084364739148306
-62.41007972775491
-43.14220954961638
59.94772151694451
-121.19223508837968
92.50209292022373
253.07408068493714
-115.39373866554433
176.60943632368435
0.8807883619465429
-360.448847716405
-110.72406888377712
-22.712425105716758
-57.99442424733445
-454.1544066277711
-37.65207249295764
-4.80395775973011
121.70888631179878
96.82624673341161
-10.650893792177158
189.44994016924875
-44.66864713512041
-68.07553480998784
312.4714425449456
-80.64177360359018
-22.110957062063335
-61.830857628450346
-47.688337481833514
-44.53519940964566
203.64777164688167
-56.93046007965106
-380.92625165211757
164.72273932994176
-36.719753726767244
-190.458210549672
-121.268302059505
18.287942228693282
25.370081858291996
-94.11556223433581
-68.68247159891287
-208.69567427127458
-1.6122567773545597
125.66851502746795
59.52733931361104
126.52682623218288
20.15533841147044
-166.36221574892807
-78.32427007268332
227.79191832382367
12.980174748077843
-101.63431664618838
31.320335900134296
7.480725221737885
21.28247329239474
91.22797477646145
-73.78939718537367
100.1111796700743
19.290101730025526
-76.7448026004532
-86.22738109253442
-355.6661106109368
-2.7695364153441915
-83.2667257564708
-52.939451062370836
2.5691710404316837
-95.60946000989316
320.9584003931359
-58.462545248023666
65.08886607098793
-381.46328620674467
-55.73419914046238
105.34270204711356
-93.08966623744163
-67.71296692732125
56.403177929784306
236.34225828616673
374.7554812259914
18.899938867278593
-9.254453912030613
-360.99898190512977
-23.191010622407703
-76.54333531525526
-28.953334132619602
79.6113896204024
-81.77575992022244
6.673434853236813
40.99190007477955
-38.84107168163311
-74.59993080689291
-42.443665575430714
175.4459898876239
81.79449839349081
621.0087554850415
-25.212892704979524
-14.685085238274894
-402.44910074884683
308.39188859165733
122.33495084493188
73.66361002846315
4.496764647176747
-57.33667114752005
-313.8062329454988
-20.82947196982923
-79.3960879208962
-211.1508148666635
532.6194033084321
-17.743776185811498
-47.47111776121636
18.490453434468236
-79.18761008874004
-52.2855835683575
94.03030357769785
94.4523346236574
-56.00983265701913
-94.60038255685504
82.93126495659999
147.50726683127004
-571.1353801548739
-89.0431005680748
-38.59170344700419
-142.05374777361612
47.3615621594181
78.33001931746503
67.01811018907938
166.44405945939252
-308.4752506215227
-43.516547889301364
-43.760088191187606
220.38261765323477
-60.815537365291675
-306.2196738785915
-190.58729501008384
-7.048290749176886
155.66339531525045
-67.23037854578718
-97.90953964092478
72.89001717595784
-179.2498879784198
-85.83920970025974
7.898468684746263
-35.594947320708954
-63.659835092787034
-379.60212593707183
-48.294419608676776
-21.602423545395244
-114.8168364233552
-35.514425604943995
87.85035426010018
-71.86025995745706
26.710864371949356
-174.8884974031398
59.15736834710424
2.1546172214164585
-44.18119394204369
155.78061517504284
-44.46134107082162
72.13636397444407
-44.17649087972859
108.62649451423067
-120.5428656981081
-28.64251095130419
122.04330602738628
-22.679975952947643
-22.374006307338334
-59.81439367464924
-57.134114124272
82.3372904361895
-165.07675854513764
-207.98320262837115
32.72609311814631
-162.79396724290018
447.36535479311715
-54.92491228974541
-182.7433809120521
-38.64006444797349
-109.49470772350287
65.4296404961633
36.92462802010232
76.71065982837536
-237.9417771559274
-69.95115962870693
-9.220428516778156
-24.66334957912477
-268.59412704067654
28.325148102283492
52.8724208907438
45.02168634174177
-245.8305725396176
-53.436646218627175
137.46571450589954
-82.73823474593003
214.07943126902683
-48.48458068805843
-515.0358375545875
63.7311589129813
-83.22009180140685
347.3271491658361
-112.36849652363708
134.24526016326672
-10.641285428292576
-67.07586816559427
-61.8872975823945
-22.16353053736629
16.590036685702216
-107.0689899504141
-79.93170639837626
33.81010790986238
-519.3585791619316
21.55407561780703
216.04550467764966
-99.8211479975289
142.4983146017803
27.847410600441435
-299.0925811736506
-80.72967724327641
-67.3698249545197
-307.8619673239682
-8.250121075106108
495.42314707710284
-126.58159755645465
-20.455110427603813
-51.8708281759973
-85.03426615437364
4.89518042283521
122.22006173705768
-87.13633026770212
-92.23225967128926
-30.000462962444544
-21.58775377113625
71.93233416644216
-92.0771192241682
-199.70711838545867
-20.084974592236904
23.936225721416122
273.31282025851215
-42.15457558358776
-264.06996378673284
-237.01661125249666
-17.673061941237126
-199.48599859035494
239.89114253539083
-48.03845606380571
-314.8711482374074
-180.3676523762333
-38.687539520129086
-83.89076683854145
-41.65515387697867
222.10833561418985
-96.03084420329668
-99.69687702913751
-20.740366382350146
-103.05426612453483
129.57028078668282
314.24444630923426
175.89161896881615
104.67128962121751
-145.340567274717
64.47028899987481
-14.693382433732381
-55.91277521163738
18.693598885960455
-47.60989650182497
130.4647813601514
-390.5129359116636
-0.5376072473518434
-60.421668114985344
-36.105998814999
-116.1893477809881
12.316724368556606
-8.751830069533753
-29.902648717509138
-57.53864242244329
-10.67877893198829
213.57091644952197
117.7021928940394
-31.409575245184158
119.14966356454715
-29.34717178375188
120.06217505156928
-42.388607332149206
60.89215968380995
256.19535756084315
-186.57913900580206
-109.24869237169696
-46.292037388555855
-21.119904538712944
53.733714035168305
86.70137651623463
-50.29192247721062
-54.167672850624285
25.661234367527868
119.04580236978245
-71.56480466488705
33.60267709489744
-247.5334418646471
305.05280697662056
-67.55216668942376
-72.23480983017737
-53.84040132425616
-262.06307809814825
-54.89995282082782
-100.8550587366808
-106.05978218025302
149.0246696852464
45.366721979156864
25.12334083030919
136.15731243287883
40.91415376538316
-122.89930240502872
153.59468147074222
-48.336545654684855
-66.32909564099586
-99.01010029642748
-35.83584971554143
368.1759448051398
365.5997076076819
-16.007095077502584
-150.35251579673968
4.4617376356895875
-188.13479796767933
98.58423620540225
-35.4628267223452
-403.36893916922963
-198.1663191290454
-98.29938920515633
-238.37340140169908
-99.92462663176411
-87.44051291691358
-44.149935957257895
66.80533824098165
-326.0555852587222
-44.72879038249084
-62.32983943115876
-65.30172548368596
-113.50498174185032
-123.56980722813205
-69.21117438844655
-343.75883473461954
-273.8051676007399
19.360933922889107
219.88383735454954
-58.648635102664144
-318.53727464294207
-674.7109043221026
22.413783986612543
-25.231864177927605
420.97465040890893
416.70087574114586
-32.459804379153866
-200.8564461109654
-37.68655798123473
21.63179529561421
20.810627345732428
-56.03655090491537
0.8983760816106119
201.37631550290462
-38.26088111956237
-20.966107765001198
143.11696038602167
-34.948268532974
171.61948897398725
-3.906250361715138
-81.9866827113974
-56.96478434192818
134.39511998968737
-47.04131309157897
-70.46875210036706
-220.71678577168313
358.6488278321922
-288.8446451856762
3.0958751253801893
55.23933991652666
-19.5011618734261
-9.370769071448535
13.37244144557917
-186.93103818122836
-54.36536100475678
-18.67543512861539
-80.96424272663808
-292.62915848226294
-55.41957746916739
-149.57750846199042
59.70599311884325
42.095065826642895
-146.6639643528215
96.08594560271376
-63.387828377790754
55.44463974597602
54.090108406389845
-32.646867388645205
95.16245893720634
-67.96973451868605
54.12136597803601
96.69761670072512
-122.27317671891979
-199.97846668232705
-391.0257778915002
87.51545187473312
-38.43188369832751
73.32160734385616
-488.4359418345848
-57.90757256767674
-3.6521704370470185
504.7147764658639
-238.1479786869586
-210.20225988641505
145.05477370415974
-95.98938622223385
-17.00221982576365
76.27571487919704
-444.457372817702
-29.03816857466336
-142.21118040286638
-17.415157075616207
123.82591118129494
118.74448191940064
-70.7996137674119
-62.689050733329324
529.3878815658882
24.09335976270995
-7.60601766525906
178.77313360251037
-369.02766306045305
-81.72760730467317
-154.9526131306484
160.59195237797576
-21.15186797893557
31.598176924662596
7.923637170783422
-55.34611746137398
1.3252550161869294
-83.68008855797416
-443.6089594788391
119.10326164145954
-72.83455153440879
-179.38520786811387
-90.48404061744662
-43.10531557300577
-48.84526937261194
-198.49229107162773
-350.95784584714056
-116.55005159237862
-25.52111196711121
-124.23944940482033
-75.45805140889138
-98.46574001266436
24.111330908472155
52.88560700954076
-70.28293371449043
-19.29810006537366
-22.760006895100275
174.71273382530308
9.493986310462788
-72.37468112808445
220.77550329089354
-35.034417485576476
-36.04663225466538
106.69993227154555
-47.53774612632302
-88.76165367000033
-43.744593000630175
20.58783813421269
-31.405917462391244
-121.63263918528304
-113.60628575364444
-69.78596365815974
-42.678637742945284
-27.82647452809682
101.74436723709641
-38.269335307413485
-67.26498616423578
-103.6608757943339
-67.12985317081898
-66.56390461713855
-72.56700721202833
41.771124465598405
-77.51872735798102
-34.837925294459076
79.33965602294666
-118.11819844940783
-60.81433991258681
41.19817056922557
163.05539945946384
317.13117851861716
-44.217203718633755
36.59270725736769
-242.44138372261477
-327.3189513010075
344.8100651346613
-176.16102331280854
3.0615120872450774
-54.867620507407636
-87.17571287419014
-130.1665878886315
-536.956550057781
-60.32678720434953
-78.23597424700105
17.70718684880643
309.6573434188267
160.15927080109032
-47.11375826823013
-52.024612882118504
9.719084229894179
-181.2569887517684
30.801258366622278
-141.93682788338174
-43.64702272999379
-107.5854629301848
-57.00477141171514
6.45792677258396
-2.9108027884717558
129.56789665977522
-118.97218710686275
72.1702347843393
177.83704164951996
-89.95955888540212
-55.40287011285872
-528.1696985578455
-127.61302789929323
197.9795108088656
-427.71617062359655
-23.695855761274764
371.30468829515667
337.1941214789367
35.35207064036632
148.3477575793995
-79.69209174360549
-282.61987409449466
-65.13455707431524
47.032854403970305
-84.66801972393641
-53.95903670290977
448.51539401725313
-57.90910165882019
-84.3777236305696
-90.5456606635189
-52.682302176162466
-6.706871662882804
-271.5497736266807
-88.29643260221019
-252.48909386504238
-294.52823721224195
-74.03127491837911
-161.865957737411
476.5999704124388
-98.73739242313604
-26.156720272841994
64.56457527534894
-45.53330931793971
-474.40037262236183
-39.251198366155684
-31.41062296718065
-82.86174440095361
-29.523618850212188
-58.54123893592532
-14.02636299998139
27.626106256781895
-91.26523030282988
-54.009553553067235
-82.59494197083899
428.7565768782915
9.432019927147337
-54.83116529736981
14.471034070309575
-111.62076093492753
-184.68074015800266
-76.96711267061801
157.44095297897275
115.36103529106003
-107.19523357172966
-27.99378509843791
139.93796906016541
-208.37714842226342
3.339329778900037
-81.08359589954983
-31.31644819173212
-11.541130131941175
-65.85165510133044
-76.29747048604077
-136.7902594890129
69.61330936052309
44.15009648272735
-63.90365701313311
-225.59913437066098
-25.168471043718455
-50.53654679376541
-60.945693812751905
119.72207088505093
-49.06420788079699
-126.33834768909765
-32.03801175409694
-81.56438861283095
97.6682685101141
-2.0124545032322203
-34.77176939048877
-20.395523137049793
18.3205858247984
-474.11855874275534
-16.86442368931772
-107.54152207363445
-22.363771068998176
74.19888918916104
-107.19493514173236
-102.94192218664453
303.5336557917708
-69.47359573469477
-42.33808996015762
-133.434340857988
-45.567498169686075
340.3194433545832
-217.30977462558985
85.45537884594887
-97.20403032785461
-39.99859039958574
-47.81191464709991
-105.14912691027519
-78.74611314888102
344.45430441296594
123.25711596625843
156.9704127571622
169.08511344225826
91.7904332177045
5.647534391334034
-49.67500487781035
-69.36294869069798
-45.56071767479898
-73.78203292075113
22.3863288291657
-113.31140960385574
-13.80949074161606
-290.009363275115
-62.95801100942621
482.8528148826608
-67.11286467868806
-0.8155457775939254
-109.09589527055141
-66.64202219073195
32.93822391290996
-27.536152230787593
-200.54288095167612
-114.08215274249113
339.9888889764734
-31.510438569283906
-56.64388084655408
-29.172441586146306
-66.52469378268367
-187.0726720752955
222.22130439063403
-27.363793041735335
-118.60392034501287
-27.847538862251895
-35.45911842627451
212.9170910734083
-66.97674060049911
-357.62307102942214
-10.04658498775949
-76.92717683402589
-170.2085292513948
-52.84437773203683
345.1327117337132
-22.610195207097718
-125.95838294759778
-8.35017748115115
-222.04746656549105
-68.45688866439559
-64.85752282675094
-54.749672034897365
-94.77642479218434
-308.6652312957176
-21.447176430721072
26.019649399564514
-72.23100320387488
-72.82866363317544
-151.36270565784798
-394.67538752774817
-31.690953907913354
329.40352089041335
44.37235871418761
-11.834409504157861
-282.75674277563303
-20.181860414177777
-39.503525393495636
59.14349367058321
-54.772043359766116
-395.0191892903749
-33.40915718222556
-56.11465619017158
-64.50494039126747
-60.57725259395165
-172.80752381274397
-74.50469120287221
7.986810695374061
-67.2060566305217
-48.006029199055774
101.69583796725237
73.547015091508
-8.421808608414722
-94.39791137325136
-129.0554579137488
39.92409108013999
362.47324847098935
120.39832174558796
-87.2888907468732
-19.893193563188106
-59.24784376252677
-72.97017214063635
-114.47584232481495
-185.2665979878857
281.74545224340727
-48.01408349875959
80.6718212317428
-468.48891192688825
-176.23910947899094
64.72977088550033
-76.996352739622
-104.12985398968453
-40.17021501720956
-62.560313537469135
-86.16740535147716
-83.08014500575936
-99.46166837542974
-62.49797875770753
-73.0241801484309
-73.19029190632682
-119.21933623552559
-51.50761001462498
67.51780293164029
1.1721633743630946
-40.82836490608432
33.76703492739
-67.18990929757686
69.28220145792284
121.22341342660002
-125.85199863901289
342.2264013684817
107.79235601847722
-63.30243166380319
158.16241765699124
-97.66122674781764
-133.60427166699216
-93.77354859908905
-116.92357837175145
-44.85650536999189
52.93059415995049
-32.80160352114558
2.649893739530536
2.760718144960265
-138.45167673589458
-67.73429265499752
-185.2190918816068
410.1171126340596
89.52434442610956
-22.413116083380828
3.2166634898576376
281.5744464714735
-33.91621361846612
-83.67585520042758
-71.72540616694096
265.0501016682938
-197.91318318858612
345.14839383102844
-84.42789652981043
-474.0541440519555
-172.39766992504155
-140.61243063115944
-311.67862306276766
237.5657822664798
-15.070364294515457
-332.8137737222987
21.560284277463325
-219.9380791620315
-92.71086778921789
166.93981805513977
-79.68461296548217
-17.289560915616676
-49.74043614065006
-132.19918108498314
-175.2638737511943
-42.42849390764106
-43.60892213185252
-226.8856001690583
124.09889111343546
-168.82002908595678
-104.33956793008417
257.48573982683956
-94.22913652589924
-61.86969720099478
-51.0175360782323
100.85332648363874
75.09739486377839
176.2238284496466
1.9088064445677446
242.45326464614118
45.735291539924674
-265.1076994941541
25.774141949015075
-0.648300927821196
93.27036243527982
-13.689368407994152
50.5885457686818
-108.0282652026799
-122.279537503151
-10.382303360557728
12.248579811581294
-221.0164780155901
48.333336467613435
223.41429832528775
-115.73002980914498
59.808624585532016
-30.016578774237132
-110.249811492356
-240.52313862956908
-48.120376631600266
-32.041593601597654
-128.59876337240345
-36.382653773441234
-328.0284616983681
-59.87833966884682
-32.780562839295115
-460.9629087323119
39.160082360604974
239.40308541458944
-95.3879107558314
39.797933847463355
-50.38728143579627
-88.89021408346343
-219.46235379188784
-90.92174643963894
-91.05668876859818
214.20481716295762
-141.61117470301724
-42.09971233911554
-101.57408428625149
-208.2852691223834
311.25266724205994
-58.01156837725193
320.03976573551245
-11.587997809921717
16.073463953644023
-161.40305231596722
-79.34109319659547
562.3333806187384
-58.97711259717835
49.88070458558468
-270.16779069571385
-218.47995499171702
-40.69275756474144
178.74278840274383
-42.21826644022096
234.91143366938923
-276.03525910878034
-123.92087628431364
-60.160708073603175
-6.117565313843443
-75.47733304284884
-403.56432404922634
103.85187880326339
-151.08719591389126
-76.27346684619624
125.0760356357896
-88.22960854342455
-7.855828808445949
-99.36110273975464
358.77378023242454
-6.970818597439688
-129.43476278254093
-68.63245745286986
370.4881809049566
284.3865154160976
170.51732769474893
89.91118904052928
-64.28668764619033
-16.222311494238966
113.57655868081929
-95.64487696929379
-136.61124055535765
-279.32421994634205
-200.38326689258065
-33.64356271580846
13.115737904580385
-117.22667748299864
192.92511618774915
-252.71251393342936
-11.629060325032697
-101.6030131369058
246.2594873639482
-220.0736737350071
182.62709912580885
41.286822577862495
-41.74424261108494
10.611556961381211
81.09611350085106
-84.20341532866941
227.9348097816528
-129.83627798158855
178.53250766549627
-101.9392633193147
-13.514025454280272
195.02215110553698
496.11487883742666
32.00221834975309
22.90088978851236
58.390164956097124
-65.01816532109217
121.9127313873687
9.444889932015485
-64.04101739272814
-39.677158187969326
-56.80641195980621
-54.45768763216143
74.0015184353233
115.74228072331243
-78.69813723949996
24.941057381227438
46.718509676810754
-195.80386985197038
-155.17894188654464
-7.352626085701104
-107.60988284111488
-20.217258037063402
-244.47773932262862
-223.49950895034362
-201.84833916625576
65.20243059098539
-197.05500571214907
-27.61539698698971
-336.48916087602083
-562.415616579472
-48.400278698865804
-44.97798809080615
-104.10477697806073
-98.28477250368087
-41.28299518110924
-9.73707298121331
-152.85910382697512
-66.36484819108853
387.1324624259614
23.65480859514355
-111.96745615574946
99.24655354726565
-71.8385087005903
288.033597112546
-105.07283291303128
-180.84695730645944
-88.62535476196558
4.946903648422449
-43.71991868069654
-124.14726708190028
175.3055127120424
54.13350669145984
397.18465301023207
23.21968295936358
-50.63696954214673
-58.181553301807405
-257.7093630355248
77.05991016044027
-55.50247726813542
-35.06036135753823
-23.03336322709174
-177.7381118129888
-38.44949264632071
-326.7098445193242
-32.53981020858282
-197.35812461449495
-192.32035760651524
67.51011168311197
-76.09623001400178
169.80504733859016
-44.647298771231675
181.2592479087707
-71.51757351172697
-551.7875101614209
-34.48674153783213
-109.3842349540485
-45.35471489521569
-41.270629631471365
116.74881364872999
-31.987853328566985
-218.40068018376041
70.83462250204138
-46.561815875945264
-33.215852073668074
274.9394752901899
15.650770872707199
-75.44185218609874
-31.23954705711185
-61.235183654944066
-38.3130297282496
-107.30230666795251
22.66441752576975
-44.28287269042676
45.446666260784696
-30.358154479657514
-68.43460786841206
-33.72920419539514
-109.18489142985527
-20.760544514434514
476.9257976175886
-114.97858915507996
-8.01129394197119
-44.81580658694477
-7.619092652644348
-27.707584961386942
-126.32769242095583
151.95496377560994
-564.2523687036937
50.61378008385714
89.68968407227112
42.50227048408806
-77.83767193411495
-69.75932215725109
359.25708378870695
-84.83719284398467
-61.61041247794107
78.12762369466873
122.87558350963081
-13.931787147816067
-42.751529419889266
-74.81476777383354
-82.26255545514323
-67.20671359865594
16.113537221373008
11.23954692721037
-98.47708774366947
-60.655474575964035
-69.86298245078069
158.48569761944782
248.69882167598917
-124.09245584415197
-50.02064435062675
-118.48368658175605
-6.2486643533501365
125.18430322646418
30.2557584127062
-86.7654266379226
-77.52918562138365
-171.10109185094734
-26.110866999841164
-172.3857427732546
-57.33226213941634
-71.14142691067893
73.11624378251508
-91.1821030301957
-128.75100652311994
-11.178176843290203
458.321497934332
9.774187936942326
-36.32490233862882
-83.46946653648956
-46.87566082092053
-45.3585508269832
24.598022209097532
32.46704114614107
-46.74797711475753
-28.960236504334716
-63.18261242172017
-104.29487239861591
-11.783305753445052
260.5398342071476
58.974311915687395
-31.66793898814774
77.68154334887504
-4.698230703261288
86.53985020093023
-68.55871152562895
280.2692583767657
-16.548219652591342
31.415742073075307
-272.52833800928966
-28.8811644855723
-68.52107034065662
-90.90396309477549
11.138944255840215
-38.82459966623355
-60.51871215966545
-46.827933601609175
-41.61594352121577
-47.86798709257881
14.050343723397873
50.32828583814626
362.2940391889206
-90.85958616825883
-30.270757150394566
-365.12287058884067
-106.01414228614249
-16.061261702217962
268.4740693040567
-91.06769547474909
-59.61368329566767
45.332822102489445
-50.296042376521655
-250.81600406019425
-310.5812187190386
-6.990465152214275
455.57955335436236
-23.534476676646193
47.00717068447193
-13.627711433490731
-266.77177826698426
-118.96212776319953
10.502683916984779
-31.466185486164704
-79.18471352669714
-48.2710021962821
20.61871502201393
-154.37626276085211
-37.481872225266386
-116.66166311969758
60.54714037518352
-91.52957093418327
85.96512479394733
-124.96630471753188
268.2283923903542
10.339443847629726
-495.8803664354364
-119.6534623050793
24.677574400724552
-92.97211313768094
-162.0222629305499
-187.68482635217697
-407.63832919115885
488.8917374265402
259.85127586309136
354.8278386195834
-200.66452949801987
-111.9850013010091
1.6007365112220668
-68.2382325657401
119.82971195737628
-167.5922220281118
-53.09657746158816
284.51038749110194
-351.06185124627154
459.68036793775354
-33.73453586730959
215.5797693432305
-10.316758159193341
36.69021220284958
-86.62063823492373
-62.634453369490956
35.34247597091053
183.38235432164402
-449.846036401701
246.77943226931166
-65.45134960932563
-64.64978962755231
85.5442102110519
115.2869784361501
-55.80811011248721
261.40664158010895
90.27366535612055
257.7788138580381
-123.21880519954081
-32.29951774873164
-40.49790053372298
5.71546594631036
194.34443798322354
69.14388740878735
22.942409283085
48.26612732174908
-50.00346679364259
-58.81569700998659
-54.39394558205109
75.36226892267405
-92.45029231231975
26.52439444634888
-43.601845032804704
-98.79083259030892
-82.32277829121327
411.20857071160026
-166.1056490969895
-3.2740884279183433
-128.14608460199634
-89.45708183133411
80.40876309043051
-85.27291079338153
310.5469268917477
-664.5319942039118
-71.20324523750787
-68.76535099655224
92.06737494283516
48.77013888004694
-98.28913282246322
-3.3250175189859874
-82.14840583597652
208.14135903318856
-101.3114909135248
273.68191791726895
43.75755048589781
-69.04014462664118
-55.84090036984253
101.19456388311482
-105.02523341637516
86.46330049747166
-69.54497121421983
56.16210608429719
36.93894904377339
-178.3055358896836
-22.43281048256631
15.514338887390174
95.77199978122917
-30.007084538181715
-75.65102034677693
-48.09115913859455
-230.0987188661893
100.87924264825233
-70.64534686009387
-47.8604055563805
-44.68920906629728
-202.3601120999665
-28.0216787876343
-43.81451904479218
-145.2687165119405
-89.5965259802354
332.9217074119315
-70.42563707482623
-43.666079700234604
-80.52885236674047
-40.1955439407684
-36.56718005202492
-8.170545706595018
-8.772112322851171
-51.36092923834332
158.27575668489408
8.259270683745854
74.43052006905782
-82.60309880809955
-341.58981590229814
76.84677184275279
-187.51971486228467
281.89089234134735
-74.60890322634229
427.906937007785
39.5530345137322
434.7517843035821
-58.93043969605105
299.6445674970855
-2.2955741369014504
-34.50039968434146
86.28890045248409
386.40299883080843
23.510363295583375
-76.13405404378409
-136.93669345016315
81.96895390032842
372.55289764065674
68.11768282393177
131.4279431633513
-134.2992642427089
-50.94280210073407
-64.36909879949599
115.46668637183075
-200.0546895040752
219.6239090350682
-179.64011716113964
-529.5315343010479
-63.38960806449268
47.571662148263385
106.56613811270336
-236.89600063588296
222.68083983462293
-63.39468153922593
-159.54685467854324
-25.4668533177919
-53.10149163633105
-260.0224330492747
-52.984149834454755
-44.174640942885674
-68.51171301480616
258.76500301051055
-26.771648656607166
3.7990474458119934
-79.32446843556667
-345.9702533221789
-191.5999421560973
-44.71243018556599
113.85713598320581
-104.48558129572666
-27.728973196257357
3.0093645353213105
-170.8574950839993
-75.82252395289811
-36.99067426530492
5.778059225527613
217.6253166102706
176.24094394028907
54.057912606699574
-7.736169016534973
-27.15591572894573
-119.37683799092763
-54.65723609313136
-15.254919489791064
86.33726398874887
-46.379258146740995
-92.64377366202098
33.850051831369
1.0810615680462377
-167.51275800289932
-110.02205166516796
156.90931993936465
-231.2434472721734
86.96946914714135
-48.78306607960462
-126.97369854382123
528.456103577646
-33.14868907193727
70.4431345815774
336.81532732991764
276.3813850407896
-88.28455037617086
-93.82896336996045
446.6093427529813
-17.303018142868076
-56.88340832624481
-2.034197248671063
-78.8838158118935
-22.866704859820402
-46.67148330406994
-77.08861065148714
-607.0848213453573
237.99851186936758
2.1739772989967605
-336.31760374316764
-86.69583606786753
-216.0693960201188
-18.981913105514252
-5.059995696768965
94.88562432448816
-4.353046596316641
-45.960840992570915
-18.527844903039068
46.32002540192207
-89.67923263778539
-200.9402517280214
-673.6955082984532
67.35037687675594
-53.833375707823656
-82.56974474181334
-93.91828941589947
-23.29247697387934
-38.32824691606447
-78.39664548328847
-55.47293033553306
-61.37643343536608
-31.408517612378915
-94.0522939978845
221.3983121203073
-73.58918893123791
81.18054948486497
-31.475248794392883
-54.529054041538686
-27.310999668312604
36.14699807997067
19.37413050195937
-47.368356169074104
-48.58098348232551
-128.76993241793798
-91.85887010448147
117.24962590847463
-48.7468016880223
-96.79491456654114
77.96554754943827
12.785677067019092
-114.8327903618186
-197.12666465940674
-47.210672318661366
-37.625493285498386
68.70861570062698
-62.745597614464714
-63.6510683945966
233.52976478501387
-241.99653614982526
53.75358284385038
-30.800671616289947
-32.16218184516912
-209.35191689303792
-82.48558520439533
-32.45973124288514
-32.14326052407152
419.2118723450367
-519.544284931213
-182.36818616475466
-236.45249143524052
-334.49964867675226
26.707999518288375
-61.34056858629992
-68.34146317568047
-70.20450350604551
353.80482910749015
-270.4070758257312
-89.2036356462686
65.25040368379723
-157.8036701299552
-76.33436164184423
104.7747197077083
-53.51148308201277
188.0642655941083
-49.31930797088273
72.69322577675848
114.92606410158442
51.42856547980227
-78.61148562576454
-19.874637688368807
-148.10889716157726
-55.59504258535789
-446.3161985586303
-150.10593570886158
-352.49131372552984
-411.2251247652148
-98.5373027398382
105.92607828868859
-169.914918585102
132.51710675191316
-70.26208477939781
-69.34682700944795
19.868481590348892
-50.28800419258831
-61.13216454324495
-96.68569083802322
-24.26371632370501
-18.706249517116163
105.41491308583863
132.8726513831134
2.843161363346553
-144.60826501657994
6.611006335576519
-36.63369997214886
-42.40412376842687
-44.49179485434547
-176.12925635016654
37.37943063939929
-427.9140160062507
-36.0813490877008
-129.47584057306995
45.93994413069777
-23.08371885295128
-31.068111518667653
-14.004986637761647
75.9342861651703
-39.86388523929027
-28.20183077806614
160.7534333999556
-65.3846013789727
-157.31644768490696
-6.860128540460418
16.085303729738825
-2.1030509040392644
-128.71492787734323
-129.05884280408281
-8.7480211177417
-173.39293526102847
-168.27299696626505
-29.187111624334648
19.545429957390297
411.32024469355565
223.04253469678224
-41.93876604792786
-148.6579065399037
-85.72499827569204
383.5541958361446
-21.942979413143462
-21.867130583928883
-45.03607120491668
-3.6500344425476214
-23.596269823641418
-42.97823510982519
-93.6350168788484
-40.275573418137355
50.18667204229109
14.763761678414568
-225.41235071082792
34.9882437530332
-77.11052832802005
-57.12733092999546
-50.31266102994182
438.87717418819193
-499.29046936275154
80.0522634052395
-98.50923119229083
-81.57132297549833
-349.37032843572524
0.8788735810230719
-78.82396081399466
-39.488277373642006
-78.37681375625777
-67.62242025308713
-67.15311139366888
-55.669173360962645
13.355556367199142
-40.34381832469831
249.8005257230452
19.18363698396618
-20.663904791097593
-78.0730814834219
-72.5881972019602
-11.956259889091669
102.67490162031936
25.561840806245527
1.6895243757635399
144.72556510587492
137.33020172055785
256.53648175792296
-32.84910744579741
-58.617918557684305
-22.75635511285509
241.1744384647336
-20.979841163229594
179.94399543137843
116.0081338050386
87.33523466806446
-34.820199849398534
55.932066012301675
-121.68222952699216
26.903129881583027
-101.59742357615687
-51.900259803194224
-337.2676919121368
-26.15460120602554
20.711058779810628
46.05939799267253
-148.5449834087558
-167.34015958373857
-8.82923613911953
-195.33315473278526
22.593562382212212
-281.1090076080163
-29.177150983738102
113.90579125451586
-87.5380430551577
-308.64115519523693
-63.67044377396555
-41.76398168853116
-15.559809720693996
43.68248178923022
-239.26189214824626
-26.884850173749328
-91.92155172385537
-43.7221008670146
12.712292149771656
19.58105441619273
24.550305755728004
63.6011925078119
-72.14280669864547
30.572799442404175
86.93447102310711
-19.456942206960775
-39.61557444956088
-29.087352798020582
-319.945867876565
-39.76831343188678
60.23573024587495
0.6841922038729535
11.32978019816619
-188.39728917672255
-75.6778914060269
-23.439058930243846
1.4767758245867186
-47.8640334900374
0.11866769538755761
-80.00603225595478
-93.26065408476825
289.8548792375168
-37.41240158852056
-32.87400647445975
358.01739160208126
-202.70635079699787
41.17275332895042
-59.642958647981565
-98.14774425144985
22.762096338683477
-77.39554649565252
-57.89347336850386
-396.28251294816255
-25.490590975142368
101.53574802120966
-47.14069704708112
206.20419552386738
250.285042617028
556.4070357586406
-92.14571954373832
-297.26909056556906
-16.55046219882024
-139.44179216973498
66.25904774575702
-90.98635616329557
373.3267009143492
110.48778847906942
-83.5073578297679
-52.89604330233039
-45.35405697717397
19.315582550292334
-24.495972402817188
19.530874479193244
-53.86208780199922
-128.9435448674967
237.75243685750502
-23.16970158105869
-73.11406934974816
561.1552405290695
94.37385514536618
-54.84368563926182
-52.25141000281367
58.85625379429257
560.0350224217091
-332.4165900293083
-83.9370234047149
-69.7042004946124
-116.25488437144486
-43.9849308027658
-131.02817580973533
-5.15799325367243
-66.2223783531634
-239.3273065160829
-362.24933781398795
-67.5602413428618
-104.52835727833371
-39.45940322999968
-67.69933900933631
-68.80409083392647
80.44597949306535
32.52310024588223
-15.867116840639937
-67.51652794907845
116.67992853746182
80.09036689562686
-198.08095920999403
-69.39729788936347
81.8835204248735
-62.23855781987538
-195.9408396431736
1.9374587134461763
-61.2532402514035
-42.84363737175045
305.60319583690944
19.247311307172822
-12.65136557918504
-38.590953990193945
76.71326692334515
-84.8045527101749
-95.4968213452835
12.527245157880316
-29.925681385721873
232.38212737940012
-41.1763698910312
182.13208650332126
-97.70951646543108
-87.13443121212242
-272.3500570346878
-27.81034696549034
-412.54219296466636
-29.332575849211466
-33.7260938183224
68.41611560272167
-127.8709310344093
-33.46077022217776
27.638889616016286
-261.5715807064862
-96.70783137205636
110.35926599080722
-87.96035004422492
-84.5620133100662
-76.23376979608656
-0.46163954140547503
162.43411392271173
-209.0534757918258
21.25266262588775
-192.75020744872927
-58.77028441290238
-5.792312253932323
-59.22632637452443
-3.207826196345112
12.118031230093038
-23.565461004491226
-96.93411718454088
138.2286573107649
-148.86489535143482
-236.75822544442235
-77.89663089618352
280.6463200554972
483.02982536809395
-542.3607825007712
-78.3424740619862
-446.4573866789742
-123.27946194777387
-39.552390226514035
187.2078846417262
-38.678796657643666
128.4942409833875
40.98736252692788
-208.6138833726327
-46.39926850770189
58.98342083277248
-51.21547371273033
-44.964645687843756
30.16999235309322
-50.924167538101756
-25.282960259686774
-13.904216459992433
-32.65897944365376
-19.031278895739888
-35.02542805680061
-168.58948756110476
-210.6714071135939
-84.98849168241759
-39.53445890757024
-263.0415008249056
-121.06285986311013
48.35460360113575
-12.037824787975755
-45.11188686281457
-224.97100997396956
138.49190417381033
-72.93001581115823
99.64479378530268
-52.301674862028236
365.28970391324765
-264.6442461730403
-119.8632226550435
174.8560123653897
-80.00539565767464
-79.67378703241098
7.086971995533531
25.20540805881831
-597.2442777788001
-85.14437495367565
62.94235781714087
-63.908343894774276
-154.15081325080428
-7.722646826680943
-60.083216346250246
-30.14769646756975
110.45225187915821
151.37899855765681
-43.36903085553877
7.447470073635486
-91.9635968281044
-55.10435822627835
-129.68206242955603
-53.80891527124669
-83.79323709143546
-294.3205710139282
254.98908296554146
-114.12707829911069
-67.03542218619569
133.81316793928636
-565.689317549597
-139.02415982865864
-81.68990145234599
72.25645338966024
0.8209696527974302
-83.63322157052426
-1.9615428360676375
473.5385578463756
-5.521644240565365
-89.77989394584475
19.8686721141569
-182.51633060199129
-69.84836757341328
-53.10134796922297
-113.08107887865994
-136.9566568644541
-78.86190920581822
-71.99095566389406
-22.1570830916844
-31.098745073621103
-29.07682885469694
-368.0417454622602
-83.35216305050017
-95.03685291341384
12.115777483721331
-341.47752249130826
-31.01964704734877
46.11767514910207
-50.891148584603684
-73.22439524120117
-2.4914873773877417
-24.41496402839978
183.82554417807114
-533.7559043490946
-85.31599725528685
-66.91017289467618
-48.181955616730434
-111.8201854637532
-74.13720291146792
345.9582360968743
-83.76641607763304
-100.91004249811141
-52.75177513579729
45.8649441808011
-59.997828365447276
-15.705605077884089
101.95496189382538
-187.18563479470868
-19.504288055270226
-23.223771450856447
-23.807187422024015
-38.42372093962234
-55.91848828553813
-1.805943575240235
-261.7431131499734
102.66907243646529
-42.53795650112234
9.341651862626527
-425.52381979401616
-9.079491139824313
-32.306480178909624
-82.27846817346654
-346.8535199447688
1.8314239071660268
-146.59645309744883
-30.116188696163135
-4.623870290080862
-22.60008583080966
-54.70632163482014
80.84845965385466
314.332989822371
-146.45788985223408
-33.09349091338942
-62.941707582460026
-24.12938816748573
-97.70738064093048
-371.8195759119435
-53.67149470111095
-56.23815495046779
-66.58389736944468
-35.51401400433633
2.5942428484013362
-55.0168206062799
-136.44337173909352
425.63206009900205
-116.84810608038242
-101.74626878820709
0.38069691401312156
38.64040359521641
-171.08276921027573
-125.7473671341686
-65.19802653959368
334.7416398424539
-122.30245716484387
-17.358206443449976
-81.86478262008384
-6.067103712793511
-54.935243897365126
-87.22102223378351
18.64981051036466
60.25929833944065
-69.05907341103666
138.2673340364331
-56.15504066238784
-43.07051532945309
-60.50472721054659
61.573404357643994
-85.59870307288574
-440.27280452207197
-125.25544407118564
172.20913959961035
-19.705735751728298
-57.022777192920486
-148.97768718872976
7.842464165087222
-53.76398064060312
-125.1502098527161
41.536956652042136
-66.545215104823
-595.7302005351794
130.8361211343945
-312.9309061996646
-646.7219193606488
-30.43182282926864
-53.64761429329019
62.92190504685641
11.42556891113145
-24.810975955808374
-32.692629568293796
334.84150883694747
-370.0410313545426
92.24505441879592
-7.086252235476422
-128.9618086838027
13.128988605527411
-78.93659613488428
-14.381348188573314
-52.955252337918246
-52.771865299128386
14.989318411431213
60.830673333748564
-194.15024612231355
-63.692129268654156
-51.430617531028474
-361.4955287894827
-83.08616066829937
-0.3077734932231806
321.2690438612535
-68.6265353244411
22.492407684240334
-58.177506658154165
48.002047211908575
-204.63458122361226
-16.917994816419714
-34.97975402074865
-31.211284318234902
-184.20683285295854
-630.7627171022159
-29.389128138040178
-320.2301450104842
-70.79352644694518
137.54128174091056
443.0657317947662
121.63834092500792
-141.05589607377078
-85.43448392339823
-20.186487399021644
-61.095847258910794
-92.71959717082154
4.485856914521719
-47.634193149255424
144.8009152048271
6.246521037626735
6.636966468379095
-79.95502155611236
-42.79059972572284
68.57375682100974
-223.810257351759
-15.654530290487145
-64.38247473151114
-59.74673548196711
32.49759846025938
-13.758557400568407
314.0619761848884
64.22184685213006
-30.33119845535566
-100.81939478551976
-60.026908330426174
-11.861034340395236
27.815444377426424
99.32736330544367
420.5258478957403
-28.973749475979247
-89.62702784327864
45.77949065032226
-42.19044216309436
4.613033421496652
68.43333359444841
-55.28666819882026
-69.65200810523619
-28.963868778904725
-70.21316351119276
-103.84251703069752
-9.607003458046165
-421.6457240039126
-98.62071002843004
-69.60576516462197
72.30010800292439
-63.63032775599095
-39.93327708867636
-86.95658592210748
-42.410839704090904
-58.00155583227058
-241.32822197134738
-142.71934661557498
127.97316312876683
-0.7898451250512153
191.67428050019407
-42.15845660947389
357.1673658907375
-92.15095782169738
-170.24885257961614
-25.107739823866645
-97.49972826044849
-115.87061665354668
-122.74185834480886
73.3566257878756
2.8497962373708106
200.44274445208976
-80.23832200495815
-89.86399703316602
-40.16264981607992
57.648096343658835
39.3276201609674
9.787007101562267
-155.28158271455868
211.32839627398243
37.673061546567624
423.40728676149774
158.32044120142928
-49.542385434726555
-45.4925412744404
168.25919314567
367.1514329594811
-554.5364802698605
134.86950158565924
157.15176074525698
132.34953677460453
-119.9803217732242
-179.7335459133501
328.78072911090203
211.5465808172421
79.61068914802308
-52.39242197577185
57.453585550012576
-14.873773622310637
-48.37217296708435
-21.31527896404441
-53.721592845576936
-44.22566081607431
-172.31458533633122
-88.78992585677432
-56.0737214279207
-24.82240289317556
-109.28334497639844
-232.78341929835278
-135.30226282688818
43.97575025858896
-110.13389916826964
327.41785277190866
-62.14142635500866
-28.9702829647667
102.10181277037873
64.71659474637227
-69.85171727528883
-102.06451265487017
-14.38843209180186
160.63767010659285
-322.09516758451355
-55.71429894017947
-74.92892592194936
36.47605541759958
-485.29148251998595
225.9740930573962
-100.21703997556475
-58.96010278469771
-83.73430344257953
36.43962292721676
-35.546266123470915
2.02832317631146
-349.4358142020519
-182.60875589320494
184.83761647758956
-60.25418208617191
55.25434597833919
58.47278966095109
-45.4658964278313
-26.2404597026175
89.97235505910794
-130.22630342294542
-23.95280498069475
-66.90963949539125
-57.86720982006409
-65.03048590090293
-57.21046692322498
30.62761035117728
68.82210172076884
330.84797658779644
28.669407283584405
143.00658451901108
-79.64659348150256
25.471408550674823
224.6257210448348
48.494834347598385
295.80092172085733
-40.87999964437677
43.17935809945266
-37.06972109432653
-25.867815732453153
-25.065416450694947
-76.22718889035168
-67.3143877850498
12.479976255502606
-71.46301829380732
-354.46874274107176
-35.21628525934102
-0.31012628237044737
-60.4025796819661
-337.16979798121065
-110.36985734531117
-13.187752001573472
-101.00781932461302
-160.43227251967346
13.306790602083518
-6.633589947402543
-50.805208814724665
432.56121470242215
162.7262873272066
316.7131054378806
79.46879547127946
-16.40876120937901
-37.30833146669808
50.59200258826695
-11.053427965551691
105.47971419630721
-1.606263001494824
-430.3191764150797
-26.536354491902955
-51.10035081516202
12.48037474447483
43.50784830594421
-18.250437684578365
-159.41878485132656
-10.815584681071414
-32.945460404455105
-69.00547318095063
73.6453647901526
-8.009338341428794
-75.88907457967007
10.400567842820237
57.38429183315566
19.1821929230191
-98.81879199330187
-83.30080814282701
31.177990312968177
182.62632607208252
-58.18661913595497
108.75638852685188
-289.769038631709
-78.73536872666133
119.05396249280057
-13.80282800112613
-95.67853135626619
-48.739756149782465
-148.90749259899894
-49.51605655068542
9.649206082040791
55.41200511556235
18.762053228456352
-213.89962236525207
-39.28037905042035
-149.98421285027143
-68.92507746141187
-11.032067696854938
-16.18678175971536
0.6953848838420527
5.484865960015668
201.43348234153018
-41.312942889782505
-78.16687793197013
209.13107830717854
-11.370818426297774
74.59062792517261
-160.45005474408754
-97.57668789885294
-87.23092395055576
-50.41669878418412
133.59524219933428
-45.52070346123196
-42.52152089754054
-394.7910200829883
-81.24413203641052
66.45434366112204
-3.6435324586218485
-42.13015821462159
34.631307256286846
-39.815197568797885
-28.1164556619093
-408.25500751017717
126.00997575831934
-126.11596390627165
-40.74399067147533
-27.514427137819
-23.458266296965604
134.2238762360539
-49.430310034954324
-41.43292163386286
102.3068338111043
118.78315448415742
-50.50843281701449
104.35821201530416
-80.90823519384594
-14.278054823036143
-118.76100812739969
178.9186905366896
339.50445299717103
74.34784507328186
110.76335534009559
-47.02417807892343
-42.50613110535663
124.72696281141361
-0.3572010787502222
-41.78069129342972
-119.33606364628213
-290.8828534455806
-121.15830701859977
-12.503182934526194
212.73810345443417
214.23027627588863
-65.41000809659636
-216.78826903636673
-51.35855175534191
-277.847040024727
493.34852062760183
-151.56383169139008
-309.70424008755253
79.74952345206884
-6.091264953017969
-49.22670623479788
-31.477460360123587
-10.075365058504408
21.28079864792653
-88.6127349379567
-310.18859037882976
2.3938300863849236
10.196070048421461
-39.11227557928214
-147.90255355847148
-36.68049155085908
-26.901086490363014
-56.510353103158806
46.46151165232368
51.70888086418336
56.812403205043665
8.075406625058804
73.45548807009254
177.99256865967254
365.4252545657073
-47.67396678005518
157.40972918572515
-85.84885677561832
-71.62392489699242
8.917662831085181
-122.7133744327275
119.76521952471921
-234.15524423290663
-69.41159803086985
4.120973795748341
-98.69669398169572
213.71015908128174
375.0533249031341
44.67813588059471
-100.68189142499432
15.727446894372948
147.84206566789544
28.986741417857047
-14.246047252692279
184.98469748167372
-70.22915091399437
89.69887862455516
-66.49404346531217
-87.6989313274044
-83.68600958629759
-52.70546492786357
490.48363443983726
-34.423285165836205
-68.65303058485021
-125.76182160746976
294.14900940123334
-56.199251229624906
61.230163372223615
12.83500728117997
-124.36939459175301
228.63739142793747
31.823287717588414
159.72583623358514
-67.94930662992465
-311.1149968111531
-99.4501928750677
-61.688036516373245
-58.34211607966972
223.23574243280018
-246.57530517707892
-86.26703659340293
405.49981182378724
-139.43594054514324
-38.42330733925883
-58.10049986046943
-138.64110034764053
-129.2145549861143
-37.19771095108569
252.84197952362774
-74.3782485360698
-97.75486969880033
-197.96182035955098
-75.01107916950015
-54.11100863799862
16.779076579807224
76.1722228087192
-132.36367915341907
84.44756709751346
109.3478382994208
-149.2020411912672
-42.63850611028499
75.2977110680149
-6.14400015402407
111.53026576393995
63.05063888555014
-10.730051487458695
-391.4981365888634
170.39259420078088
-35.15560963697226
-54.19376977186464
-329.46900155139156
-49.37108367757956
-24.538020668328613
-22.443958157840584
-29.700140858818486
-143.9192451103513
120.12239459437478
25.476544033408572
-76.22516120067624
26.664797418998205
-109.07139191696228
297.8758451821159
-44.26429625370268
-47.11007456504858
-89.68746078008462
-80.49265198202241
-56.832261156118065
-61.17453901261947
327.4071254051214
160.92660350956066
-301.8897224048451
-45.48886296996716
-161.88492952439628
383.725305732436
145.4637617209628
575.8923658988424
-47.836611507445014
-271.2444562772871
-78.5861237010245
156.61223944216
-0.00624598330068693
226.20024882172584
-65.95314793324253
0.11144243734635007
-61.02917389971663
13.130390609584083
-6.947820456574583
77.79063659874373
-9.751481533895458
50.35220429180208
-42.275299005568534
-62.44581567047085
47.480376040370174
95.81736636914457
-107.70237664910019
405.1571432515866
450.0779778478791
49.815839366146974
-206.14910618699832
-57.052929386000926
-356.16196238743396
-105.38008403711925
-82.80969646513404
-469.3896452425852
21.34957407812408
-37.16047356673985
50.75150280075104
-374.3391505206291
16.33785500140948
-419.63116693427946
-17.27919836048818
-236.16335055320815
-70.19249415093918
-32.77068108220374
-93.00530048712062
-112.64333119275025
-9.595022622277611
-89.81680795849843
26.756079107777623
-98.58708720813047
-85.68953835554203
5.325897796373759
32.32798309532427
-50.347990598809645
-126.19241485779366
-303.16091963921644
414.03738134098603
0.39242701257262524
-392.21289727142175
-506.0557293963848
-94.95773382065619
-313.29636381091495
-62.87073322786138
289.7203384232307
-96.18129427929125
-87.56312908880385
-36.95858352321765
325.7612382714615
-24.120747000770734
-200.53996628798268
10.426334377923922
-25.92536896751335
355.970828670037
-410.5652733496845
111.7730110372595
131.94796004102136
-118.6582801019158
-41.33918720192253
-462.72778306838154
-42.86369469242709
-93.61123240581946
-161.15137222918565
-30.32957024368079
-37.53970194372675
-72.01200395645583
-277.7712083170336
-78.77421904670405
238.40879096988647
-69.23677485231474
-51.20695924626125
-89.90456016941243
-113.13480409352545
379.2462407659641
-45.76727430743176
-203.1448859035736
-56.774482043308126
-66.10159682822443
0.32221900739614284
-67.04592777464798
-62.89114805813696
1.9851601202018805
-46.744287417790474
-219.72631718006778
-54.573581116661444
289.47708585647706
42.7693941945613
-330.10383374304183
-46.873966978644475
-185.41445533726255
-309.17598035636456
4.6644832389773185
-28.543072111171362
-59.6690431427365
26.116388777971224
-28.52216054607561
-82.71738779384498
7.711107815718606
-67.53814042218413
198.433866841895
-346.3114550297523
-74.5091176730857
-546.9732534242194
150.94180486573032
-118.9060217002152
6.8456858700205885
-296.64160336134773
-33.476155697667565
-72.79765227134193
-10.487659962184807
-81.06244405360121
-51.46624856729974
-78.7512214601602
-19.583286343232658
-435.90299815292565
-376.5337662175061
56.783353023723976
26.188879912853736
-61.60900110759702
194.7639004724624
138.03946842082405
-214.3128173106652
1.0519505215306708
-65.2178170305867
203.54828294963772
-66.98245360111804
-206.26025591940743
83.06637750204663
-70.79081224281435
-43.17615277342793
222.15717796346507
-41.41768558025775
-19.111500257273292
170.88984924088072
117.2522212444128
-56.765539647782134
75.79785702691333
-92.42616594459486
-52.635434740414894
-81.89403933072464
-46.44553608732202
-37.5371737541008
-12.222693443648291
-50.1034382589301
-145.09990298962066
-58.22216783382461
-60.86900057290171
-11.969615443580551
-181.4541677222569
18.131387370539414
-46.58771335527955
-444.56929251104157
-21.28065718225963
-26.984003339950448
-40.222263756924406
-70.89653676425195
47.55685978656129
104.17714352687653
428.3559295597188
19.682940093316745
-65.40168361381956
24.181638876520083
290.5173742938605
-82.9797071553682
-75.50292283483896
-567.1565762646678
-141.4608398157809
62.57808164637527
-34.199615117083454
-102.65691292753884
-20.537299352614372
-443.9375341601408
252.14899934911955
-305.70345908021045
-67.82134049016916
81.18439477088214
-129.07612146951362
-304.2673778123208
-74.56536277499254
-24.77347570761439
151.34905698054718
-318.4439271493411
-90.96032253823205
-65.47558472570745
101.56531647618249
495.5548099573898
-67.05387922975822
213.1867115495479
385.11285886946644
-13.367441182453934
202.2413701979749
155.87395563696555
-1.0164709009641228
21.399085658224067
16.282054458434686
397.127575536957
124.3136425772118
62.607983310721465
-61.88921863744139
123.7263012730009
-32.913964877710896
-171.15366887101118
85.80484974901447
-256.99798697587903
-129.90375033303462
112.45199699938257
-53.196874454019316
-328.8392613897995
-64.70903867913876
-186.2450633645858
-141.8135750728734
197.17067044165924
390.0935084792882
-122.61863488806921
-60.53416923089054
-367.895973903127
-232.23447218800175
25.30475989757906
11.432749988705837
-39.06004319326257
-71.90642988812134
-45.144066951625575
-84.33573427108206
-35.840786499909086
-81.10037836326592
-214.85421903576935
-43.29117104039642
114.77953894708116
-617.9370350618483
-109.88830784096326
-98.7406498559878
166.7920074786134
-56.69398183019709
-76.36901410392895
202.1176034485452
38.22844436233936
218.24140267819166
246.99354110624336
-107.4817444976571
89.44904534341504
-55.255339145804946
75.00935012780428
-51.55434066373311
-70.48878762953585
-58.98042150125548
-64.90530192851793
0.5298950709658357
19.20876437280276
48.70716437302508
-121.24346313152091
110.20236763857065
131.02161031404557
-398.7796015506865
38.90150728935532
-0.947393451638618
92.26311416709086
70.94919633939844
464.81418760210363
-35.79045547976921
-70.95932106056716
-97.86383635759921
167.92986911348999
8.194861245472055
-57.21119107085087
-83.01868954427248
-195.16296370409145
-52.62062854417918
357.09436691318115
-448.3024026695475
-55.649695664697184
-29.096096476913775
252.92191429278864
-433.3102070489167
70.7982017104332
19.567459007044818
308.7998755802
-49.67168219270504
484.9299326201217
-15.117548934797924
69.57906227683543
27.731192389250282
-72.94931295310921
-47.0740206339997
80.02805552556129
26.091765027940596
-81.33934461998231
17.723160379142882
94.27092352576256
12.66546927735726
167.99955585623684
-54.71891708432136
46.3822319450926
-193.48600643253394
-200.14001505389388
-96.4728384144301
-24.99087878242558
-107.08328101604167
75.78927443934117
-16.233764125728158
-33.20683437750108
-31.950730855288896
113.47947487505007
-23.780740419388167
-86.63190917192924
0.7081800285122881
-49.78717273720804
-130.62779810147367
-60.06541963034567
36.10452281134758
-38.52205291131391
121.78597645635818
-55.30402140496608
81.13832872853482
-5.838549774148305
-2.760703443442253
134.36002520883767
-206.9052001813925
-135.07438164374253
-78.57613793086011
-82.39432185900675
-110.75699955646087
7.293630659888549
-103.53798814681352
-36.21797617360676
-0.9341009741508085
6.193490956682865
-24.817328047211344
-82.67711017941656
-82.68619890090122
-112.66108144589455
-42.95267809610918
152.13385691416443
472.7078969119211
-66.0615223623372
-88.66386365974938
-92.85860528161919
-90.44875735250365
38.91603126824475
78.48504506883182
72.29830585937998
-164.809486046659
188.87549964362734
-0.7263509777062183
-24.81673229134177
-42.29034123302387
-22.82992029752337
-55.50248916750881
-49.221249290518244
202.02676596993297
-5.605409857171253
-54.44867497374322
-101.69044153301002
71.36291502610402
-81.80380542291459
-19.161065699470782
-70.46714167143493
-113.91939143698663
-93.57887797911457
-59.53620670163309
-32.1666945406505
-16.872092071454063
-85.79928425296018
-25.73561759223321
-41.30987564047294
103.43414252433467
-10.685997480125721
408.1305809986625
512.0915661699755
-52.118103348929935
10.194438403907043
-75.92751120632852
-79.66655605342294
-8.215302564678495
-413.33066392745604
-182.25845025500166
214.38449920985113
-44.456264681566566
351.46464454452143
-10.075232049184706
75.03064287591087
-65.85969086215712
-22.917795505409817
-117.47271103224193
-50.005498838436665
-38.646155187229695
-10.698351648319658
-10.009707086843264
-105.23937968800561
-13.741802259539554
168.32295711185725
-272.6058825867549
-7.270414967559873
410.60946882395547
-273.9381207962415
-141.3133497843137
48.10776633208661
487.7438823497596
-50.15274180578879
80.4963980964094
-117.6636295846074
-24.745259199825796
-25.205613897787146
-23.282207654257945
117.53280308583817
62.92885186121612
-139.0569306664529
-105.82569460144452
-334.67492386611593
117.66610671587478
-80.0226428485629
-75.60727745565941
-100.95979349142237
-30.255782623227958
310.91153050795765
-11.488158149705669
400.83879740455814
-41.4624647267392
-110.51088799446734
93.99522285833018
225.72514114008845
3.2128774575594434
-69.65666095893849
-30.00248931037015
51.471135916192
322.1810938942581
77.4460780334557
-27.028719317303057
486.0744715390956
-76.08925055167293
-108.74014571781021
-47.95903952141953
-119.2629562664315
-82.34369319501167
10.996978474163063
-74.04301578008398
-67.33286509489758
-85.85911238868448
447.21100981876225
-10.32480411259516
-72.02921220125319
68.43772398494708
-117.02083772464357
-48.36862088386897
-107.1100338381093
-87.66841514023326
-274.87184620143125
-79.4237278553428
125.5092383485894
-0.24753727569668627
-29.80585129860833
41.30957612639486
-80.5077820197912
-94.84075077650773
13.233633888897543
-115.42153862148916
-74.44473538633076
-60.275362021307814
-150.06153243333574
6.459606884063923
-209.509166728948
-114.96650917508477
-384.0479532593781
-31.064127834766623
359.8928360318405
-6.147073110229668
-4.329541408393197
106.83241998371523
-272.4114706162709
-16.508358001443035
-98.75316660060666
-186.18413451781362
3.0882227621186757
-69.92190386733155
62.33820849685435
248.1576313338146
-86.91338039996843
-61.69262862758192
145.35403260531712
-50.674796921731954
-3.863041506602258
-219.6376895418034
10.21723675152407
329.3429906344718
-64.93398813025851
-74.08292427417473
-109.83390356522432
-60.31551012845432
-73.85128020604836
363.56630080879586
15.211747472640127
191.24961847659142
-3.431467915291299
-66.93610567517739
1.5559800652099511
88.85308419403555
-97.03604295055958
-202.31495189316593
-468.94605261229844
-81.05063624984712
260.88294428520385
-137.32603862918404
-47.09751772237905
-14.559835332258984
88.2837951744823
46.19182154734335
-75.7929956780008
-237.1678398865679
-285.2173607539862
-181.9545567983323
-3.3991083821237
-16.251169076309452
46.34300047257602
-120.75539470507974
-632.2903280342634
-265.5567563143577
-16.230315496373123
-113.40462072948918
-371.3245080098077
-99.5340588440722
22.17426669991619
-305.37591752557455
42.73051903409214
22.812527938240237
-138.60616528787614
10.394898667197907
-99.76879930337373
22.530701836951266
-60.30611765834114
-68.10544541529246
-26.032880685357668
-41.27517738472807
-64.65568675561008
25.564247417909428
391.9365309377117
-30.573422014587777
567.693619210937
-215.42452882657926
-54.8496291340624
12.482552476228648
-24.814478170629286
452.39172338099706
370.64973655867834
-16.305171076939587
-68.25373403584011
-80.9078585831408
-54.75317661107056
-36.83129008473088
-7.138691458438643
-127.83861829479429
234.54005692959618
285.8887068517215
-21.757048458214854
-40.757745244580356
199.17696557797808
-39.962103780483964
355.94800194616437
50.955072342472704
-22.293600511658397
-44.46521260009022
-64.23787150596789
-65.32728716566328
-38.589082157527855
-204.26858692306087
-185.62095034922822
-132.28645392894032
-106.94926908767917
-33.936502983691064
-60.442436121616524
-28.22180389787586
-260.6490080255044
-547.3046230033924
94.47063146156142
-245.36335517963016
-169.80016968490236
382.34469065291705
9.457000128564564
-37.68504192295141
32.12895138276599
114.63556513454023
46.127763917597804
1.2001670542597367
-4.082342113359118
23.646104348812514
37.57665137161348
304.30453409141955
-2.7507309724049946
188.16345758728403
24.80598092495802
96.34053184849836
-26.327968769994886
404.0536122898193
-47.24119968073745
-334.0581848510956
-138.7865576223394
-326.22578142652674
-93.48846485614563
343.43734433998
-56.43888380639633
-43.55396962719533
-112.32198176401107
-0.7396010173901004
-98.97540078215388
348.95862513400425
-159.69976158853933
203.7590526973272
-48.22397054342143
33.462317481989885
342.8780002061594
-58.704303329556424
-431.20088493377443
87.11259127448102
-242.36020099744746
-88.51499796183089
-224.32183656051893
-336.3172557535436
-7.976814686966037
-106.96471734573618
-40.71667358931971
9.056119902868886
65.50581054393206
130.0103283892713
42.329318458661874
-474.8690211690837
-134.29602161269213
-22.232285033526352
173.93820136587237
43.86758598921915
67.29824574271333
-46.43023709273575
73.77793693511376
9.519051768871122
143.5976141125193
-17.7614021663126
-52.788184374430784
-274.49178133462556
21.082607009589765
189.55033896241366
280.8090933436961
-56.97940103225119
-33.600121491024765
-33.143096996796025
-274.9191015775341
-159.43006337774204
-34.0953683296832
-117.0540298501439
-38.726041806994544
-127.72702408597888
-9.300943036979007
-85.2882868638444
182.51978729326765
-17.266914574659495
-162.34335030053626
83.55940632417514
353.46225294346914
286.1755857546377
-16.124823892683708
-27.197384037579322
123.37322329114613
-288.0255020795339
1.4157381384488872
-52.796113957748275
194.70756354960758
206.08979895520315
-334.5726495396575
22.02734074403577
-12.486243024656687
-76.8347854231215
-74.53709170133334
-114.12538893011333
-103.61158674266062
-50.9179971626304
-43.17562590301545
-65.31778616667737
-88.68245329889032
-41.440395641339876
-29.74869875703871
-321.47160367208016
38.10467672474715
-59.20188675357558
-11.67940745706713
40.77494882411567
-94.3195254571425
78.37764434255678
-48.971202939960676
-0.0950997435423293
-69.55613278861347
-31.159030573127044
193.2357735115138
227.82730996160535
69.47170325127217
-31.224188811850304
241.18025301146463
-60.728670264864405
-315.47998229000586
89.54731286313836
210.23571015605194
-154.04178057742774
-182.6828370890671
-10.61995163108486
-71.57792790457324
242.5470878806227
-86.46837776745969
-37.06530856164562
77.32891413609923
-24.190022395629967
4.6431176910245995
-118.94037425438398
-65.28373557115351
-82.41991674975871
-43.375419205642174
39.74662101792819
109.18458992919568
-210.95957348078264
92.69482905692439
-36.3974806742317
-12.547813507937008
357.80208596555894
-126.49134400558069
303.98159529553595
193.5227287999296
-100.23151510652386
-31.635244668971097
-79.80978793567101
-12.467316436323017
-66.75866300176446
-103.6996239415769
-58.39360719085722
85.73179666827309
-248.2928233681905
-93.43520370296076
-58.38402525714615
-20.327670686455573
-326.5664444835693
-298.21797305499786
-544.1643161183238
-63.027690554697614
-58.43361315106922
-0.7041471700817965
33.89697219416212
-289.45148425259777
2.288042671092569
-57.12408980112164
-44.561494028955394
-182.85554730124022
-120.75424407041828
-282.63142410106593
13.136261577486948
-0.14267731325789937
-74.12351304436561
-126.38861966260629
-79.2932399601205
-424.9096145957542
-80.91084401747322
1.9390192680621112
109.74799100152904
-109.9579820648596
-51.14093829868739
81.0442808328462
150.7638203053648
-14.845864544357482
-253.42678878338302
-63.11063009229696
464.11161864571113
248.27703489968007
331.4277780525117
-40.363510178744036
-69.12455070031237
-75.76692524487113
-262.1610512743773
-301.7006466058183
-137.02847580581354
-110.80446106379848
67.1634876093558
54.43260284742428
18.361213092097387
277.0731918122201
-78.17296941266231
-78.16660706096783
-171.4973460688425
-412.04997695780366
228.12978578889306
-82.295953944118
-4.524325124639375
20.85818822655426
29.111024295603784
-358.46981162592056
-72.26362323132452
-168.37525018942506
-198.85303270501936
-92.74930275463703
-84.61253404559375
334.05637136285804
-21.63758100902669
98.48366200082091
228.08320990524953
-47.08758865517848
111.12812110840241
-105.19188631889847
36.524611460306915
-87.05125230665362
-1.1610331817618658
106.96460859928084
408.94482223617524
25.864260112535813
-198.42639079099445
-28.892263277108814
-86.93052876119509
49.633545234365556
-189.246100807728
-5.190355487846318
-125.48182752576759
-608.1763430664705
-196.94600335526138
-132.0196023949029
-9.83161591948192
-4.168235982849296
-93.71641786594091
-83.57635525032492
-79.35887530809623
-33.161591036482605
-72.34446898704957
-151.25311013953979
-24.267375939159137
-51.703194139858795
-57.28658266492218
125.27518366254117
30.71558986925629
16.907138071573172
-124.83607678292356
-56.65265296822281
83.46852623233099
-26.73477479043693
-112.62869781303016
441.3501885492369
-4.243800824788195
-23.49797785089794
-33.27661814093108
81.50673095626098
-42.901301270693
90.81444365629523
435.41407322730083
-74.20850323048177
128.1936236865713
-70.50944122253097
-40.79519156586048
-61.5198187581934
-64.56931421125591
164.78829501297514
-30.461228289801568
64.24580367506906
-63.62384502619238
34.40015601049163
-34.58199591439427
-26.85083340848953
-15.989189050307687
48.72033913600899
-541.981005665084
-33.0299518963346
383.52368866570396
-123.58288006163536
-503.60430335867204
-39.85493647553441
-57.21614803351258
-61.31462994641265
2.218919235897772
-26.014395431924186
-25.774751334739825
-134.86199837079857
36.27419785485199
-81.82181291427683
135.40032729035647
-67.26257580962238
66.76124268069725
-44.622350311443824
-41.803983069031744
263.66836569847146
-67.80360526661121
-139.19510518151765
-44.44660861705238
-5.2552988255702076
-57.67476572052052
155.8804454320416
-19.54381058889585
-32.47343565067848
-88.00130877183804
-136.81728948663476
-32.24491721481718
-382.3251764145425
-313.12829108050755
11.905243665304852
113.45067006102954
-91.79315297650999
33.057583845024055
-122.15088337978887
15.661549937866614
103.71167313839669
-174.30618457771197
46.16340508448366
145.1908099087682
-0.8025177518373994
15.779958729588543
-84.28216761307611
-271.0996569282943
66.72632482105291
-36.517533819930506
243.07408683960966
43.65050068379787
-103.29028754277533
169.16281126283684
338.3794385462643
-41.92540070728819
-52.76247011392297
-60.804972272649835
114.57682871817815
-78.5814708138608
-97.5423858599356
-76.54673698905339
-67.33873806184859
1.0799839409583163
-28.353969645788016
-95.0652121667008
-80.57671346606898
-27.359790636763528
-73.80057391450367
5.35805103763128
-107.23722315085615
64.08143832233873
-19.424758685493543
-208.94589714009817
-41.95606492944525
-36.04190554600403
-235.41623066123793
-60.6106935608841
-88.50632162189207
-125.59447032642493
143.60994942821435
-17.20681206307627
-1.3311090762572348
17.507288072230608
-83.01229711776598
7.675971071649656
315.87562293045994
-63.836092689412006
-22.914757318771496
39.749423995870984
39.97664999762401
97.2484128063038
448.6024437141841
121.44262220317069
-455.630272123768
-164.33783255672824
-393.39825960127564
-93.66826866291558
-25.82666900095046
15.22299134226705
-50.60864964625944
-8.567460645664319
9.562222504927604
177.8184312042822
457.1825110937425
-158.02603086082172
-271.8692789724464
349.8340935659671
-79.4055036208697
51.658271163534664
-148.5217319023286
132.56694203259212
-384.64995933577484
-9.340254616559548
41.37527446786953
-7.486795521253953
180.11338957492444
155.85704842365703
93.06042800378236
51.84849458251301
99.35243897234977
-78.26255785580179
-107.86790940142025
253.1299966249171
-63.88015066007846
-114.77886235692858
272.3195384556293
424.65636612044545
-35.2035612730906
-164.96144424095928
41.71611177230989
-118.45107308689128
26.238450114690295
-79.64373270136637
-65.88665142549274
-18.469387645147435
-431.1387480369831
-96.14051540897344
53.30363047374385
-88.30426988067428
117.96102541400978
108.18753808407564
136.72626472100637
67.14571369452642
264.3315211892259
-178.84270687595017
-30.86088644756485
-21.000790036568695
-44.05634325124882
305.4496875594996
-10.619529045112358
-45.812903472406106
-103.1853536751205
8.409146338202845
-41.3178687986283
-82.38307078952975
-45.69046870098282
-64.78212370421286
-168.74471094865658
-314.8744581531173
373.90591477785165
-67.2916686252782
-78.45824026448656
-61.20419632971789
156.78016217500408
-34.05266577605835
-297.9535998524061
-89.97527745156913
54.994071131162855
-88.51413271035109
-23.702415693058356
-50.54557723625294
-35.020653010042224
-68.27684783630166
-3.60580615128265
-370.5317735867866
-64.35664431433082
-7.553235422679506
-95.59741097897266
-35.36705928607057
77.06207679335648
-66.63067622789941
290.7065368392523
-440.30714034068933
-7.317281656019077
-95.51757769673789
-129.04186054482125
-9.169086541796787
196.7680423543079
-70.43512091810969
6.473899378128863
-52.70825857893877
-160.47397163796268
-322.36300171016774
-162.8650304923067
-75.69496791682053
-93.18025941008898
-63.775411333934386
-148.33699455232818
-94.28428580303807
149.5996007604881
-35.69889014632237
-278.2978361906735
-6.662463065664269
386.57450320403404
-54.51787658704683
-85.0711341308528
-118.33379859739034
-157.92438764530925
-73.54030745036175
-291.5702787918981
-25.336964039586746
-101.83750058734488
-316.29504797566733
-12.328645158740073
-24.576651576602465
-223.5983241880549
-150.55149345969403
-333.903860039929
144.26537364653723
-132.9089022978946
-33.24998987067108
-0.5778431583617021
-95.77962319665963
-110.39121941027042
-97.00802712147555
-129.0015309253431
-62.69344694857574
-63.59741921251245
-436.015698481865
-37.28617526573047
-32.06940927265626
17.159958982610533
-169.35909847594667
2.880724394302888
25.013677777187695
63.11540239402211
-44.063289346673855
-88.79949407000012
127.19529389542186
-108.88162169070893
-62.90461124987473
-74.43885237233485
-38.58551492888881
-343.55278308469406
-415.2770343028151
278.53985684328654
126.65279067248412
-76.06521767978819
-7.99490668155704
93.3852325685184
46.51545028762567
-91.92471984464846
95.98023893411664
-270.23491919465596
18.761345560813425
-68.40954945841258
-59.94692029255043
60.45456356533032
-63.49703516309121
-102.43012301680756
-219.76548077363077
-95.37937500178987
-25.07939555876692
68.93681874130561
-516.3428050978164
-69.32106821333
-16.171458737294717
67.33740537533777
-283.55169811811356
-9.28607829888233
-37.522215919216734
-89.8463960114052
-59.832844216221474
-49.69870777180779
-37.20810227412399
120.44127697892873
-95.77872408040544
-173.85642449061197
-155.81522583087735
248.74349451530998
55.26611370686351
-99.11887792708188
-138.9520776147965
-40.096228057380785
-69.24290482078757
38.23473004448897
-10.77392184667561
-43.45090077404984
-71.13151584373327
-84.57141518778405
-111.82440304683223
-71.4240813963504
-19.47337240352806
491.1888273617624
-39.82345049608223
-46.432054322605545
-56.208878836572694
102.43550902261086
-25.569922021106947
-59.23891337140134
-68.65303264868744
17.9339280773047
170.95658169757917
3.2383485540131005
-12.336106141238211
-52.58826241181066
-604.8156678944306
-10.33703676272853
305.1479277822564
-75.09281448572752
211.37697277608913
-18.749715751347928
-105.65999250509455
-51.73035159229556
452.17048018976493
-122.29007693143103
-36.0348347476812
-51.31307251298215
-66.4011003215164
-118.69503579224511
-4.958661960610204
-101.620503990854
-92.9060231413028
-50.64709444977598
-24.71501880743017
-43.7837049849449
-31.370708494971197
-44.676962630868424
-186.29808273610433
-255.93226007819158
-227.66135841743926
-96.9749805924057
-163.35297557317244
-83.14587725528317
-81.10647175943245
21.331893422611756
-19.80734716824918
-82.9612035141129
131.34085035665157
25.666337781081893
109.47991006232405
26.34104348854089
-141.8319873067594
26.75692116999562
-40.60481513003833
-11.25561850423597
-202.1800854169078
-345.7051893168482
-39.59514959194649
76.40812041479148
-31.55673011305953
-345.37037747069553
-67.30197109231449
15.710865057073534
25.542508418211582
-196.02841975821866
-496.5257164048453
97.59178064603657
-76.41697964350891
-57.14501440405073
-32.6038852007715
-79.18892623510047
180.3217903476807
69.43299131521417
-25.221735706033147
16.47168425846212
-4.942899417963417
-176.7388612287832
-21.846256639275452
94.98325537140045
-106.47473642463305
-135.0455177176118
-189.12859404605751
20.24697139646696
110.3513958256899
-512.8869497118758
172.06312931976026
-20.047245853836827
-38.44030744098927
236.90712720083502
-383.99345525089484
-223.974934027754
-15.567661154371535
43.07237115684757
-177.83346730732956
-14.04600223595196
29.527375952407965
-28.971802458397747
10.912512464811243
-21.14012447665364
60.59115304907573
-583.8263486690812
368.2608931189352
-66.0644638526285
-32.775608769852624
205.3517606242367
-53.92844497441012
219.17616352371806
5.0529079544394335
-75.71038110224436
-11.564074288793876
-48.09534349398075
169.05740149150097
-1.9984244034631047
14.65133123100668
-37.36557446969141
181.7475494180253
-230.64004646874855
104.05896340866639
-47.9733173306613
91.84706712447041
-33.39744706309695
-213.36917389096016
317.5309810898052
-99.02424030792817
41.05724218855539
-160.0349795699458
-11.835759332028488
-99.59660420340283
-63.43765746171792
-99.59789475492751
-46.19084674935772
-84.51881298819293
-85.53080929356918
-293.0593766386319
-155.33599813361252
-98.57699490976745
-81.02509736108595
-116.68721613329944
414.02971390807033
283.64139281403914
-522.6578039756332
-132.91633874294894
41.99252394467112
-56.44976527896803
-78.14738635641697
-118.57741772217429
-96.08966190422689
-44.74077836984907
-319.0752145625411
-58.73268613223122
249.33080313686787
6.666998381269877
243.08748914347188
119.5949368939223
-3.7992045262548118
125.48929121402944
-45.42612678973745
13.004587925762134
-57.38653044218205
-54.11146703590569
146.77118180236357
-68.72195114612023
-73.67180714860842
6.029742017876246
52.29305531712089
-58.513550533141824
7.481663695185489
62.88350545341018
-152.93971721137677
-51.17682755208192
-53.66271795088993
26.35063882471775
-33.51121775753745
-5.037008932628851
108.33330060494563
-127.30031711780794
-15.910903826388676
-273.6922249894633
-158.1251737116272
-68.23251530484777
-34.140578743888355
-82.3255471067896
102.79883491454711
-48.489243745273825
-177.20715100137477
-170.16526732230886
-54.87045056566749
-36.07769496258152
-232.15947654287083
132.9843129095716
-100.84660954881019
41.80420770829596
-105.5910000557921
-81.61033553679688
123.42832520604861
-89.17450715374926
40.29835856905788
-36.690627894420686
-27.230853065292933
-149.20663410768248
-22.57025583899531
-15.323804693975546
-66.71696666277512
293.96325902967146
-54.62587998545891
16.59053752735872
-415.22346311691035
-67.454357354668
-29.385197865944267
-43.259494751023524
-70.48592783451073
62.789025749096254
-57.02188897766791
-45.06866258966943
-11.430066795659831
-295.6174059848381
-26.20327800067321
43.93937825682673
77.32173734354001
27.85868566552972
-51.85739480348582
-99.46117202683192
39.355673154397664
-93.3858149456828
108.91758407832913
-43.04300321856772
-54.36117558940532
-187.962112532201
-79.58513809534679
-412.3541010942081
-526.8719472247176
-21.61600251630489
343.9807326852588
-67.95034418733465
58.01120200435798
-42.66185288039378
-329.87354374230927
147.304728763394
-82.38110773245717
-26.00088025005933
94.13895077256166
-451.2924473936728
-44.223196430943744
-89.58673469095083
-41.88620980292442
33.51336740435181
92.22756996997123
-56.85373475497363
-38.77808825436887
-94.46074245063555
-57.55445491071441
59.03978977462293
-227.77418420601316
124.26866626219817
-121.005942164325
-58.844042248537896
170.90033097733976
204.99006624397043
-51.24734774861416
263.49144792705374
245.34391403917652
-17.028567010379902
-78.6199227135378
-101.04853344063974
53.20838933379673
-83.03612492747561
-43.09944348434806
40.664895399012266
-32.71506692053494
-212.1028033694638
-585.160477164729
-74.07370345081216
-51.12803480336697
-35.8389801957328
-345.6814145054068
16.184338628191597
-104.49252261245965
-73.33047188534357
-159.945610106206
26.664445305639674
-24.60384931718056
-93.51954169195308
-6.673580204552536
124.63674947970094
50.54584063038419
151.68376690121613
-96.600501802097
-275.5062606760948
-116.31874133958215
-76.87606670841629
-74.47863654698995
-166.18855294529385
96.70594956631385
-87.61532557891891
-55.48907222282516
145.6191812724228
-70.3342716074794
18.189741631758807
15.285467057006827
-58.93198733520876
-46.90062965408606
-78.17597587884556
-84.79271196009066
-45.86716436546976
-76.6438742367787
-116.38947372277835
-18.017793755358326
97.51004916195507
-71.05747671230165
-89.89640478032213
18.832959796976866
-586.8182389411413
-52.893830130063876
-80.82998836089247
-145.98323359241476
23.439861633052487
-50.26768409205033
9.039188420554638
-75.153345072511
-352.79877201769887
-30.366422468549764
5.524716495590837
-153.6288746270202
-28.042193905840662
-6.043612616153041
-48.7710083248445
-19.298349487080316
-12.643393348411337
-32.24745990738327
-101.82701240190909
-49.6524712590832
-58.86180475464179
-33.307655831530155
375.2744181654398
-85.26331092273702
-95.51684955245832
18.005730277134717
-176.49338116612125
5.3486173741341645
11.693649633245514
-36.0328561241497
-171.4108531993843
-54.67616104290573
-70.35615967409993
-72.27416417904293
-410.6354869650877
-276.04536570393066
-35.07459634466951
-38.57559848715846
-98.72194882270611
-19.621748923730593
-87.88574290161138
15.851907127618833
-23.519192898513033
-62.06240066910141
20.790995039159217
-47.372402111076966
-245.86016968889453
-24.07503554556456
-12.996183796471778
-223.36583038732897
-8.972198816451055
-79.42530960296868
13.24766869988889
-56.265765637734944
-65.57294021779671
17.412930886871653
-166.4098446013477
-544.3417087285779
-74.17164405304909
-26.50154693706662
-78.0077356755431
-75.5541146731132
72.11474289086618
1.5521956208833672
151.81430235527432
-77.03563213882232
-141.60209098850464
-10.493863357843301
-1.3506140499266621
-36.07121080099372
-69.44433357127134
-58.87633745567712
-43.70119271963716
-62.734030275566994
-2.997083955568087
-36.89851158976364
159.07607074809312
-29.146701750480133
28.844709711676842
-81.62399164929866
16.626589165221702
-60.11072803753427
-16.148183576588053
-356.8962887082598
-284.1117176959324
-240.94291261442777
-83.01796955322074
-7.150229421662971
-115.69127670319722
-101.1143920370656
14.25581450731579
424.54108797285517
-72.3304392901386
301.60140709401094
-45.0461689957579
93.49310622166877
47.65704257918287
-185.9167031262641
-108.29614060972096
-91.55675054011772
-95.22071928723926
43.59177683681264
98.10617880446989
-33.404244333333054
-164.5764917137094
-48.72055931429895
36.73119897301467
-333.74438224216647
109.36290612648918
-21.199300301894255
56.333389036072276
-230.11670092343957
-34.16688912799373
-56.22151251219469
-79.85871920676072
-78.83462593970073
-91.21851751070426
145.51681569009816
-48.92662751936884
-30.30330270325976
-105.33266259650736
-111.97967845847052
-101.93676363631039
-83.54681110499875
-25.814467420068922
-64.7530588655523
-37.36452030178043
257.702482282908
-167.55232935251115
-121.47333017107121
-22.556324412570802
-6.026692268254919
-405.3515187871126
-156.78045742137465
-97.12837224261023
-183.78539418530636
-1.0281449152140283
84.40911305573354
38.417317944687966
-25.407607348396596
-38.47613180891009
40.09759312182791
124.93940524047503
-5.258295663648596
-39.846799946062674
-5.523883569297141
-46.06872889392619
-51.46562953862323
-53.174309590947814
-123.92744141433377
-7.952570543514412
-11.812158942526366
-199.08589313900484
25.632173800646342
82.81180375764961
224.13321060643102
-14.198668057155373
-52.34316976171244
-190.88024200427571
29.619452068103204
-67.33731089857284
-441.9830255321758
300.787388963352
153.01863404124606
411.42680039093466
101.68195013113836
-98.38911176491047
385.03601774785056
60.95643366803324
27.3186666213669
-48.9610366334382
67.86330037804282
-59.68679384806168
-129.46273624250512
-106.85820369593785
-608.607422768504
-62.973198859330836
-41.229080953589346
-56.4192297284626
51.538013225339455
-105.07835156304483
-542.527449470208
-55.82328916776805
-75.23910577682717
-21.583068729200022
-111.28703563940098
-37.19175182298761
79.21866966644666
3.9568563966295187
171.57761653344096
-9.692342109316023
-408.7256731517373
48.38999979814025
462.72550783254883
8.412895244365245
-64.37803892733427
-78.49635766887587
344.6672698037728
-53.868948322958886
97.32155633116963
-59.42973745084737
303.5468547340133
-7.622117923784117
-15.9120659391765
-98.54774923407415
-44.06648968851937
74.96466154176778
-91.31564849239658
327.6069823537673
-171.82152759128803
71.08492265872792
-41.02364588939099
-23.65982235293592
69.56060353370913
221.48313025590505
23.417666569272114
1.1299871556711878
50.940288216813315
22.937735974210227
127.6972170664103
-88.07072246925188
-50.50299453884986
-13.609770398876208
-32.116580374194854
-20.948793599091303
-39.27912744137302
-111.90159062177372
-140.31915962314156
-62.89494969360211
-91.1910513679477
-32.879396889867394
37.35072466105112
133.16265004942397
153.2620864644266
120.75121750922881
-0.22916331537817314
-277.72168511275413
18.360185160955098
61.82859881828517
32.14122175874036
117.74604803660259
-64.69351459880181
88.41776828906472
-63.6615460431163
28.849028788932173
-26.679674604668485
43.136829615623355
-149.37488607214254
353.81540052783384
197.74445274517893
-50.84812891680745
-64.35551252383055
330.1783880604944
233.67828751827437
53.91254716160438
-76.21590928702076
-244.2702251484734
-61.79173754331947
-75.00456770322867
-47.93640193745023
-86.27475967028003
-54.099119971970765
-187.34889262010438
-102.25375475643477
-167.61794628817188
-156.03685015580777
-117.0437752384088
358.8065149841859
-194.08081600072364
-166.9091470616204
-11.441844617707147
-163.29321216161588
14.11673763058343
129.45522900908145
0.0952149197783001
-10.633388859880139
-82.579356558972
-19.106315901309245
-320.85118794118716
38.82555209238933
39.24624434691941
-28.315607909260507
-99.31200531621289
93.17068220826059
-111.37261022342682
-592.0798613368588
-61.4631261370609
-109.3741558049096
-166.3041341793196
-147.4978310851866
-176.86253818455953
53.866449713877955
23.98511685356243
-59.392463559815326
345.95912067963127
-80.16191874742526
-85.10098423387171
410.7011165566455
87.82310078498267
3.7731584281755204
-249.67288020716842
341.16201031825403
-158.53279171532267
-182.94686893766448
246.01478287163445
-85.13242001579965
-80.45917491691944
-387.26537165662376
-1.3736926285964728
277.21163254337625
-18.109735864059985
14.222213813603958
581.7059905970309
-42.09408989791427
-21.769999329170787
-141.80845322727873
92.24638050195063
-210.2650920700362
-86.35048863142131
-45.62485385743453
-137.8494366981722
-181.04548465532298
-2.737519456383999
54.38206172638775
-114.61443838425481
119.9438796482118
-208.82857560393313
-24.703217936154033
-73.06989227566334
-74.2613935240175
54.246796857758454
-364.84179151847275
-107.70708338719487
-82.69169199395037
-277.7021496662928
-37.45912290050575
-78.3438968203177
-60.152654763727696
-116.93215628486905
93.22435202287534
144.173722144129
-84.00087539160279
-37.79129091537288
95.52424558231178
6.4216465795842055
116.29123763163807
-42.55825492553413
129.39958143454896
-473.3846813326054
236.63546781086916
502.87275779990887
-58.30127305244828
5.205890370772977
-43.43042340203401
-5.638155223606002
-59.93744215900367
-51.37408046280996
-121.20637291800085
-49.79088878508873
-108.76450626001925
-130.1594913025283
-216.46759858704718
-79.8183055663916
-41.1566144541689
-7.295052446185557
-118.46237690117145
-173.4574839572051
-41.372197476277506
-46.95226487159451
151.20773678574187
2.6584911665886466
-37.50444337723077
-116.17446472742358
162.3363496024358
-72.21643413782475
-68.6354045981338
-56.66738793757577
41.98287625046942
174.98958603591018
196.85634111075342
48.207165939176775
-106.54779626051823
25.718875667505927
-18.182760442385188
-11.982522222554849
-21.899667922975823
375.36145687598764
-181.29516444101228
-28.77719020016957
-192.24028521070977
-64.9951444590406
-79.95326253231724
-115.47679708803844
-56.58276635771147
-298.6341971111706
-7.939683626460464
-100.7379607516928
-380.37312643360747
379.188111770507
-93.03344858875244
-66.52891039138744
-75.97660929848826
-51.30880703886592
12.482539474691293
9.160959417713457
-402.7062191717796
-407.45292600467474
-47.918021360629155
-19.86786169871084
76.14948655209355
184.73126672952822
6.01247879788076
-97.16199138050234
440.68574404784613
-268.93430774927583
67.11951355791643
-31.76817955790716
-3.5189912826517684
-644.9675552964345
-151.9790831709779
-48.775117772673354
98.20256597001253
-51.30504093221316
2.04634067160805
-19.86735028001175
-5.198587355890421
-23.30453484517422
273.9897341205542
5.17338898260854
-99.08256329010464
-318.3811228380864
-51.345791589282726
196.9334039654541
-60.02741008165725
-85.08179349291095
-598.2972107685646
32.931557279095614
-66.95452771022337
295.4178122428275
-69.324176555318
327.4646135559524
-85.35329152290797
-109.3494599580572
-27.11650565339005
-66.00623654758559
-42.5684973574098
-136.90280083642392
-21.26010282039897
13.674757335762479
61.41918695457025
-73.37643632418985
-70.71609486960611
-33.73025751223925
-57.15392356893335
-219.87713036061632
-42.390623200560135
-8.559053199101982
-6.803284587124438
-24.347954728662756
36.582893404759034
-45.96870910008636
78.77070640594866
-51.809289259585064
-10.111247993370853
-38.22878925867762
-193.1756239552542
-370.84023897395855
-68.33257569470777
-389.4103763271378
-20.857905110764932
-42.478920041958716
-35.675664698603214
-14.748503110515117
-57.31445382388574
85.21776575219201
-18.0678354288805
55.804642402001264
-25.86412211001334
-44.609101146865754
-39.858537719458354
7.605996076097654
22.419049300750885
198.28957882781197
169.4879894241676
-44.57027275090013
143.48092690216436
-226.7759933683301
3.797042209992469
81.3831016910026
-143.1399935595582
1.3854388015977508
-69.65515740643605
-78.92958279586077
-219.06526917930205
-60.004046479660275
296.0678969076034
20.837905663368524
-135.76562179442953
-12.369304923933214
48.84608306436712
-184.96246192207218
1.0080773110457812
2.3886565240318305
3.787809577552202
-74.16339450539272
-54.217064453787316
-36.74492744780764
-140.45516891636908
43.07855992282202
-33.33511692938043
74.9753767325783
-240.46860573334015
-9.221882944791048
-156.65510411065588
457.196994977603
-43.35757463590167
18.63725518135243
-199.80892465683064
-328.6143533121149
-65.5901219739422
-76.05807349974384
46.801023983196046
45.144267470303475
340.54821189805443
-84.25818694884538
203.48512265971976
-219.43507641871656
-65.45818027426668
89.50401282422172
-148.95418811912532
-51.448676082784004
61.29656457616238
-2.5092174481172482
0.4363687216433618
-24.53302150801119
8.899561264663134
-29.686454035252552
-54.815507651654116
-100.06780078145312
-2.6748331719098246
-74.74829062543833
157.57092244879186
-17.373891356144668
-30.432846563519547
478.795330649853
-77.10651993496748
-89.11841948933329
-59.07454148593745
6.476305943713669
100.08399464456852
-70.58252254195368
88.7746354906867
2.6389374565269463
-223.40074627320973
-75.27803873866704
-138.4871318212854
-285.382290061445
-47.21996450625056
-93.61031127097388
127.58181863004575
-150.41685124432206
105.42929696837064
42.43482535486919
-82.27572188381154
-63.23803076016921
320.3822540366655
163.92801514091116
-57.649747516393504
10.6642701420933
8.671328082260061
-39.195790044774185
-2.3275406004395336
-71.49911732955162
-129.72510474386672
-29.56192303823492
-80.71763744297827
-42.15751894539345
-40.37372013211822
47.81851793686087
254.41999768274582
160.67957433539232
-346.70675994087287
29.60672265610856
-290.56998732395914
-69.70883869167102
-264.01642991853623
4.900450987104705
-38.51458158571163
8.06377869481912
66.29745477738743
434.9864503005301
-7.359180355258559
-22.545519669679376
-102.82892867862938
20.49706575261189
-170.33544844142307
-60.702200150666876
-6.292621817502596
-12.342498644859006
-50.10734030781944
40.72647802314577
163.66852009819104
91.61293082333214
-60.97804174116209
72.18451600081607
52.29849571986779
-70.61737137624715
213.42927127261828
-120.83412180375876
-84.06933488595496
-77.25511904074332
-16.10852112088587
-103.9613065147339
-179.5138677672894
-1.1096931556094205
115.93989598246844
-274.0637144122229
-75.55872304287463
-58.617133901779475
6.6734980582350545
-69.10239531601655
-30.674850374367022
-85.95696647825204
-48.953541961081164
-62.254869874651035
-344.43822401648504
17.316194867431477
-136.02864692868184
-47.54628179057178
-62.25156080716006
-38.36612508941289
-88.74476819215488
-56.60490954214765
-44.52524207427214
-48.84483197344343
-87.08209065293102
167.06733234160856
-103.92902943602803
-504.301382217689
-117.45102408244202
-403.3513411389904
145.28520946911704
-16.566059219338513
-51.978674269218125
499.4582456217522
-84.95582105715796
351.2021046285581
-216.0967474437657
-276.33918040316894
-49.146756225557716
0.5405597930439399
-61.552880282163414
-102.57639743323307
-62.19075244152947
-9.31846551971757
22.468307198570983
-32.4440119110177
-38.386449457213985
-8.950606931708307
32.17115209360509
19.515817895474356
107.24755990478025
-50.762272932068015
347.323939206517
-109.73449432503912
-273.1868943526333
-41.60073418802676
-83.33917316505176
-16.245742607295252
-267.80704197055275
-255.01462522903785
-418.88678248895667
80.01945139778763
528.0944730389219
-2.141638210660513
24.93282662638967
-46.52092237286985
-118.5391278531988
28.073895846238884
-73.98479113150954
-115.08362931859847
-73.08891711035722
106.34300010137576
-71.06584663563184
-64.23173933101492
-12.91970657955244
-69.56563222765034
-106.1207238285424
-105.73264357769676
-90.70233238148535
14.157789235529435
-634.2668094965557
-94.40175217355414
77.23035482684713
75.67426865737525
-52.69624437143377
181.74312645212194
272.64803069114714
-164.73476113234938
41.04896835720109
34.83568592631309
-185.96183493558783
119.90815134396507
-192.13385860076323
-85.5250584259727
-83.73206807187535
56.61395866800285
-71.96517853735423
-114.34263521850517
-64.02046521607323
-66.39127776334115
36.807337889201904
144.1846716542932
-58.488277414299965
-36.03301088448825
25.261584646694246
158.75707421071274
-125.69442785721185
-136.61800250858505
-31.72707624658119
-73.71500740144126
-70.83640425709568
-33.46578431511898
-24.75510557516236
-56.51053701983983
-32.49840326564254
-273.84646343008717
-122.38699327633236
43.59157727517595
17.34010211879919
-116.19667757700881
-467.22332699408435
151.25663619705665
-51.70680892096698
1.2575265659324941
-85.39572350504841
-148.88729652735037
-62.85911732074965
-365.3716444359543
32.47765026777324
-32.20020152068173
505.14641972208665
83.88119122087119
-64.70399013675456
85.02107300494754
-61.96100416199555
65.7559318722615
-17.790711223026392
368.802656580443
-50.04357609100043
33.29536115816927
-85.22964419903256
-30.051702136098754
-0.6795414653934131
79.69273919485931
-100.67403569610863
-50.34200073479918
-121.75653305808459
107.31029546768696
0.19300681278946286
-61.14110363369884
-212.58030513171434
-299.65547871435774
-85.85235224508482
-77.78669325100691
-155.11471957665162
-139.706590119692
-49.76420959102336
-268.3626320520925
-96.96497370959852
-86.4297316520764
32.60565833421606
-124.40428469057179
-567.5702604669987
-56.406997429642814
240.09135445954962
5.764331179125293
-48.952104801342045
-237.19132992064624
-410.2946735539299
-50.02895815614083
-6.411404634900691
-44.02678680298874
-44.22459177269138
-40.839355312300256
-33.92557892003683
-10.084664411851918
45.049294143686666
295.3752784659937
-92.13983426381583
-206.01237830381797
-78.85933451888677
-54.311176425560916
228.265225010422
-38.913661859889544
-204.99803729728774
310.37921378397186
234.6359183880013
-66.87082709763808
-59.02405556430658
129.49395452760473
46.41072992534828
-83.3634612359899
-70.64130723319757
-132.38511158808615
-346.4165337954546
-300.9412558924687
-132.10145697020425
-51.32535246032252
-40.62684449690604
-120.53839968719474
-42.57938225198632
-60.468132427063225
3.2385269758829054
-397.0515592664342
-23.0844120259095
17.460964077827157
-5.6296514933896304
95.16833358326767
119.63099443473948
-79.43272828653626
-120.11444641294474
-23.310540931124876
202.01919418940452
-34.36469390774528
30.66998018284903
-232.1121955522085
55.115401188259966
144.32589032816304
-302.95861427622185
-11.019441497794105
-64.21742289726399
-90.46331451242038
-24.103476655065606
106.85899441523361
-83.19212642009583
-163.20176228167475
-58.43067003444172
-66.92657231104785
-72.46565605739498
32.18744235249642
-124.81026778865635
73.52748438723393
125.33144980737598
-68.16853089521955
-70.12647956743785
71.30356216716245
166.4000012041979
131.95357639524082
3.741742988153419
-20.25334156805411
-44.64619323756642
-111.66257878996055
325.9010299058227
47.363326832915845
-92.47460730408784
-71.44137374355705
-65.28200713875032
-71.88359370283996
71.12287145088203
-28.96345413911257
-108.1309057319242
-48.55384511988086
-50.5996956720924
-59.19374220868197
331.95985027846655
-97.77503551575398
-35.910369369482396
435.6021017236717
147.05580513007953
64.03395994224411
-20.175954937593428
116.52087921208295
199.33752941115927
-29.597033268645756
-45.887746149663144
4.585681146048372
61.59402264590608
-145.18603572757456
-30.700544852666805
41.19637134459481
68.83603174336167
-55.618620955223065
-52.6553088540462
-29.32700997315078
-24.15547787845245
-19.35106144341944
-19.01630953343698
-57.370601537125744
-32.75325717711229
-73.27542167814353
-302.41379355834215
-234.57825502635933
-88.17665910080368
-49.997813514877635
-44.599337095745796
-83.59205948351197
-222.30081314399285
40.65694686853567
311.9254127100612
-130.5266056323967
101.87411362901003
151.9149486654842
-16.11994256529306
-286.8823488918424
10.69620514945018
-60.22891281362208
-20.65839460625422
-47.739679989651655
32.721808375718865
-42.151601872436004
33.25774686728255
-10.017882503271721
-113.41228070733086
-68.28382630439432
-19.542071521587786
-42.9167811517309
-77.88884677142687
-383.0575202537548
-52.71928530472644
292.4637569532533
454.5072872673736
-125.67045748412966
-19.481817071537858
314.69017359163445
-31.101924829250038
-70.05303088301852
-33.59661295535121
94.18897390331404
193.79821993338737
32.900938800467884
-60.616593773830346
-115.7870535792681
20.179538670334296
-56.576057522110204
-32.04680476998692
-46.179850841198636
-124.8403179743018
182.62892951796857
200.84811129979425
-225.53584548554318
-91.8615310708592
-13.74947158656505
52.998423741740964
26.807427958511973
-115.76980713851071
-505.74869479653717
-225.9161257739488
136.5855904781165
-20.119697741076767
-225.16436700967097
375.51163539303707
-258.7561155006906
-66.72979787595881
149.58451479921314
-80.8939504816891
126.44378124151308
-364.7609002923964
3.646719411194118
-217.20932421922225
-21.186728133190627
28.37724332198559
0.1222037407010248
-496.459615862128
-32.38055828535289
-79.99306219837672
-74.1990478440654
-75.24405632898375
-30.51234333704997
-330.0590034884917
-110.038769062945
94.80185614081529
-37.786245139118556
184.88111986124568
-40.06898407101653
-22.370813109390156
-61.39340233789011
-19.64965136994033
75.54585641020003
-112.2035964846491
-94.94756206516831
-58.69145294477494
369.5678825443756
-81.01573017896226
-2.5946203803694385
12.207314415654764
-46.45070767611048
135.3186905837665
-27.24852188435955
-44.46799381404257
-17.901292589582912
103.01632381610852
275.74933754822814
223.7468206108524
-52.20148218020768
20.68523975359676
46.39730363229501
-214.35796819252937
45.771215667826255
134.7143748527742
-63.03079259063179
4.826940942195506
-91.57414669273942
72.76103061755748
94.43612936661339
-46.443164618410066
-27.435077565534073
43.94199561932828
7.491751558703982
-7.988156286333833
-15.242393809456567
-165.99493207230626
-128.9903864906846
0.8221905458026413
48.63096536799094
-67.38672498537457
-83.2596212423166
469.49636180395646
122.70106071466034
113.93115051763334
231.36879108382345
-278.79983476448433
-17.751036657530634
101.6598530559952
179.27746830624164
34.61854270244294
-21.256894345635423
-105.9584971342853
-58.12777494830946
-54.90672755662854
168.08274345352402
-91.89859932912623
100.7643984842889
-43.78189586767121
10.650651558820755
100.88602556185833
-53.37323373210779
-13.257922396781169
18.974989107726287
-56.80302534038674
-106.30253257983804
14.578640706156193
-9.632180749620204
-15.319756259069635
-353.272853144641
-112.35055458335773
-28.342898216178362
-46.225112317210254
-209.85847347356867
-14.562051555346104
19.00885989046037
-82.08543505841226
-119.54086053565732
-45.687707422853435
426.9347479325388
-55.36472638201303
-138.46021655808266
412.5258733641367
-72.99798295321662
20.337763843388444
-42.75056660263863
-87.56805330505378
-5.878629346464095
-375.1187025225463
-29.54095875528499
3.014321597826097
-344.51746335257303
144.85152844078675
0.5233634567868108
52.36323584433376
55.096623369143344
-56.1207605581867
-338.6235779845956
45.11483850142213
151.63799457647838
-3.4863018100513727
-57.228343809971065
-12.56476485320357
-53.139166126238706
-45.63370808492766
438.8327471729608
-158.4858714109232
-99.57273057499626
-46.02432908985975
22.848533849313753
-22.538246143265496
-75.09342946810865
-45.058104895442966
-385.83344349210165
-144.2902046002091
-43.10405499572738
-6.404132989521713
-248.7303298946499
177.92785161766733
32.72591650627146
-11.395518170551444
-49.87844008297816
-29.773698133343743
-21.452590961233
-86.15321003786266
-17.71145807442815
-132.47467787850655
37.014465172905375
278.7872742560194
-45.30649715625981
-137.1189146575084
-57.961441033161464
-93.1154933839463
-74.01541634493333
-3.064822206622921
-59.744700415686395
-61.61068231419368
-79.16234719235035
-270.01595938086757
44.882598761701956
113.19618226273997
282.75132223987566
-87.06135178385179
24.813874971574705
-23.326448251547845
19.652327590900313
-61.64691856947684
59.44192704025727
-64.9845345204635
-106.78323686920339
-27.15574207564388
10.930958179372283
-57.84996753055221
1.233614463446429
-107.78674225147068
-29.91544700736813
-67.51532805333629
112.47068615432545
-39.6786823623479
260.94915687380126
-54.8638083043159
-10.031292363134185
-54.07900690395532
-66.91576630293821
4.583703472510024
-57.20607711850107
-28.69858993605538
-11.533992310654714
-334.55463323454023
136.1347138094111
-4.0578727067437645
-37.020345323842776
-307.50181433443504
-332.9008692813368
-27.319823229179114
428.43879314592414
-19.778969813667572
-214.8676094163693
-383.03913687949535
99.92516545195303
-146.96232266014613
-48.78570178453003
462.89005333117893
20.909895993421742
-39.307331071109274
-263.8393814077899
73.49519546209194
-88.45464125735937
-12.643016355125527
-171.98209317613873
88.34618161904655
-57.400853915569314
-29.379413742167344
45.84159973656642
26.094746520056106
379.3946591880467
179.55857127841773
41.808039958209974
176.29545116273766
-23.368414434985425
-0.05132584647749832
108.04850767394419
-194.45472381507716
50.018424409488944
-50.20118257917238
-121.60710760174425
80.44387450115755
-101.75663847928627
46.29536894933153
-94.6376864908234
3.2630004147057106
-10.372345211860093
-52.821637345560035
-23.27338720250509
84.68234022210709
116.49111229582923
-87.86039836625145
-130.80335149665098
230.00182256105654
199.8510338282358
41.611899764738496
-559.9615282809136
-68.64585123587017
95.48307678689707
130.32840552930793
-231.57968177616203
5.543277154862003
-19.349296123215026
-73.97159909318636
-59.79505451472637
-89.6371966866991
28.646597299239147
-80.269185762628
46.57359959915266
-111.82367715817509
-323.59978810161465
225.98494362135898
-195.7570547532705
-24.40575175482843
-36.21572228586157
-24.93437144444033
67.64917206250175
-112.4004391048471
-62.63230341060731
-25.216877845619734
-23.78992241670403
7.836701523735428
-345.3122355182677
-112.50256432233599
240.63856436694005
111.4600596708915
149.68411300803382
7.610611546168116
123.09327097079995
-75.8867932569483
-91.35314685991762
-26.53194931979192
2.093313968145002
-2.6917064173196175
46.43330618644541
-60.80703111422687
-87.09516470504315
206.22074611011885
-75.89394986221123
-181.11449328695835
9.144929790994865
-72.71595425391907
-287.12104413926136
-3.2525919016770786
-61.4590102745925
-35.2912938253794
448.94183396340486
-60.29786255227002
-28.737280788679527
400.90562189869524
-26.202717310622575
-69.44658273156816
-84.85737134226838
-220.75196905295707
-36.89040618082436
85.10139570128013
-72.2310074734487
-417.6526973077662
14.9509934155667
-58.713971891643396
-86.52993082025357
-57.9853649241395
-146.03673719787002
-53.34374960002588
-24.407543069073654
-192.59110732670706
-71.4992582198341
-183.76814935351285
-48.634329413889645
-49.55441041302947
-178.3100726961493
-103.32318931105718
-149.38400501030446
-224.11931672561695
-35.46542355956626
-336.7265211170361
-65.48641502479495
-450.38112550515325
-302.4524334981352
-69.1178735771191
99.77878805781256
-352.7399571506885
-36.05911521952208
-28.738701620236153
-4.9085621814847045
87.1003927788388
41.75563344046759
-26.59189506589792
107.70890664130457
134.51064229384974
-4.29416576380936
-56.3838949729221
306.2832453597166
178.15778584203508
326.74199528330064
-35.66391109952201
-77.0561789791791
41.25965472115672
47.01734258628403
125.97229528352545
-60.91667740475532
314.8573047241316
-31.668791527503345
-20.82517925947286
-244.9952459449396
37.305796897136474
-55.194516899507626
-73.15244084170672
-101.613766776951
-61.40564152899242
72.88100648402542
479.1744299769307
2.127177183416279
-95.6196722892254
48.09333813757652
-64.24249375329954
-182.58800061366492
-405.25995447614423
279.14684940655934
138.65505458896223
118.20895330778285
-495.7200124553183
72.4068838279818
64.3014180152295
-119.71184929593255
269.4653994377004
346.108616594056
342.77151758381297
-66.91732662836361
-91.92081357680698
-27.371633770751146
-153.13507567376018
-90.05025314248996
104.29640992036639
-51.58191800145587
-41.61478923922467
-8.203531765673404
297.26849467782995
47.38191952686975
-82.54809345202571
15.453373241854933
-37.34242047116934
8.855503251303162
19.97960580219769
-50.47538667519331
453.6215654793614
-19.95552377198328
172.2347701407607
-39.251108214085434
12.891603940579444
291.6752582762492
-38.47632752113688
414.60557447744395
126.14718827408433
-175.30809776210845
-106.58765475388597
-5.372089312230287
-105.00798162164041
-0.394221390894927
-173.95575917397036
31.38646983257661
-92.9535280550563
-138.1913558964261
-192.5022086078643
29.093366571878903
164.09760094101102
55.84222484997781
-74.72149310525464
-101.43357941524225
-203.90140741746745
-162.9993203457932
-85.38067813572857
-43.594372697986785
3.0295313619312765
235.23954878393306
-26.945088667467473
-124.9689481871792
-79.55377343062773
-26.02309011077159
30.41048891162609
-76.5602921956555
-81.80239308475448
-3.6397262145783316
-44.70455741283535
52.87315515121372
77.84490013449613
-302.0443253796657
154.36426614754964
-14.236950957819317
-30.05158429732097
-36.2704790879078
-483.5566214353985
-62.76295311592165
-36.772203647974166
37.47127110967995
-210.53256523373602
24.54484416284504
325.2478113238212
-78.10620461690503
125.7516662310718
-258.28847554197273
203.86237116153097
23.220453971387542
58.5896375584266
-76.02075595236487
-3.0204012852609594
32.32293716900131
-127.67403655823455
9.407126340462582
193.68589533115846
474.3805727034596
-83.72944233622269
-77.65359088313772
-53.39535515872433
10.86731051910022
-5.718265114139285
-55.942157685736966
138.31846954368302
-59.80277276516705
-41.89131814889532
159.56197051445452
3.455447779235328
-79.46682908824903
-59.565311410796966
-81.92547635030456
3.4256625057224372
121.59120994403384
-132.2016022714579
-60.178018697988804
-42.598612175391054
-419.1651007357905
-97.42288984059225
-241.5502796019864
-50.229158233604245
-113.41875812750914
318.68285960324647
-49.09183308404483
-132.52297045153318
18.569455614114304
-30.59673458478028
-45.914478950021625
-17.53648026801039
-114.68486305305956
-210.50479142285076
115.07786830161785
-60.1133882569593
0.5258256921046529
-57.94018993064918
11.12061624522903
-164.88530469177203
-86.6150023037035
-86.62018027924981
-4.635458324002684
37.80470487610364
-45.36352406920348
46.3194794604442
14.155171650830653
-91.38459353123335
-91.08329285371337
-160.91881901615852
30.14095696948675
-45.02366522229522
-38.06114135635457
-66.66565696506586
-76.23311864041924
174.74987154912014
26.829689400476127
74.27321653238778
15.570834210859175
-11.934792660903213
-127.03809541999999
427.90325675635177
294.37869511583267
34.02819453494885
40.38117491724188
14.652960102139332
192.674267653083
-550.6643111693356
-28.449876022209537
-83.79264576340029
-118.44565793518471
-38.646361133014125
-86.91504749421256
-115.95741851698767
-98.28542990039023
-8.753951396953788
-96.79905666526611
-366.8876894011173
122.60431524614614
76.39967807156609
-97.33521983515405
-164.38503087580648
-89.41134499909047
-24.599423421364037
106.72955697770885
44.833352315162756
-338.6841872110017
48.93734398040306
-33.87327549345173
320.9126767499456
165.67158766912326
-45.77222113235937
83.31491151996534
22.990300940045927
-28.572565528056202
-61.13233911073064
-113.08852397918781
-72.66292906728938
-25.42794621701748
-60.38304539121042
-76.34793796135463
86.4862261713497
-54.18674932395561
-75.10255124223849
239.47987431886395
-208.2859917111
-252.41840057929403
15.870006133141146
-43.8448620537485
65.73828597838656
321.40977808835487
-5.780420966164456
-105.48077362275444
16.62639604836611
36.90867072396395
-48.578324359702506
-66.77932655572931
19.282391812971582
8.197336951541729
-31.822554674307387
23.551520226910725
51.63404694668861
-132.54991009879632
-48.90087648117333
392.9979450898427
-92.36837457336395
-64.03825156093353
-67.80467573116296
-138.79384518757615
56.39114292209342
-160.52648767745814
-92.97202699188892
-11.964405845756119
-55.79354864268463
53.68972202486361
-38.26050557429462
-75.9006011256597
34.645518909788734
336.7617824703302
287.6708513256199
-56.22776315237271
38.53196473773278
207.345560370386
87.29425648723372
-33.630843649065355
13.520335066677035
-352.1207964448804
115.98545776500941
49.24202025958766
-61.96566069017399
-4.753203873989605
237.12191676739894
-63.984759965755075
-15.497508802775428
-5.966976717599209
-329.7780409480074
-25.833270815124276
465.8397554761832
228.01965496715457
-78.57165007593511
25.343879310345983
-111.04863885679333
60.66876223593317
-148.4444859730047
47.63781164460306
46.58826678839068
400.07612660410814
90.97814907116299
-98.35148699253503
-21.99751119974917
11.27022537087987
-171.0642298961493
-22.94220527600571
-172.75193321826737
-53.4856428960224
-119.15563173990813
267.51808032071494
-334.1952236516772
-229.65598685387704
86.26867183963623
-53.92383300952865
-31.592138294230487
1.813445365527059
58.96120498395203
-1.053230484594451
424.11865630486045
110.80738920925069
4.315840188559378
-134.5982110688965
386.62552737229635
-28.46999922622672
38.15369935977105
93.51927571463648
-10.819723264769634
167.40007835871984
-511.7230074839299
-107.41182426747491
-11.581958520790977
136.80186873074308
-761.2530599924339
-36.619742076016934
-90.24217993104867
-453.2715048113005
-186.09160665628042
-161.3285471813004
37.46509922077712
224.34367136928267
-99.97046137241523
40.68593300876455
384.7660678686807
80.30750915395583
-82.22368226005996
39.1013280526804
-6.548814804575642
-51.064590770326106
-69.94082571123647
-8.003710395696999
-54.76852165614406
-6.347413148899053
-33.3815995084442
80.26358270228252
-294.65913503227057
-19.904060199503874
-131.9562376366339
-131.49913086616652
-52.00484956132446
-65.1470236863721
-293.8182592407811
-117.24597163501633
-77.38867486781112
31.880294272086758
-33.407578020610345
102.12305930321963
446.91438523275974
-47.187849635119164
-96.38560923710911
-60.35416614848177
-96.3100493973543
-38.77795579244392
63.85356783192765
-112.51259228282652
-48.93180693938484
-117.05167530475956
-44.78075781814136
-77.83532282296397
-333.5087013914181
-60.54541698162848
-78.41044440415469
-2.9771189491148107
-32.373946691454684
-43.11531548253197
-67.80167322080253
201.8177358308658
-73.91873452420441
-36.33718832093609
187.95950977923894
132.5116292038938
-39.43086385746574
90.35250887290931
314.2485384771553
-61.5819791854683
51.198059791493506
-43.08583444274359
-459.60286897137485
55.41807035418924
427.35310647977894
-411.7007783371628
16.128072730442454
-62.67468726934233
-38.24698847682644
142.35048170087794
-109.06272052276063
-56.98459299377353
1.8535060809126662
-197.21112993170027
-631.9346276045717
10.752045073875252
66.10882655843125
-123.60372442896758
61.30225424485661
0.19278372197732097
-49.41812759550298
22.60327151641559
-388.0122657379943
95.53462887443311
-46.7131767474031
-53.8753979473632
-52.686175500442005
-158.44619025774045
-103.57702878710188
17.63367838207523
-107.46207043714739
-564.607763452479
52.15764615691478
-354.32726861876836
-18.473007787859217
-16.61693054497936
-87.88100422934804
233.24731193403932
-37.734015962045305
403.5010766239611
124.28994472743216
479.3649467821069
106.02137190872418
-54.21348719954107
-107.13106048984491
-309.3029518504245
307.1072438527917
21.177549721644596
-188.54107950452635
1.3755514667345992
7.467675964316943
177.68721908816588
2.793713185200886
144.0077912522429
-340.20905698960905
112.75326430078712
-298.221517775748
323.1768953860319
218.04760624124265
-72.90436188698226
215.72417366875197
-68.32608807414826
20.092267597494356
118.6155145903349
-472.3215355011598
-89.30312464411912
-68.91085951113668
305.11957199925564
-139.13424273058263
19.757349446806984
155.9543011454498
-4.343578540493581
-60.561099933246396
187.30155897136137
-7.950349348713189
-66.21533713638155
-105.4111212442931
29.302611946424804
56.63332575327877
201.11268221683076
94.34450208247654
174.0354490765767
73.30826639477709
-112.19056857496616
-17.272152734959946
-44.02304882665784
13.159299153192478
-85.49751132292204
-123.7460347188644
-168.21406179866062
176.493266272666
80.44082354774218
-166.36890899054742
-31.787912326155492
81.26952562139377
-155.32234111998514
-78.6937054536396
90.81141713642228
-19.651684308057156
52.370784069107
7.6699901767763095
-70.4491602003829
175.97695528575605
-89.44735199578291
-89.30547153040065
386.0349751001904
-164.43756420180216
-75.36018120427784
111.4687081479351
-210.47150095085817
124.31732311348969
-155.94851603336429
103.28431488824026
-4.801200086760218
-8.790895458971079
-12.070546985069086
-119.53476555905705
133.90103416199054
-111.8286570249751
-84.40465494961926
-190.7725101922606
-61.2791975652289
-48.79554705893924
-228.77195550374745
-81.50181516089563
-375.8923014607426
378.9544711415965
-0.6220675567515173
-53.341977576225815
76.97301613193667
-128.31986481372587
-65.5004376712342
-234.02245178808153
-56.4328741109548
-58.45924801414321
314.9743131291434
-285.34276768406744
-16.84691075184901
442.7082411990523
-159.56282067510983
-119.12668370357642
4.998803103235787
-52.40384511747345
-74.487324588967
290.86197204567907
-80.02370105338282
-162.41788111106735
25.98826976226883
-230.6618677787228
77.02518318872944
-93.14234586480234
-215.30050783291153
271.09931506613975
3.392734420945999
120.41757355297887
68.74142545907938
-275.38355444162335
-29.770912784639453
-55.48004231203657
-215.95311485706043
163.7864482983582
-23.180994135455606
-265.0076703860768
-38.63161143437901
-76.47046931055411
75.89353937568194
-95.1286049275092
30.890468796756267
397.08359297288007
107.37714495417458
-69.36064285046096
-253.9885497284031
-62.879953928118766
-42.512141902211624
118.8882463191112
77.17964386993117
-31.906031089382562
-83.9300245009535
149.14114612237745
-89.69150082693523
-325.6321295424059
-6.56425092664449
-320.5798595938959
335.20718077018137
21.95016360612135
-530.7958065539115
-423.3791248565849
116.8593885049122
16.492073804765823
-26.758396574985625
-54.102126204084925
-52.62887639902362
-15.150660296025308
71.49171910902896
-17.065769852368703
148.0469722146936
-76.97404463665927
-206.3731601548934
33.319801597888954
286.6669246481706
80.16918153499137
15.475801168309772
-183.91953862357695
3.0211170245836456
13.446979982441917
-82.2093510796775
-62.53572625017841
-91.9402153230003
-63.586372740625926
-84.17188212591235
116.59038299274471
-74.95417182900903
-29.17269714588565
-104.52334439279912
-321.5052051707862
14.658711754173055
275.1050410183998
-100.27801729589373
-361.7552138719184
-95.88527785934667
-43.329112184780136
-124.69075864718434
-39.37545338826396
-110.36649152609418
-86.709012134743
-32.54477633395982
132.33802468582326
302.38645432313024
-17.955998813360566
49.49575120421207
-40.20407217350282
-120.61614684305505
-40.41026998385905
-60.101997470493586
11.76253695435716
-67.10113067797052
-296.619984458217
-93.42213897947568
-4.318603003878179
55.4311707927036
-42.34755562344691
23.03043678121321
-60.42304210388971
-215.3956262515967
66.54135475028397
-122.42216082169944
-21.723806347368054
-388.32271657408273
-209.37031565769576
-82.84605325818302
-363.46712449422375
-56.0959770816461
-79.56734474529281
-56.762901109510494
-5.385868890649405
-136.86733553795966
-62.24813761645328
-56.3824987771161
-278.00584977551443
-37.24242339494571
-43.911712538381835
-12.225256133796677
-72.55529639164342
-18.426870666647574
-26.981842377981593
276.5307844484414
-6.517754806567609
-218.4595420726182
-8.32758455297153
114.07699218973357
-84.58902054059693
35.670247526642925
41.98028591574712
-77.2829116391851
57.8386689538529
93.31549265174999
-235.73923571576415
-345.6093186739927
-37.93186000038945
62.43688599941106
-33.95787928644495
-93.66409153746827
46.56514076732083
-367.03903513722435
331.89570204098163
-47.08924205033223
-25.757006599144006
-56.70339227664954
-10.351676273451773
-75.96572674101657
-32.01562652743377
-42.98955202570687
-79.98701581318022
-5.8595250297312305
-8.978681439009478
-26.0291899918102
229.4270362749976
-102.7802488366018
354.5615753389993
2.8450548543314653
-44.75879376202829
-611.9598180188823
-56.843212265420334
-260.07323622423974
174.04969931460346
-63.65824813565388
28.422493988540737
76.07044345447684
-81.25889293575786
-69.82627816207642
-136.281447689762
-53.971518009929206
-61.35306397343111
-68.88330374899729
196.81725768358956
28.429169314598767
82.99927956042848
278.64532053193943
28.312654835993044
137.24365383365148
-331.6478085457784
-50.557197527568555
470.93629110235815
39.918081591303235
-65.18744455035016
7.149528928684958
-113.86244146611716
335.78926537233383
-0.18368149882979878
-32.633939137618654
-109.08673285057375
-72.33871503721821
262.62749268415973
-511.62918081743373
-73.8613159220991
14.67225868998139
124.35534966522619
-77.03090100402
403.8972977752619
-95.65843240832547
-61.56924811409857
-47.96251066711375
28.753180337984304
-24.746249323654663
10.209364569670015
-78.14798925974506
64.23864889300967
-20.686732149953627
98.4568012027612
-55.70512965790739
-95.06332093982019
-398.2395948569774
-84.43590509581355
140.56186626213093
-66.87327299075531
-76.39860698669713
-27.457676371268462
8.437800586134276
-83.18075098279405
-3.6943423172722727
-47.798862412066796
102.9046725848857
-80.1962332353578
-144.1352725081615
-73.59874373976345
-251.32413280386208
-16.503526955984654
-257.26226739088816
-105.64886213241279
-78.61567135244331
-0.6673057862058158
-513.7874966962045
-92.69649208680767
-69.92106244413253
-163.38802015011788
-80.05422783398217
119.38967409040742
-26.65997598384547
-39.92003029957298
-122.61381244196764
289.6066347050819
-0.6853902979805184
-9.266309578280925
232.91198961945702
-47.5418339416506
-47.43409882227752
-66.8889153110289
336.34531813819376
-65.90222677505066
-32.06070967183018
77.63380038907326
86.5721399308618
249.76089618685
32.13947974112489
-33.12022418518245
110.79133619572985
-98.5262978730059
17.58819354970001
-57.599097938084526
-37.20158213824925
213.15411412976118
83.64509217968407
-248.98483066782046
-126.96269548767668
-35.65596984126096
16.87006439453023
-294.68303185507466
190.07250913430653
188.1943922712744
-383.24391162072607
-53.536032282787346
79.28183843794204
65.77433086265455
-109.33866523258621
216.61155484373012
199.91664654664055
-7.132918623414753
-40.54148342892773
-52.25345532455613
-582.5500634040309
72.68432359418512
-31.063392740263225
-392.3290742627414
16.347103909123547
-25.189135029264435
-13.57136852162148
-54.26240865685213
1.1987330924359867
-49.312675934557774
-21.999364641247666
19.322016748176793
-53.9437820679924
-70.29126238946077
-76.54088266547251
2.799967355773569
-91.35330162774352
42.82520522174855
13.512556106114062
-37.61989321954388
-90.87723588108383
-84.11582804772627
-34.14606798158805
-56.66953896412451
38.31999633819396
-180.82245091719778
-21.470953993584658
-117.6509590641881
-152.48294172876376
13.632969905758728
-633.8338504715884
29.63039672444029
-49.39071035207371
-67.12898107474757
-183.3389689227988
-47.52747586882809
-87.76909999307736
-54.24651441441006
-123.5680590141673
-19.366869183249946
149.84840216050907
117.84367632312888
-5.078401008362562
47.55972010391815
-138.8472791977947
-30.746807541334306
-9.859496935549032
-2.824337214275147
-52.025400116059245
-1.1669913499665163
41.24209229064218
-98.1879372910389
-583.7421480715566
-57.289145168869396
60.48944627596711
-34.195392204281234
-26.64561030750697
9.249769268208864
114.65274693315587
-143.38616947101582
-83.53582304427982
32.6646670853479
-188.19176414751928
-27.65009245086401
-33.99188474822586
-34.92815685919072
112.73386615352683
301.7676497662228
-53.86403675762085
17.392888036462228
36.70960646021865
-116.95149877468248
-151.34412375661486
-53.999408996234706
-166.432074303224
-46.742538777012996
34.67197593101855
-47.041172798268406
199.65508517509534
-246.31779526274659
-61.936080264922566
-103.18009665930593
79.71665037780986
-53.59073835283436
51.74431475073834
-55.359178095139306
-266.04121959706754
9.483721669030274
-10.767772758188585
-185.56620617509725
-93.83175995269603
-102.62211824242011
-63.915213728125856
-6.063366436381338
92.86967379007729
-18.424229638930086
1.9090508705792217
-36.55744395301517
-61.49131347096045
-129.3110013848618
-542.3242271752297
361.84145980615904
80.06651766018695
-58.8255028998974
-280.5433288746808
6.85832677540202
-96.66164751110347
-28.43273501206893
-45.88489657508833
-167.3435967110854
-70.18731108869406
-17.356160313309616
-72.20843963537482
-116.91711152267635
147.176805781638
-50.80235775969329
-177.45983875122602
442.88140685574035
-202.087510223957
-596.0202411619466
-34.39740943535253
-31.95862732972455
-56.57138287262031
313.11768191941337
-94.3731746721769
-233.75271208416052
-98.67730408470293
57.032658669384546
-58.920924353124065
-224.73263202632006
-141.3496407606708
-44.35737826209869
-67.99913475635765
-71.68991744358027
-10.983832203492966
-94.39222721903934
-69.18610860988468
-56.69425419782692
-19.94001946058296
-129.33923108003546
-113.0108284581691
7.315422215057009
-27.17411468697571
-238.3618410369454
122.58044457779943
-70.6290925580011
-73.52164983718649
26.395896803979667
-42.58695453607811
37.25862729205164
21.84970150301342
26.69581939040563
-385.4459684697449
32.88731523724914
-77.26759040619572
-95.33286827206211
-257.4869159489863
129.2145244378098
28.249222089491013
-35.24721906506656
-128.8921036052894
-29.176341530806354
-82.19571506719512
210.59515790348996
43.29818284550947
-205.61712064198582
-178.62937104305274
-94.04222693592419
27.206945884267498
-119.32916530501097
-47.213272056066614
-23.05310743913634
-39.54915830480178
-30.612733589185517
-415.18671097621336
-92.1483619663255
-107.321427617886
-21.38973001060649
-52.6423941219515
-56.268611827160385
-249.25339845823328
-84.02977717765589
380.29738942737276
-130.104275608428
-15.187364499380237
-59.657962036077066
-24.461978360486683
-275.0779897615648
-38.84037288659965
-508.1540429135548
-17.171652251606595
-37.638464767193
-135.5799243558031
118.10115497235165
-51.29298651083353
-41.76205978402427
21.894701572851773
-63.95573497288956
-85.22073296004093
-196.52613401562485
216.88460795287756
-126.12982777647449
-246.59661044592394
-107.47033068485689
-238.76607257911564
-82.12380637560813
-244.0875974378814
-4.964243579568574
-348.53585660259887
38.93268276804656
-26.16361996132511
-9.996572328964248
52.67882146149532
-68.16583539449405
-10.666975363649371
354.12282343127845
-409.2624000571186
81.7668976337136
-263.35204582829283
193.96063100523133
-3.340293942957942
-84.66983873390564
-71.13589836987019
-30.61932720097191
-55.66390968908841
-67.50519902160696
-25.620953729761823
-27.979499869314168
131.8942907094779
216.52011138491616
163.36121885464308
-53.022670773218124
197.87843293535025
-11.752822294869475
-92.7850788271191
224.1777045643621
136.4855740822013
-29.353737447408427
-90.74165583200333
-2.917462159400543
-84.44470873656974
-36.237070417995184
-315.6706556154031
-55.09889788825959
-91.23845987809733
-144.78022274293198
-0.15655169032960004
-116.62480278762087
58.069917391888794
-358.4645560247327
-75.95016242514997
66.02152790622131
-164.90058508296352
-193.9953275662101
421.65159973354093
-499.9775655888334
80.00332971416901
186.1521517551173
-41.309153233909626
-82.72431738319526
-219.77996503713075
74.35007291576585
90.1111931056821
-6.674384971113909
-65.30882770615204
81.74445353956617
-59.16511898964745
-335.46815014792173
-251.52385091166252
-258.3098872803803
3.9705015532308607
-85.81092221105966
-85.73153191795706
-287.2434892370893
290.53639012686835
128.6941348836226
92.85432733200196
88.06342801310893
106.15547358315052
-53.15837364837485
315.30836173522584
37.46639551241469
-391.6804078103105
-56.646559953525866
-66.82600949917327
-160.66439263171924
-69.96116810038079
-93.77850221244444
172.73872163320357
-61.425847870453985
-93.38455857358738
-26.671637266819936
66.01863820173821
32.18877417921749
473.14321099771223
-101.5170261695348
-7.000191211853235
-67.72527834172124
9.503270290058744
-98.25785622915282
-43.62369304971929
-28.410807349787802
-85.73810319134675
-26.22023726644875
20.580639976612474
-352.62277472678034
-29.520674032830357
-48.782188761938954
-89.23317845504232
8.793146032598937
17.69941304743485
-97.9957664488333
-265.25106161760414
-0.01546408258423071
10.551536354488121
-69.16790012621942
-25.0054046720433
-108.77048782294241
103.0859732483932
43.08574444752412
8.777418993035099
-53.2156543886841
-67.36338470648886
44.589275507445564
-78.87283727556988
-56.89619027419394
-13.699188748276356
88.67209199629178
-88.93721101720556
4.41609483440152
156.48852495399842
-80.02151591228949
-71.581011654127
59.12491685790337
73.05985167441577
-71.2680571948049
-364.07841697620825
-32.52961285031659
154.26263430224753
-56.245759588493456
-67.72299190744316
39.14347865957461
153.6301062857783
294.885850364788
-32.61354247467856
152.69861647346443
-61.38671832702585
-28.299359914042725
88.61035007402643
-41.24867864269633
156.21305446677616
-78.6639503248469
-39.6634635624152
229.29144433749752
-97.81055824696887
-95.58249692518075
6.344660279799761
284.74446345420256
-31.815112529584894
-11.11291132003257
-68.28809064137204
-57.27175097336052
-33.64025348452194
312.3475031522994
40.36006061607259
-308.6959509430162
-77.7293152156654
394.7177286929873
-49.77153755521719
-34.27422750479877
-57.12921647178234
510.5132829138274
-56.21309871491741
87.46194307956557
-17.413921187469896
-89.11598552231044
-47.52680122065128
-62.231273159695775
8.69327740569588
22.553167462890997
5.516968071371593
-324.4267923828047
661.4268195722325
24.371257370285093
430.2190962767818
-90.76313672183642
-53.34160381429592
80.96132057929412
80.49729130043397
-77.41534598703679
6.034950659634774
-71.35383802507663
-364.5719913155158
-81.69549115342105
14.599691520726992
35.89561929061483
-196.50750655692354
13.751038288296968
-79.1802588211558
-82.31824979072299
-88.91970282260627
-221.3240843788226
-39.5704122435268
-109.06148182186189
-21.330551920121025
-0.7238000347169873
8.317192182465078
16.97505172746611
5.417110499226745
7.963066562149834
-125.1689750237174
-51.2769485943993
-87.42025338875976
-54.998834775126554
-207.61230959095155
73.21643314215726
102.63627017516228
54.19858196991299
-253.43663678974735
72.65918621618039
254.49567552902954
-62.10717925678548
-137.72307415462868
-36.322561900070696
49.73704035471383
-154.76969216032558
-57.48009697865118
318.27746975772425
8.471086903686228
143.73211148394694
-297.4628526814249
16.450033129834083
-73.61900236591282
-22.202164183609057
1.4439267122725141
6.225424813997961
14.01342910450694
-65.6762531227173
-103.09567081355817
-41.56519391091892
-50.06272747806443
-30.079759382681004
-572.0461777644523
60.06234267254331
-101.30986024612774
-193.42398652853626
138.85900419931204
297.22924887371846
-22.870552011283962
-286.0257623330799
-100.16725836956927
362.9497456388126
-81.3546861372274
-150.66752860702945
38.84856113067417
-123.04277107070389
215.644029524894
-124.58763853113487
-14.145806410922887
4.047156487199118
-130.81054417858832
268.0740202573543
-11.444799606901256
-390.42179972706435
57.87099982720565
-156.38205829190701
103.24686411547327
-110.02083168309582
-65.89265234704315
-10.667645579743976
-65.73014359945455
537.7474094895806
-188.13998322947737
95.27728960744025
170.9460552690216
-12.294645947013123
242.3223838812737
-75.45422262735303
-80.51016468416856
-173.85698209768998
-35.78858123749123
76.089443845196
-322.9823410660556
-79.94538449683299
-110.41452154335093
-24.159977826836815
-338.70668025909254
426.3499863716497
-84.58369905837026
90.71136909586312
-4.560450191907876
111.59927109464297
-7.525537241141137
-1.321013499395414
494.28242678211427
40.490125642251314
39.06609276864583
-86.46267888914474
-33.27991925804597
-40.98432338086752
-36.73103560131369
-345.78583535818507
10.20809833340536
-337.0115954746543
25.12254772303254
-101.0655490027475
24.9458114124609
-179.50178763291296
-31.2213335140553
101.78474905832809
214.5104236752486
-78.50292089366836
-46.10080089739631
-3.701338185433997
5.062053070343482
-132.08614389401464
-210.52263390972985
-7.300103176292822
86.01607987166608
-23.19554640019186
65.19839164325572
303.15494267354916
-39.423052649135784
-65.34156178215592
-46.226850625910714
-51.14915235491708
-78.34877475131225
-680.661202012745
-45.25465921353517
-159.9214202133644
7.668784329278869
329.7923378671039
1.8161482019879713
35.23649229436069
-127.49909365816893
21.930584025036296
-96.19270912472415
2.1480186368844443
24.90067784492203
19.39856714952047
-144.0960879938184
7.296246069350673
-193.4795465130428
-48.156461227033105
-162.12845929722062
-27.38860146614661
189.2455350127675
-321.73518644034084
-107.73912099355152
-65.84907307145659
-1.5091890238046517
-79.60185461537161
-40.426315475069714
-26.042416675701425
-261.0888002078027
-45.70958150887338
-383.2648681204155
64.02642081084923
-31.11860884208545
-19.50213887621007
7.7028520542531895
-96.58406937617312
-48.29968345395537
-86.40368036804632
16.387732736085937
-99.61603394149192
49.807737373226246
77.88888594243326
-44.448988414053986
-178.08570716620852
-22.54927367487653
-134.00045070226042
145.9094263451334
208.07286805741296
23.603274384529414
-50.63382583989045
-101.68328766631384
-73.84708644478997
-10.576719965583436
-7.89757153305618
-80.029345678512
-334.41997991882454
72.59356282385852
-4.8125869059012985
-330.2094150169105
-7.141741506947852
-103.64785115014462
-84.816191098457
-29.794909289163115
-99.70266507628185
0.06415363271935348
-95.91367035039728
80.13561497922637
-204.66839849998632
45.856958262858825
169.97091328541865
45.78619827341754
-244.6472934300382
-82.75267770343403
-133.48858027468486
84.95243412180616
1.0356725901219193
-6.098746223147998
135.93744240186243
-84.62110287738778
-119.16639111147217
19.62601799613367
19.605634696892594
-155.07565243196495
-106.59441354517186
330.34216078479767
-319.21384527168084
110.36266528906526
15.42027924476497
-26.15415094812124
-18.276186514413098
-23.52697998817507
-51.20728812500238
223.87768488653091
26.376989931126445
397.6858124241935
-25.18855807552245
-99.84617268873563
84.55683699782412
-79.20605454225579
-30.09124646091186
-24.707583913861786
-57.18135571841049
-113.56661187259124
21.083633299161505
8.985219856349346
-62.8109245763535
342.58078252416817
209.37926116602284
53.58086237684074
27.479835590746006
-40.75410542467216
2.6762239782219694
-53.181816215712594
104.90701978608377
156.86378555898045
253.0174808157226
18.41648114414147
-110.95882469898606
-56.992674843600064
-85.65775638671948
-8.437263982333207
163.2107600110794
-238.301909445594
-368.05745355180443
-59.72169228456159
443.5151422957879
-126.61205377006158
-98.00472607739906
-374.4708763690869
-89.82183688165243
-47.92016763149658
8.018779488832678
-47.99943646527662
34.95740179403583
-23.485350525269787
-313.0733072545845
-49.47328427765933
164.90279816796283
-47.05721841389455
58.41088889252569
-304.4676931618069
80.19734382989373
185.31332843947075
-130.70549664353695
-51.101720173463505
21.473903478170314
62.28957743268256
28.692636671667515
-89.49644595970135
-149.92111643427688
105.17367774822742
-53.48616031269739
124.62079408825412
-68.64469272145912
-217.41508290111778
-21.654044502454113
83.05075268196379
-77.82721265112741
-6.145781413797522
-111.8128093642812
-99.8043237312595
440.53395629373153
-19.65301330513236
-31.73973981257768
-11.203965235654152
-140.0273840798618
-10.499063013863369
-21.61976019324128
-63.526647931590844
-37.399664370993214
279.6403674890771
562.0243508169879
130.08524796817073
-95.74852375023329
-96.75166225047849
16.628390165575183
-12.766853056560649
26.333242845639916
-17.04151988099875
-139.29542898629552
-48.538127776734264
-49.05770637152789
-8.398122470252929
-60.72773667614388
202.0832955340993
11.24609847737156
115.87653929147564
47.28795363528661
340.7345187049541
-66.32678343213047
-29.72169856836581
-47.31145196292027
-4.285335927464075
-35.80005371027526
93.22795913987284
-151.83745071891644
-18.735832352251236
-32.96188804573018
-43.25558883570879
-10.367654378038736
-84.14333782238722
-16.24434246302326
-95.51493337258216
-488.23992169947724
11.932784115069808
-475.89246324125634
-107.66863025838029
357.21534291088574
-50.380477283743765
-126.06703199356616
63.81515149259212
-289.4635748643723
-17.138695850199156
12.125690442025842
408.8609343531971
-28.211490238942133
-40.54556323707584
33.39763370773289
-15.471118966455833
-37.69106835052179
-27.799391733277233
-34.79497270459001
-203.52897507798298
-47.18213504153755
89.73359756322043
13.237941428046183
-58.52993968651572
-106.8791209927398
-127.73256585127274
-72.95000877193479
-16.45268905445846
-43.638557320459654
-86.46099047378993
-189.5700196129119
-28.637094642534066
-38.11062178310385
-587.3580583829425
-44.18396504321034
-211.78228745720298
19.187107551933877
-16.075475724113858
31.49867678866576
-50.288225111411606
17.36014139209692
-229.5835219338951
-64.47370420327528
-154.04195551771227
36.35933693481624
-45.94973784820626
37.38797668890402
-300.61840749037265
228.7147575535837
416.58582117792685
120.00449938514248
-177.61945939740326
-14.636918243094925
-74.35071703522968
-60.992176257688634
-67.63132470407527
1.7371210412786695
-55.566646947465415
26.8016965801894
-48.018533308741326
-4.7398452624699985
-441.1780628249853
-89.65127086708301
-496.52826616335005
240.65952955368084
334.00165880335226
-380.8854095644074
-7.277089163226265
155.28354756159024
-221.37886922301732
52.94125992687623
46.53401295305639
78.8032399362246
-99.75966754431283
73.34499341879291
-10.05102179840469
151.23193965209703
-14.558536952628863
-34.653691892850475
2.16981344697615
-127.61275470311523
-39.67943048557299
-80.2808953164727
-106.55458846679862
-235.41173500076547
189.37695150973013
-95.25474696490907
0.21776566059043034
-64.49146446072427
-58.88334928677556
-236.20086271560285
-40.179697468611664
-110.77311115758857
-70.89068903363733
-101.08157683565477
-41.22523476135895
-39.97875943766523
-23.34172923598362
-55.79172606090506
6.459380818264695
-206.3467743309293
588.0869732614665
-78.48680394392497
-11.806532802498964
366.3793609078184
-29.215080297979682
-20.54143177914981
-58.59429969026947
100.69487658411526
-87.54567999949496
-24.145612524453515
55.06235581180408
-86.24085962550998
-37.28097495637098
242.9104554705409
-167.6948313373025
99.56461165371002
-43.823070270414064
159.08782506636453
-101.00622519867896
38.43305280923869
-178.5585465827735
24.31132030206436
-49.87041270355137
-47.31340154138019
-59.43068572487755
102.83929129759326
59.5630710607893
-66.62019594168657
8.47532160926312
-15.27916075743508
-208.2796138974736
12.372391759217862
-23.79312520118583
-73.28652396438144
-47.44690859901377
-63.78172865767738
-128.35427023396915
-82.53170491745654
49.79673501909747
130.6613961602725
-50.249940245733185
-113.13939772570484
-301.8084474705065
-58.38674111299201
-60.09801856627256
-16.633408993602643
-397.5618398500992
-39.690274406229946
-280.745044211144
-84.73487853951701
-298.94117992537576
-73.91500483431082
332.6616799423591
-135.01184023670976
-9.140998763844891
187.55114465135193
-75.44177698746788
-68.54820732032567
-189.20145423156464
162.91253685605807
-62.06664645765338
-33.53807908720955
18.69617854749322
-26.73520399606278
-64.9533293978111
-16.420020102728813
-56.809121425982084
184.82884581505732
-46.21580117064957
377.0047061415644
-50.00281897393711
-271.29184339828316
6.425136222949504
-50.57038553304544
223.9228557416809
383.8939972548287
7.579245653798353
136.3735192489512
153.97749138537438
-67.45185501450902
349.806889308853
-120.92541529329355
-12.428872285874519
307.5741993418633
-142.05595546731
13.609479887276393
-49.376293340660766
-83.37226844425743
270.21262244851096
20.549306594886954
-37.38013340415091
-71.05495019380726
-146.31421178150958
-114.54557941786169
104.22162864739721
451.6881502809956
-64.9289198168981
-238.1540414927058
-57.06731468300023
17.55297510013952
45.54543290285619
-141.91261036999094
7.993191461546758
38.991832703963155
87.84392806782489
298.07267211586077
-217.64865414515043
-144.75051523604634
-46.16874332838354
-102.61480142372602
223.71102224264177
-62.96681179289801
-65.99920293412288
560.6848027609758
-13.622583663377554
-87.44703926004058
138.4892940716527
-144.17267111269575
-112.83636333410504
-15.164826059357438
219.08950958559944
-329.18418185892006
-50.24621740692292
-50.36186771047758
-141.90541039841628
-49.1582318708829
15.948336855946764
-104.8873639325332
-140.34553138734736
-130.06371654097828
-130.35879227116857
322.50701660052255
-72.13191821851024
13.801059341862128
-483.62865963844524
139.90471171960053
-50.420243457789866
36.645620763183615
-71.8630742180455
-109.71142939452861
108.75857900179653
-48.468719548766956
-27.187832116598685
-74.20994759197905
293.33627195928057
-79.35818550393222
-105.42993385799491
6.001441669599932
-62.019334374890605
37.41186983167427
-168.12879683567553
0.3356832824429148
-181.68787817177144
-63.00586684518953
-22.087516253050126
-110.74273581206035
-50.60216764479685
-75.72487092876872
77.110682759052
51.80608214212225
-86.12700029478472
-78.04540765458303
-28.923568784464806
124.73505073574961
156.99520100011978
-46.02449330770679
-56.09890375196733
298.00777664761154
-63.22447356106932
-262.99121279571773
-131.41800862978198
-48.23877483561955
-181.2416372550797
543.8701770796779
-44.53996100746815
148.85507092142143
-85.68674238933147
167.74426112469337
-233.23209551951186
-172.68357463376742
468.5718758496587
-61.19398713163082
219.58763620307582
-109.38641252419711
-241.1387742495317
-417.9464584656307
-12.238664094670074
-76.4181908404525
-52.53184364988814
29.0843713117265
-18.015717386537517
-106.4440892992152
25.3001409164699
-121.38640050300819
-8.567376576484037
-49.966587535259634
4.198472336267514
-53.06519981346173
-119.86984330252471
-87.6662977004271
-62.755346737002625
-124.50205866061333
-154.28919499844778
-50.9212106924748
-3.8825872967210557
-7.90818650498295
-39.88209214399816
-86.53395507685366
-31.244115864126933
274.1848138202149
264.5801837861254
-574.9909928718262
-73.32826893339285
19.53346188303476
-39.21920424858079
-379.3595132541268
-3.6514369750289006
159.0599890606718
-25.50595898988795
-67.82728418877741
-30.101983928864684
23.632431836281285
-158.88579898874195
-14.272569633630894
-62.28882480072298
-113.75684870221812
-245.27873917005945
-319.2400014650484
-183.57498023772587
155.98199445521095
21.45011639167751
-48.05516411782906
16.21579659263256
-112.44845590288142
167.99937037909694
-54.91059248230427
-46.245229402737095
-128.9232505305008
-81.29148162760794
-29.341158892535532
209.3017853316469
-42.08734641760877
-37.856007003999814
181.60121321113002
-49.7203087260783
357.93048765862295
-65.54530247955992
-28.276381835143184
119.2877069463957
2.2823594115761807
-53.24938183905257
-88.17162394946955
368.9041699764857
-50.46392223493891
43.55975815020702
44.39835640143792
-38.56142123075735
-208.89414587857755
-320.4132180049819
-18.808155666624796
6.70249829562988
-79.11186845614837
-51.09873974995264
-85.80207149209214
-68.57685236473631
291.6749539393222
130.44961834407877
49.729144490440376
-14.751194406512695
40.92849239048883
-20.66148549794707
8.675884825237517
-195.31104388399763
-212.64451317820203
-164.49183190168515
-41.07841557336087
-62.184039666013746
-10.970734346674936
172.8044265431381
-31.33926380846319
393.3636354402097
-52.0128638105889
9.67719068126462
-29.606849233333513
155.27133457035052
52.83184030042548
392.6698662689032
-56.77624433933376
443.44437074434154
-46.365722771268395
-50.79466417231282
-167.6499850000946
-389.48713432606473
-2.3560400385110825
-49.1422528948342
-362.1254998330951
-58.505829756760335
95.61683979527879
-94.26545070414655
-86.0043896907232
-5.1151268912684635
-119.49141928393186
-21.770775871431397
-36.8367768322405
-309.78686210461
240.0207805549744
39.85234555293212
-23.356504003853672
-47.95573763917491
-336.6107616183199
-341.9182792768843
-119.31251329900988
137.9118763236729
-64.48065134865647
-14.299819344214484
-49.29283746248626
-4.092123115053312
541.0461666487099
15.98747192488213
-43.25322292862106
-77.84314534453381
-18.64479000783001
-34.24148973278392
-64.55337093361777
18.121793879902725
-552.8346550695187
-147.67079599289355
58.77880146103098
-274.4312854382515
-89.05564936675755
-87.56384403562834
-321.1242944875412
-19.816318815261752
-385.48290755782546
-88.01471779465932
-409.0468815409622
-124.6228223186298
28.814889346889686
-16.681544214266367
89.02713839855642
-262.68765047191755
492.82175519377415
295.94219058466115
191.8707655247763
-20.69262787660773
-38.74300597840638
-137.64937093942024
-51.737131350167864
8.409236478466857
-57.20744266233851
116.03715022260258
-42.492042114794145
26.075624847180734
-176.02878530919315
-80.65104569688793
-35.79253958163015
-358.2574349919487
-51.30343006294595
14.913000587279301
-81.39696031929603
-32.10388442262469
-18.669032602120158
-62.40704661943107
-35.82655876880238
3.750640478771402
-124.442916731894
-41.40519951749476
-21.650372710004376
-94.64690149494123
-27.482400636166346
-137.19104465371674
220.2405298320764
-60.475428095816824
-16.87041722193186
-60.7691503771817
-125.2496843840272
-27.69521298944815
-73.00578771699656
-39.35859786715251
-38.05346754990023
76.6406379916425
-123.21114931163478
-31.951658482799303
-74.86781236365334
-7.051005682104005
107.79863417237539
-121.67781749580308
166.61930695655246
-362.9610071140105
12.725875670308596
-18.61116456239836
-68.56564758405074
-25.312193351163213
-62.687605050804954
137.51352202074668
16.87105237668038
138.62187005095439
-94.10308784146537
-3.473979688556028
-40.0933329640805
-301.12961003745295
-35.66410348598481
-82.35611646502684
232.6350394615547
-68.37670970201498
-130.92959451526258
-18.75188915907711
-342.5389814068931
-107.17282241770589
80.03864998170502
-92.6289328136645
-6.149796321866776
-36.00489463522035
-159.5667308567081
-430.5377322255681
-17.293538082591148
9.418338394949387
-111.51508422693405
-46.854328928597305
-97.87701085400357
-74.1765882549771
150.80318211791564
407.68205525006124
-84.95669659128093
80.73250836557054
121.70147443374663
-188.0349442876095
-93.33327732914722
180.04383386176232
101.9096184548489
-46.6393430134176
-72.23899180021857
10.401511444613256
-51.692375718244875
10.370498610965111
-50.27495920880625
76.01196610284933
-65.06614785803094
-429.4465430274722
-87.16304490706261
341.8492236732145
-73.79562788946862
-82.60244376107565
44.96523914134468
-299.04259318465483
23.231634232443866
-39.80471550713253
-212.7930407933768
322.43350772116537
-57.876100228846326
4.770365208349176
-373.3726314283176
-11.989028825304558
-92.2807370177743
-6.437552329310568
-38.76096508350322
-149.4345300272198
-25.007536194622315
-76.71369704434537
128.32996892229903
-59.98414099638378
43.49829157118438
-45.55422451078522
150.38659172359985
-23.585395605553543
-174.67453360288164
-20.50646192321392
-20.478882855583173
-8.32839823457698
-0.7692279451757713
-16.890934609523356
-94.5335327615912
-28.78925384308394
390.88109445109694
-98.14440984974675
-32.76806243321269
23.797889723929075
-161.87659598513346
-127.37133885910771
-373.2389763515548
-154.3985991300142
-97.71850875046039
35.32673946652449
-417.95448391942045
402.30358825145777
-120.22864259588201
371.468359186887
0.6883439086832368
-243.5710318310248
-34.654025123340034
67.44596394580003
146.97424791444973
-369.3513085725426
79.99823482793136
483.8371491777398
-170.61855210134308
-160.83066277648322
-105.0976581576399
-59.13212340188926
31.44860168147443
-86.2831585335131
-65.75936494423877
-255.1573255495896
-64.56664105243522
-7.130167760359978
107.79665717003445
82.6020608167928
-191.38646254566265
-231.91114759474658
-29.894228091955483
-60.94919106500854
-53.49834655887703
25.74899142298409
-181.93879517224195
420.38229244184913
-52.47021324779507
-44.82614465087372
16.749458463205883
544.6721255431003
-29.623814125433455
-36.8915564576082
72.54500864328293
-171.47531936649375
-15.050971543412743
-13.64583233936651
101.46235609419182
-101.86284029635193
-328.3368060242228
-60.304292495031405
42.20730901121476
-55.431020619720755
-92.09284534484618
454.41462163907636
83.46117912633053
-361.05787563991726
-22.193750313447254
-165.7070064395375
-71.43214873989837
-67.12178764734489
-90.98930309982279
-111.70252660920897
381.2497725214089
39.000443798594915
29.397493743080304
60.96807366343273
131.0789426981537
96.01523218066359
4.10267550355975
-19.44121952287179
-7.006743677435679
-34.42603362039472
-53.66186342558831
-77.58897683108785
81.8410323363878
-75.61322601112201
13.014592451878343
119.53915864291957
-51.63487586938572
-51.14504325101461
242.5708106992406
72.77392164408911
-378.2167288741921
-77.7676844871257
86.10542340646498
-51.27192583010657
-23.002688710767274
-45.643668187914514
404.17204289999245
-531.874108541977
98.64591878507963
-83.1934443651528
15.396228722529486
-53.329424839760236
-6.800930049726958
-77.02342400759414
-155.38545349639753
-402.1707310428592
-338.4079833689175
-55.53107995141454
258.5122947703039
95.8637735644088
-67.53612082576183
-12.176567203876402
89.75681289087242
-78.90339966422619
-341.7699542907667
-202.85073459788146
-79.46854063162027
5.715784558913583
-189.0822281419005
60.11966308722185
-114.26495566761423
-104.53299308108642
-240.8492374164689
-81.8079994029249
109.85676622606297
-285.3149645315225
-384.74588379353736
-92.43626594398732
193.12464697764517
89.30319642507311
-34.89019065704699
253.49487128955843
-434.7117368911822
44.39878110027621
-27.112746674125447
-185.48783685075614
-29.955490185287882
-38.39041787377812
-131.55492989708546
-510.3523934770237
-90.8562177355509
-11.134237750304237
1.1797227747383658
-51.215550540008145
-44.94133226383315
1.6114354712763088
-102.35713990254918
111.27774909065374
-54.99277765730147
-62.18232946888202
495.70719433280465
52.90025950296695
-84.44760183117398
-145.21639797494572
-37.08009978579534
-5.243597668615621
-27.14330714531129
-123.14544759514732
-32.93744925233659
-121.37936852587518
-72.41326964180189
88.07604302208438
-68.5419327330005
-29.214054786186807
-0.4566608180211915
24.710149173592526
107.24693995420739
-13.779679321873118
-58.43301781404989
-37.06159888714092
-46.51386951279164
-186.47071251703892
-34.56186584821262
-50.747295703724376
-78.00311620008944
-39.2498758636803
-54.937102607363954
-62.282842563219944
-3.819291166431867
28.783319145527628
-364.616037970638
-45.761581696040594
265.86636439709764
-24.055733537274875
-107.47299371379923
2.5417769065475952
50.88603433480421
69.14295812229648
-36.9003871724326
-84.11801654810222
130.04056912685155
-48.81221558780701
-76.73513117099374
-414.017244113973
-222.57295329103363
-86.25694305262209
99.38383287747456
-73.96268799258297
-65.5935323896357
-5.12797665027503
-49.30880251897055
-88.14860754146564
-65.78387872823981
-1.2163657113498516
62.57642716538976
4.034846532141046
-38.78134121763219
-97.53653057982379
-52.557108167286486
-630.6473998221827
31.0465418482745
-82.95218216342283
-18.67234214910269
-249.56061954216966
16.677339891249048
-138.63525547668178
-382.3557328169318
-71.9686258129061
42.70041603805112
155.76232516142773
-413.9151526710357
-570.8941968716663
-39.7884491223258
115.71706767111937
-60.646692369850896
26.303952443269736
55.301787529348076
23.103571203215324
89.0599377085473
10.70007760289991
-80.80197308459867
-292.75750891924326
-8.10010539778159
-58.193846533367335
-70.76578059052554
26.59928854646796
60.700382199178875
-147.14563892182923
-230.16069311335923
14.609129907915303
-13.95409499800644
1.7914455927111703
-40.04688124221022
-65.71845076443319
38.39236665208546
-67.38706359750238
-29.755430494316897
419.2666328111154
-61.34690063642202
19.00132242210566
-3.9736577616677096
117.16389527262436
48.917422191078
-81.80152551805256
-39.37593202727077
2.0678108886695554
-16.10486168262014
-340.0767224636511
142.0567296356421
-6.982883258919173
-58.87792159578162
-151.96946243382263
-31.936374137223062
-8.316101605279073
-33.94769230017343
-343.754558529552
-567.0733557701951
-215.30982496885554
-91.24597061733039
71.65836446125059
-56.431450539444086
-71.86764383945257
-86.96677107152505
9.498678572658037
-30.471173213559968
-127.39112112856856
-220.36077744569593
-57.754419206283785
-290.03595026602125
140.60363956419678
297.4607258910928
13.364429876768227
25.35790801139774
-135.63374731419208
-91.75437894120114
-92.54601132458046
26.267256700206417
376.5805204061926
-111.98096065329919
-124.09240143228675
-29.108896039925582
-79.44888640919487
51.875165983410625
24.59811204158723
-183.8415338413488
-115.62207651467571
49.95619369921678
-7.178814893041817
-2.2641625934734293
301.51146792309373
108.76589625890483
31.582520301393743
12.091052012763612
-111.01455711125567
1.9169341967917717
-59.426170304426705
102.04272340874195
58.06897568310069
-56.83814926623245
109.07233578741216
66.99529424417278
-57.62660982784291
-51.27477588813878
217.39579541576677
-21.602070543276568
-52.43973130384211
16.28648663807537
268.7439435234537
-41.624412029725704
153.73928075942422
612.557185347343
-28.692762130253286
-30.773332949990618
-60.39076903196922
-93.2068906587308
117.90002657478362
-37.50651605795258
239.05071035903347
-77.97013694017187
-52.92188408941547
-6.5952767473418135
30.036434381454
77.14829536294837
-32.07123483344251
-49.232602302140606
-151.73976118015707
-10.208164085262926
-443.6529045652933
71.40437452470815
-36.557851312387356
128.7550641458165
-35.231735330076845
-75.06218698297002
-332.0510226142924
438.0443001707308
-123.91923232282534
-72.85349035555546
-307.29383531073836
-81.46374128075755
490.336693778936
-351.72043701392795
-277.10712174615765
-177.3579902466663
-342.7173538967745
59.185444421806096
-120.91048115900776
68.0831823895096
-44.444450176609976
-47.54169938812629
45.41647094392283
106.82407772534316
125.58132599972487
-77.05444532019374
14.900576070751917
-16.050390587354077
-135.13224686234935
-78.02705622456868
-90.715998182759
-101.50286026009417
-52.757086474442985
-341.5577888772368
-87.21875219536196
-3.6112169221221393
-59.346722246554585
-439.6881754964875
15.566120739686085
-54.76519839950144
-18.11368105023081
-84.47114914786107
-129.17634140586415
-28.26171917846841
-24.31460866197267
-78.33833359833869
366.288997438005
-156.77117312750488
-399.1968431696223
-93.0210127217635
-125.63829716955115
342.62631563450304
-28.47687346995599
-100.02666293213522
-54.07980400728047
-94.703204874326
-58.02143247015374
-75.64792227709768
-33.95815980887457
-43.950220885164526
-20.304116053966936
179.6443235122515
-9.740385187552935
354.7603946213676
-33.84640333151913
-52.744644967899525
-71.7238290827125
112.13768549693123
-130.92737284245595
-62.962518003292274
-48.22798887162753
138.87521162919438
-368.5680770127874
101.20930790890634
23.997737060018153
-74.85012330362474
-107.13471480099906
115.06110933019409
35.73251059356335
52.22814353227977
-82.13548853637627
-13.788109817805491
-70.88009127465574
-40.99915145773898
-57.0107881065164
42.2675680863249
-23.104648029243435
-49.28442362046598
-168.69260508795924
71.22338838396172
-118.22931109396086
-89.1540214334018
-59.367014927722266
-124.80902258986055
156.48882611250883
20.236607794731754
-65.90051802465172
-36.22207363744292
-94.89541977384806
-95.66529714032792
182.52124400832872
-49.470507628033374
-615.2462338870519
-74.38296602659466
-5.750682800053468
66.34506181485085
142.7861168595373
-88.99733572613331
-75.07700404384741
16.85654613320809
70.29061151983046
43.974600961515534
26.931170263851754
-71.12838603982613
-222.52879653454147
-38.478598857851075
34.33356160339281
-304.8775169242417
46.20391895538728
-362.73298809179505
82.18529359168497
-2.4564360315343947
94.72695440578173
-78.85362738167731
-42.51998700585307
-110.51710974980506
-556.2515813796908
-80.804704458267
-66.90937088813735
29.3548546689899
43.977455142043254
36.99706453655017
153.9704375697147
-246.14584344299146
22.505853501607817
59.69146618596005
-9.244801972497953
-73.61856440837548
-120.10068293814584
-49.736793711340795
-27.56480314169471
413.3306337121321
140.01956543728193
-65.7246568637047
-87.21318497766761
-19.923636990792147
-153.65371161188978
-433.5827495688209
-47.38343596810773
-290.7137825140253
-72.62607137981092
-41.71082969955226
-74.23971760547465
142.38364417692173
-35.70455385780387
-592.1933233367636
-60.89968315089503
-204.98167229450246
6.761727886922411
-7.519456353523784
-49.56471092391075
-15.850776013288566
-65.18006581367237
-64.98063472294143
-48.17811102285681
-95.44528309981486
-37.67545226685313
155.7328741187248
-530.1039148154014
19.191338074793855
-76.37653562354262
-72.09643865295631
-100.39964593022891
136.68326895717473
18.074814077374867
14.722285384070346
-324.76299901071616
299.1724444880456
-65.55437167105697
12.465429625252227
-72.27524474352646
-41.33779683337005
-35.651244060500176
-64.83525623465721
7.862877354538796
1.3279637479166695
-30.694959302051856
-8.244187979297294
334.12528334993476
-587.5256761870896
-219.67435069219755
-60.69316403669856
-22.626600650713453
-115.34761752987106
-1.2191712632275085
11.301774270004898
-18.569619046896243
-469.86931655929766
6.884114912847281
-55.73460066696704
-72.64070046570669
-56.88301260217183
-28.14229681011568
-90.17769364056221
-21.290453019542838
17.110145315978116
-91.20185108805232
-83.59989625534433
51.94491194157126
-87.52982412859092
-45.657562747378506
-26.994479553588462
-166.56535205231194
289.0017221931612
35.99725217084415
-104.69061638445224
173.81818797030428
279.35953733757015
-82.86611333336259
468.28140934335534
-20.231595197471677
-48.289689590636044
-13.306798608701644
109.38896648557329
-62.89747144349349
-69.38868664363122
-84.18421012312683
-95.83486534759686
-80.01717809360707
27.913686050195338
-20.972167926208385
-428.46121625725755
-83.03877725975853
52.47720308999487
-182.7134684099965
-83.44233466937749
-81.62264050351405
-96.4613964001363
-66.84930497720097
-159.11338732255263
-92.15178284134663
-212.65694924314903
277.1373882768421
133.6027247022016
120.11065610234982
119.14661333325239
514.7881544605734
-41.93164031046729
-10.98841640111759
8.001419419619197
411.23792678214704
-31.422122191964377
-93.61090463006622
247.03681509726266
378.6057964998636
-64.88412012305889
44.058482123695285
-151.05038689837602
108.11672626567452
213.41705096377518
-71.56907795734605
-97.30152490212015
338.39134540768373
-279.1840810072117
-8.169349318877721
91.88932291343008
6.643413996836898
-84.51684435572542
210.14491394254765
12.568531195762262
-38.8426546765877
38.496449430167786
98.60245568884966
-49.73596350723435
-0.9589305076606252
-14.584445967521628
-78.72377071269669
-105.91875706617786
-119.66013627748907
-80.95277118268605
-70.08771997731765
137.14092669302227
-69.58146505966695
458.28321501069513
38.81062841910898
-282.72987323089274
-165.93134093160734
21.839283048209154
-430.1288069172206
-82.01568068938556
56.03646050981797
-391.6477448014575
77.75336213863557
-42.185904830394065
-80.4150660679369
-71.68512068603692
45.94696646041848
-111.01938147129249
51.702292320371726
41.73809287470067
-382.7031960047698
-220.0331632175421
-85.01205038260315
-37.33530504098417
-71.95343782490943
93.89891323287338
-77.70168371706845
11.327210760379103
-73.65903616590751
-65.28023393714666
-108.07315517268216
19.629362282586953
56.45574631263298
48.020583551915024
99.66809740211102
-367.90475693516237
18.2453547717123
-58.08668928423752
-623.2118224272053
-91.4207644261302
-103.55640548976771
-29.017164878072137
-72.52398836307839
-126.17810090395758
-70.44946291678025
-189.24599382137785
-33.67175739337108
-41.990202508380804
-87.59337965475743
-29.2403360727791
-119.62335841878826
-24.011427419731262
379.8051549706579
-71.65918854907932
50.87859466754344
-57.60169122726472
209.05823096986387
-56.53840209922299
64.05601131696085
-47.66424024449043
-14.46775763068581
-23.218266388437314
25.127387747453213
-106.49788518513196
15.28914888262807
-7.268987400203514
-21.668842304668033
-133.35699069062684
-58.338529815457086
-36.95212920828078
212.55469652916327
6.622803035162633
122.76808248774978
-302.8569857717175
-60.70207269593084
16.668976235635682
-46.752596333207244
-176.04191314527816
246.46342244347943
8.479618871857383
51.9104983293646
-53.63964116768693
-77.5329931575346
-3.244158099201064
42.3288612198603
-135.50282736202644
-20.562889621577597
-44.94675427922844
204.50615203604866
-26.218228041975635
-59.62422244721915
-14.118199166699297
-68.93863064587472
27.944072300801054
57.95059537189309
-19.52334359600445
-317.1279988435872
-53.570164175767516
-41.195809020465475
150.94740623545113
-180.7311164933144
183.50919943994722
216.7128282424601
-86.86840606223268
-13.447442110929961
109.64393602993368
-92.54568629290043
99.37098453791259
-27.286915701080943
119.40569194279487
-15.381761846126956
-21.341811056347467
-11.995964166174687
1.444618320773548
131.39224536878373
-60.92177029869163
-347.29977010683433
-350.2448445235095
138.7511226859383
-7.7232335917701675
-111.09450396969635
-91.52734548653106
22.128073405094483
199.06830602008813
-51.91786658896521
19.50609263393801
142.97066691728287
310.1116144489333
-34.798793860991964
-48.704543660086664
-101.8343076249589
-74.63992036350855
374.18661969140885
-4.166467638502581
-46.09995446284012
108.60886769884473
-32.565759629117565
-474.07752480874115
-225.40022051452615
-151.80717629683386
10.101744551135539
-158.65085227997406
-101.49211179257873
-62.69657477904191
-37.565226451592025
92.5877537041415
-254.76526070986256
131.7325235451449
-13.792925065569762
575.9390924302515
90.47295558159931
-63.23339870641019
-554.294259343791
175.61864352164957
474.0847722528524
-7.682948109635163
50.406435774340935
77.00981996291557
-51.04682208903469
222.33449120598198
-18.516531410090522
-140.22422873280811
-350.7347100002062
-110.02905538265544
21.702254800093215
-22.18472460006251
23.763260451245515
7.568392486616176
-163.82981493591524
-53.18325332219786
-24.458792546622135
25.90336228416163
-68.21627301872762
-190.7471773214238
-75.55495876794272
31.38861940650395
20.07803286322688
-328.25412240571313
-109.62483849877862
50.178623780506314
-13.40445901955377
-64.11577792627395
-153.35819956281193
5.008663854234442
102.42554647357883
-11.457446991310736
54.59447790787908
69.54318931033367
-92.53682737049228
106.79172069481865
-50.737701530359296
-10.36756805253816
-135.8630247850142
-54.00632621084151
-14.478209205395729
-21.780485978669727
12.089435767244494
-237.90452477894905
-72.69834944105028
-110.35726620558125
-51.251069835973794
-77.70048366676383
-9.675325224226981
-81.60243513604564
54.025369961693286
-199.03816410182117
-242.24971443642062
-30.930030632489434
443.1580512042128
162.48488221389925
-95.54248995629132
4.631312738905763
-96.40204070011987
-16.007069796365613
-52.64957784255694
153.63110106598106
-60.067218220929064
40.90146061377618
330.8422410795429
-107.1372540803423
-46.69135428699062
-438.18473958284085
-64.1100154229802
-92.36983573471538
-468.94367112841974
14.916298798892967
-68.171654749504
68.60258988371334
46.23615996012586
-14.51255433120241
449.6243797891293
414.44423638957596
0.7737170568527745
-60.44068789996891
98.4701100124912
-46.745840155042615
-82.6134348411797
424.04763292642565
-57.35983277275424
-31.2503446677365
-163.9434477250379
-172.98812748478485
-32.25254188216941
-46.69163066379144
340.7375659182744
-33.64226681115065
-290.6126402678219
77.1172024498992
-69.86801621080795
-109.09470560965266
-29.357095206618396
7.340817059255642
352.83416289183515
14.37278904251798
-63.95937055099336
-342.8861347751845
359.3266188702537
-29.105557684175437
-22.41963904864655
519.7790156141873
277.433644129962
17.796573082418035
-4.984345819198666
-41.361923922588176
-53.92233478058418
-160.64604752376
32.162820753313554
28.20941300866525
-221.49985897678926
295.6587339777907
-3.522227666730032
-32.42578935230764
-68.86683270841408
-42.752367432511164
-89.96224104550038
90.41468411694768
-121.61546716240166
-74.22051197958656
-189.3794332429693
-42.65241936291261
521.3550061680071
89.77098688607111
13.279497171246476
128.47805876591883
-58.03562379091721
-6.1499954133669235
56.270894570629025
-1.2849595124735629
-23.511631035822575
21.68796939157437
-66.54890173697791
-20.316778119598894
-73.92322420689743
1.114384532582335
75.25531397630402
-113.62580321876796
-419.52862681834085
-7.076372805805477
-7.373046973410965
-391.5048560160394
-119.5040540536238
-179.6482412604746
496.3765486585544
415.92730708418276
-16.25844500853782
-124.60047072604902
205.88118838735272
167.26343399857797
-74.07960315130731
25.59581875049753
131.66612995103787
314.8929999498214
-50.86806782818364
-86.97574553052436
-95.90223697333477
-100.84809837866095
33.05670128366364
385.4590292663688
-48.987997965464785
-85.82359046589268
-52.1823823507178
92.42162263498085
-87.94467328231256
346.1702365279216
-363.8596983924581
-93.44687167625341
-201.6189688925533
-75.45946973686937
8.849781453880496
-13.485115781850254
302.1834598054538
-39.19055396555996
-35.46219818446403
278.00110730945926
-107.38100026764823
-62.81812669517405
57.849263170524864
150.69914840712045
-8.110923576583161
76.68983688395201
-145.06600523305065
-37.46787877930666
-24.217922052721228
-379.5257388875252
-46.892980144918475
-25.295818337684068
-24.267914535910677
-141.32211319499947
288.40158656880885
-192.61133664237423
-47.91321973457656
344.65580895150924
-115.05116088736304
11.992435176520758
175.56451945719982
-26.807595942560283
134.56471812083691
-23.403065020156482
-200.1677118045027
-70.3113025351301
-67.36663580864521
20.728330819376424
394.0699495605695
-51.59590944345935
-129.05417064968242
-19.754003328260332
-14.33972448773498
-11.41253150975676
-468.7227230872795
164.31260167214532
-18.86153879626181
61.5312108313683
-30.87296447186054
-472.67624980963956
-161.191981238504
294.9224521875967
26.447243944930758
-165.3776486789011
86.6250049481805
8.521518276423194
177.13256378904225
-103.31356718362986
-52.38024844402255
173.80820863157533
-168.09673602674047
-55.00429082553238
-64.22343349241696
19.255092821175367
-16.631206788224517
-5.959767281230597
-492.18779499161064
-353.0939832276317
144.8439078731485
-20.9367518659775
366.05675310517836
-106.90362573838647
58.50701396962904
-2.2467090305635793
-44.57172517498839
15.284331131754243
241.74537665128082
-110.94912781896197
36.67769525690801
-170.13001772389907
-245.89306054307417
16.963985810606573
-19.885110323149206
-62.740729307083626
-26.185447920410297
38.981694286846505
-118.5916992612274
-84.85599883196392
178.4633298314584
140.3350130547242
-30.88551389771237
9.828866799438401
14.745037888633306
-75.68415009490718
388.44234461007954
180.9151529519213
163.448032960845
-136.48388159780916
-78.19134437426237
-48.23101854430416
-58.595391985508435
-155.6567481602524
109.54190445930772
1.0495535811242007
-212.59020637357025
-112.28807803821292
12.798382474451728
-33.27360500295771
-22.06691520358072
84.0927599270617
-65.98143799440464
-118.05279721335103
131.1873787972272
-157.92168015259085
50.14957975116158
-48.105409978511155
-45.10748108941044
-42.3445755793567
408.07101767325366
31.071011342307486
225.63323634080734
99.60448112820995
86.88689165440337
-227.6056863164613
-5.83634847373969
-248.00783865707126
-196.0694524121809
-222.18696055553482
-187.440709313345
52.09987764246216
10.019630625411082
-191.8244675058031
-283.0989479834989
-92.80047304835017
-180.48755644684024
-54.37241326095769
100.7532153821976
-59.715062226101566
-103.7286397804285
188.61285222893275
-70.3180062138503
-68.9464108572672
152.48604334414267
19.18088608765026
-111.8698498817736
98.88376740365811
-2.903302280420121
-44.226328005014985
-211.31371596671124
287.85168678405716
-110.90216514825337
-33.615020487879974
-23.763396542154283
100.463279270979
59.819263374667116
255.9739461867248
-47.83306757530758
-404.59708186224816
-116.81148864122102
-64.87594303714856
136.9095125699805
-91.60095777782516
-25.710817938091168
-50.50083414624169
102.69378621364194
-12.46525850454509
-58.136145448848765
-80.95019136266794
-185.67998037701636
-69.0886281446019
-21.935833835692506
-260.81381328210955
138.17646814169893
-14.144230773370737
-47.52583206630316
42.45158567126009
-125.49176196996541
-402.07671659225525
-20.26007242666492
181.8800633416613
64.60246555894355
-17.257155970165115
208.3175194518335
51.25435288204153
113.72827398448499
-105.05534435363734
-18.310407080792174
-453.0575349922092
-47.94241726271623
-62.09301591116204
508.8809743505917
422.1965194274999
-22.371036770302453
-44.613920055293775
101.425995918833
12.289561059883855
-382.51003037135524
213.75726738009052
-289.691872027086
-43.396302822857194
-31.981487529944445
-99.83919556790897
-54.534736851912776
-153.03389580452813
-60.04233604466354
-11.97501379361347
-168.77983238337583
-142.1162813709634
11.899765362617472
-94.85804412381978
263.12867086061306
254.14448423085287
29.479417451369955
-57.31808649694585
-79.42837569310814
-352.4348644479651
-40.30926354226358
-123.74439784779469
50.315744311770686
-99.00897409969211
-90.26060931014028
38.126252398260476
-340.1021463789348
15.967661642350777
4.0726255605973165
164.15405840866697
-83.97294712696764
-74.11680261710512
186.55694675647646
-65.06545230007941
-141.51456236678314
31.624030171316008
-83.33894075276602
-6.281380352326323
478.964500210428
-6.869337890436668
59.69454772801873
-56.622428166720056
-63.89717301213409
-95.90154071439318
-98.89939128330157
83.31209093063762
-515.361246427643
13.73312814725864
-436.1033054842719
4.395625266906222
-43.03045754174764
2.4829635903515737
304.52495153839664
-69.44141249812174
366.26181205029025
31.002065271592073
-59.31592635717789
1.8614621312845543
-57.465455429603935
177.6696602961456
-255.59139562790733
91.26599061589332
-72.54224643106765
240.1455522579954
-58.398030389224004
-341.67280655351897
44.61663399733675
-640.116132299936
-77.14820562544394
-331.3012020525057
-7.29428592717295
-43.032821287818024
-143.31678838216612
-250.8329779848209
-46.39187167871421
-72.24554139035479
-55.17566090827323
-527.4033019897688
-64.28609095716807
-224.497568414733
-51.56979274930088
-165.38233707502513
-425.2921491821944
-20.95941853842396
-86.22799111064523
406.01211832928493
-77.9668239731891
-121.08556915070949
-15.133166286423602
24.920074418770128
-505.95372403813417
47.30155454586384
489.2639342703387
-55.66141946025132
-38.78555503946177
-64.2265620258795
257.3712865140378
-137.6177364487703
-52.130123416898186
-36.09527075333971
-193.90130210642565
-304.9867532887165
-70.05448398244022
-75.85312104761965
-45.27034036097254
-126.99546076862862
-413.3222902209327
-141.08182604053763
99.90706995711935
-200.576321753686
-27.137606922410725
266.7190845889145
78.77743999497034
-390.21776118186426
-44.60562735677219
-99.05864730618669
135.7683966870536
6.527151488167647
-0.2672083228486599
-24.232237103691205
64.16526345569036
-33.830455512518256
84.80739901766356
270.23253486518934
-175.01966346895279
-39.737397050839824
-75.01861764733258
-182.9215944971338
-20.40187786421209
-187.44001692987877
-33.97387843189654
-64.51630715499272
-170.49042321361594
-46.78207221563298
85.46873334788324
-247.02986454940037
21.722849036947082
39.544672276173515
-7.052746496127271
-58.20351402692978
-91.67010418872464
-18.016664186135813
-111.25952489372162
12.013440008320686
-80.5843387924941
10.76047583523723
-135.73014562618118
42.83520491552372
-26.746732767678054
-83.91262228367997
217.31814562663385
37.48157793594146
-379.01684065055633
-24.351592851781334
-104.62434205133803
-438.27456025441097
-102.71740470190781
-9.18025463831685
143.8048951229939
55.12890387758307
-165.60905444540003
-295.9101949121814
136.45157886029665
-9.096808037528263
130.795366826178
-88.47691227565204
276.67225715407585
175.73113588076922
43.25676112762585
161.54569159786843
-42.0957253869401
3.0503484524888336
-30.388274424819578
-439.16300867960854
-17.49107304175316
-102.45428638313751
16.617936648973227
-94.15234507291098
10.664310076150286
11.165745403099208
138.41056452740486
-34.26765522816777
-68.05389794849566
-20.696436600021798
-68.35722571121018
-47.20988464101159
-105.22466383458482
-246.28833847989517
-86.73124438263767
-0.031938071157128434
-234.57243844800905
-37.07004232518784
76.55884511848717
-236.38403154517255
-2.5952645455208767
112.9851338646613
-84.44004208100202
101.66431870951465
19.57171224328772
90.11187257524216
26.861233885634192
357.1787645783097
-22.577015452445227
98.6575766447113
93.43963687044243
37.46128641203927
69.58678525892537
-355.0467486192829
-53.61667163886201
-38.36282925851043
-56.23917531633758
-57.13564279083259
-25.93789152012505
359.38045014562704
540.8226952526165
114.21653649720292
-33.4400235672239
-308.99653480472443
-85.57843271580714
282.84755276072156
32.34252936583016
84.69516641172049
-56.87845348421374
-106.54348420943279
-150.74872130077074
-80.29108797865229
-16.86304808492241
-89.49418853496172
-10.386468685917862
-13.432572167937554
-66.54321510835427
-176.52780126150355
180.20173703969522
-14.746737205153977
-45.94728651028481
-25.404821521411804
-33.84137864166951
21.38068901332008
-47.2746605825602
-49.67285430224581
8.650426818739561
-360.58295350274057
0.698653756975862
39.396701192395085
32.29582170976755
290.1832429386959
28.922588104400347
-35.974660798348765
-79.58798249032623
15.654599629915538
77.79743257368409
-71.3320529782668
327.95251951064165
-105.91339937132852
-52.2160643710522
-99.93413195655376
-176.76738500708598
48.71778347544114
-11.606564758399252
115.66455409461378
87.36400751066321
-30.704075181198032
-218.1952038577856
-67.85061653882322
-27.849800921403585
114.9951090463046
-73.6350512787482
-56.57725798086517
-61.96686904475855
-9.600103883343309
28.943772097249166
-46.59949331783537
-81.51599577074012
473.0667143035698
-281.40498912843395
32.9825258676392
-76.07993996651221
345.5556786531106
3.575920492685327
-37.80371498007594
-90.7261631127094
276.9068127530809
151.92010905258394
155.31499792649993
-76.14164978779809
-18.912645107132903
-709.335320283195
42.97746248896965
84.6668852764542
-41.175688382894805
-58.109143773898715
7.114321371589581
-72.31352079508451
-465.6672899430323
46.106605426779424
-0.6419934934597222
-51.064617487691066
-49.26810209561252
-23.848870357158766
234.97445023746332
-109.2091437766594
-52.643360079742706
-210.60386804481823
-53.87363440958355
-105.28069158138169
-39.909766712273395
-115.3586670049599
-175.02661048034497
-74.8021492149619
-28.591081509898686
-294.52940019249854
-17.016423853861852
-33.829327921149485
-16.69919590414065
-280.32571374627696
-357.19828049152966
-100.15555218801835
-82.25741842766183
288.87018263917344
-112.61873449817722
-86.93785220636867
179.0334343631771
88.9610855306355
7.862425662237229
-27.551416819188177
62.27077294977835
-88.22865894234019
227.19407475962544
-52.01135778737573
-221.63445488575599
-87.54345669404029
62.91559889511882
-73.87578236336549
-38.764426899138364
-146.0539678438854
-280.4337745255525
-52.121235879975394
150.9831478128417
-68.68648201109318
20.827972488466003
-127.875520112907
-154.24668253141726
-116.3298595110366
-504.7568450309882
107.65934910195574
-360.21671393580436
52.595266643770174
10.187028229968291
-323.2162610154228
7.137608846543117
376.2949256966767
-46.50964738576796
-47.3888373108971
-50.599112872264904
145.25883500241616
195.6611240057864
-31.078952438239867
185.49009553512042
-82.64208914511983
-16.09048580890139
344.38453183220554
-42.851674488887625
-182.85483250611742
-56.824502380200755
-45.52982524052997
-126.43010332498686
-61.01604925555148
-150.809428431563
-92.05219138138273
3.771737781068623
266.7743590369173
-39.931412246191286
-15.106388387692391
-5.0562870333315
-73.23179627224235
-168.84360830612968
351.85391935651023
-101.09210710707703
-438.1675681611523
253.84124156321923
16.53311934119847
-90.58843095478369
-174.4861247475783
-98.29717822140628
-61.76797924309176
-125.32088287259376
-114.95489895549508
-59.38677036615354
166.7167470015611
-61.92138346399952
-38.07446931328468
-103.86994905297979
-61.21872621643873
-75.12389318893293
-312.74454595319185
107.98678827296499
-149.70203587282498
289.8899444606468
417.61266793075265
-435.2830787382445
74.85577925793586
-554.4256563820563
-108.92071716639612
120.52695958261575
155.501669052941
97.03895570377244
47.73934710975118
-40.61076929493761
25.44675041582923
-9.980840721807681
-9.790286509027965
37.35165345772111
267.9736112922619
-55.798865927000406
-173.39242776578612
-14.206068425286503
263.41450586657083
77.55051982641817
-85.89171243901124
-113.02746918898265
-378.5574386643202
-57.02227558832897
-404.0104953765931
2.630067344154668
-297.5050755614375
-16.778105787192544
-109.6690051724857
-108.16003037588295
213.57366886826094
-492.1010049284105
21.588120203245126
-37.21931871428655
199.50236804874658
96.98197236522174
-89.9194878517152
-56.49274855631825
-116.92818439073503
150.0353074010236
-13.69260924615287
-183.26845703915387
122.59022093764361
-48.78179992590517
180.44557776999682
-37.70000304908808
-1.4793759994666686
-16.633826414488503
-46.88493455268745
-48.52141794103409
-54.13415805286968
26.958667333713795
127.17918048029469
29.342179254324947
26.219378209410934
-26.601617951791056
44.17303713254114
-33.73501189198285
6.020845300177598
-95.4737196220849
-98.28244168418678
-96.86608720018558
-42.591921786672174
5.274611633331006
187.2483155969294
-35.194664765127726
-66.30486315549763
-2.919674784642325
-23.834847358950356
-120.40289658797337
-42.92347463675287
102.74979001791871
423.2231340897033
-37.45855963537906
-54.952568780132424
-98.76861246014933
-390.6404392587883
180.87845114471384
-108.41523368770868
248.2801163897002
-15.92944553526354
17.639271295533923
52.04014279673538
13.923734875828814
-18.025657648181095
-63.308526420685666
5.295243619351704
159.34681099900172
159.1790826493816
115.02087515747144
-21.998941923310074
-155.11570879193278
-50.03041387247437
-35.71391974999028
59.542705078582
-85.78108155705377
-52.76941972158551
-17.252283811809548
-140.89416055183096
-14.107858008508689
253.84280383823352
-33.677231662997656
-23.7494177766082
-145.91380872909394
-55.3620336921763
146.6441159031874
31.75720613417525
-137.67135821062493
-93.5150351681259
-78.65580807657487
63.12975706990164
34.98064481285837
-70.4836322026595
-43.68327441929924
-32.50015822559712
-0.59654437548852
-46.91464217308613
-57.17848280187803
-77.10913821379654
167.6301145103498
-87.13311992899389
52.489824514127804
-45.549598157809896
-298.8396408718763
2.803363072034699
-2.13214218891207
-40.18240024625116
-66.81820419001302
-77.56963162608307
-115.86806399818246
-99.67707935322046
-152.69838488429923
95.63238511941381
86.42439830810736
-72.80908724842466
-236.2055484647226
-396.0430958790348
-13.360143030895415
76.36691096917275
-82.08122573930058
-36.45086251735074
-2.494385664258516
-71.48842582291324
59.34942546785351
-99.22595862772141
-80.05664600584532
-63.067515290593434
-49.84835854196138
-275.6687214085305
3.805872565633962
-69.77872336135079
-93.39171124729182
-50.71850963716119
121.55212183962612
-507.1494702014297
77.43017860898544
10.243561891143145
-19.220300839513584
-116.74288931558658
-411.25079759601067
-16.21303454315057
-94.29348907358326
-2.3432007010596863
362.9247183384505
-296.58194279159125
-127.08509048324959
141.1422872868079
135.7729151189451
35.58896991236361
-343.2998827211359
-51.73708725597555
-37.48843736418348
-318.7803100132969
-72.60132307887696
-119.3870143317863
-67.34101746368106
-54.221690278736986
-9.813881228517452
-52.95131556880392
487.88384494542333
7.624760823373435
65.01816101081022
-59.82525215023183
32.27776067370519
-49.14507895096722
-137.38809552020484
75.86896195072313
0.27669820848826987
130.6290925030862
-112.91520608081335
-57.02449114990668
-179.76990299651516
17.975253671993414
22.44612123736806
-62.802593130151934
44.18975250373387
-51.679635219009
-159.88261354501628
11.225336523567915
-55.815058830188335
-34.24415098116572
-143.7433452739897
-74.39433788339126
-83.19503800713376
-52.04356068603232
-90.16101599207921
-82.90572238170608
33.26202889156548
-60.45517614383162
-139.25803830900077
346.4981577524468
-81.20790818154325
-12.966022301058786
-104.73536170562329
-25.99041559268153
-63.979258021137866
-47.03344463478331
-33.84710576735256
-30.196778311324067
25.400130122013373
7.710112154667058
-46.383332679206426
82.47222265768687
21.855934706786684
120.39467190584946
74.19063821996133
-39.567309806199845
-200.36111604332837
-361.0500854291249
20.126490520701736
-61.66070560795379
188.3896312744946
-36.182336806181226
-9.533449859231041
-64.41064694339083
-504.62196743856475
-49.50382611119983
73.83665792693864
-259.99757051347933
-48.520494289397064
-72.56449738804486
-21.500971005098663
118.0677221492715
-67.01240213392556
92.98616940360625
-109.32925319049947
237.78033748016423
370.5737964521477
-5.116732886198008
-95.19441228620599
-192.1504906685277
-43.9361914854648
-415.64141272947927
-65.99037953151765
-231.80064928208049
-71.65569083359489
-53.49400866705933
-417.3667203535588
-23.191739638640218
-51.92018043859839
-83.83983414474278
32.021859193348064
5.495108749601059
-97.80193452619926
-12.83910889127992
-50.19471863631492
-27.698673241831784
-39.631011301223225
114.1015995865805
137.22166091035433
14.822721480510154
30.582215258708857
207.2424559985402
-209.25835877516874
-85.95229240381286
530.0634244770799
-86.96144676611652
-278.7964003035013
-63.65492972757056
-63.51644559180882
-16.642214203622643
369.4403589842623
-52.54353215348321
-58.05604109248634
-60.63944747725691
-27.031658430434618
148.44110013813088
341.2125474049135
-72.1722564036263
95.72013527389754
-3.873761220902452
0.7606914502062363
214.1397833192841
-29.368504244116593
-74.6315795342515
-51.4743775523944
-14.120224013328691
-69.76970324543248
-60.10125799987061
-52.85038253902894
-7.006772805515084
-37.812053882100045
-154.83229120837495
-93.99252028801753
-15.503532637975642
15.787231325617824
-53.75389031635428
-169.97325147065203
-353.4940061932339
-10.6915864296937
-21.429960678835485
-308.90626604422323
-251.34880480485117
-54.588814395640384
-190.69527186698178
-81.43564691318835
51.93615736763422
-115.89341147630694
113.89781842365983
266.1319006073827
-58.66807330650681
-15.11205710514696
-170.4079043806014
205.98275633869162
-85.06600023904412
-45.46619374099828
282.7145434180511
-209.14974131362032
22.373075887537198
-108.56617479665329
-17.754601009301368
-4.307517747103702
-111.74289338456583
21.7298262078275
-88.21862080912621
-148.49553945660227
27.13545426695191
-182.23461845287648
-70.35850170179798
33.22077494269888
-25.851260803803385
15.386469755761652
-3.7019098359642157
-19.184215140376182
-33.33595066877024
-18.548275299252964
-233.0948536018186
125.17766719446718
-40.32920031192225
-76.57587249598419
-15.408952895031701
-322.902226785578
-114.47740171817532
84.01915718167947
-77.01675938209306
-218.66893125326624
-40.261997596411675
-257.65470692747476
-154.1568932880873
15.580767414305228
-14.83550418270121
4.3533144478305985
-115.24807182511358
-30.663395163173846
558.134038702332
37.64455747122156
-242.8985882804027
23.780132192074234
-363.0614645155856
-19.58221794488236
100.67405822107088
-269.3467922552318
-95.65564300543998
-82.83866622265556
-96.85084768366414
257.63017483459225
168.96126109963234
402.19626126172443
109.87624800626054
-89.93144243219103
-85.2343211094103
18.30322742963699
24.2539949900887
77.9249757977359
-80.34221516667449
-1.8552467134350081
-58.04141105621784
-26.240008562409685
-354.36957828404775
-82.49100193518332
-159.53434852641658
161.59298527905958
227.3917223655808
-251.4887739999176
-227.5422045520172
-5.520115204345075
-5.196757509737608
-60.762443507072476
190.819512100903
-44.12013421688607
97.27915719531302
-82.5193230850625
9.74198886128579
38.19800288210536
-68.50537616522553
50.091060684469994
28.12045369838779
292.28743910243975
-57.539674488846686
-66.56628983900309
285.24371925236846
33.203512564508856
339.70691271226497
22.236930934250267
-24.169828354825427
90.24569101048655
39.671588987716405
15.5731721382603
258.73855049783197
108.51522367198777
-17.75634595874348
-315.08139663464135
-0.9334566568759328
-94.96589680605848
-19.44266446174909
-1.803777021823862
-83.27844295588329
61.874134653631245
25.24122825393988
-72.83099971271265
-36.88278152019484
-39.187996315446696
0.7809289742831546
-34.17021311447206
405.00353522931437
0.9716599211842549
-182.11590601073658
-64.56779504125016
34.704217015734685
178.0366191205503
-12.502103899669184
-263.0554446685819
-76.17903229080184
-62.46468827805591
17.72380792153126
-118.78588415350674
9.47462261930923
-12.087375357854398
100.66139733194814
-6.727504375747685
561.4300610570099
-48.524180692181304
95.03095462059537
-43.90524857582295
24.898531036677923
429.8954581746257
-38.28611898959405
-65.4847494318798
5.858541785593843
-28.27002839720444
36.159800059587724
-373.1593111704078
-55.16619518433572
-27.747372118686314
108.74178273398684
-63.86024451357894
-12.949864564572636
-257.8395963492603
70.9779710279945
-170.96533478958008
-129.1111803003132
-59.6407706154306
137.0977086432722
359.67664980107656
-73.28080174976398
88.29864641594577
-100.66151647147308
-74.69236282269458
-546.5554589719577
-30.022965937553735
-336.6322125166989
40.356065358073465
41.12904182787679
79.94315928609126
-550.0450952521824
9.380026911682307
93.39707165554682
-107.73333227652984
-138.48567102931702
382.50280667121115
-18.461907992228994
39.329473579096884
-206.58873858185507
-5.050531360613922
-76.05685813886569
-428.7162033945151
-41.004499053860854
-7.369000469758612
-69.29479678031595
-36.07180079638871
-35.828027841551375
41.75917001926791
-38.34710402576275
356.4667837421148
-79.13089353722467
-79.62109000683944
3.648259002035047
93.08215840023968
24.612489229868515
-55.66540961754072
-16.249448466550348
-78.6033263299766
-102.15514518391392
-166.2497678162581
28.522746154412744
-352.87918282019564
-114.87509723164794
-192.86187788709867
-62.048908340019295
-27.310392429124477
338.2299674525075
82.46726052489066
-365.53658928244295
489.6190792851612
-129.40197924511813
-36.13522239244307
57.32222748139793
-82.07078413928544
93.16567054230654
-81.57764441536517
171.79739979575788
-316.7775528531838
-330.3852648385673
201.5382855868229
-35.85451854574819
-19.945091099852107
-38.58214671895479
-50.40540184757083
-56.15287058869637
439.63042920690805
-26.64811385000351
-16.927025151955096
43.3058723505592
-3.7451540553263385
-33.15456284662726
-29.26933235350225
-20.05844081713019
460.496222882497
39.09073394706684
103.33130956121568
-77.78671989331323
-274.31502391742833
20.39015555402102
-181.03049290275067
-332.8137687522012
-99.64761144861768
-56.25356050162736
-160.97765931371396
-190.59724713210926
-80.25696796687946
-283.6584500603549
-86.07273409796741
-282.25806242592625
-290.7239767269057
188.57071057566827
-20.607345811299577
-69.34237686219576
-229.37925123008063
376.15641697288083
92.70134070083805
-21.560857621061587
-178.67474663812573
-76.39058046202089
4.981274738340289
-239.11870195630763
-61.81285735080864
-12.581467254280374
328.335749664353
24.202876435364715
58.076005366861864
73.19484148776974
-164.83534138261894
279.13239892933234
-54.30568147121994
-226.5278302117831
577.3055745195816
-117.65837746538818
-65.74338384062048
37.60010063332938
-126.2099412526477
-78.97013246031588
-240.93705887675333
-72.51000222977746
-76.61760319639038
-31.22444430292262
25.779290738751342
-82.94853757604187
92.91041478522448
187.2867965259502
-25.76147959715854
-31.00150289318117
-41.97034440507787
-25.866257310211324
70.65322732897039
-62.24848023335216
-44.10697811689806
-128.38405917301498
61.0071382882561
-133.7399060411608
-97.90130757232453
-41.85769581200179
309.6652818579223
-59.99826777587151
-362.45804301498356
-90.15444536704786
-91.07310212139419
-107.16813269523027
-56.44571469586572
363.8687395641373
-86.12138813059141
-52.067744286117765
15.07874859829235
-189.52887117651153
8.623359485886082
-328.1945949386918
-123.29837054067139
-36.022700828767384
-41.86936236239126
-70.8548168319594
-347.4388979985288
-51.191221907943714
-80.8020535871376
31.79519208149577
-50.28820251298413
-44.45130281954037
-68.69626685780753
21.386985738241492
-51.966225039324854
-117.97542363765388
-370.47408374306906
129.96348804712034
-60.93891967095715
-71.05800336520136
291.08293264403983
-50.7170522411298
90.70183907295905
250.79662159263899
-65.87251382664127
1.46770327327261
335.10830905550256
269.60383034651386
100.44129867166885
161.4158857084003
-436.89669027896525
96.34003104762087
-24.910795936596422
-30.860370599391672
26.91446865605758
-404.5341905410096
-63.234911563350124
-56.25718965066317
-50.42070739046153
-55.99100674194415
-49.4258298771116
287.54944847675597
25.740202013601902
-47.286327771511715
171.0094546124692
531.4917315695984
26.093769258293506
-11.151561080563624
-58.31649505008318
366.8346323562564
125.85732414900576
151.2498337661882
-242.40356026350855
-10.300345166713214
119.2877743316385
426.67914106581884
21.851962661925654
-118.72367945099631
-144.09674995496243
-95.6386385646997
40.53144452102515
-363.40406613750565
135.1763124597419
129.81400238952847
-26.97103415005222
-29.466107647534955
-147.2783812982525
-174.62382386257195
259.22055715939314
-5.933559863601985
194.2954059159929
-58.13458935137895
-54.09303758966322
-4.066108611834352
-104.26060989296238
-360.9014264130783
-205.8719343189714
-24.49861736883122
-61.1892479922637
-102.99851477685024
-86.62174574487689
-106.49413950424112
-39.56955824628676
124.45718768545521
-206.963856636944
102.70915878474534
243.41076577609965
104.79659971276669
-151.2854265789756
-14.737223905802011
-35.82901890716764
-43.47499890567131
-26.533774707078805
155.68151570743248
-46.0978303342515
2.144203094189436
-6.032497610942755
-2.568491801100753
296.8632673926386
349.88202186001763
-72.67360066286028
159.94831360568423
-22.076098685865873
-20.382518303305915
-67.71512864596988
150.2274554140222
-81.99780474087424
379.1875668400626
86.76361366511082
270.60422361815654
-26.494184589096932
-231.59553616051744
-34.424741831612664
55.878788497857386
-52.92753094713133
-14.870525635813806
-66.62502282696732
-76.70680159855604
545.5518167027403
-187.31783584673758
-358.0791741722669
-27.41869875138919
-39.04740448661849
-178.4006954923807
2.776292251959603
-86.77778602984921
-306.89982763472835
-86.35648392635098
-73.40964313626962
119.10494787903554
-62.89187558882014
-110.93984951238053
-506.1007019482986
-162.94305552218066
226.11158078573317
30.138953483003206
-85.69333333060224
-126.678546352985
-110.3344454495311
-271.6548758882727
-85.36578942596589
42.36545536073584
-94.73995098704518
19.167378295170987
-73.73926072501126
-51.316766843747075
-114.86660603589189
367.5705365003141
-79.87085422865039
-64.55040439704827
-26.77290122737486
-5.258635637479529
-31.650999902425408
69.79366329975528
324.222598179138
-165.22164101794806
25.31566778621891
-40.781927624900334
-53.94223207406222
-45.37094552577998
-30.517495174535725
207.7602979954827
14.490218998351338
-172.02221415093663
-111.40394630588344
14.776606563604219
69.15615108076054
-87.16132287036817
-100.21389461462786
-90.05002675169187
-62.76031617007902
-69.08966770636053
-72.89624115033905
-36.75801831268109
-119.59503224058608
85.84004322706096
-29.361228007672253
-13.822798958863132
58.35644789088656
-62.57587691631566
-50.140894286058945
379.83962107936713
-82.98587750321184
37.857042895262566
23.148963265580534
-34.27154717100125
-21.40398899917136
239.07228111386212
-301.56617764487055
-23.946061169153836
-87.5259465928433
-55.893627548614745
-58.440289890251734
-66.04571304056444
9.663900116482182
-672.7207247398273
-39.810262990873696
-17.55898173508467
-70.58733780129486
44.5724116000024
-202.90646365049724
107.4633464792878
-100.22884097262067
-46.36445132820336
137.34771533911953
-117.59359188056033
-230.34053449794737
-266.9090094403109
-52.9120310334906
-56.934009236954466
-61.700474767392734
11.831797088423627
-62.891243508888905
92.94864436481475
-12.699294659692626
107.18594248138243
-170.98075912052445
-106.90609875247083
-422.5153122852007
49.21841810886144
-59.17639761302161
85.82924335775897
-199.6187815055855
-160.8256825139233
-371.8678540939054
-113.63690796443143
-94.31730189328889
-178.48935222220462
-54.5049001763058
-213.5262980425632
-93.52355622795403
-83.8112024536299
133.6674307936446
-84.98568716020108
-45.83593025848086
65.10625982799684
-192.3104660947265
82.15889337083672
-319.22449030364805
-459.67590123383707
-30.775811208092385
-103.46419702506478
-55.72978206630503
-16.95858035348283
-104.54520459023999
-14.947574722752657
62.72987632270224
-114.36041608492087
-146.2330072575678
-51.42449792892734
-256.43353595577173
-21.005743741159677
52.54285575583458
-125.25309729503351
25.74019752027084
-75.13369578295215
-385.70741823116987
-59.404718055135504
-307.1434717161155
-84.36873083723383
-35.14969265123
354.71525740142897
-18.372343941220606
-4.864435633917826
-52.939732145388476
-212.80224820945114
-63.25010663827755
123.41516124363898
429.85935115285247
101.02723015160882
-89.47150825413843
353.06805173069733
-228.3941818540934
-75.98507756507951
-103.33982953477062
183.93825665944132
-174.13657277472157
-303.9921625211937
-51.4548012876526
-58.970393619368224
151.52950549077286
-99.07455870976798
-71.82426313251199
89.87409692681831
-55.43873583184883
-49.54957877140831
181.6406160787119
-38.374435095731855
10.24856465174571
8.63404118598487
34.338486598728196
52.0793297697619
-13.814637073399354
84.18581884275864
-120.28919598175217
-72.97789072001301
40.9629091580191
-76.07977274444752
137.4146858149652
-355.9730784535277
-24.688940190187623
-13.658451204757512
-23.814237277107054
95.7296824773066
-105.40303446103644
-79.13911203592842
124.15325601600125
-53.281295464709565
14.41886229446743
-44.163119529467295
369.50743978830906
-76.41881415029275
-49.28882064747063
237.02333904946863
-81.142858299743
-51.027281839540954
-85.59758257363333
-56.41002074453718
-69.22992170385078
-102.88993332181963
172.17685205790076
50.659989266189314
110.50567299722115
-16.452397194829246
-34.29944483009699
-35.05291539326481
33.523440275569556
-83.6196383212301
-12.526659574181394
-44.323184738706004
8.08853457340615
-58.66503779616323
-47.81178830545791
69.35179136133956
194.01135965437243
-140.76037195991375
-41.56869497175285
296.28188598007546
-48.17774095545248
4.413222191388741
-50.06759027944754
-14.978683212569194
-21.78773249745973
-260.9267602670734
-205.95673337170228
-38.95944301207237
-72.46950341791307
-432.31450566515014
-33.72573510178399
-582.9560081538548
2.8935972571089246
-11.621253600864293
-351.28173361014524
-63.62479782908582
-20.89202125246402
392.14855195478776
58.82628621056119
-429.4067692129538
111.57804776777994
142.29246235121536
19.927886314198986
-90.35307245874628
111.5780165312367
-57.139346980201815
100.1330102230022
-160.62249196394077
-211.31143317615897
9.28595502477583
-74.28147364069706
-45.20796073933722
336.9464989223525
-6.5561632996393655
53.36320400656223
-73.35656345106567
-37.269602407808634
-42.41437326162224
-27.61873198969798
-85.67442585197743
-82.93093879601747
-23.852815840812355
-71.23580620220417
-25.14185099698807
43.418667040981745
-211.53814180464906
-77.16692515104043
-96.22231000860019
-29.670806743369614
-177.4844170452925
260.67191470488433
143.98510628583244
-94.32939199411511
-6.7884691413291876
-84.90209466292072
-66.46704645334228
352.12014217228534
-99.47912163661022
-10.789881047030523
86.15397251080867
290.7309343859288
-205.91086851247883
-9.3715477873576
54.05806446673296
-215.77720750827393
10.127310496844075
96.02567272296255
-49.21714242547773
-87.03675725353605
79.93608241182119
-53.89137075690576
-76.47714949042586
-106.17292670928168
-76.19238560753733
-84.3757064227463
476.8762415553829
-319.78287589579486
-74.22295348103688
-58.787389124347904
27.3057990964453
67.10709670546657
-30.868557473681335
-59.0686408299768
-244.78464754332163
-414.2040663450407
-76.98585969762985
-6.971918597785589
350.2724017844921
-73.48195870947168
138.88974272986707
-370.11040395553573
-71.59339966829566
329.0109204266864
360.43788909155955
104.93671149084867
-74.68664058885045
4.678195062866735
-47.337877384930664
-5.817913775387519
111.44400109567323
-491.28110198594004
49.86816974674957
57.12109505797525
29.185813153597337
-23.043413298441067
-4.725083492925665
13.358799827194161
77.8536877147344
-50.3232901585061
-40.55579061442489
258.79530988501756
-7.364215894984454
-61.504889702021856
-2.704686980967381
16.36387899712099
-16.04015813721344
32.1886824413682
-182.1379666837156
-62.8182190298138
-85.44798818250433
-76.1072801859791
-45.17672491724079
140.33957787825784
188.7575758661369
-270.52969120812486
23.231270838319688
-61.068970332422396
-36.5987662036014
-120.61139432081472
-71.58752965887834
-23.06320417988297
74.0886835495603
-49.08383487041226
-28.039344353132037
-100.1231035897681
-80.65480182427756
-59.7684007895532
-72.89545771198276
-46.47377169291576
-71.65948086040407
-16.38618314740188
-118.38132610064713
-237.76647434730512
29.749541675546425
-370.69503066932884
-28.206623284970647
29.83554178565464
-49.96649552615951
-59.42694778362875
360.01418842832027
-323.1992839330687
-59.639545083731605
-63.97127695642329
-25.266248590067335
-50.165154471224014
-79.42655939495647
107.86339343001418
-67.85458814147309
6.204790911901341
260.08584986970345
-64.15870161276402
1.3615000433092064
-104.63297336402502
-0.8442942295052944
-476.8413771422638
-115.56992576221637
-39.92062454462848
-69.98020184016787
-178.25711787818364
-102.57744840615669
-4.144045573329549
-81.35023175999837
-91.30794618362077
-126.36281155330744
-76.26414629462388
33.01987917119004
-9.886090430176639
52.88782774300125
-102.94689350668796
-5.56436969729657
-73.85302446853484
-32.78337185229441
-227.63684696992823
-101.0272111198583
87.23877414113804
-32.53202707646585
-102.25939133373868
127.54289573818278
15.34149183894624
-65.83106908191056
-14.023364663857137
-65.77654089688299
-138.5058175238537
-105.39918956942984
-79.879296226935
-57.679313028050096
155.11289104083517
-53.6709527151766
143.94179127705866
-44.28916479360305
34.311670358207266
-119.70714436722483
-29.185539917276966
-83.98002517612686
-70.47376777698952
-161.3469150854271
-41.20390248670019
-409.70132846753586
-62.317179085194766
-60.283104029588685
-32.73875204246542
-83.55980245136425
-40.80793586865254
346.47364184361504
-240.9760541511423
-426.0577974260268
-116.50834495758285
-34.15317870782019
-39.55709581430938
-128.4473279967001
60.77991016151009
4.923081711430768
-1.9581412021477647
428.5727162446219
-57.15069079465411
-1.2301268915580295
-73.41904219309436
509.116313730241
149.9395372287836
-545.7109576173116
349.7870565290996
-84.0280128516124
-100.40292736198938
248.05893379390363
247.97538732474823
86.93237197567396
-59.526690175209296
9.958596989227772
-21.0977354184688
449.8826763677471
-52.77709896649907
-44.177585108170604
-107.8285818878976
35.60304098603723
197.79184287888893
-28.91186461280156
-69.26821975635218
-72.54284657627781
129.92293171811616
-68.01781707467346
-206.98926171996936
-30.032441766892134
-263.0776091755779
-115.55279065038303
140.7892315175268
-34.86296388345463
-58.79135729004031
-78.02285656383184
-374.89050716493875
124.83238554655509
27.308439676057787
-358.1365241381591
-269.81768091165395
196.49094038379917
-67.92988985172269
-144.1017810181902
-32.29326665928514
31.979345779387586
-46.37601261468717
-19.757648295155377
-50.37824957202889
-64.44376881851417
108.37763755266315
8.903957246679965
-107.8037902141914
62.55216232839666
-635.7131308016669
-183.19824105128282
-252.72966395408548
-59.99312370263387
-156.19273658958855
82.07372875232795
-112.7354495317868
-79.45718672115798
-80.17016991405728
-165.707573744392
233.95478617140907
-401.19606293336255
-82.27038720929477
3.518816528039679
147.60252629285242
-87.8122960331204
-87.58990071862354
-47.981987686080174
77.15715602954242
251.75683191595817
-103.90909359115923
43.1000553251024
-68.41121912542835
-94.12855311208335
80.74131704676665
-175.46611380328432
-68.86137805593899
-173.5151286922919
-68.12464299761355
45.58249435848302
-89.35547601950566
-369.1264978788213
102.81178911576171
-94.05440024973745
38.817295028432454
-117.89764093302904
144.0242160398593
-47.31310076934824
-129.64894655561147
-291.9488729202303
348.4770020244523
7.699894383320952
-106.96640269538025
-261.14938207962587
-115.32666905670158
279.6331307009641
-135.0652279636306
-128.65605947332187
-32.935029213454335
-78.83291684907407
-115.38780726683581
61.2562268243247
-68.54918990660678
-321.07082008951147
57.16422579546912
-18.401691791046687
-61.44280924168561
-191.04633821101925
26.99132967572092
12.454712878270584
-154.65521364459528
-32.471022583165905
-55.87324583019563
-210.35521054714445
-49.047926612211086
-115.56097886890893
187.2419947333492
-279.81311400932464
-17.257460781840905
-66.3378814490261
99.59523599849626
-25.50322990802374
90.91167164046055
461.072607317592
-50.28990285535747
3.1799913635012445
-267.365514797013
-80.9771788257749
125.11990614497927
-320.74049072707385
-53.1507740162832
-138.46627615884609
154.95711474203927
-30.319421534487397
287.14998928615205
-68.17717937180275
39.12186669921175
-151.16573770570358
34.41955432769328
-60.288436012181805
-73.5704525224658
-237.8813980585728
129.12507915034257
-32.19203980596649
-102.50897008441018
-90.61867857992002
11.966171290212808
-27.195105644939556
-292.47823430687276
-40.09300448105125
87.56436739966239
-122.29145385099218
126.13826235710985
13.488961099196978
-348.9419838170161
-160.92453216707145
-14.272464796868007
-153.89843461836244
-39.73105334691445
97.41581015808333
-237.65394571690922
95.02222220568274
-13.069102188266697
474.5599591796763
-60.765886886546895
-189.2031669273456
-305.06977108910723
15.553756155192787
61.03977115090811
-55.330302407915
5.879118128639675
13.52571540167628
-110.01762994427736
108.83121181991737
-37.19734161454515
-58.93486588953263
-282.50496294064214
-587.525469085067
-325.7356425969483
-59.924395284252114
-108.11289469836447
-31.983707721003814
-65.05958165050224
262.9707378889161
-93.833677757576
-50.59363751121782
267.91126357053145
-32.61666320241784
-30.837442549608447
-4.512426794141902
-18.217864002224083
-64.0295843311723
-206.9825492060827
39.983013187054006
-59.52503313629131
-378.383281273831
-95.39739328287847
87.99214894309443
14.49812940989068
-21.44138061517333
-79.82044563579878
-179.95422039775076
-222.50267682088634
-222.7868305711072
23.145929280619384
137.53479796844476
228.5635965911788
-82.74905557399143
-106.53660696341831
-45.19161985390383
-58.515631088083865
-12.826963753563291
104.36514639398956
-62.08284890886213
-14.508246075619752
-56.30266912557636
-2.3568575033878005
-105.4817476637727
400.55726786091327
27.00776351361617
145.63879150524554
254.02206449675668
24.07267450361178
-1.0624062731698949
67.25210185195829
-58.86243274771414
96.01772214052107
-1.2863081668435825
-7.162809055064372
-81.34452767825104
-86.44379858959924
-60.70054194871005
72.98351734075686
-187.86816292267758
-92.1209575959756
-81.0536134259055
-148.14977037630342
175.16745535888003
-24.54780765659052
116.58426155869893
140.99399179937245
-183.91940146281922
-15.8028244963499
-550.5422759814246
5.47563007978647
-26.970556840179597
-92.22623430078131
-28.627543618129494
-27.08155992430951
-81.70586143194618
48.51745736457451
-536.9841763125132
189.99365235306414
25.410599678751623
-297.02111509788165
-116.75412561985422
-70.94466669768246
-16.820502246101313
-17.774219020531746
18.834273797434435
21.26405846369128
148.17230346556607
166.69748505505595
194.9429810770971
-57.716691485672754
498.2043773232708
-21.321878228344758
-154.47252113133072
-41.693397215060635
-39.26283446621285
-209.60626373870036
-54.097213681808725
-82.716290037984
68.46551094347888
-52.08825036372309
239.6288802902509
-79.50558850878646
328.91147576810727
-494.2547919432018
-106.46985983165723
-80.99938125509198
-86.39217380638252
-89.33123741904973
121.39645449930958
131.74131991255308
-151.72134584081323
-163.646331795273
-160.40320925898595
186.973584721929
-266.9873647176937
-147.4542504901567
-340.25278329603316
177.3704358771538
222.70710285662426
-94.19924441085959
-46.81528087284278
-48.515339220599394
12.236413181733951
-43.31074703269431
-28.106723782967414
475.0982922652329
-26.676310823541062
8.215031895070625
9.813076175450078
-11.247824201156618
16.68038321545646
190.99259273500138
28.70421409663868
3.8560967045786922
-54.69977274270286
-34.36525975798395
-160.59302550571556
-198.7647646682999
-79.350274547977
-43.977024446804535
91.96652291137252
-544.5704989837996
-27.176193808709513
-265.94760091443095
80.29409969261178
341.094746679566
63.594631680785824
-84.18213015460185
-16.11529061324309
-51.53613872544209
-56.741939931611114
137.44323450697811
322.523282085609
-15.558386687018155
115.13819986887574
-64.42817159309288
88.73485111390983
-13.823807486596706
35.54059457043877
-82.83764657700715
78.00873582706299
245.94180404600775
103.2196155125257
155.5220242968394
-53.31988862599337
-562.8924225549363
119.36958667091994
263.4196415951392
-40.89340630997185
-306.98526703854077
-88.20039885806705
-56.07803919093908
-359.0043006786145
449.7221384143577
-36.415540470608846
-292.4071226881297
-258.6328593112212
-313.46349625185394
-56.05601606276958
-11.92181865199197
-63.44754611005195
-66.19484417409149
-87.78330954139139
41.344410477127894
88.24605112377685
-76.46239089560049
134.15166230445357
-106.37808053429056
203.88614640979904
101.82000855873684
68.17169384600129
46.51882231773743
-73.21686561115906
182.51674806962728
-56.424576387231944
-175.52542913312755
-18.856442842003162
-74.49201312769942
-372.7989777163548
-13.131731931171089
-9.785018648629993
-102.52126265543848
64.46731513859413
-261.8056590128972
-347.31843253230727
-76.9076980038868
133.26752822832168
-102.48559347621246
-336.097399084254
-341.37739662247986
-18.43025667068718
-66.94363211095202
-91.33424044298694
7.581528857290323
102.80569735931022
-50.320689310199924
128.11643383642877
219.03517540102803
-39.914235553449544
153.21740921228547
-86.68708195962972
-72.04449744646263
-14.362145517221279
153.2423371760924
-29.958702205676378
-98.02178045191977
395.9855742357722
441.60889172129646
-72.29986773458673
-78.33726802062503
-64.6846844362999
-287.80713483719774
-80.95613028851585
54.942485439616576
-92.31208340672129
116.8425668122818
-132.19352920783786
-404.6491295744745
-85.97837528942364
-69.55591177613532
-147.8708394519599
-140.59914617683353
-33.767467167458484
-85.32199661691993
-111.91977933457474
308.68503487586713
35.425308123327795
-136.89865346304214
84.96019978684126
83.96141332854904
-263.5747350125639
433.31561380644416
-19.62392159274056
-37.855354081046556
153.58520816491728
-82.73103464856042
-6.78337268703018
-69.0598442455479
-120.93345556560234
-375.9507084029574
-39.414310310872224
-95.37199817286464
-442.49064921762874
44.93452974065258
-70.13693916376253
-6.45712773028314
-13.6403484844177
-39.4418258276545
171.63541301354962
-52.215693608454416
-34.74940759489715
-68.45961474494874
-127.99486455150873
12.840833804722934
-113.93879854739379
257.6638255720991
-108.05714095339533
-134.7596690255359
-17.520658809691824
-45.58881678536366
-75.10647142430345
92.40244975459791
-79.1086803228373
-71.033407298599
-40.14309435917403
-265.89928907691774
-60.03207161501905
254.98413041147614
-154.0222416831839
-91.97486691204722
49.597024892194895
-98.18005034086855
312.9755485593614
-80.91371547317478
284.2375381963793
-101.48911185296257
143.05384403708013
-53.519131417057
-452.6320640671074
-53.42288582904166
-83.82745697372229
350.5415420560021
56.80588165902918
-85.65834030147894
-159.90057902203625
122.74651984518232
41.550886382023236
-49.45633040091616
171.7072384155599
-159.98209314711676
-120.37642895287718
-10.905436386667134
-445.90443785881325
-113.28339802952905
-92.04326481535873
-46.5034365846368
20.367655818251478
-14.103334232877728
-26.583452896691597
-78.83373976393693
29.14148703391129
70.93569089324046
-145.00676396766085
-50.72681199150787
-2.103779400120402
-68.146476141128
-110.20317094321581
-91.78435775273465
29.439788656290148
-84.11435543669613
86.5044127404617
-18.755201402163493
-65.52874935197018
15.183127793214226
-13.377718763014286
-102.52939895719646
-26.71290208202845
-17.917556590642562
-23.070545910557797
-80.03258217184157
-42.93092699571352
-111.3058729918248
-48.29634448898482
51.790559070690506
11.12057682148361
-57.94444271841938
-29.873462652196395
-157.9384923991147
-288.3202451430134
-84.71326801674483
62.22509182252543
425.9667476520626
1.43579203493033
47.083671653022975
42.86383259131435
51.65952916477363
-8.988135993899085
152.44567312672007
-320.27612624890025
-263.8892395817911
-65.14184410785992
3.852894948141966
-197.65739665477668
-14.120734318602416
-64.3079912077139
-92.83092093221448
29.465094492219578
212.28720642559347
-59.79722936724147
110.76820295150355
-57.05051600862482
11.505362869438613
-618.1290549371497
-44.02754141424865
-61.410081351250255
65.39455311882512
-98.22838949721964
-49.102961762738516
-246.59270657211164
-79.35678052669373
-253.44179441785673
258.07031128539165
-129.53946154506139
167.3986585672178
217.92370764906082
-79.07921418249316
124.70419541527917
-56.45321786946453
402.0628058097227
-58.212212083686595
-20.66021559751335
-74.65064626106505
-86.0834277034452
-13.168682909078035
-172.90378689072168
34.782855127270295
328.3646746319064
82.361259243522
-206.9566366159961
111.2796924400127
-42.24099649443758
224.05804816049476
439.55240265595785
221.61534595568264
-74.46473733637538
-59.97558633807996
17.455462282292565
-35.18612522712192
141.32311069310208
-26.000331490890467
-33.75616374418928
89.40618917843494
-17.47191164119249
-38.59865730318825
-216.2207432134237
-137.3056176023365
153.2531096459561
25.262100647340844
-439.83045932681125
16.577838498035817
-28.804542165453313
69.6841804397136
-88.61546816900967
-53.07342767026197
-106.63291641331435
-83.04301569329981
-40.1991512805198
-63.061616185306605
11.227881662314758
186.7206803235822
24.402186859860194
-64.14061997011686
325.9271021273853
221.97421807675892
91.60402095412428
-442.0624391207275
-129.37672524289883
-68.25251573688524
171.02200215846096
53.11076737026724
64.37728977353663
-46.31653729805089
-39.09497070228742
-78.91738190218166
-47.54706528772198
-23.798823683089935
-167.05549241681
63.59637175716125
-302.25182337515434
-29.723727950038665
-23.074595497566808
-249.21692742556297
-79.12904576461398
-70.99050907138718
-50.43007973037828
-66.9855311435507
-585.5132558378937
-36.067441971434164
116.63035832120568
13.76957368710282
0.12894931291762646
-10.381214787257704
117.24914581265512
-38.59662199749887
469.08545377495784
-81.82275520213878
-42.27786802537776
-33.91915906745585
-153.80546744364437
35.11903818343308
-1.7781813803781432
-22.84199822345238
-89.82390947939415
234.18643813284507
157.3101896290409
-107.64480993045436
118.89392532497732
100.09451859529872
1.4956251520281967
-418.1502217958696
-99.48940165814747
-41.544130783646324
-29.02588493166712
-63.15016178195856
-25.73421744456033
-96.50598578237623
36.51502167997387
66.31236536498363
1.2700829396871995
406.05254420563324
-107.3040677303452
-67.43193735147179
-35.78242291984361
-49.34336212628329
-110.76049038572091
100.45139224805826
-41.39704518538873
-123.17387862766373
355.63850776133404
-83.88966245034314
388.43139692387194
-384.9964469642655
-36.59540965847383
24.65585587399164
210.3785025316447
-59.492694125288835
50.3166174720609
-34.791509179088585
-47.75154654057587
-100.37573070241973
-46.558075009257664
-31.73521657272977
-425.6972166305022
-17.693209165832975
-77.99251431394435
24.166264286925525
-197.9437866229573
-59.0599923467521
-66.49280211489857
-72.79602814449936
-16.76087088447828
-79.33128460436637
63.099097798480216
13.19735041692877
-48.002748660369456
-177.24630859552326
-102.08297908338864
151.87272990531528
73.76356532089994
-92.46952134268781
-172.22346581447164
-87.57023270751961
-37.217667512585194
138.4340767791873
-265.1150347658586
-88.91179642207501
-25.74484449934971
-55.412971060237204
69.11195826763105
-51.4421555471086
-38.0325917117738
24.61523927457347
-88.86896854038378
8.834663816350371
-7.6292445863850356
154.79054538399032
-55.252227338212045
-91.09609482938049
-228.27966487531376
-41.0929384522461
-24.915609911401233
-45.65288301234614
-99.57337691163775
-29.86784293284836
112.94772453430778
-7.328536656109463
75.71736515859448
-37.454420170799494
-75.7106167780297
97.74780862213265
-429.86748072732007
-45.94333436166154
-488.2728606070814
13.933882854495096
-39.68253269128377
409.1621979632055
-474.45074730739
-17.43930268290478
78.13700148840144
14.245842235406599
-65.21645237402583
-48.174845238585476
-24.82179281018974
54.97780603236333
-68.47294748245017
-54.50768053073733
-52.26350790873141
6.020044877397595
-168.27707860993996
-219.89609756905884
-324.8968337385322
-79.42286075428076
10.243910694397073
-50.6017040023159
-37.616160284419195
-73.94483632797008
-64.15558654195138
-84.27675502956863
-50.293277438152096
-34.61212774080374
-40.81289683896304
-69.94829191511221
-104.60967771447645
-124.4863402896908
-75.66023483801473
9.144680085393361
-81.84409082974626
609.3732061445871
-44.69762428763697
-5.0896577193634585
-97.82030056809626
-140.54776853935437
-79.5358799935974
81.05269289855823
-98.50875315493249
-106.05415521787569
22.596831657587245
6.05345117903336
70.64903183370188
-31.219305620702453
235.0228077497868
-36.02413342794154
-55.96374705219408
-68.78945650581704
123.23016836191528
-90.38637674227161
-100.92407783850103
139.0201811617535
-176.32173094454356
-24.50797563053493
-90.05179918898811
-61.41738674057624
-30.49793424173434
503.0393989877739
-5.564700954516411
-71.99931860583183
-17.866306385903954
-64.98548555945308
-102.034575935019
-39.57542970370923
-184.05226225593105
41.98572421707968
-224.92853437138183
-68.6320123114425
-48.09400612791342
-363.44858755765927
44.76274977546291
-29.041377084976375
9.162786621867326
-77.14814848792003
8.85735564787501
-64.0437057182157
249.18083447340905
-46.76234798464975
45.389335005978865
-110.00628893693653
-36.72059763049754
-353.5475249579704
37.109896517574725
-48.230197728220446
181.41925533706308
-56.67399018605773
-16.2456297930923
-210.3054149041891
-83.88326990879223
-61.716024344690595
-45.61535767580426
7.098248004171801
-55.7487534352731
-91.49251195020166
27.98911378994535
-244.61377741341494
-39.99769303855602
-9.17057648840455
-501.15817810378394
-63.52372869883695
-20.167303117299525
-52.0122262497938
67.25948978402994
29.871706642587924
0.19844856758436435
-104.53180343504123
-2.2972098025416017
-148.20885650184664
273.66877752832806
-287.91853068036653
-10.24302463790935
-14.49537734043588
-81.55698226744333
-139.31388354656156
-31.832459845709575
-321.376161821152
-6.138420244893496
-89.83975292374032
155.65627690612746
-78.49790964303611
52.41626599707615
-73.52452364050696
144.13598031473884
-213.52182438767886
-61.178107933993914
-63.85563489285414
-72.44145880067565
64.66418800698557
-0.6510061143044368
-57.6218636901514
-67.86801088098645
-65.06508909743707
-84.06752087993726
-26.659369048981034
128.74862970297363
150.25464729899068
-109.85930877112878
88.04772304189828
18.02096215725578
-94.01183267603119
-57.917470645297456
-439.12517198836576
-19.743000175777524
-68.50472933257404
65.66779660026623
-260.8499892064101
-35.87400351355973
117.66994802733552
3.807076495337469
-92.98996562082216
-31.834900802335458
31.426549774036175
-24.47087033280627
-9.09429708974676
-270.52196659193214
-34.58151370311229
-374.3492145435048
-59.68182163458796
-53.962918659480465
324.39975985643105
63.99265307496762
-279.60286682082005
-56.74166752768352
58.15334954056016
64.54104405687212
330.41029359706044
-111.02736401022776
-150.2522550182657
-54.24847772892178
-2.03115822286238
563.741932520501
31.62933757459541
-109.74735376743229
-38.28237685271961
5.747753946156081
-86.97310700323331
-35.756448374897445
-114.63954679546623
127.2327068200866
-31.447154715097867
-83.1098846120424
-33.14582837236594
102.90315709399692
-244.03997514541516
88.1085084671065
81.7679104398303
-70.66250124808201
-256.87594565355175
-41.937855524482075
-58.46681895313864
145.33511129584258
-32.247048407711226
462.1111632674729
204.4736179601423
-80.48505053977351
134.46917220396972
-28.146876024350433
-54.72559159135112
18.996345910601917
-35.29310368577241
-309.7758585722686
548.0456749030418
122.65083211435376
372.117639338956
-119.4667171976107
-77.36672579237711
-73.44131038155047
-81.78699194443362
-73.50086055836398
-44.64133036878809
-48.17761345761471
-22.512163575918237
-30.15748089648332
11.45688817750306
-176.7041896479841
-413.14618479481396
-6.667451974216419
-166.24242631791822
292.937059172702
23.55734145671613
-34.80872959644876
-80.35647494072055
192.04296738673474
-46.39631271194213
-59.63120036120654
-10.800964381330687
71.20715964382862
-309.9266611520361
72.92094094824643
-28.011725412622127
-113.23044676342988
82.65867785179398
-91.82577672413572
-113.35280993039669
-25.432015448279344
-83.64142007968691
-169.0994825323778
-12.322920574697491
64.56357651627877
-351.40521955454824
23.324591448870706
-39.43195297933198
-42.70072850406177
-27.689350311137755
-87.77164895607893
-133.5921493896645
84.76296609389374
-176.8370985270667
-49.07120108161325
450.55308110633814
-65.51207786925221
-106.77215007069988
-239.33130712465027
10.118713489991865
48.265962589222
-93.88336681501193
66.82756052100899
-287.36538269909215
-44.434052683261655
5.052792524397773
-46.439424637770855
232.65096917662777
148.70702049336978
-57.83578817306241
-176.16401268985828
-266.1005650471543
38.03927828887845
-304.69011187707474
-304.50293076776325
-365.9830090012074
-316.2110509969243
7.642234882570847
35.807970910181666
-77.08107712458713
-95.07773311328371
-159.50304872657944
343.5428281066197
387.0493820073989
144.91725023580693
-41.56413202203924
-19.607645815445267
-552.2190671196313
42.516278551207506
-51.85310476909217
191.4335761486327
57.76090100231431
21.537400710902602
-8.735463383109163
-63.16400608892745
-117.07525255470952
-68.2957755916685
-59.212510191764416
-55.779527154101295
-232.40371473008872
-174.3541512293814
-62.20538125614087
-82.83077193206353
-168.0447101783102
15.593896361666339
-87.06078232852262
137.35319196683668
-7.36669892537725
-64.15569058295364
-24.532434825785458
332.98872105269766
-79.58709292405905
-22.652610050792646
-61.14958613145609
64.11641216183943
-65.89850235441308
-58.67716674071582
-27.855598722137984
86.06898479899104
-24.71701290234438
42.60256477868643
-31.17468698272023
80.91454655095185
-58.735871346547356
-407.1148931696516
3.2700912712316494
-86.0310668059592
-71.84148128818033
-88.00855195796794
-80.00660807327085
200.6392188513728
-7.094070447514241
-25.76785028433369
-48.92249009332892
389.5703658133425
32.60012192645081
-69.80827322799871
103.46277266403195
167.0210711414329
-257.3484170256788
51.648928379294375
-15.004828697028643
-69.62873384881186
-83.7465762399051
85.29720875853764
61.47419475790139
-38.13463070186841
-9.162913994238806
-33.359129720473696
-203.50030125734338
-92.00086640846179
-43.94633363461048
301.01106326027
7.879852810877765
-118.05581419120062
-42.95065715927401
-158.12102957454954
-50.34813652872521
-108.47511356494579
-57.71512050456989
-42.889549792949666
-40.82203402690313
-145.41890684574173
91.0827451786572
-63.99424239111812
128.1778333487764
248.73102892177667
97.1296734903899
-55.71275459806592
-186.36199670938186
-44.247558908491555
-46.91193044458365
370.6644562094243
-59.12860459088133
-35.96693730457005
91.17039801896226
-61.52744560299269
144.95723298405755
-45.304792548578746
-18.551301540944223
306.8540546915974
-96.32400864203413
-48.795561178274966
50.07526513502307
-161.66994265521134
-72.39653171715295
126.23281654276161
-61.544917740574114
13.62359915739762
173.4411515560223
-39.82572537911591
-129.22783173529297
-417.28855773684336
-90.83722258502003
-80.57774406713284
29.1071367941031
-34.658676675615794
-181.09468440023556
-80.35638624240528
-3.70642383219365
-3.8347432107248096
233.34467946662335
-71.3855669374703
-77.76484805963574
-101.43313741083875
-102.38172515833321
-124.58710083814549
-213.69973151246086
20.262603658542957
-0.2723321803841827
-61.05943452504334
-44.003272934067354
-176.13785646101496
-26.84551506699063
-127.74883039258748
-190.03069519387464
-134.0991510223521
-219.26670360134813
22.538332278634698
-219.01768710989927
-50.00992501795194
-49.946409071057076
-100.6985355731631
-0.8646742513445815
-9.901121187183435
-386.0248261595789
-318.37133595585146
-52.28711034423918
-48.99989137276316
112.91813915372222
-210.71212488333367
-169.73769242301933
-63.41528557525453
-6.244779042153482
-133.68266106233204
-64.60015553047263
74.38949414233093
-18.546971709392892
-131.37101736845398
-21.032628850590267
-172.22230496640623
-29.672108710253383
-63.36211296338553
-260.26885603794835
-458.42917160327124
-71.59239615329112
113.10126555607894
127.19836283932455
-47.357672078562246
-460.62633343168454
-85.19400744905025
-73.16286936195596
-44.66609026114176
-76.83163576156039
-111.60335901897088
37.04004560542489
-103.49489176156993
-79.78634941968087
303.71254021295863
-160.0287445811373
-111.90400786625105
-115.22040220831191
6.812324607509167
-215.21265092931753
24.029379390541507
331.51370299889095
104.08095579553265
-65.46230146068592
-216.24807477332615
5.621881955065874
268.171658580628
405.68333019933925
215.12097427720437
-93.791747486285
-295.1668059976182
-16.74274635015172
182.9635569680795
-154.1937552569907
280.59083741575796
93.06355368406912
-113.93421056710577
83.53692600475733
-8.706587295289214
-69.18093740893343
427.62259159498535
-77.07044187112292
-11.583928634620861
-94.46609259353787
5.265393824151033
-79.18207927830362
-94.85825058424962
-46.19643113919841
-46.91341702038767
-163.8372882980566
40.577334488956694
-403.86605101457826
-219.48567613852902
-84.3498811877082
-101.36168752665981
-9.417313415666285
-22.70760937813498
-66.43860484705915
40.71347429407979
-9.836610154233313
-145.4197772244588
71.58677973672206
-7.73814864541157
-79.92646087434399
-96.23699551976301
115.55606336786332
228.14139608640107
26.757743291744646
-27.856257334931797
131.77726293852174
-102.70197522435228
136.44053811467438
-30.562561457785478
10.993629008701191
-209.0398687393681
-67.67955684058325
75.1165002356147
112.34274548274016
-348.7433013843456
-107.27906195815558
71.311389669655
-39.943738755025606
24.58226036362612
109.48465261224055
-47.98773352832363
-74.55145212681123
-22.801029188198225
13.973888297421581
-158.68561401743227
75.29551594167151
-61.199200005677994
-75.98215540447362
-45.08020182626542
-104.8895497237148
-65.52191690453432
7.0074188097887316
-24.97315207564492
13.875961983019806
-31.287842631754756
-253.49284787335455
45.30393215297954
-61.63758991003306
-10.367439663403275
-1.130268073872685
-52.49928875392675
-37.95390319833185
-69.65996030004862
-64.59827172053691
-137.1481709897289
105.62043154485764
-159.04632527084686
-44.83964322758399
-459.2872579210871
19.48206891040968
-68.52943550644159
-80.08907480642746
-371.08261476175903
-63.82532592777725
-17.318379463537894
42.131507997198696
-69.77552330369326
150.30895186498674
-64.06213825046325
138.50890725518184
-75.18785922692496
-15.341358261637424
183.75512669678392
-69.43805590345073
-184.5205595988209
-26.816277149060344
120.1635874663989
-165.54422626307496
274.1675766768858
-208.4324260540834
-85.93853085682724
320.3693244978531
-7.444866756390184
337.9497576495305
-254.43291476994273
-40.18959223421315
-99.87732001589751
-26.30542292261225
387.6915690808073
6.114987763518457
-59.868392387291294
-67.61865228039092
-23.75161436458211
-64.64142840163913
90.7420928830561
-1.1184647325185324
-49.26290695823289
123.28593187097431
-105.36127793876085
-66.83091679446585
45.306638809038304
-35.70755207796856
-166.0310278289362
-4.207054667558741
-66.29831141999412
137.46177856798977
56.97357055225439
151.3340127499223
-100.48102215738048
-44.63232937777812
-106.3702135337735
98.20163042759305
232.52849907701602
321.873896729443
4.96824024225225
9.332990714814729
-39.96028298618759
-375.62094250902555
-93.86900374239025
-35.2572831677944
-48.880497266450064
-370.63348963178214
-74.21641549824089
2.7246500993805967
-31.839579730622972
-47.156118123625134
44.056487223742806
-82.85504514110889
-74.95432902596201
-127.64927760608225
248.25081535474055
-71.72345682561536
-157.58865714131207
-77.59687691840858
112.25425202464612
-26.651278020370228
-59.44684160424367
3.3535349323628907
-40.7162404419566
318.6330950165684
297.7418344818816
141.5537160173676
-559.4052666161497
-14.639765887996077
20.59681782972075
12.273016081075994
-114.77072310842959
-363.8654720009599
31.702128045713835
72.70589811957507
-7.235477059960033
1.9194566834638636
-186.6199892847344
185.0156487892582
-44.98736063819506
-8.602657544863177
27.428836300179682
-158.01245482296054
73.614659145509
-68.36670808360066
4.112503960128379
-311.0609809077032
-81.706543010873
-30.276195919172096
106.23934292240847
-202.85251694569524
-33.629082317824626
0.7454123497668661
17.370493675270584
135.87603719546405
126.00220424224062
91.37273089993687
40.61140448722654
-27.913873264272297
-139.85598748313532
-21.61290085224573
-259.8881518780272
59.39620221634959
-53.50788523715437
32.75936634858044
-83.69996437956229
-73.85248071887445
-114.89821557443247
-15.10632259783597
-124.61633946012265
53.9261341908159
181.38982239084362
-56.70862986275272
-118.57530620182125
-196.28838396863648
-146.1117269964434
-85.31193527353753
108.68818079348284
-73.37788628059718
-11.511387670528222
-50.58224546032797
-59.02037060157818
-60.92015170133502
-187.69847139648664
-5.053705532150957
60.83418871451977
50.60768086448843
-358.44740977871334
-95.33791036538969
-108.88102801160736
299.0871309567283
-5.703213488141205
-0.6010666836395444
-102.76969719436424
-97.71668332152049
-103.78450928640996
13.199321814420045
-29.317940554566576
13.822311145495405
275.92633083494366
115.68050367894102
-35.33531878801841
96.6706431669536
-56.22341943142055
4.17950102942569
-78.88965138298488
-46.86107808367049
-58.72376789991722
24.393006883845374
-59.02112880168215
31.32302872802211
123.37675198765692
92.37757909777065
260.14715115322906
170.0208869462549
261.5346069430143
-12.164111991070968
86.83908142519431
-5.99326488598399
-67.58377512752057
-51.48649046153773
-132.5102836206952
-79.0453943465774
-13.922157357528931
52.31151326813142
-101.77049139593134
-44.40394393834206
-126.18917525059442
-77.92988139968475
397.67180399809695
70.6110313233562
-83.78810392436012
122.84363061356817
193.59667027227806
35.73916607869978
-48.069830134611266
-50.17450795705716
52.875684452126734
163.21707868713202
-73.53727051900898
-136.33171398517334
-20.799368574911114
-77.59137826201888
-45.73024200557285
-77.6404890035792
-84.87841903235802
-172.94051080866757
-77.32037619752211
-129.5667461019002
-140.59043649722173
46.64453509148916
5.140771843703169
-106.89702668687056
-54.871517520479756
44.72971014455106
-111.42783808048262
-183.22141454075881
-341.4915002747439
-34.55391391373511
-64.96247380506315
-37.51252250086861
-281.964501315133
-45.607302029461366
405.35415477816423
4.958252936706458
23.908246640098515
-96.47530805178641
348.7336500534093
86.04688266581798
-79.24762812759634
-66.57259754092172
19.061679238011493
428.63145804273336
-208.99679506915527
-105.14214157875085
-45.173224065847535
-89.79590061228677
-57.694310351178046
217.2040066982927
-92.83347825760757
1.2380094726004245
-91.1985335682017
52.8686271877491
-45.26229415136186
95.89277558549657
3.226592952384294
-164.30429648443715
-79.55816510642647
51.79670623154652
-71.558396468285
114.9751495651708
150.34418322725833
131.43766870673062
-26.439141002723773
18.563235615940357
-75.72429380424231
5.89489698798454
-112.85935180272105
443.0106763342137
-1.6404125773898954
47.51256380145287
-340.4094054538418
-82.691914924093
-80.46801359207711
72.17919713773335
-34.39240343959954
157.22508684995955
-178.52705194783084
29.17120024231008
-63.491532425179685
-80.08785629441576
45.904850177474145
33.9597241631036
-91.97491681190058
-132.94190785947467
88.54422046811305
-108.44998885456678
121.07153994624969
-69.38721813133016
-222.07517505052056
-47.722775590817946
-116.89792755780036
102.56797511966124
-52.59637493341299
166.95965803997206
-93.9152981403463
21.563684897791973
-29.915667773350833
-167.46182307517302
351.1843209588933
-58.20728832986318
-513.4923591518764
1.168069955339206
-127.06160125869428
-54.52665350730128
22.03162675315434
33.305311653888566
20.257755888629998
-13.910750609586767
-62.894491150242175
-30.296770612063405
-11.21225358051197
86.54355125894745
32.003653807180854
154.53968150682886
40.02424850751413
85.3398820504417
96.38569085727886
-102.16848009593706
101.76248981162644
-180.2922385234615
-110.28701904917216
-343.0201015081402
-246.76011525320428
-6.64226317867724
-162.8735708566419
-95.43993865963623
-5.99335001729773
-61.56687880746116
-27.97477726311081
-97.91867490699656
15.168926889798513
-57.08919947495417
-70.48769613773948
5.569654691835467
-60.13755143633506
-14.476476752550298
130.37613606061313
113.24880939769628
162.86639004287645
-70.05412377599077
-44.18582006164229
155.9328031127352
-136.3275410474756
-104.95408449439674
-9.126089238466193
25.86317359081113
-56.18804042319084
-31.918842520071394
-54.83646315519124
-208.16341793251013
228.49388576386264
41.77564022176466
325.3193561227381
231.21241353347068
-77.71762413194394
-59.2789822954863
-50.44020606144568
-533.562353553978
-42.75728881473526
-30.651933813798678
-128.6824434741884
22.004420777173323
-97.39750991058048
-50.5358925257968
-490.2128083828047
-257.1724529100793
-77.9063502501242
-121.28371176336441
97.92344930676882
-65.6010961036427
-69.99176882650318
-32.69094946731275
-99.87887816658622
56.63816733871499
-43.25783849992322
201.36648079902807
-432.620771872309
27.53120761684056
153.5161199119284
-71.34132095661496
-61.123841263950155
34.30425048210418
59.371152210777836
-5.613786449516965
28.68676770660568
195.6266474837671
-56.37263693649038
-107.16643214977921
-58.97163299537849
207.42819528696646
-169.22728423764784
-431.46163570652516
-69.43961555204073
451.1798905378164
-109.19653713269508
-314.80459384737514
72.48144254789804
-7.941272080535327
185.54423534905254
6.436352700480484
-197.3152496014245
-120.53428214431915
-65.62536138289988
2.988923038928094
-85.98736780039287
17.249773042869666
-117.1455800585536
155.31988977286483
-126.13642416665061
71.48367432058012
3.1887426189387043
-52.50344542879857
-94.40733034192826
-17.356898342481145
44.30638946200452
-84.28651764160526
15.52483264642052
392.8041631656706
28.782241283466647
-75.94080174134797
-27.95649047142615
71.7356243298018
-8.39262671731285
-294.6604114770389
19.024661497254783
-103.39800366218806
-88.2586539104818
-26.03485977705661
1.6589058101089904
-77.65698367763616
538.8652856268982
-35.65075248411412
-151.77049656775307
-252.943702798726
-50.909241625999826
-45.30870905135271
-83.32606039608181
-175.86839826877076
-68.54824054033088
-36.21103695299098
8.595626594986243
-30.18618170056334
-67.18802144922009
-81.21672577418896
-8.624958091880671
-1.0652431384007741
35.20343614999183
10.674610384718108
41.74850589775974
-35.74706248643771
-76.74672329136433
-65.12816959809425
118.15968181691142
-112.43844381689105
269.3273355180281
61.37635547641776
18.393376460173386
-46.93982500424383
-85.65920259826015
78.74038260676753
-42.31863934931268
-262.8789500862931
-67.49957493522679
38.984413078369926
-64.22828203083132
-80.47102923226794
-42.96413921636867
398.7673749538171
94.63670242157968
-552.9583879973161
38.106917952844015
90.94258891016875
-51.7516030423065
20.537816500424015
-152.73360683333158
359.6466121199046
-45.0609021950815
17.37653938317817
-116.14662873755196
-126.46222314638345
-80.78376583040517
16.480075935336345
-191.63713419895794
-33.72391596396176
-66.73363849288934
-68.18992411811864
-66.43847536342096
-44.24187762024849
275.3058822073872
-37.83462439478414
-80.1963810162506
-67.09208063832384
-58.946166816346825
-368.95955247478196
13.076868325404575
-84.868552372608
-47.609367886199834
19.812552732884797
10.553530528872347
-353.2990465648145
-59.478877879742086
9.140396580616652
-60.68769366087938
-117.9434538884525
-229.87778996383167
131.86437155044587
49.581704192768484
-9.3182064450084
13.01252465083644
-236.85358262308728
-95.9487742132726
-229.32793499628315
228.28198334704211
101.58080240517302
-53.773407795137814
301.5839745132016
-160.17461328269928
-20.34531180183744
43.32872581998254
-60.33723894961622
-31.510500630956017
-342.86769117456424
117.36815616178319
-24.636432697021576
-13.730426375761454
72.31679516929944
-283.9870860684805
-44.98167020998403
-36.33502932893656
-28.496918152166472
257.0729360847272
-41.84867256494499
10.597817289331942
-61.23372714328442
-370.02160886027923
-28.664354259915484
45.98447341461906
155.04076363271815
-57.89933723190982
-91.77434572732687
175.2299855618112
-406.66688166132553
-108.18604404050893
-150.4010700039189
136.45156883963818
213.63741704407585
-44.73244077683837
-61.328563695222215
137.6118730955095
-86.18337942994324
-0.4468920279732629
-8.68200503202138
-43.03306753799188
55.441521288098556
-195.95902471219597
79.70711818655991
-20.496284161012227
-32.47869438051566
-53.984922528525885
-47.62794395651213
0.8163884089979092
-39.589731403982974
-65.75459302135613
140.25107233520612
-73.76172962709461
227.4017492384137
22.42807480800184
-81.8873823131905
465.5402276225341
58.62610213135849
296.7477394256275
-163.1002989899676
-274.5808262825976
-15.456544836014587
-237.74858545073403
-198.2656538907995
-68.94518190872432
-70.82957879444344
203.3574515237906
101.3900182938778
21.16759998692214
-128.55505235029705
34.763995413037264
-22.938563535296193
44.17813543761554
129.23379316762112
-13.72044442150277
-57.6595802633477
-95.8541978954946
38.814809223113116
-107.59372444472137
-106.31679440115113
48.16362997910255
30.840551266014245
-86.84475717451464
-306.15887779932564
-114.7725219420424
-640.863140628524
336.5830046400697
-82.24337928812929
-71.53752564108896
11.1205978761975
102.05555218068821
-79.09211498853678
-51.58110751662389
-26.340044826969176
-173.17785807282598
383.37420525702146
-130.3475225782513
-110.84183606221632
-109.7318251825038
9.248770173872593
-216.5465936570654
5.606786248680237
-564.7062792917277
-45.79391072789804
-1.483708752951884
14.646146731361295
-120.68517105326464
-105.95507498833402
-29.584254469770713
92.51912286213246
-87.13092784538962
-31.217183283557695
-81.18485278850383
-265.58978765085885
-124.7669754181552
-5.093493904902061
-615.7706662207547
182.72824327023045
-239.88857286462826
-32.9673476219098
-70.95685421727194
-84.97237310455986
330.12771547971715
194.34677838848802
-38.165453214704996
-23.04170992387776
-59.160643376842195
-96.58108424529382
-60.08494961799561
-21.226877473462082
172.23926334313273
112.81038786141471
292.2443521685582
59.47246376227895
2.95420682676189
104.93357036586713
-39.3305488368984
-193.26537857935364
-2.473686986664997
-68.75163038663231
430.5023852860977
586.9794496164359
101.00395736916789
-145.87648773379078
-121.8588299922776
-45.55037949648245
96.5043156641459
-459.75218834677617
49.05480895674873
-40.243762259322466
-44.15511135457337
-17.626597744237557
191.5815147176054
25.604348594022667
297.2461089131266
-539.1969017690917
259.5015259348438
-151.1211553348785
-104.36796876793727
-10.365639125455118
-0.4794620294030665
-67.82765583920691
-74.81821740381383
75.98856524645089
28.825154509328968
249.545477358246
-54.29776207013477
-71.29812114574366
2.4176578645878157
-319.88114073745055
151.63742159400135
-69.54159444502875
-38.09848020208665
-40.92293481121294
-61.16400634436468
-377.1307919023038
95.00758829497408
-69.74431228616231
-79.2494343904109
-20.0533180205897
390.32381185477425
-24.540654821373053
-72.19403009530834
31.249246621208158
-62.381708397735565
-12.714550138068805
-79.56019468206652
75.57903595811695
41.748795661953636
-198.58288373523283
-49.010104067658176
-60.28442539657003
-147.10341394249554
-66.09332928317963
77.13015890472116
66.05586950698125
17.628920198011656
-281.7390197362438
-87.37284900281156
-239.84044663086024
-25.165925886443688
-116.01930122991416
-14.402041762268937
-74.52734507493733
-90.05922900269616
17.531313475302063
6.2794205824805545
-83.90049785600732
-21.16227452400457
-48.27122592282061
-12.388964583798245
109.58756701087441
-401.16925527205785
-57.025317107180406
24.21052348557714
223.65658538704884
-359.8608520947346
-422.0964001765715
-174.76074144597533
14.22052154776793
-89.52593126616067
-40.97087988367275
-18.929252277345427
-38.43013086550491
76.99573652420804
-62.95436325841328
-101.16573059546334
127.67213078265968
-50.85553500554306
-21.378537328212587
-36.827418667438906
-209.89448063100463
-31.500132372258122
13.431509929703225
86.29737760933858
-75.38468504824253
-233.79968057316364
273.5134401321502
-41.714675752585464
442.5772676045617
-41.409956128067584
-59.526430619444
-52.937073600227535
15.829774467306606
-256.40614376864505
-55.35609128566739
259.089417984942
-182.9619482580365
150.56876988154545
69.92659598843966
-113.66210871631847
-62.65341598690273
-150.78975027558772
4.110656375472786
-55.5915627705795
4.718441543589567
-78.1742884160976
18.816715216400553
-151.38395858873264
-301.7018690202167
-334.367829414743
-77.59032344250409
-218.19267124728594
18.407887526826016
-57.52088932545767
-65.45006159397144
-81.37496759875648
129.88226053690232
-36.90193318540514
123.81595805314464
125.87142735419911
-40.503479134279075
-12.029604639180889
55.68712036402758
-59.15024600549639
100.84847700644605
-40.47873119718946
-23.972151982614722
-15.289058571052468
31.865052559012838
-30.391605932059974
-25.145835623909992
-196.63864709683367
-89.3505734602686
-109.00208129263592
-52.7783687192441
-33.19725710595881
88.48056007035711
-282.1891215607411
-81.06583100602256
71.20636058573109
-87.12125937021669
256.9608710118264
379.10384164821517
4.020626378277484
23.378289465471653
-68.19410978482614
-364.27265886347595
-560.3645704519395
-59.92967600782839
-43.49482765323279
2.6781404524299433
0.30468370440002646
46.657448189305796
44.0630560323516
-401.59569555022426
-606.7522389267397
-107.37908440382886
-108.13461653354983
-40.819985562527066
300.1484221740993
-55.926580545364324
-6.928281456764059
0.07389295696225417
-0.7678770758020619
-83.39983772097594
289.38288219751485
-16.85601607201602
-81.78664000890412
-130.08039404507508
282.98426041057246
2.981425325671312
-51.83829056799883
-50.3883970881825
16.38925427704646
14.542142776364358
61.6032636071468
-63.11401225919179
-31.633570437499657
-127.65387315914995
-8.388445744270484
-31.24997516682231
-23.506335869555073
-117.60684813803502
-200.5092599925938
-69.67316179293812
-109.03102100909928
-135.11538389479028
79.74871455443827
-152.76819288021397
-24.860266940240763
634.3873394321308
-60.7384337994239
1.296462972498432
-184.70130462335328
347.5523819244627
-88.2175219477067
-22.676101704457892
-410.33569945064846
-7.224360385848449
150.29578684600392
-88.566718665986
-17.403881854888397
-25.905548109740586
70.49264365154613
20.046033476190132
-38.18687894660434
-93.71090328274772
-102.98523784088138
58.00528836366357
-110.72373894077735
-68.75015531529442
-33.144396634362465
-203.3846924997324
123.9350577490477
-196.96084269620223
-107.3805277715037
205.52008713367832
51.56279711371917
-53.041250466334986
2.0800913707262225
58.43393627640398
79.84031658802996
-53.957044862050566
-356.16610458801097
393.81755127675933
-61.39474641396055
-301.33999554791626
316.11963645619835
-134.07967600083248
-226.4176871427353
129.19655120934658
-354.0181490594441
-80.56697184140273
-49.497368220142114
-144.5577201006763
-62.72643195918499
-198.53142513381863
-70.08673088637599
-64.5043194314203
-39.31694720046047
-27.497149626446117
98.5182651335731
-31.47142848378125
-92.50651939141972
292.69709964474896
-178.8932857380205
-91.23393114366878
18.11405270580599
-84.50700588003446
-71.80655905036676
434.861201278758
-36.17950478273451
72.24667651830168
92.12062154296109
206.3359198669068
-94.7792663237924
-91.56710202005868
-28.80279709643115
-94.22792135638156
-231.06474727703608
9.241755716401713
-41.53937660226508
-170.65606954892246
176.98131744328748
-109.06957870971291
-126.21699176013772
17.039201126747685
-47.025439174234684
-9.273986384444015
-40.148029758300375
86.69440652431513
34.70817691917546
188.6481036132227
-113.67853424355017
-132.6526798824131
-210.43000996024784
-32.07272532498847
-85.79964240996105
-53.94921267475328
-0.6336785855291964
-26.92719063447271
155.87743359732485
166.15398480024123
-37.45002930755832
-14.588015152274238
-84.99135424873748
169.2819921898281
20.958542624940367
-58.139816900916685
-15.4764213729716
41.12522153910504
-172.8907727267033
-57.72565530564365
7.57346934967245
-76.37780675141762
103.59579012172435
-472.8962663131042
-80.9167413666652
142.36535729107527
376.9269625497891
42.88230430570502
51.14399315463652
-134.29237902723253
86.72363099859467
-71.71046773647441
-58.71038110517815
-184.82896577104475
39.516282832722936
-18.24569578493447
468.1497316038822
-83.25598823734575
485.6533883624397
-13.360540055688034
-75.69241922817127
253.4479900782335
-138.5817295399156
-79.96021448079807
-34.281705346692114
-313.2520102958242
68.56991012047729
-17.196910636178472
-49.65689179645006
114.89312670139952
-83.47140876741786
67.07601530525972
-7.155315628346671
-81.4900904196445
-57.861805670368085
50.902356472290194
-131.47228254141737
-15.379215931077852
-47.44311145215943
-101.1941080842771
-57.1808969421799
10.589369710952269
-48.949135390519345
5.144745012739804
11.606333095657078
-51.26218589711468
210.6381987486784
74.58100349661663
58.61649639217194
158.06461490765832
-86.02562146376769
217.393249122837
-42.659012974466435
-377.51222899466484
-13.501230663157457
-62.50958459489084
166.71314134581735
-86.18745373921774
-80.26094310359899
-88.14080634323756
-25.14253075214492
-83.35321615628771
-83.43157385066174
-54.67687273126938
-23.727362778072347
-293.37863430804646
-578.4626033425629
369.23595137808115
-62.46877294804951
-67.97830844271994
-42.40302247827092
-44.6552989730991
-6.062021920047307
-112.66346461409212
-379.63471653356464
-70.42630709274252
-76.29007376819044
-83.8347162896971
10.471231402108288
-89.1540056299728
-290.4177098819855
-384.9036988896005
-3.567575272110844
-107.81072213898551
14.778461603285905
-108.3877619144015
-277.12279538740586
-22.342067829965345
13.119838325234923
137.47144244683295
48.04388077458134
-55.47310570682738
129.04178231158767
-22.071185810334295
411.74684874399463
-38.17640284108893
-24.523585503148993
-84.68272446886749
-372.27588843559533
8.356919531112453
6.928529813341825
-26.41139410507367
12.468467835395955
-217.97063849858023
-6.933293468839111
245.63047123204706
71.75087262052784
106.40914833704664
-41.20137422890002
-283.1758974063596
-35.07935535925708
337.4880844021718
648.261274977518
-21.242833274418444
-64.92865621846482
291.04759059331263
-18.271503046677935
-213.93158459055576
-6.567195442672528
104.98081035624818
-109.41762208102773
-60.10138535123544
-94.66670669261754
25.866609489687107
-3.0646992504033506
-85.79740716812965
-90.39188015728178
-336.30326143346974
-16.36858792712428
-184.09667373988395
-81.93155128581748
-13.070658086173808
-56.27303568994921
-48.768144690231566
91.06845371864256
-86.96935190091037
131.29394396272073
-60.490125819508705
-4.833573127364616
-145.27018080696325
-459.8664299981792
-15.66170434609255
295.66350739718473
-73.38847278014146
-35.516269495283254
-73.12063782886801
-36.21043789534997
-162.16187704690947
-309.48445808454744
-55.100254317953876
-183.38689715209694
-5.900276665270622
-158.992283060903
48.02947523405783
-50.86685925984821
9.247272721195259
26.508430375390162
-52.97965671638502
-67.2183410762238
-111.20463076640226
11.235075849803934
-24.51987537212483
-75.3726632814678
-23.01469964770312
-63.288954399688976
-34.42459973765406
-87.98657196896782
112.91847506109843
257.3712288282459
-435.7769318540204
451.1927754691351
-210.07660047325044
-38.71547091444461
-99.94337619583295
-89.98020590477427
-48.78131900958719
-408.1842170234777
-191.8409420739854
-131.42487925883162
57.689576252572806
40.42697626326935
-16.21447807564482
-104.31624218760271
30.517107000538658
43.25963048376252
-60.81439759699552
2.3876891347244324
-56.82110786236195
23.510641645691408
-148.663626329796
-148.83043022665515
-87.03341020485558
344.16165182846
354.81157866361536
121.64379691185695
-76.45006173327583
-343.82952956274494
-184.8696203839081
-74.39754955511471
-493.41940349710967
23.002993928766955
-183.11623383263304
105.68682499688111
-46.19892927697583
318.9178673503138
-28.84140385410683
51.647913213910215
-25.893286266459427
-87.84170084543388
-57.352570840531875
3.3000429344856457
24.88213087890199
39.32235258327819
-42.887730998379766
-54.44260318847773
-275.8968914695106
5.332827868272943
-17.429201791848755
-114.88037103622895
-44.153364146472086
-30.653300110536293
-75.87866088451847
-113.07720766406226
-40.55188849889464
127.20409974258655
-76.52257810369133
483.87575891673623
-118.92620362483271
452.94541302826656
8.623590025260455
217.3836716831729
20.218766304667042
24.328940496627183
-225.93459559850453
-196.6535984009788
-299.3172969907482
-99.98536413104375
-89.67004641894346
-12.419347506027407
-72.78224221591374
35.480735356526566
-41.4262907630534
261.05342440047025
-74.55316009300441
-78.47550722196924
-55.03669403239206
-83.18491773755419
-45.6997178203394
-116.46613030433582
-119.22323013098503
65.69051740026998
17.631710014434702
144.62825341903408
-177.5107519923895
-26.15101284718054
-97.1273866616745
-98.99372853873172
28.326811772963083
14.868489762555328
-6.21903030275098
-26.15701971130752
-60.886850828734126
-103.71320547647004
7.096529392357411
140.7610765416921
-66.76137840073255
-154.03942920185955
-17.239767891971553
-74.37319794188767
-64.0318677384439
27.237350818559207
-16.1390562219367
-47.84177241710063
52.287473440705526
-87.61903385122041
-58.68310747540499
-57.54698724822126
50.14861620696911
-41.38922061520134
-80.32594416041131
220.90639089395336
-176.59181751232063
-334.57665598837957
-84.11013348075357
17.982113447207666
-116.07331381324143
-104.23057064039313
-52.44434905242815
-131.07028065724808
115.00693308919108
-204.29615567770588
10.028547640122907
-21.45822771521116
-63.045121815026505
-26.006934736396772
-17.2968837819717
-13.296885218504485
-96.77424925197062
114.45465870369299
-69.93082458383279
322.73596836973775
21.27362971268394
42.20073890113781
123.49289333845172
-368.4097174100407
-25.596895736557315
-116.1190681242447
16.730580647348688
-61.07088985414157
-2.9656479335656454
-77.03963938483774
-95.72416429402983
90.37336276936185
-88.50695688025348
-14.21574877529747
18.272891432355436
-116.86049432132343
-38.78438055463084
-30.85603368889315
-17.732429443518413
-99.1617618607388
-143.77968723595586
-56.75606000250759
-179.38166083041506
558.7763242516285
-61.67006588548497
-102.87991873422128
-262.318228619637
-93.49919602325085
21.027170338196356
368.5524309353568
196.82898478033167
-90.0401788366655
1.5688633243398726
240.5372399224998
-7.408633117462159
-610.2929735266971
-269.63607460371895
299.1241162726983
-75.7727797111836
-210.49492695652225
-357.5294137544679
11.237423902846217
-68.37606544872297
-513.1054329501367
-266.42508131349314
-77.41841437909332
23.214112645440764
-50.38941221041023
2.03940375028003
193.53819997164646
60.375402560712246
-44.25113670402395
-82.0342163708937
-52.487103400593696
-16.078266627028484
-228.52338790895737
-236.51110631008396
-53.9091871088924
-46.48353551074621
-68.84196614123985
-170.17093095772543
1.7441356871813696
-64.23338425331076
-344.0275244413897
-29.046457561888076
-214.0959638678887
235.53269714237558
-102.16792034040736
-64.15524265040591
-17.38151849931725
96.33073291114397
-48.41369176080366
-45.07710123353693
-101.88705242636024
-143.77696545730487
57.09719054824154
-40.49751472888602
-146.31143116579096
31.883638822424473
-433.47600395668996
25.66167721456492
-81.28455508921888
-53.18827526953004
-198.5224170108686
-27.72379605013533
-115.23647802771757
213.93878047017233
-88.40342343267898
448.7749710132157
-49.23595604485672
-219.45996034417658
11.366513711824155
-42.843320424478975
335.6792927502993
-61.084570191454986
17.987032466058736
328.14311899450513
-18.1231956913781
-125.06976769703397
-147.72095814424574
18.71568304996913
121.28800396927545
-98.09776353441703
-197.57899126106713
-110.61339974377915
-177.19386757816756
-120.61135791282413
-91.65306118945239
-4.434988679380581
331.6161135439579
-199.65235006025978
-32.32751673174614
86.95214860435408
-101.36747096030922
354.24602731097
32.98875339161714
352.36604062547667
2.4871716770971943
124.88967035674386
43.23802247804451
-66.17593876578837
-69.66822711076844
33.57793744790797
-120.67855103570218
71.30642523264032
-64.1695848349277
210.20867978201932
-88.76834100357632
-297.6006162547055
13.434688933104553
-48.34343791932815
-74.31736339921127
17.639642909185568
62.7601141582054
75.38253837466868
-56.92653183858601
-74.45231503960524
-47.21669131727742
-52.57932073868779
-169.20086576856193
-87.68766433744531
59.57908168777976
-47.81101125897782
-20.449196592140623
51.85952557987912
-304.2843030574004
48.46546846122965
-45.40061743977398
129.14481588882245
-27.77129461910954
-113.74412980702436
103.46782394202819
-302.78328146096464
-66.88961328114965
-76.94347441310262
-134.6669993750329
238.83767971767702
-53.56528304159019
-32.17567730877772
-69.94102471834321
-84.6414007439198
-98.05512014762989
171.761628404387
80.66895335854315
-135.23463956592968
-93.68429394889972
29.1565756211221
-45.66119365374319
89.4043414280568
-35.47345916911763
-59.66583159066977
-45.73302955415761
291.2495435090659
-330.5341818113925
-101.35592692301354
-63.94851873054928
37.474393800845064
-43.36879678059995
33.454326370248964
67.88767610512696
-79.88569852024392
404.96299617452314
-40.06744180481907
373.59274195126454
-362.1842034220117
-93.83124177655009
-82.82517978672583
-182.3024937990981
347.2824796559162
-26.115694654452454
78.37571125709701
19.240355898937196
-95.20188310025402
-66.9468398062595
18.424652586043067
-29.888788349476272
-100.53135168187501
43.38075059001676
17.858542070424164
6.930363254268741
-189.58783772170136
-51.96993465867296
62.688593304870665
16.98089759272557
-96.79992743618492
-37.58542541911053
-114.6510521564187
25.42908019216702
364.3359808055411
16.566724856393193
-50.60783969779732
-240.68848254699333
91.65920620779616
-162.9514441173851
225.15706628631415
-17.671711416923387
-283.7780140500363
-122.72155168424615
-58.13616896859676
-51.22732905111201
-36.300785653971616
-67.79475499023269
-28.242507352550547
131.16419467858213
-48.69106441509575
297.97827923003933
-155.19910056564004
-114.60332736890669
-97.14977970220552
-167.96408932945815
-72.39283939397501
76.2038086351763
18.453081342376663
63.17754352774136
87.46940117676468
-17.520210129948435
106.36273556653032
33.54534377838752
-200.28496017802127
-90.89344971843735
-39.60722223494304
-77.7560264413874
189.10241916345512
-182.12958868149872
413.34746003795954
28.438162215068587
-50.22786804797943
-404.5493733161111
-134.2259413069594
26.51367175057294
-151.15692621658854
-231.87398525794652
-12.59394436311868
-18.88538039024388
-163.98267501949795
-72.06873764724878
-60.22777763332124
-69.16110911755368
-19.391682093056716
-299.10057771715947
-29.948183186799724
216.22850032652423
-15.398722307891148
-277.9593880445482
-9.721453787069095
-49.915148390256945
17.691586565564307
-65.44937162252154
-12.764830786034613
-22.22269308894713
-52.74861013931286
277.4666307964144
63.58936396092167
-353.34140963454774
-95.0444618720594
-22.09165047142278
-54.40837912376995
-198.87926348052133
-53.46207604877126
-57.18105166866053
-589.2585649521116
-288.5619144337543
-40.271215415605184
-151.14315196110874
34.36963486177774
-59.193599065735654
75.14266504626357
-11.159982198758371
-301.1214683933704
132.09422752176397
-42.99105478000092
197.29381268619363
87.58466116962245
-38.382651912724214
-516.2761087534691
28.83444153034725
-32.668841452795746
74.88548207401982
-100.94094246550594
199.14192188535526
73.53057525004624
76.21138459640406
-59.38711023179354
55.66157507963294
-8.707381744350176
127.41371209880526
-32.0013592547366
-32.2517982167567
-229.72451128126158
117.71834276443042
78.07788827686454
550.1684950446079
-29.898384513412566
-36.36613775414153
-146.03381925779013
-2.5141301591584124
-271.3912079449665
-27.185381873810456
64.60485081758088
-42.90651869029989
-20.85749670889811
-30.984192949279972
-131.94090454972502
45.779516628777856
-176.26430135302508
-60.85772178285367
-92.29811982027422
-102.30248690375811
125.91710743196018
-24.39010735219472
-68.70232918176868
-194.29519490361236
9.85546780126242
-274.19378286542815
51.57491048315569
16.8316530311281
-443.13744218326246
-74.01519222070826
11.75894004430087
25.59989265732156
-42.25546206936269
-91.53071975201001
21.035950342016804
420.87477195809333
-23.783410258120625
-29.456097068508825
-25.86016011034235
-269.176929928577
-33.96824387254544
16.762428712582278
-79.32159970238683
-119.31697101243117
77.76982633373154
-157.41632077377744
-396.205487094996
-34.2507981191433
156.834501511672
-85.40442709115814
46.79924490200892
-95.7140059595014
-441.89974151268325
-49.206214919257036
-75.14198121654485
261.79008891804915
-109.59895203924461
2.078096216774611
24.61796264820441
318.8337635208045
60.184430379498735
162.53353151005467
-102.76419908029311
360.9637420692643
46.72252323127941
-152.76727760372705
-433.1018933726082
53.11318127775485
-209.82932978459394
-94.2772278212924
-20.35858541543588
85.45355273382665
-120.94862593372636
-32.40563984336403
-129.55345203674733
-41.24430835863859
-39.65116227462479
-135.29801093843707
36.10157996491034
129.627122079944
-156.41596068751642
-36.60430380566049
-76.72082722783489
-14.33882015263265
-26.895754858423857
-60.88194014095307
0.00599970840903552
99.76405256618818
-69.31929903861108
-102.65117875231748
64.1020692533748
-35.79161131626461
425.7229098944117
-49.9985354540413
-358.23748545724266
-41.57929582420048
-65.6851109099262
-114.75592687826247
-185.0192708277391
-419.6305129491393
-54.499943551956676
26.021775143319246
408.21784846875744
105.73355555601393
23.52012344864397
-12.629870252276305
199.08178709650383
-79.72872769029765
-17.27494471733172
-70.31459765013824
73.38761855611301
-49.24470870932158
-66.05147312157796
-111.85923279464805
39.66443793172374
353.1717628966471
-86.45492474277715
-46.21649346914921
-111.01704685665291
-15.105214580468783
6.279299790314326
23.684463656238222
254.9947962576971
-147.07894943500287
-105.58471233797273
-56.08549915182325
-14.258372682139907
-29.956143701394694
-74.42930178008783
-50.498725220758864
57.050122841103075
45.63600099994801
149.22675788440574
56.64104239195717
-391.39939597692046
10.809270237233264
-48.02690597318006
-377.2114603486134
-174.16934058434617
-12.29839746535588
48.833947459890624
20.751667715141593
0.035334523758933756
-141.29651700297472
182.60905254357203
-240.85149022980477
-54.34437507701707
-108.59200599895604
-19.718274377046782
-59.18005944899414
106.88152702579055
-79.57846347178821
-112.02644038252477
-27.34938793128083
-63.92135193286913
-212.00747505856634
-112.18091241399058
-166.7769274796974
-88.38879061094713
187.03703774278347
-37.787071398119224
162.49222336126968
-159.60866967325092
-30.17232301416152
-71.40088096582556
-63.04358553439866
-87.10041760714513
-87.83491457810032
26.646504254616843
-68.37991557203355
-57.35059985133557
-79.00348174661558
-163.12388030467991
-221.8596131648228
-16.695105185412107
-101.61193068770172
-32.97198480050517
313.5089307435728
-77.45537477507241
-35.81017236279024
-250.27380861242636
8.349857126255301
-27.675328761838045
-42.54840286474632
-165.26564636873627
-75.4630831666509
-29.41052898367525
-114.48339514484542
137.63112412536975
-24.35563221572579
-13.514414944951
-85.06872832593945
-26.55114752262085
-12.84940813814137
-38.60359656126593
31.567885601731177
27.418216849097234
119.96882571597735
221.71146409434186
-18.124219262484985
-80.97093901815124
-73.1934654002826
-399.7812450555821
-133.51073574975453
-9.278242780062214
-47.028034176787514
-384.1440503573467
-91.98106605820143
-121.35924287561284
164.72404908548924
-355.50513683272766
112.27962900111015
-96.82919884104376
-77.65988350639104
130.09007936514536
-135.30514557861352
-68.60820322983776
-54.04361848482218
257.0314888703965
-50.2007524938032
-32.551768666040516
-111.60187957260806
190.76217874108988
80.49261842956639
-394.05258314820094
320.68020989264005
86.30907947892729
-65.89859536795593
67.8558958120102
2.9276969543989253
188.31889783021506
-75.43579649274308
234.7187828297665
115.5310562937284
-149.38350702149728
-60.850118334322076
238.38406024794813
0.7858511593040021
-94.34239856167768
102.64046931165649
183.6288597010789
-86.21460887130277
-364.2799559697396
-33.89804146832921
-16.21887895227701
-0.20818299661914352
-10.988762048809804
50.99157529731974
-40.27683785687623
0.020741371906787265
-79.11362786680255
-98.28422958653937
2.1827346868185487
-76.28077045524019
127.05483088012807
153.12722433031558
91.91593997929158
17.67333748893907
-9.826749195903176
-63.045990881444666
318.6354918045072
-62.53242805075024
337.49178810005105
-113.8773987456613
-192.7606083501405
-76.08363659418501
-28.646017223757998
-179.3297413180644
343.87532502191607
-90.78377620484196
60.31968234672968
37.02385888925346
-224.58960557530008
115.3482330923598
-38.47497821786095
377.76876007878127
-63.29692094936843
-45.09701270558071
-67.99136374880072
239.6987165725095
-70.66680653541864
-348.6898087270383
9.580759546691297
-79.08596380485233
-20.728348193872613
-77.92613369999553
-67.303906343177
-26.47429560830642
-510.35487428109445
-180.79898207322367
-30.5162163922123
-44.18982265482737
-160.7200070984527
-52.348618168700916
-34.11306304642102
-33.65942743683655
-92.10771544471936
-18.25663642135255
-323.316637921479
-28.728653456518707
-51.80846962386522
-104.82973684343547
-109.10840997312152
-127.2306648430258
-26.62420941034452
128.9740252787833
-90.30913211181723
-85.71839320880827
-264.15971984005137
-122.557649555631
-39.01800282263742
9.204752424473487
-35.34989608662729
-49.966640220880436
-43.901360954807956
-26.636704538659558
5.237942686244423
54.92746133677542
-6.3497373081154365
-17.23624644612888
-64.90542222877593
50.868285410335375
-84.55588260224212
35.79078063987254
-369.7575883838854
-108.38124938263172
-96.66161567511244
333.35162732934896
-66.63247644018286
-2.6962287856113107
53.629221206465445
16.03807127907953
-68.32860973276729
-65.13322159219405
300.1607198700676
-36.56239868444027
137.75301106741063
63.445935235931756
315.2339901079831
-329.26664910212
28.984187040647157
-9.060725796206036
-94.91861495837426
6.7104069409942895
-24.307338313727314
20.755196245629236
-70.7743876948156
-90.1936760015351
-179.2673812046596
-101.01460541908168
92.17147326594295
-212.33872042550502
224.70865449003395
-142.85414948464495
-44.501604496905316
-13.674561689813402
87.65770317245187
-72.05155579137136
-74.5247286577852
-25.371133175762964
-20.764772593710838
-78.41680640075569
-72.64520410238349
-22.109661716365398
33.26730702922441
-57.70949640387941
-45.73357808970604
45.003400395400604
343.50627360555336
29.16373324029587
12.81126696692263
121.84605553096662
473.60746581408057
-104.12769846640367
-127.9175346921014
-266.9031572004824
-6.896098888935824
24.304848790486517
105.98995216881576
-140.09536274301718
-28.57523900843736
-59.868783528750185
-2.5009082322371796
91.083064131642
414.1806341482152
-6.533781541245844
14.747987222704978
312.90361299565484
-33.20813071252783
-10.355634262895137
-50.5905872923781
-64.63037631864566
2.2090153827216454
-155.5852957080915
441.49993309623005
-27.581602214057057
-26.8214292155601
-76.32159598639191
285.30461997484053
25.10766974022181
-55.73340101096437
149.28862208294777
-34.54590321969513
-57.294128084440985
-22.293152727619372
-72.89080981272544
-116.03092031593067
96.45954863305269
-229.78769527031545
-49.98376195692708
-61.120206346485794
2.166191062226467
-102.44648064139801
-111.83254638310981
44.924955456806856
-5.01983131222687
246.03474094038938
-72.29071283435133
54.66525933598132
-226.27787914047258
-84.84278258255426
13.766859322816345
-263.7625811562375
-5.5422375129733155
-32.490050996294485
-29.89578875829585
-38.1046599192623
31.620290940787072
-108.65833167571705
-203.3786095072337
-62.953900456652434
-41.43529397745525
-65.64118437362185
48.9281921407719
-80.38124138496826
-21.66765945195857
-102.3044164488465
-47.60797537134514
25.467007413242754
-96.34174976152644
-149.80369445648353
-35.53668558669051
-6.6626829908491345
-80.1751583860505
-15.153690714349068
52.78212596864978
-252.4580135110882
-59.41649538127623
-42.47035846400445
-448.12902105348076
-45.4256645814221
-30.748408247262205
42.83126936033295
-45.83239916454295
182.17711239743767
-417.0270362528281
-72.12383948120454
-321.03504881424305
6.199933306943706
84.71755701500365
-55.87789742745895
-39.17081178876833
70.14060465541661
71.22986310428132
485.9975785657539
-93.56456888370576
-375.3812748901055
-72.09261444355434
-243.70362337676397
81.55091700587127
280.6976699205643
-100.03394089794259
-47.56745366589416
-32.035315998838996
139.1950341037341
-87.01733691422015
-184.66126375498425
-36.63173871677236
1.6943789385759374
-65.94398337157872
-65.96990138225307
-97.3895296049213
-48.635731384816296
167.9811647966426
-324.669770830591
-42.106984988308376
-68.3983297220154
113.73149013183684
-9.348905282455235
-56.462111582089165
-31.54005836971904
-96.3767865611862
-46.41651488345843
171.58852578536425
-1.5390435785767251
145.66324135991636
-24.718387623486283
-33.79200616585558
125.93240651790438
-7.802153134265154
300.3038685623742
130.25697398584452
-10.805666730586683
-22.678076255146152
-246.60291582013087
317.96349822156844
-63.94253597263378
-7.709644852173369
-95.22742999953174
-97.65875796241562
-350.2096145340656
-13.340297213806934
171.99362054616904
-14.678761915148243
-110.05941760575035
-62.08939427557773
-11.7990699719997
-4.228014097307096
119.95235852451151
295.4938225557853
160.33486471514698
86.01916425351101
-7.747187425875239
68.98225518494655
-67.33098106689113
-1.954375835488463
4.2409756671212335
109.31498710802771
103.7842993255772
-131.83476819177304
-38.26450043177647
152.19904882368974
96.13927486501507
17.379900761641693
-87.18827038626574
14.200876970811805
-81.46182962875325
-35.40876921617142
110.65244146755322
-80.92222535503333
29.187416215293524
-49.184041825604254
-63.7502008052511
-13.86118519896445
-32.44299602425599
-88.407982966688
-95.9972220630325
-246.83872062966475
-26.885252172556648
-19.95527345454684
-51.38131797607602
-362.78174547477647
240.1953414918571
-228.99953585311232
-77.99498204412977
-14.77209829225103
64.23607487669688
37.93541222767362
-179.8124352320865
-35.571514276920425
-263.78405088202544
-106.85625360475338
-0.5073983680922538
-23.195500632262792
-82.15486110810049
-21.7435920057045
0.7004068404293292
191.62550321113667
27.43804256841213
158.46627316503873
-92.33069142101522
109.89094577642572
151.07741910759796
41.333667308205804
-576.0580129536611
20.87081869980284
12.989866571552739
-9.781374915343733
-2.2784713976325293
62.13711732986303
242.51529923449561
400.6257502773806
-51.012613439308126
-23.399229647632467
-76.06049123913971
-8.03159548762867
-23.2600396668131
-45.29957781652064
-75.18439538236504
-49.28929760329993
-344.65479107971623
-41.29739420107788
9.425111668197133
-171.9811707561148
-115.13530549947609
-177.46185769109798
-399.61258018209264
-332.21445129793574
-60.58267069226531
27.83079583988183
-457.25926506140786
-103.44181355273686
-57.25191651383577
28.82759219684334
376.01103195533324
-62.90538553028704
-21.934428641330147
31.255344442688966
-67.63125742908342
-18.107353792292997
222.5068415269052
-4.831001467175156
-90.34837871380569
-35.97495609060343
-66.09379350936774
-29.537869816091188
-39.96431376628857
35.70834255184673
2.250012884607713
-43.68706928582985
-260.98725670014574
-243.81599087710856
149.83911175928915
65.90426327877594
-83.86450564086952
8.657498935041076
-7.949962956937725
-57.813573200266426
70.48914372629588
208.36244727554367
-82.5011742417259
-97.44482066558194
-3.211625995220822
-24.325107461967857
38.015135187964916
-48.1146055398321
-422.3720077970629
-40.84598704924923
-16.566637311008435
-47.78387239191761
-392.1861575544608
-17.416429952301087
-144.14901206755349
442.3815396238242
-11.837054044312026
-79.9038521847629
337.97044275296685
-85.95776604705577
-19.520124865573507
-10.847101925910408
350.48950377097935
46.87427716190905
151.80424830918128
443.8811001550134
-45.811510925659604
-56.752001114116865
-160.0679852735102
-103.07879324568239
-31.423061806721307
88.26046123157812
-68.28067293216645
-31.393305533637886
-77.77139660695866
372.34366588960984
148.81440552000095
125.70103118138104
-64.14791471942681
-50.259337238856894
-54.92568490023915
26.192983546014148
302.82389823512676
-54.99550473740296
-136.16860870695928
-11.984510568493988
-80.92818608140078
-12.928278217278148
-78.52964035180423
-166.403860180234
-370.37968782468306
9.386338627233272
639.0678609251663
-197.11911658268036
-9.70667767592429
62.638658554717495
-70.52224959284355
-429.9760250431618
-82.93602236554779
134.3889341105405
-143.78880799274702
-26.161525885655564
-72.8281745727221
-11.796796269691185
-362.56776524643374
-67.91578643930188
107.54713399677166
62.74188051065539
-74.0832125130972
-69.95186738432312
-102.8140774483668
-130.50899786795708
-510.31978415447884
-113.37629593787032
-65.0258236304651
-53.96565657724782
-66.07995223433484
65.02229378108859
-79.1009184788254
-89.78795562788225
-9.353413022884524
-24.094788745398375
3.640994904000763
396.3296520410022
-274.37091551836784
-38.73131797071704
-98.35352512638893
-164.59547874650707
38.36338037419
1.941014877464684
-45.32103990392064
11.338997082631977
-35.92843288090336
-48.05061183154311
-44.52530669853047
-41.97722035871097
-49.444688383269096
-38.208289377562814
-31.947597676654368
-150.1627150267177
450.53868596719985
-37.89172607866931
55.892661496052824
-58.46328081387401
-32.942324576544706
-64.5220558789878
177.80366098729428
143.30401549809994
282.12383438560573
-124.68188764388287
-31.861677262670128
-49.073810500648264
-146.76245773004302
-212.87048759638492
6.943816172794413
-115.4991736770344
235.68237402855448
470.94897706600204
-98.64056046403016
-62.362751595315785
-342.44875258391585
-84.34549353441176
-230.97122313865475
94.9384602723876
45.232385380221785
12.776250954940451
-60.39101137026196
-80.92087514727945
-116.35898422511764
-67.1612175305054
32.38352607330398
-45.119861762233995
27.001161139054435
198.34942938523636
37.941556965226766
-84.28306437572111
-29.109493490646614
-230.9512839285435
130.44002203810305
-43.391823419063634
-89.52081581255698
-83.60562574107652
173.21994001292296
-221.48155161360228
117.1706780832319
11.481798874066953
-98.57892144243851
-122.58187861045553
-239.95441842846412
-72.45166185521146
412.56164334548885
7.50426797976445
-44.3496324981437
-163.51403525588103
224.32817341448026
-53.218645091195164
-49.33641046577691
-102.80242976910449
-451.66644180807816
-15.58346395243478
-149.59182252258688
-24.792765118834723
-45.647745304432405
-153.35253926759196
-76.69461716664011
-65.69533531546313
-41.19679842927508
-161.92731299467414
-53.155759045838074
12.886847964102344
41.37315213556576
-38.13041623730161
209.38734712359656
-24.43849406617993
-77.79578242640396
2.8019066226961513
222.3602674190024
-107.0474912599002
-116.20563357800347
-38.07657864851353
-412.27809333700407
-150.2383578581248
2.4615020516953336
23.74635605671483
-351.64449839084773
-64.56296355533046
-532.795748993005
-13.295720017252052
-11.244495836087932
13.363499098961256
-87.36064435841939
-19.452766478658702
-81.69482649454858
490.52964390062334
9.358552052852588
75.67655817505874
-7.436062779430358
192.59448031140346
84.63505555780193
-94.80109596546882
-28.271993699350105
-7.511319011213345
-40.925776574608584
-12.543677418731022
254.4313724723288
-24.228845826378347
-184.05369068295568
-18.29902820990921
-44.68090400080837
163.83437511108423
-64.58776415499324
-162.20980056029475
-56.1422917999314
-54.844330602968746
83.08311622753536
-124.32155488956596
35.81586973522664
136.13827741681598
20.786977915648094
-31.04752558012001
-72.15472060750653
8.230636967796272
-46.6290742731162
-230.71231097325926
-85.01662421544717
-259.83558654294393
-49.006436780104195
-637.7966226712288
-84.36358282734182
-0.9331444955682855
3.6800597424789885
324.4798622302769
-78.45227438966822
-162.13178531545964
-100.81639404274938
-351.68857127221236
2.4786165216659057
-87.19900762206271
205.1950078771788
-5.280490138385761
45.70762757700504
-84.1407393383983
-167.19567078036926
-93.41208937139044
-24.103711029861355
-111.03827527907924
89.07861418284119
183.15746283057888
2.2708185663368567
-16.122247883816456
-242.11373981420365
438.32408400673376
-67.17468512496083
-94.34261288346687
169.11084085382572
20.254726017329283
-408.60845447688735
-78.49915035845791
-65.24679833598384
-79.82503837629935
-28.461480519969854
53.19100776360574
-8.090530806758892
-42.95233435382971
-17.629341722136814
-142.78088608800482
305.5830260024104
-84.43443554409578
-85.68922715735314
-92.94579533186635
-32.336021560833615
16.53325813242509
216.57415511185354
-32.858382183532925
-253.85059177506082
-119.50769537877476
184.33683324547928
177.96465566556253
-34.73577977716742
0.8803201460887067
-22.544915650922377
-191.95165072601958
-57.43215696386956
-36.67047544881825
191.90226051497666
-36.14388462756415
43.844061537995685
-200.9075081235187
28.8132012037413
-2.1524742260608036
84.4886967844227
-16.19913437123143
64.47422923135309
-101.47427007054102
-26.691546506132
-49.77121621241306
-303.46644617107995
-63.98007802502234
-72.98174305975873
44.38624695852741
-105.70336178733287
-76.03799560904099
-32.73664988197106
-186.6159517246233
429.54286072585455
-182.2377275721583
-39.60301189395807
-101.22827376140776
172.05920074313872
-83.17083957554951
-103.15424374887507
-62.972688287260574
-88.25245771972004
359.50313929852746
140.86933391807906
65.9602937901036
-64.74729541442213
-52.02293804837245
-92.90781572396918
-129.94293147771128
-130.4299208042882
-315.7552507351975
-87.80306717225727
-172.67022895348236
-50.86482476886559
-386.97596979714945
-24.530636876803403
-71.84864573555727
-69.89449138814909
-12.379237427992848
-94.57760508966919
35.39837073896342
-51.255056234526954
-105.17588922538744
17.203853071039248
22.46559636965867
-19.788204681983252
-74.72951748501806
-12.670659332727155
47.64271754569472
-49.43035199279002
-48.693496811732984
-32.45701332707546
-338.4134148664234
-8.696915576106221
-77.78902147032083
-164.54202273867122
-58.36368375729762
75.86647960746541
251.7330408557773
-34.10193362607788
102.44955573186053
68.94375712758483
-82.180206647191
-42.13075654562391
296.0684668776794
112.58344081067116
405.32236361598007
-56.68022949393131
-127.1094719500652
88.65301172911995
16.758950812285548
-28.900425813645512
-122.94993165463165
-58.14901522735977
-25.521115663937422
-249.27389988092182
-207.71332316080043
-68.22813350457648
-65.86261945846468
-163.58610506068362
87.68094950072918
-20.471415961412106
-4.800600322194015
-94.15273062654705
225.54478245946302
-48.61329997052587
190.01946526277789
-90.41972089011702
46.99413862485926
-69.13002549168824
-109.68156295605695
-8.05664143422382
25.300097124097647
0.09042584921553498
-0.3958419972368574
-352.0404244846177
32.600401120686
-88.40421362346751
-44.16764347426579
-381.3182374058197
484.52519185361234
6.402686724017258
65.97548154366541
-80.63510913174468
416.38784966411004
-82.21452171631884
-10.707586136513783
-94.97757329180058
4.22782423808394
-380.5325444896098
4.870989375693171
32.519939445720865
-7.363551869252608
1.5813709889021084
-27.067519850857067
-90.54114413293684
-7.027276141029006
-93.76747902930401
-7.099377125853536
181.38876252845148
162.20478560476204
392.6344511925399
-191.2114123974584
-68.39021063718573
-28.400773623352933
-228.33151021514095
17.904200755178863
374.45958592436
-185.7669844737884
-132.56679414549467
-28.794350164544085
170.6454043592803
84.64836016106528
87.60523566867278
-40.944354106695755
14.222466974875715
117.72312204242462
79.7419157291788
78.12428981550829
278.6054768789145
-85.6830048473293
-1.6064000614678662
78.18781594628854
-36.13925213604125
36.13317971515244
-87.44227717867177
-1.547162308692208
-126.37994388075413
-65.5186110774833
-12.847300979559169
22.818151078148276
286.19349188464
483.228035483673
-135.6976449520007
-76.98436139295382
33.55243572376639
-137.0908388026155
113.70371806027288
59.88172310221944
-58.64206021481368
-80.33059969959476
233.55067916012558
-17.83090665273903
-211.34126305868267
-508.5658544224334
-176.77401004981175
76.94401454763465
43.46009645365848
-438.81451935592213
-85.72182543249008
-35.710897837807465
-59.7170584657988
-414.1777200498409
77.87260382677778
38.56877438267395
15.214273067078466
-81.9118824799159
-76.64885193574446
-71.60551700070991
-30.503272937103247
11.090115474813501
-70.53104086918763
-22.78643088986064
-107.81860454916057
-212.8795624225495
-59.70450210863693
-32.39629478008101
-169.5898207445689
362.6835401868502
494.0935893687165
-66.14704101720103
-49.10851558256741
-361.9567630430356
5.746583388840008
408.3168317355867
316.3611916816135
182.4471587149892
-60.07566313755415
375.9829006276959
-59.219004613075185
81.56272937394442
153.32082541494492
-84.2156815148761
-42.78023380093674
-95.13304935537963
-185.67098988590806
41.495972684209846
-451.98589206743054
-56.80903343023695
-18.0667629305226
76.56216857139361
-82.16137244570746
-165.19206844468408
-72.22388308388719
-107.89894903931054
15.380186426737858
-52.708074242561054
-216.91090655002517
-129.98098572720028
59.073970845201984
-48.483209358910244
-77.87065402593515
-53.782657335858026
-36.15258872291298
-93.21345805681317
-338.0324707857453
191.52459065993116
-63.944540489384266
56.52291422082453
-114.8406784559772
19.180909716833412
-1.1040971326269755
350.1745719787905
114.33436727472872
163.7788155709659
27.61241480721037
-84.63566398328658
-30.941899409974212
188.46520125553434
-41.3487194279769
-55.28472418920944
-63.631012344027965
201.71940029267353
-60.68260150180299
127.86882588041317
13.606550563496057
10.67278351087026
-36.79846948998886
-58.362679614003355
28.357321858400155
-100.11824016166065
-15.026055224528765
9.578938393255612
-59.193120885798635
-100.54468156256371
18.839429236914498
5.086780148821475
128.1240617968374
37.173896098932346
-117.38234698161614
-33.10327168016046
338.0782181429149
-40.61716231822629
-55.736879901432076
-24.14214006641828
-196.3415890944907
50.67438752283306
-111.4105462411364
-60.19137659311855
-41.72675362127387
48.22582093763003
-52.08878835641711
-6.301360776299589
-85.52326895540136
27.568723569805115
-24.29907027441004
-7.496781994077537
-60.558095174518684
21.37493101578002
-65.41467463673922
-55.704959145197336
-496.0302166493584
-5.659520881856224
-82.10744904621788
-241.46505880235236
62.85002429605311
-228.04242739806705
-47.031293643318875
32.89700292446378
33.14093373914102
-78.12512536141185
81.16219128898865
-66.29069317645073
37.12061119444388
250.1130649359893
206.9383726978176
-160.73338686390525
-9.422576895347447
271.96456796497296
-26.706306160943605
-264.62887254940324
-40.35772861005834
91.92280119128736
-169.7132243497399
-260.2908213556784
-79.14846539867904
-190.3673580578161
-50.79944575535127
294.6754014695962
-244.42711482888762
321.3761016438166
-91.88034062861823
10.864398932765653
-67.60676576027633
-78.93089955805226
-158.04995989482995
-10.892193220076024
13.785871283432698
-91.68647986139968
26.526689325516145
-76.4214810243318
27.647198431637662
-149.64221084923156
-105.77302992222542
-89.87706851473146
-37.30123538264684
-8.377203714876941
26.307726066307623
-140.2051677867894
-89.41921711239956
-48.14276743190385
-20.162739127559732
-223.60769139216973
-265.9230137109025
-55.0515953976992
-76.42583873650074
-86.67968009365849
14.37676373391514
372.53900846586566
-412.9931861967598
21.485681752403252
300.67946190585826
-15.98121241879744
-68.21056268639592
16.830944607574565
-67.34101557697903
-410.8416856203439
-230.70998380123456
366.430521705468
42.84343989671743
-208.87533723187153
-82.26018501983275
-300.9734937138019
-9.855790854100633
30.978313668202873
-24.769253447574908
16.31411556407238
-112.30445004766287
-67.5475364879184
476.3302924789623
-242.78020616398317
-64.50824871207801
8.62734516598266
-31.92407088973232
-102.0050328443856
-8.229820065355284
149.44039896198
-166.58022344945857
-151.0313013070372
-71.58437839601667
-13.714028402499707
-290.26509227587485
432.37977431798754
-48.159610246621696
-22.48284941898683
-68.65929773920439
-91.42153554767958
-71.07339696826966
36.662114738732726
-18.198860362656887
-100.45656658902203
-90.65104231795488
-29.587953416896198
-39.29777318380175
60.83724904058181
18.048182100785198
-55.11821995407667
-32.52288129312903
-34.63359318171272
-27.313223971655017
22.005877552240236
-84.18581020662843
-81.07281793349739
-84.11254658796565
-15.50149285122982
-273.68857992002995
23.351661077158496
-79.41968285745497
-95.51851713770884
-253.4334955505601
347.61523141936595
5.298469141351234
43.822108442082026
51.46506955973291
122.39417352648525
-7.081386064957769
-31.560490667265412
-20.999595449670778
-222.09361443312264
-74.49352551979855
-85.26421614754305
131.6653509821408
-96.1402843437106
-68.31548965822367
-53.03921254727917
8.2074904224951
-305.35038704872386
8.798478901616363
28.713230011935366
127.87359049479437
308.31832246848535
-27.717339291455573
-29.749916223655717
181.88174096380862
-101.8898373605096
-130.0255739233362
-91.64864424466805
33.10426598979393
-485.2578501992448
433.6689511131981
-55.98325409207633
-14.229961555957743
-94.25146725384002
-29.05176315838046
-60.85441540483969
-32.29775799501749
-138.92421244472553
123.70027402100277
-264.2669169559849
-122.02654388361498
-97.73108853196145
-56.37599823342873
-523.9135845959336
-161.99793830232375
-79.24762033942716
-108.62658788295727
-23.63875955800421
-83.20071127188574
-231.569083159824
15.88789990460009
-149.27288364997912
-310.9702750644319
-67.94755330954179
122.48020259683653
-133.3346658620958
-12.723284243808394
-85.10841618266932
136.88055585033635
-63.30867963154339
-33.96461407896095
106.51911680671401
108.71152522814373
-443.45459354429477
-9.553831044459002
400.6643961587779
-132.728798587048
75.87794061572276
-99.91576499400821
-138.21486995323903
-112.81890730949817
-35.234341853613564
-62.4190082424322
-63.50218612575875
-146.66669652518067
-70.11934956401728
-24.570869810876896
-21.731484500355748
-217.4204464657796
-21.92270699893686
-126.43936099881763
-20.052830254639048
122.216339487195
-66.49367803813598
-44.10270707402924
-33.525570484319
-41.14099831698604
208.09878363740336
-262.6746986689759
7.513919575205591
-25.330322404240178
-113.68749508941939
-21.390655571271825
195.17247996765036
2.846394536722073
-60.69914064074177
-37.3229077423356
-88.44275415630453
137.14138338139128
250.14848937813804
-366.68330715171396
-14.111011973992845
-93.57159794715972
-56.89364041284928
-67.2978454039305
442.43388288616734
-103.63666357261849
-56.730523368163404
-263.5806412768943
271.1705784791402
-138.20895944544463
119.75446657344219
-27.762853675074325
-88.20736547283633
155.08150117739615
-359.04548774943396
-27.253563713406777
-29.114048092645135
19.53756070313068
-603.1377667117085
-321.13654622338254
-121.35630265420787
139.52795484401213
-43.837589229447076
-4.293905360944336
-3.245919727657565
-91.78592734482517
-260.64961057803885
-114.84689928149518
-361.1310981740844
-73.0454112156558
-85.3579105598014
-8.798644208761395
-94.29874735646764
60.49125524299416
-520.4753907446975
-223.0309650958152
-74.71710721236667
511.51209368654054
-48.42114284481613
-70.70926076892208
-3.3424105767408037
-103.1468097848225
-34.43469475634629
-97.18969452007684
-193.15243720011586
-11.751966721779354
-259.2152568743131
-70.38315996974416
24.776542721354417
-105.37085167234484
-233.26829198913583
-6.770918652699947
-64.14394392394476
-70.89148743994883
-5.135064513092061
-68.68217318612915
-69.4581070470926
-184.90741826287194
-19.444034722745812
-11.307666547282679
-80.38070797967575
-36.10690991267557
230.20516298970324
-20.403511174207267
370.01843841679147
-106.77851731770716
-63.41599849975864
53.09202510370051
-34.77246415031186
-414.4072469055209
-118.70084592592866
196.9127477230013
209.48306539370242
-258.39960988003804
-80.38240009499644
60.9700389434438
-17.352521019032906
19.817385791114248
-41.64071875705183
-35.9100428839256
64.65530300355022
-17.43399955716029
5.58691598977336
-46.84349646749794
-285.4715827177679
444.94701291375895
-26.93105757994357
24.853406180098318
-89.0803701977593
91.56488501249987
-444.11262752954826
357.64987009118704
-275.98881343735775
-68.7631998864108
-82.54326915454892
-169.88749863650264
34.6124515131105
456.0233569640204
-51.06487593345062
183.24739155126372
9.842832059109242
-93.92989703175863
-38.50818579588379
-260.6775939894651
-87.74487692642288
3.171303301856028
36.000513731862156
-224.0244172068251
38.574387815876435
-350.5399030988665
-524.7092399676894
-648.793926793749
62.36877286776917
60.150474461219346
-30.347098654423462
-76.88829707504934
-66.54760892275782
-93.07472420406462
6.786471352403169
-248.45135344832852
-231.94771946279434
91.07808317229546
-12.472776374065461
-134.52113007065276
-212.88258528623192
430.8443261576449
198.47932879097607
30.47724070725053
-0.05827559941588589
-27.864645268510685
-288.3986592749234
-118.13109790897204
62.48758629370059
-28.350723617822666
-78.28059019632173
-75.21646007507162
-61.82762602234483
22.23397299620008
-31.9621077379068
-136.77097209934254
-104.21466819859671
-337.2159721716871
-54.187590911623374
177.97837726446414
-95.46261762209724
40.90729404295962
1.717076205099147
-61.538733093096965
-205.4721824662647
-30.96638159342001
-16.582391116875442
-20.63653498396303
-41.6079032400023
25.465737561575224
-57.96429353044362
208.6293751379053
-47.766006494470275
3.9675782957592673
446.67340928526755
16.51014677925059
67.42942469262198
53.14129654149474
82.5002406321837
-13.430169192593894
-72.71700127770782
-455.91053763061973
-76.65392666838864
-96.44414077642585
26.393198221861894
-98.94536968675652
103.5036694499513
73.64252379399022
36.76551665086754
-88.69764465365776
-99.70182355857287
4.82790601159013
81.56321441570799
-34.269758016904234
-95.43611638743096
-104.7472115546243
-39.67664856749337
-255.04769242217662
175.9128224614633
32.65389688198002
-24.82921156995104
-14.644093765713478
-51.311833779457814
85.60141953934362
422.1686953180324
-11.177036378197954
-37.93988317590939
-131.43601199350633
48.3278682774544
-93.49982819098477
417.4551437266782
-63.10996177056404
-27.922249538744722
-58.64739457173164
84.87846547719164
-86.2449155163049
-80.4489497333889
334.53076794564276
-71.75796945356264
76.86586639916277
19.29897416936277
27.240705159340905
-166.67856149878935
-12.48368860575647
47.18064048549559
-61.837070020610554
241.7212733277711
41.08785046700541
62.57735385009619
503.32513197208027
-85.7329885659915
173.96367357001145
8.48614295486431
-63.28732040129948
-1.0749688737562015
-49.75683394005385
-84.80749390907113
-52.43680953856841
-31.129943270286788
-231.84109067456666
-166.79498652591246
-105.12192437735834
-41.197026395226715
-43.69040858280914
106.30870295911609
-167.8326838178673
-21.788121660163597
-21.920739050410972
-66.94103574007389
-81.75149828053411
-51.86521338086199
-62.07052527949389
-353.3737915028014
288.7398425546453
-18.638602569199065
130.21073263281505
365.459065948171
-196.1422439744365
-181.57857019883159
-67.11598311110323
383.1017102923215
22.4375659167672
-70.20349640990071
-59.00714743723438
421.72091894600817
-12.446703319547169
-49.63788725020461
-20.735949003115422
41.101743340062285
-94.7095097293319
-170.2097879108278
-37.619791559596045
-53.205193179408525
-6.263478510777984
39.57168310211273
89.25276066147217
77.78302749078011
-62.13832269923748
-75.50546310565545
-327.68740788345895
-39.84877975308791
-1.333972784255077
-51.48782793808641
-127.1178582636167
-496.1045722294257
-115.65185053789449
-24.902541247697627
-72.04294942289636
43.53878274379531
48.946755111874154
-113.45229652397757
-39.179120201771774
-58.602125832205274
-93.26375525280308
-133.32260115085955
-32.35039465660395
-93.99987610165668
-44.584067976595136
-42.95060984449526
14.305177379023917
-121.42721902194876
-53.567485597636164
141.65364118767502
-22.582300274143023
9.812592299972456
-95.40153689125691
-16.072070982896264
15.573219242580745
127.6033680876294
-42.44597184891472
-59.07363752030404
-31.841245223582682
71.09448249843263
-57.51494103790554
-133.39323194741854
67.60520828956851
-60.634306791329436
154.09642287957104
-62.49280407640913
14.389861732072859
-28.864968522551795
-42.90454125333008
-344.6286946397413
30.12704132636054
-71.84897127947741
-406.1176607712896
149.80212980729448
-83.23087483018928
-90.88481216552337
-47.44220522495817
40.715385852043255
44.207879643786185
-51.65951608385091
-299.7705081246768
580.163813500456
-32.02389316429708
-191.99523848299577
-14.64194284370933
-166.41475604242896
-54.19639574003304
-88.50398922442037
25.863758880526802
-35.21899347899216
-451.6730431169326
-66.78801221614907
-85.05827237709309
-47.06226276254165
-111.07598680149007
-46.86972330162256
-68.38268278541288
393.6561998985253
-51.99372391528166
-39.72453242105246
268.030149659824
-48.69073710347005
-141.2017294324687
5.767164129783772
10.143412799919133
-51.70675739361556
-52.90892936719553
-46.013056314941366
-37.86540859988715
-53.10740939282885
-56.75636978580293
22.498986546529977
8.95536856140643
-10.442031452308811
53.334029227330575
-0.8588441417132344
-17.247080751840258
-31.58427060709202
-47.554473220821656
-396.1556190247611
-35.163672123189826
27.107347780050986
38.83650009837129
-52.86069134349227
3.065897266192451
-183.27406586274628
-81.5665481500858
-44.19152888462395
-343.2893134825208
-64.175195015651
-0.8641969759300991
-215.22826966972116
-41.08980421150134
-35.51141417623967
-53.724520156059526
-13.34705652976676
7.020436995174805
128.41879921059808
-108.66701729645138
50.86544079480268
-77.02888277939928
-49.990537941338154
-104.63843527609788
-82.18981536234381
335.9714007721159
47.425289234604406
-90.19830775937592
-118.96895728556865
-63.76266929993987
-70.83392394304862
-77.7997914203583
-63.40573093290914
-44.10542045994441
-314.0525957360733
1.3413417578583449
-67.8977587943457
43.74226757383258
-59.7627187382177
-64.51681817222277
-28.313428523899347
-80.77551230933568
-96.74524729878613
-40.27403725029737
-60.26739262206098
-9.379312289793688
-50.80825378499321
51.4772947234228
14.183159915217402
-361.51128996662555
-82.37570089445862
1.4266811541202742
-6.703606316910282
131.44545340938566
47.6135437505618
57.9629061439864
156.4086212210641
95.98848268115944
77.66376176568156
-260.434474881451
36.762769518728874
-111.99703788334591
157.82628876065246
-29.44490711558483
-68.31279876366749
-55.59335627861518
-68.99217279195273
394.8768985648567
-73.04275943064658
-92.50858850186705
238.9691810234599
-5.717783745292309
-115.26025167951252
176.45376508353547
-23.238066794009228
-91.48216322192093
-90.71836513779348
-58.910512548801755
-8.695115463181548
246.09440297509173
-123.89623481840317
11.57007363620869
334.92859023265737
225.8084403434441
377.57415820523056
60.33668110096551
-29.082006934383358
-8.37861484176392
-170.48916637619368
187.17998037109464
-3.428414978100136
-80.76274932282243
-201.02022892650166
34.04690963554276
-36.264771933118695
-16.371194633538583
-403.18261141084986
-23.770164588996522
22.938604645690134
330.06220142035636
-63.18898192671077
252.63336484063439
99.96596772904468
26.786735003753734
-108.68164079156486
-7.504364618334762
96.29733544034389
86.30744864692224
-277.69238717588087
7.305056465813323
-111.19806914595074
-83.05613423754527
-48.97629378841157
-84.78401036217201
-149.36233793491738
-13.568995353871287
-357.44203001942515
-350.02065958108506
-22.872635498025836
26.415288392465072
66.93715054921995
-10.628921913421664
-187.03805271186684
58.47862183932557
-5.224500660820922
-98.21946463555105
-57.615645161995985
55.72669976359066
-49.63198798912366
12.08871835985019
47.966911474584776
-128.55130094537174
124.06712806051473
-39.617513489848974
-66.58123596628819
-41.736233938698206
-86.87002125690927
81.03551736278678
-91.40871109008958
102.58223951917716
330.5483639601498
-16.828227133739006
82.69825972368653
-161.2290210765059
-98.29851657012932
-18.789790131220006
424.1049523545553
-73.32113750715622
-162.56966891286356
38.29198350720981
33.25217136303701
46.5122558583862
-10.519637021761923
1.9488831857070181
-26.23066145196669
-13.230511998845031
-217.58930281197172
-48.95271434803874
-60.58195754219198
29.161384334340255
193.33693507117096
-13.023182239511925
-74.49411463690285
-580.1270615332396
-64.47878426513307
-35.46619812056997
-55.71739406256438
26.324278064873397
-74.68477316095422
117.21119724228993
-27.804636706319116
-128.74850893380244
-101.60452992937098
-86.79096358339655
-102.00417642518005
-47.817525542748456
-187.15746944293096
-217.3467193115921
370.71337630829294
-305.15181599256357
-484.28054650929516
-118.43598245281498
-10.848037206174187
-49.523373491964854
-69.34424511796027
-68.87482483557224
-29.549779301905524
-7.947325844869283
-27.862211705344635
142.69965396384214
89.32206154287906
313.1620719547882
-41.51546627979838
-43.40486146478864
37.91961348254699
212.49805146876315
-128.8789504618053
-130.5507680227256
-89.63203627504929
-43.809345583267266
28.850987725243613
-151.68522300183395
14.231277831655461
-103.34020535750932
-48.96915546407581
-61.16455659273265
-33.830746227227564
20.011437440731243
381.3243294366712
103.51695455044592
-100.06816702086716
-119.8876203906857
279.72885559150745
-80.35401930276177
-78.65204533025455
-112.23441246469974
140.28156071833928
-79.39644146675663
-46.84294178597281
-48.69319900490068
-258.63996202190447
107.56948744845249
-183.08337874732388
-73.38739319433927
-102.71109834337442
286.8510315644562
-21.31047481852147
-123.43197317388874
-73.90686300764749
324.5899232399279
-103.08396780678171
-53.7192605599672
-6.940854382720089
68.07979151834115
95.34776979444587
-266.5029842444037
-66.6066323657742
481.92326620361746
110.51961543493599
-231.45975902847385
48.837932178981646
10.045825828570742
-48.36264391634313
43.06168960558398
19.753181611704747
75.78886620897129
-35.7586988523438
53.57028280303166
-47.87596895279502
-71.48571960409754
-130.55991268439902
-131.40684564089315
62.695967303458474
-78.60168270732902
156.09389739431163
-74.63084379032148
-39.27487434337362
-78.79110744418176
-84.63626520854996
-65.1862594355714
65.52652430113412
-182.42348739728004
-538.4212393835242
117.4277405779103
-82.35213029112816
39.44791604748025
-70.7850502498095
97.69672434103268
496.73165478267583
-441.3674129609826
-60.50195662562231
123.92821991972278
-41.04746005203731
-35.27169523383657
-78.58971396005745
298.745570240746
88.1747942870943
-145.40886385867816
21.896579724224466
-35.10577402511291
-25.25077007338041
-122.67651020644007
9.394931555787934
178.65092432568144
-35.842602203688585
9.49442028393969
-136.77730968979267
7.180276883775377
-89.38130677316238
468.03537219601276
55.34703711486509
28.68214393157814
420.54087395134957
88.86354840900094
355.03603616226155
4.617065495567431
548.0562268129488
-52.4523717348379
15.326691699693129
-178.17896526038749
-50.952301176946094
348.77783006193204
-57.76569844333153
-115.90714118452026
-137.37873029602088
-263.7175344576408
-334.52901611831476
-531.6804396164407
27.276564736946057
12.608434010933706
-448.88929248583736
-152.01176427874816
-75.80810121511968
161.86928545089086
147.8541146546213
276.3819333662559
21.44152916681014
11.487078520851355
-334.2262697522947
-282.5939946754879
7.874249677697665
32.49686700578695
-16.05405588002941
-185.7656792325597
-127.54452780637439
-65.41601276552575
-71.01686454517976
2.0452927917358465
-21.924760990108553
-61.02624479077895
-95.51115937077891
-38.57306394788702
-75.93098714020289
64.07024343928424
-141.28154440393382
-306.23293075530637
-276.48741581067407
-98.86363711247122
27.386796029898505
-27.677561414644515
-36.49206613448223
-149.96606412372967
-108.02463298877473
-84.8902292038565
-40.28414423150656
-9.976377788236277
-61.492815296507615
-77.98049316718607
-15.875566377460228
-265.9264749585618
-30.85358630004839
-72.67522034437116
78.08374427072886
-87.15764652193866
1.015048034016645
-79.92791175014281
126.48054421929919
-564.8901170713798
-63.21148534542009
-3.262813261520364
89.55907055038506
42.8976697533144
198.46520971892278
-166.17944000866737
-47.41011507283776
-5.563498152105694
-261.7499299733681
-65.69065993300642
-71.03751329942372
-51.02561546352217
-126.99446127832496
-80.07448884282391
-33.74265373656999
-28.700850308720874
77.77931018376603
-79.20238527358748
209.38659858423762
-69.30732216495814
-104.20362944236378
-64.954950811551
-54.98758738991489
166.22943618690806
-26.3970939688798
-29.087529667150193
-265.89979777739427
-38.219362781337615
-16.47511935710827
-43.116185655833505
-280.60135072026424
-132.7577838061825
125.07361690638027
-387.311975309829
-61.72091317488019
51.56095293913586
-59.61202309150758
-248.00135244378544
449.18224638185166
-71.58991835809347
-298.9047211504512
303.0138431114319
-136.9577105041044
-7.9538270947572425
-41.888822453822286
-106.4992361091224
-230.6909053124673
118.07970850359561
-52.25935366012408
42.36131460018623
-158.88931842812144
-531.7092430904686
3.9256329535477166
-64.57052957036471
-79.96018094832925
8.03411341501036
-46.1117106254751
-107.7117786504281
-37.86271063957065
369.7554255184168
611.9433512389187
12.5492041289599
-46.00596415365335
-169.02444171105344
-197.84335700462907
-68.2754303613614
-141.05758469540524
-87.4123796451382
-23.859842468719307
-240.36841508102225
160.2797101668384
80.51671534941124
280.2220362975113
331.8259275194123
3.385652079798092
-84.44112984606996
5.782725196873116
-42.69204819399965
-39.497422129017195
-219.1491853697953
-56.620463121961585
1.8941601817776086
-41.0230640943903
151.18304648148296
92.53394969540432
-24.12997639901323
192.24652019107452
-451.93896906892223
141.41539650294771
-51.97458021191483
158.59518429357922
-335.68295357894294
60.58158600731622
136.51135203623835
-112.82340137504892
-21.648251675519646
57.63045661038677
576.8201371177074
-77.71396731334426
-44.57960846813694
-146.98198639648763
-179.93440774004193
-57.3408834624018
-449.6745846371268
63.16249837632313
-23.749442401228407
-109.52918244311704
-0.38115262543942663
-19.69607045482917
-13.455097850492393
30.90694726656875
24.721589081877028
-50.87889867818376
2.769398492818027
-56.36733860185711
-24.695735958865203
215.93225351980982
-274.95761124269484
-36.06037975967947
191.06374391513054
492.12478580305833
-174.76241751848647
-19.404898493314363
-84.5834448972237
-71.84962894892743
20.85703502293927
77.1452172756558
-77.25619770841024
-168.159005339121
-29.108115196269864
-237.60979735391447
-75.32289749140799
-48.81651254895566
-228.8720470845492
51.503894698103295
74.67473188142185
-35.012371305658235
-407.88725814724785
10.123458486179516
-76.37350914216016
52.80330481504052
-51.580761864403755
301.29704991031576
-145.53584294765278
-59.286143886971594
-85.49958624948476
-33.566096716818265
-72.97168004179314
66.19639222032129
-117.10705080020671
21.296567215811592
-225.91290111340277
-60.01603572762588
-49.20219529157335
-478.51640148239676
78.08484687604141
259.4337337171246
-7.711182707354055
-70.79525032180152
-71.95023032690915
315.42209950275173
-168.00638634253482
-81.22619549106457
-45.114868609442055
-79.20707031190977
-84.8231567899536
37.03463091949561
1.516203601393611
-30.86434161260422
399.413830757273
-115.75284666252303
-33.096100465954805
-464.4893198496593
-50.6826201277222
62.9792987346882
-527.4993604103329
-47.73227755853486
45.90877020386324
12.636096018500126
65.3132065461914
132.52373543002068
-86.90151675562265
-117.84153373164507
63.94777774421482
-116.3471285947924
-23.30984285746581
-213.83743435172437
7.195002457125156
88.74783506012773
-91.41476925790448
-21.05964185978155
-14.799642286985545
-179.60341597420484
-299.85519182358985
-19.911829162168942
-39.12374926143457
-4.069048630353791
-71.72368850373533
269.1838659943551
58.613020335742476
100.89365658939823
-57.58260341415226
-11.826428071680802
-91.82027552331617
-87.11834832889095
-76.4755592180597
-145.61104650775815
428.628283023947
4.71015536340019
-207.49313635525505
-90.03043622194855
110.66859666305754
-61.6065857368633
-19.413031651250297
-140.3470008776345
-64.41835244173608
-37.4365262475128
-1.4158394449036678
-56.07375312446218
-213.02321767388366
-296.70558496569356
61.784899774515
150.5707440667311
6.206409414914106
61.91433535444048
-54.515052605754505
-59.11642598117953
-365.8286656636228
-32.179636594394196
-135.0210195991731
20.388366308726972
-73.06836160816125
-186.5300213523642
-38.550880507937066
563.8492791121294
101.16464888623705
52.12070355566766
24.572278528112292
-69.41079767626451
-18.253200192375765
-94.63327524228164
-10.484555290428261
-282.1678820128036
-107.60100292712707
82.173306622175
-99.59664107269829
67.0053988388081
-138.23264987250695
-48.328281901139235
-84.13403166064458
144.3803429031177
-57.51178806076195
-45.98673468654061
-123.29373412192217
-116.74734735239326
-421.56622393912585
-33.75833866625999
35.363296857555724
-110.34718863185591
-90.90598732590297
-46.29705414871978
-117.78631860226142
-45.94330578954899
-257.6052151123322
110.21972279041984
-48.53409888361193
-25.101646979998577
-151.55655286059846
-111.24947125060862
-32.26846522224878
-312.7466812075727
-57.29783432119583
-8.120385477901198
13.331568366980264
-31.342814686247948
-53.10441355112016
39.88380552232002
-34.50953146375213
99.23469849198364
-2.904969870986406
130.8656690533967
8.884708392342418
-22.057799646634308
-202.26862314988466
62.02125841765519
-15.59182996685813
2.9591486646562544
-87.78094066576887
-11.062952205656046
104.41003168798125
-157.84708716368004
-67.70486654312364
-74.68053605847672
-14.63600464960291
336.26585168969905
-65.927123183008
-17.67626593221099
-99.72875216843066
-412.1987732802936
-48.50977456800638
302.6378865796596
-29.657893515569185
143.63982302673685
202.40984302656398
-502.1667124176147
29.115615450952646
-67.73697829129742
-2.181708346699452
-8.442963608889528
-74.20452697005112
-67.11280262319926
-96.17312845962846
-35.48724223555104
3.0732367124223856
-109.00734809659298
-66.59256724260447
160.01472031490266
361.5051660922745
35.71051685175553
-61.72492299428606
-375.6911405111132
221.12062389562743
-77.50108359420301
7.831112283235598
277.1569602743439
-36.58062431396871
-45.071595530004494
-58.28597808841005
-189.5026142241495
54.40760162771676
-40.8798910083359
-6.409305850690544
-78.97749823615233
5.511588869839898
89.80004684946289
-71.8494026133435
55.0093810069302
-138.5099583479605
-18.667133267745864
-134.51742119945084
-55.180022838281275
135.19068297034573
-28.171036368750038
-182.55808972376326
76.00627998337768
-27.72375642505647
-31.211717146355237
464.2431791821491
65.92484280235658
146.72812183165297
-61.75240061062014
-253.52070068540706
214.88316187869077
142.32460608368092
-77.68470371248361
-30.1420234472007
637.1020716344815
-44.56064980158795
12.400453220098335
-37.61334533192716
25.798226360431727
103.16282404257981
-198.7662222828676
-66.10573535653508
-213.8305240414793
-55.805640976063586
-27.569235092995484
-79.44932328507339
-85.29896179958334
-196.77058133765786
62.96117267331647
-51.350861590894056
365.6706173931707
385.16823212933195
95.76688123417898
-409.38883992609954
-87.22182291094936
-28.659634987883294
-71.66358013754613
-51.02854413795004
-132.51718501818323
-106.75812935599515
148.62363256800745
-245.4661593170067
-54.035089436329145
-55.423121212637
-57.651997070236455
184.36512851744374
-41.18305258370111
-179.76966587835886
-91.50653784457634
-52.87480531244229
-39.67760955884171
34.111403674218536
-418.9856513539253
-204.73369454250496
-397.25953421236227
-57.15209174819756
-156.07880801466854
-234.7690256021715
-17.99969377051093
88.76344331145174
-143.582047101444
-74.2102409706491
143.41894952079383
-0.30939007516053607
-73.27993070381785
-18.52774759967752
156.5204755133036
12.089332336746338
-84.71671713447358
-10.675077918495845
29.551944028598882
-160.98678944166295
381.6831178758748
-81.45726801299872
-98.56597236078638
-302.6898894592714
50.643926466731955
-67.44780114901914
-58.837274960819144
2.515419953448145
59.13150050315926
-47.63170784767772
149.69723945529222
-243.17252446686325
-375.0983973413113
-68.72506747911416
-42.78247407547822
-357.8282772308212
-132.30772254670956
51.760595001827824
-20.508702017590622
60.6784790223669
-59.99983030372914
-117.4575838319688
-42.897820596582136
2.711533985660536
-80.39633873231232
-358.911330115925
137.66776050521003
482.1155360884459
326.1611011458426
-67.72472508559895
487.7552305346853
290.69232519425896
-150.74298521330093
-51.33146317967342
-172.10518233090534
-61.11178292757427
-86.95947451396927
-62.566530836586026
-68.72543862760267
-62.43937618025184
134.0437964941284
-31.020062165448923
-42.417359879879825
1.6336405799156637
88.46260682163575
66.8315662905261
-6.074289596861604
-44.11453318992727
135.16249123475154
31.05873380819321
86.1156883018557
-85.19526647866634
427.9956107212547
-65.16920156869595
-12.34271040728163
54.55152954856567
57.9466377719109
58.304434351573036
-66.71282299012941
-55.85245145306544
-106.2882244221928
145.33081987420155
-62.16773206172307
-74.95995179400416
-45.31930169634143
472.63628789160794
409.760174461715
177.48357982334164
57.02865902950907
-92.74257593239075
131.6968204685063
-206.30560152212456
-18.895821746237743
-72.07992039190003
-13.003085113820305
-47.749107163499076
-77.1400670692143
-164.14424026268534
-50.15525607036943
125.49817127146162
-27.5806587557758
-517.7441820510958
-19.46290534214677
-18.931902644812
-20.093174790430112
-13.131686417587844
-103.68198338203126
165.86149884572478
192.17717490044197
-114.43832542058772
-385.2370565593137
-27.939189145040523
-91.66632631872294
-0.0707958434777538
-54.790252811111316
-38.85211302193693
-83.29813648586703
-96.6156088748703
-617.5438803881289
-100.96252471875414
-144.0460080953635
-59.79534115781007
-82.39003904979108
-8.195947394129298
-209.2713192824849
20.400321028586657
-71.49995938657958
-23.304147733181935
-5.972301688949304
-133.13762379168838
-35.225297242627704
-160.6320629583215
-38.643008043143084
85.7240927562707
-80.39982934715772
-37.35334710613036
440.426899869326
466.08268266012055
-62.42111661871513
80.14831960755691
-47.14907366436315
-56.76599931880628
-56.57488007821996
173.1809803689339
101.92954527702204
-122.18207363748024
-61.29489440476345
-126.25668129202268
40.22655749316539
-613.2840240781152
-103.0447258751974
-18.55069872110289
5.913149281291095
-30.194984919305256
-302.45553870421645
-79.7773021752204
15.624217522583422
-49.10985003756133
-39.50515999763098
562.158789528834
181.9530928427539
-63.199989459910284
-33.745811427964725
-145.4790420559475
-204.25514342784663
-48.44847332841539
19.379302304138037
-271.1420043555536
45.33105455053919
-25.840626747839224
-248.16518873830864
-312.6911782829102
81.11031976871891
-50.17703681905737
-25.006666840304433
5.671869148915221
396.0918231085943
-163.05643251535912
13.893478817982214
-104.60020917637257
-50.32315994837012
-71.4248762385467
-35.148140523624534
-96.21622896715867
-5.834501220093443
249.7841775811139
88.4040808904756
-41.57977995452029
-43.256507324997266
-17.41010036224509
-76.0575533247959
-56.77742841598692
106.78637899088608
-229.6541950219107
225.29389549152802
-70.61181463111686
-44.22550759984492
16.324008980853932
49.776491585255826
249.15684583634356
-95.40191002945816
-77.65886195609528
21.75931892347728
-292.65588964563904
117.37832442486524
-71.64412367779227
-121.20272212272721
-99.66117564913702
-547.8585457057343
348.1759915622815
-246.90901001231396
16.39110764757629
-57.087028986559055
-130.88209199644734
-310.2817786210926
-84.08641365344008
40.4666035239502
-146.68875467974067
64.56824266764124
-81.68728109833955
25.179547170320348
-42.94089338039086
-78.35938753680966
506.3371985311842
-7.2241371650161454
-487.12779943313944
-75.31787981127854
-51.31006430706839
321.4789710781224
183.78315385998758
331.7522153301743
-101.458109076033
-63.66329605579967
-99.72926097083806
-64.71407508235825
-83.49351123286215
-59.5620996909563
-42.91057471001198
14.684344811781557
222.8011510792203
-120.7056234154478
-50.37513294086423
-70.19824595585614
20.010221000608
-0.960702571932643
36.38677729193296
147.1594122600377
-44.29574130207948
-211.58800401078042
-87.19750570587848
-2.0491114241043014
50.19087795902499
7.195917478918773
-73.8588496930964
13.889740930917469
335.7433106857079
-128.3850684122408
-113.4037355723786
-143.85020967226774
-246.72968901929016
150.85197071933362
-477.41771025532216
443.201835693897
-26.634541455106046
-716.95474327601
-59.91091621255623
-26.81436125909147
118.84671879083362
-287.19133573865656
85.10809562580835
-117.55983691631758
295.6832874368956
-106.89271067040681
5.631722267287614
23.191286589893025
20.007460513466867
-368.33427232369104
-77.390068275585
-30.635794972088693
-303.7896301062283
44.597547578906415
11.569536962450911
-5.57878052926901
-68.19948924247444
-33.44368638655013
-167.79623353385068
-412.6121614054882
9.916763277759742
-159.11513088393713
-170.84249478973288
131.55926405404534
-358.6834987927941
-0.2114079097937065
44.82398007107895
-55.431972736314606
-297.15654171310143
218.7562768295229
-56.314430519843185
-233.99871088913824
-402.8710118267354
-98.40527276652074
-36.09199274738421
116.29166980536047
-0.4971323040799689
-87.24508854907052
-283.8274212925098
62.826375589469535
305.4660303548653
-33.01318469661089
81.09768307361628
-45.19225729471963
-82.12198176338826
-54.781479906067865
6.759815832152299
153.3506164878272
221.1868817008417
-93.32087308324299
-66.60263107159153
-57.48158771995877
-446.8639722432508
39.81879607613155
141.28070239270528
19.7253633337441
51.14252154714404
-21.30945647401171
71.00440091440214
-59.824870609291196
-89.98339219328729
-42.898861008847234
-80.01077673507851
-116.36133244038683
-50.74856431389344
-95.55136227548974
-143.19825599111527
-28.735092411241116
31.694662588728534
-99.53607375025331
117.63590054330052
-9.298265249657945
100.54616637080653
331.3613861008125
-232.62326496683818
289.6939448439789
387.0550053989664
17.224023770666463
-140.9024790771291
-185.89301193318806
-93.84760825348206
-42.41362403142557
-102.03549348991328
38.476708370293636
-30.508279395206046
11.240045844964698
-95.91683058506442
67.9500788262485
-126.69150474031812
69.42843181146782
-54.273259353744834
-48.50451026205519
-25.5976750124928
10.226799843553636
-430.89193390262517
199.46183789922725
-54.69363900666951
-263.77330068237643
-77.52180640202096
-53.80140318400809
-74.77594589447052
318.85086403068635
328.1517189170936
-77.92000921617728
279.43114784832505
106.91165281213034
-19.62065469638719
33.607111189932766
-109.06008560674796
-18.88414989742444
-46.97512833797708
306.3381422172788
-17.111076641737327
104.22367981460593
-136.90520039414514
-50.156526751871525
-123.44206884433515
55.72562679580005
125.43639550852458
80.26093519190272
-115.97144992258109
-0.28324067284946763
9.20760583874835
-88.5451345827114
-6.061643240129797
-37.83440812423105
-132.89039677019446
-90.75327480889497
22.42971872595922
-32.23409736734948
-11.673525878884902
13.702795200597393
-102.99734516678836
119.04267836024155
-7.861686856549568
-76.96494170245894
13.764130175321334
361.4863434532799
-65.39865683000833
-92.00029412640248
-86.08457237399125
-51.12322872736695
-83.05647252420931
0.6161779048316021
-0.0704874192524585
-84.83426251804843
-69.24475805653616
-49.15365201183724
-291.59848980884453
-33.86861267972745
181.64689858053862
61.407173209621305
79.01069893754538
-101.51873111272289
-56.42625835257553
-57.900142262682245
-71.5576102919722
-6.455492516027107
-94.11575783124505
489.25172955421294
-212.79465975410494
-8.240681786524538
27.700982110539485
-41.12999604635888
-78.60541703048148
-369.2751771059902
-12.985092633001841
-105.58615301686405
87.36829158736327
332.48152479138844
-371.60666560909704
-47.437477950152605
-23.811713716266866
49.180264182230985
44.80723756384714
-73.98462533895986
-23.215120610955296
-33.986713794380194
63.5053816357572
-42.72760395287355
373.7667948858125
341.3213404515718
27.535944951202737
-71.43458978041963
-71.0237060220013
-112.81683293130118
-5.023942685432042
-62.09511033729274
37.72030503069698
-305.0411884436289
-102.06762737034842
0.04591907038843601
55.89187760394816
438.56544707848843
-4.558056307439501
-83.33983766271032
-9.7558813496712
-50.391387406676586
29.777816605663247
42.78856264235219
-68.16105558483326
29.48464078352754
-53.67955073824069
-417.03702074930516
25.891259800462624
-219.84863388289068
-38.44091347532887
225.6785233999817
-31.159068867157657
-75.95482819150027
-29.43111591579327
-70.48598580037599
-26.969920334154722
52.34657343248091
-211.7616707443376
-595.4062051199962
-200.92523890909342
-89.1978394743485
98.10408253282185
-53.01656877000278
79.27244800803783
-98.74980196175693
-25.003018586558028
-32.722620746129806
251.16596491130804
-36.04457871338552
391.036566592119
-35.06295125569967
-613.1374271290242
386.8176065543248
465.5252728225223
62.26953846544893
-27.992599541116064
-37.995690426234944
107.66344254174737
-161.95849088504292
17.314295975362143
560.5816453269636
314.8325850473411
-93.2551477420584
-161.03668451197882
-50.73520626596906
-36.079942150261274
-63.755537596822364
-47.39986298078723
-42.24411492029371
93.60596874827752
30.76283728503404
28.639510245198835
-13.633523493001576
-30.777307123477193
116.3631374684519
-224.41063558557107
-40.271546098084166
-427.43695746281173
-291.45993651453864
-72.46828437697114
-54.01881117537687
-187.54382160027308
434.95234756626087
24.77677203930307
-35.40614931793915
187.8445628585796
63.360165831431004
-534.6038594356869
-49.01690656808569
-76.48361876474883
62.576178910287126
-219.1661152557972
-65.40495909293077
-52.805705475392074
-32.11768788070776
178.13829898185213
2.1995589026919333
153.79865690449515
-147.04096109077727
-58.93746454597343
-36.32813961703323
-34.67179431883172
-47.553010268232825
-62.2881434330094
-8.96943353905408
-120.22726491179583
19.365268562071662
-80.78251786688998
282.6388189152385
-52.09393320577851
-49.022275455249655
-40.31779473098089
63.62599145482454
-52.77997771884612
-75.09983612013457
-26.07931291424393
-32.62396368940972
-110.50259510727528
249.24280364568767
-67.97621953882506
-288.596624920423
23.183271497944588
-20.04243601881376
-109.88323054564717
47.70014667415671
-21.495806969072873
49.09563634895312
-125.73526169539218
14.81835106145195
-97.11355569740937
-187.63154629036217
334.1148778321385
-167.0197709842596
140.28037178991644
-36.296437099545074
-49.93642829436304
-229.36644076551602
473.47039014287475
326.29609371528386
5.347148066925911
64.83194693460746
-9.783500043765912
-135.29128590734427
-66.33809817862529
-273.9958496137133
-68.28448641005525
-49.32436675379538
-87.24888482846109
-74.32772303936136
239.88252600017404
573.8680913442004
26.831404565369667
29.74228997946193
-281.4079351175624
-3.7860325768942857
-110.38954670829298
51.58905098973679
-160.25396317538343
161.17891493457137
91.99705063898455
-171.40536158060422
-106.32432235329725
-44.78094952371748
52.51361051016647
-39.92813179804784
3.2255535276820027
-131.8565025990738
-21.626546264303194
-382.3788557275184
86.61907775599138
-97.83904314180234
158.49439722868465
-69.71995351998996
12.906869483023002
-71.311172744369
-415.9420668716248
-56.302084906003984
-22.5792409101432
51.08510385596219
91.43630404904252
346.4437481665136
-1.9953662718210956
-179.66137896915825
-18.421689819538187
-129.6987146453157
-89.73132967877609
-96.74871708930453
168.8744783739512
134.802305491261
54.24747156350577
-22.254911224840725
-86.33464552032846
-37.420692595656874
-46.889320277441584
338.3804155046764
273.69042631930097
-331.14924898780737
62.84600855353892
279.3434748523923
59.2534141925953
-423.07949138002186
-36.71173705054233
0.8772149008309498
-115.61607286623439
43.45596490275966
-63.61971868683395
112.11408702266044
-78.90604401688073
87.76673213220965
-230.82948615131863
-80.06128463422283
-63.14733931109225
-49.387936116343226
-166.0279890937545
15.987190751586695
-83.27407735263623
-331.1279938468506
-355.8420730476719
-33.65954270792298
-114.3742690734498
-51.10638859545361
-73.0991279886663
216.86066334802854
6.588965327392998
29.36089172128777
-26.91809860761896
51.34107812907496
-83.30371316770045
-28.60945844690241
-211.9549975593436
-20.014043554777032
-68.8954756999815
-38.063090451586724
79.94979486110196
21.75616162855871
-196.73139279111456
-35.94670218665624
-61.32025154922212
-172.35127241937698
-59.82107306914986
-107.12670544846333
-324.4179090738053
-98.57839491059349
157.5288695127001
-34.48736984031211
-20.12909734502773
-291.77986762165347
-54.187912582183344
-96.04270343868028
-32.657287838585034
308.4164642437936
320.22906394645906
142.49491545858018
-434.3963778011348
-174.45746795053492
54.786414007639905
15.218532373373819
63.42697013906081
-76.45454692606471
43.94594683487685
-54.58122845033388
-506.8879639264542
429.7313999987982
-121.0733016971044
322.1148614756712
-29.720763347907678
269.52694781925857
-53.63567319825757
-57.360744138086375
83.29329657426388
-289.3108756817619
-579.1749605118621
-24.210822506740215
-256.80290531837636
-11.952565595354578
92.54579136378743
-6.231848379562507
8.282616436586977
-121.48520590145745
-101.13586157467762
-75.52287124371622
-151.76814183610077
-63.1593343924279
-13.337757301205784
-43.32772303049231
-36.37548932656101
13.711158246274863
-145.7491635851602
16.491972582271046
-165.24073718756517
-105.38287545202616
-82.31716909028829
-261.1258467248372
-72.32589996550405
-186.53915350016177
-180.44754794258733
-131.48688380607928
483.69121604436805
-155.29972678659942
43.41301408468462
110.00132864194165
317.9873013235392
-33.534621881268535
100.55939213020156
-44.96161522228718
-204.73104749315098
-72.92761458089626
-60.222388201398644
-19.954861170866025
469.9014905772301
-13.223007210601736
-54.90716042940865
109.82321892211803
-123.22027293684278
-162.809990486885
323.81404723381456
-85.41191605759013
-24.652701974178854
-89.80617050829937
-23.211783610086286
236.92792552475294
-60.63881443658214
-154.8866627487737
155.2641822222031
227.05753395492684
-38.03881198533862
-71.78390103503591
52.5964600400539
218.3509237406779
-320.99081940237556
-40.84475553038192
167.25252681336224
-43.5033116642442
-56.94452172868438
120.922447982824
-3.053312408979764
-35.17836150972107
-159.30536536704312
-147.08824509417536
-67.65508971558393
-256.6099734158124
-75.17065555904387
382.36227898603465
-269.0236420235942
-85.31107938772038
-95.4406189642725
-65.03950201607336
81.48176144243007
327.25203777906063
-209.52418903533226
414.9245315103144
-63.162693641944315
17.39330547793179
-81.37358411526182
-121.05273542952091
15.015714208705774
-26.63817545902748
215.90906007041667
253.1176972735757
-61.97390718351083
-81.31997757723997
117.6998139014404
-75.39176785739448
-38.84926500562312
-8.770685849227306
21.70664351592859
10.832608706081373
95.26528692403554
566.7442699806215
-22.000384518455448
-104.72145932820872
-30.894476923551338
-104.60353113696692
-8.919354193897107
-120.77173671601668
29.345542076902348
93.94027809004456
20.647674526291667
15.91068687334473
3.5725100666290928
-56.107657818595044
-80.01145991447446
-137.75846683978307
-58.15636830225461
-14.899469309397432
-123.62996125097834
53.01559954151571
-107.83460261537132
-6.936455195934059
-74.31177236432995
5.474567241943817
54.04213829208675
-414.86523574385683
102.34220082293223
-5.864090186348335
-79.64345865648775
64.83225855337878
-74.68398143910962
-88.20962130444094
389.18113406812336
-80.75735715386782
-2.0663443442749667
-84.39591281146582
-38.83472330877373
-68.12886314972096
-52.54430273876278
-51.54866260674569
-69.6398476422054
-65.84956197319661
-135.85128637337766
-74.34659685485187
-403.25129815143555
-261.845471282224
46.82993227982843
-139.94362673747855
23.15715469835436
-206.9304420589433
-32.31425560322259
-70.1747463687385
176.25809383949127
36.61479632305327
67.80034867137147
-28.013221135519814
-12.902778712853888
330.59290085708926
11.449458853884607
50.19201465524384
-60.33769724146441
654.015053585119
28.36467800332619
-333.0290878051237
-33.8487924613396
-5.086748794634738
349.6070026986581
-14.615316259495557
-33.0317850828942
-179.50661800600574
8.572288797517558
-68.72881448640902
104.91966796425731
15.770270241712637
-127.48984340406953
-24.960831150659033
-377.77643599354815
-58.84261476154027
-7.27884893055737
-106.6839075369012
-18.984375834639412
54.795094638246155
-11.99776886258951
-259.43139682847504
0.686318595782268
-35.829464093572824
-195.25808614238304
177.10146087358225
123.0761953712531
-292.8049083127771
-50.68505945920515
32.90394406139785
141.03437968163598
-31.19662864750535
11.124119102631994
-3.8864364935379854
0.9410460585811506
44.72619396695336
139.6219653163298
35.89988833873895
79.51390285258594
-107.37596479784224
-226.27183934578716
55.37238308565793
-93.2115156852924
-57.482851925656604
-100.06362323646081
-80.73349142327204
-92.2612429270157
14.808407300395192
-89.39679438766137
-36.69643138622069
13.108716336505484
-64.67374556391572
-142.97365613293732
143.49804757461334
-280.30733899474035
-333.4093792717031
189.8130888966607
16.646473731830042
207.97359577170027
-57.790453372221236
-90.76674064353637
-27.10474383649398
242.46734060286326
-471.329048356607
44.378554928251106
17.867651217536604
132.56536170418985
-100.97083801566582
-117.2802703506768
-142.42393255510615
-77.95142016331738
-0.1549911341492134
48.631888744481785
165.40564492938393
0.5723874923023686
-72.23906166664125
28.725456341120662
140.88664672395225
-49.05725241280976
-51.88415583389428
252.89087347385794
-14.970908757715392
-486.21394811767095
-72.82682091638486
-114.87649361916456
-69.7052388284022
399.9702094262402
-68.8566687076499
-65.32633033720083
-62.880978022038846
-88.46957917270213
-53.5814333836347
-39.335202817977915
-79.73241321270609
10.479030811859918
2.9416984032332762
-0.08588730189714866
-52.412892721270836
-54.67172609332101
-43.83310297247516
-103.6096989664646
138.30686159681272
15.07420199866283
201.83200665424374
-4.420790491534878
183.958987228963
-6.964200532267689
41.810519425975144
-72.63891373836981
-80.2792731226774
-87.16988111534717
-67.4860288922369
-159.21302994134567
-144.49543864257612
-101.9353293339375
13.555638207910306
56.59846922322038
-71.66135537165214
-32.19813198680038
-107.3089262160056
-66.44198560243603
-93.23642455333014
-9.959336222964339
-60.24976318861806
279.9003278554428
-31.566774450805497
-134.1394413755379
67.8250270599965
-55.91495068706124
-30.48631933519772
-14.451789722099704
-10.55201967107132
-273.8948928078953
82.71024675942317
-12.023655760733163
-100.41045867050882
-94.59604993739595
-199.29257284255527
-51.84114103242155
-105.66932993911541
415.5135078473668
2.5774864789540857
217.75329105656238
-68.66194598094262
-267.69315129998176
-120.1646055001911
-89.96354255957158
-24.613630426595513
-37.93792290226622
24.030465551501038
-176.81866318008815
338.82793332563233
-85.39275407051719
-48.00799344072915
-46.89363533216783
-116.47454685231476
-104.05698065826618
100.78857146653172
90.5457662250783
28.3217417566284
7.171447296502265
-348.9071983864669
160.69100271739626
-170.83780455071246
-73.58204627376836
11.104220190084154
198.55280630487323
25.4706228734849
-26.248287488336246
-82.42092135531857
-32.90522604522903
-113.18951245999597
-76.88481515650756
-48.27399676577534
-69.80389550632674
-70.61768876717488
-390.5837074975152
-2.9046717651784775
-87.11383738962013
-56.6261293573134
30.372689245175934
26.992522323640756
-79.05167731154229
79.06739470610592
-207.2140338773297
-100.41608928235604
-208.01798329487974
98.53015265413705
38.559050654752355
65.47136361059847
-56.28094468425336
-45.86099448329509
654.3292629840189
-46.3686568282028
105.501453988908
16.16570602233628
6.30506693692962
-84.1796152374809
19.233030605691965
-12.589232529628134
-93.50593185031084
111.19643218571582
-300.083830943282
-20.75736401956108
-382.7584602984043
-7.580342341136202
-78.25146034393663
-72.78091531221526
-140.71166625764272
-462.5861244508378
-31.398429532210912
-96.40173463792235
473.3450290972942
-26.14885983354637
-40.72053746632588
-17.308463851548368
-91.1720188299696
-48.25711470981678
-130.91346077566868
-17.828797230858072
72.58177983724636
-97.43811932384779
-88.55811662425367
-171.45897833865092
-62.429439536262805
23.697811768419342
-276.9816671592671
-89.44167636103248
-26.17086934444211
-62.63793681437327
-61.56720418231242
45.29972824824654
18.376725924470065
-25.617436092955643
-79.48061078545962
-24.185542189093667
-119.1550372444326
-304.37884385341204
-60.09489865876034
-202.301509337698
-180.4161636664694
-32.31307794581183
-10.054141421486293
-70.17978750419479
-111.29560341868364
-93.52661712359077
-61.25972859258141
-11.977699612400556
-42.74946819804927
65.40843065328954
-47.584872735581484
-91.90204224829188
-30.96153417147616
-459.377270304356
-43.895360313369565
-49.671339318853995
80.35592663782882
-62.12962739916245
-133.38800961020388
457.9279445378397
-85.48585691892367
-152.2895078491838
613.8929591214
-145.26912801522485
-15.668077003916551
75.58740697415305
73.3225583044773
-66.59630581895684
-16.31764707217326
130.57656064589173
102.26219470289834
455.9233540721689
416.5658878583854
12.332047658543594
-60.09279893412713
-71.47590685511022
-133.8851940116079
-32.01201387098831
-96.05851845392135
56.7014318263482
-119.34241746851512
-111.2965709392065
-79.52768205949353
-75.11506064036598
-117.89284003589637
-53.730382651441744
6.632960775386323
10.548600586344946
107.45873532603673
-23.286171798163195
82.17496609472983
331.7636032434257
-66.7725723420246
330.1062582107279
-100.24999081783233
-51.03816574268785
-93.55123784691044
1.3607920181266309
-179.04168414523338
-74.06112392105933
-40.309699712360555
-449.0861882148456
107.50194448585171
-246.2638389892918
-168.95624091176433
114.68770669806145
-610.5826190548905
-40.978575236160395
-67.46736148160598
-132.66006158045525
-18.62437355055665
-33.476893517304234
-61.174954870250076
-107.72489976229446
50.04489491049776
134.63207253440487
-62.729455354709415
-72.3367578336233
-121.37150527797485
-238.12282142899312
0.6316447669323679
-135.5256748427546
121.9228697761996
24.500430375424912
-162.50977757682085
-50.95058399753361
-523.7097415347835
-57.4371415175392
14.93922411574249
153.64316057765427
-190.6442971737697
-3.9015300605187804
575.6387117678278
-86.54895639837017
-42.407863981705304
115.26916517162499
517.1847664593679
3.4604706746931306
-54.25124404769859
-74.60332886329832
-51.37932661635574
-52.72781779448934
217.77281960787514
224.89456953874287
-89.16610624060047
89.45864542821437
-60.52132727949959
-39.956248142247205
148.6447511970582
50.01170912019188
71.43244420208975
-45.71062091807653
-23.35156576731788
57.42025803496472
-16.531634776617466
17.473189983091334
21.49442353386803
-69.51611392327504
-106.47810150182092
-88.66044861007158
63.545099243026016
-99.5700543419826
116.28691165774217
-84.4229460172384
48.350364705258016
142.0228440210244
-190.676403582891
-212.9480945319283
-17.182023713666027
367.5351386057009
-66.86546195605615
-4.6922898133516355
100.19536832910353
65.24003720260043
-116.3016918885769
-523.8751969408167
-50.49409956569427
-119.72109214575903
282.37896835025094
2.127579189550488
162.3205292480743
-64.11212645338077
-24.614109380239825
-65.33765911787123
-8.775553698448347
-201.4489063630026
-50.721785022669565
-464.4410809292076
-338.1303431866618
-137.66897858779703
-38.35120076420735
-185.60334068087195
-218.7490250683304
-22.813827684513853
-38.71331960706033
-71.14966778970461
-90.48244063013573
-58.539823472845846
-53.70584293708097
-151.5817041362825
-92.09931849363181
-34.58303919236414
-72.56579654313099
-209.8788939077931
-270.35183144736584
-129.26698644002136
-69.49266565870039
-136.37013055946954
235.69468484899335
-127.38150031182886
106.29841700763791
4.166633207187772
96.2537703168664
-240.1012100962198
76.95539166041544
-178.35635510421343
63.597678305924546
-18.358733325736466
83.5964454006953
-88.30884658806897
-68.38716313395344
-404.487694064419
31.504148494517267
-3.3310833040686134
-0.42211207268928774
-182.5339287916495
-24.713503216949903
-102.75150776666486
-60.6869420338024
-84.72933209863731
-90.38486768973866
-64.5011697855075
146.94995150831892
61.6867613435079
-31.637264025224646
-34.68246891106173
-476.3964300155658
-21.958950637455356
-185.09086682453562
-66.04387096429855
78.46018407732663
289.1772231047744
-43.16776878999167
189.54047453009116
-146.74856619549155
-63.47004669164496
-73.1279178946834
-96.88226438710547
134.79305322835899
-25.029521288618398
-46.271845157590484
-365.47155230844874
-50.26909921535606
-106.12889617299821
-62.00277433508061
-45.07265975945414
-276.1659685272589
13.29053291141463
44.174627762744706
-218.27159585225127
-544.2462409773634
-53.624989755434086
358.43346569889945
-254.72428325020064
102.95908111162089
128.92056618986862
-54.56839345153872
60.62179392627877
4.585842584325679
-366.6909404562375
-208.70484305018545
544.8760294547028
-163.01315500681812
-56.351019213516715
-26.297568934885405
-675.1749027259175
-2.069085605104192
-12.64999039040481
149.5910808073695
-88.22906911431353
-49.82996466575929
34.46896774313791
-397.31443923940424
375.4816684380785
289.7706479229728
-37.772112051736826
-365.83049737888905
-63.79766813708375
-111.67241257177068
-27.652494725204917
-103.91046299498794
-58.64195644104411
-66.15696689015292
-118.20954651583543
-42.41083070883542
-28.0150487335668
305.54538112793125
2.4103289172450424
16.79402164324165
-76.65013160955613
-5.740499563854456
-596.1399233648244
-87.32295141250377
-14.825745943089714
10.329167719850375
-241.24964517570334
-307.53570360889717
-368.2770976283118
63.53355076146636
-36.5306430256619
-254.12443699602045
-64.64071918121317
-87.07558851897082
-9.593054109445378
-73.36620135375743
-32.798064486551596
62.73239320283983
-58.759245741652094
-508.70132140263377
5.503777097451509
-323.2442109342819
306.60312546194655
20.90894746354187
-72.95072112995877
-50.94196155540885
-40.959338458778845
-28.167952320425115
-111.69206961171447
-58.00995416335065
-82.55501404043439
-77.81720813967408
168.16256041698944
-60.813765436534595
45.65179569264774
-9.046729980620512
-290.90894546245454
-30.083629068583686
18.755036791316343
-85.79820258958534
174.7032965494509
-448.66775954884906
-19.418996102231517
-74.34703149627394
-18.394486550754664
116.74504448349944
68.35844094892309
-62.71949482906961
-76.7587245984578
159.2917340197314
-41.40741224739122
-0.5429972950896627
-62.32429633093188
32.49206742525712
-75.09120804941114
-87.5141504624603
-102.8364703464298
6.028174904192346
204.49323013671528
318.07203741106423
-635.9298874053602
-253.7354720518606
-9.409710440760591
-1.559147159625354
21.587587973631717
387.5938992227857
-46.339312457268534
-101.03938832428697
-13.791464136400464
-289.40940321914604
-65.41593560268484
-299.9066624760544
42.110386814811136
-153.83727323823223
-31.04005201212567
-56.35314602037079
90.67752324206504
14.70953926251235
-28.74760365714951
9.991974434886382
66.4820233677292
126.74375931889153
74.58628743562986
-415.2811909842567
-51.97955960605611
-26.508167881062036
-112.22581040750083
69.66756542234862
-102.94866619974297
219.28430087189008
-149.43746102007754
-18.081919018619374
-99.69202210611911
324.84326741703444
-65.46548063168878
-39.074779726652196
-14.509835058440558
76.33458284659764
-93.07550418853134
-87.24562092822998
-33.13400731152433
-55.13270679714424
-300.52460548894123
121.88726096668097
373.6041800902167
-51.3063738206304
-149.84809286477503
-44.38000653696537
71.17392679060686
-262.695978030868
-4.697463103155087
-49.833330681291955
-81.08343436365533
-110.8766123272316
-69.00304407281673
-32.78557947979044
-1.9367187825372412
93.32622348088898
171.95478607012046
105.0297436324081
-11.033801690630753
484.48853087736916
-38.22314997217927
8.865305056143825
-7.175633077935692
9.758262621847308
28.447817546562874
-15.285637246242914
-44.04669264396097
292.5995816450013
-20.23569267648392
58.92856442540506
49.85726100540887
-61.34134437321882
199.565536596705
-90.77389234371765
62.02929470192612
29.969017740789695
-96.28186553013366
-101.68724928132175
12.04028673679386
-38.89727976775151
-88.67002161143319
-4.878325782836328
-248.97443652213587
-36.195440845273396
-352.5472427637924
-1.600516356207581
-234.68364851075057
170.6772520145896
-115.9167722098
-470.81721899831246
-26.09097808451952
-52.80348371123
-74.37907384413347
-105.07678036175366
12.137325823525316
-66.97525242368283
-208.93034410320797
80.82082241335866
-263.28340414612103
-362.1940345107341
-77.48413233362385
1.2633174864545254
204.47425223287064
56.83352652729923
-105.87190880925276
-0.791587903996458
121.02290646676738
-81.51426139519046
50.704388645111976
72.79183645347075
67.7666780004638
37.608955135266115
21.990324988849352
-44.04198441540789
-35.2618834105238
-72.26681667330743
334.5124896980542
373.4894448716386
-111.5757326192761
348.3179061968194
129.56272629792875
-35.28414480860556
112.87832787441266
-58.674281594517815
-58.71578380600113
-259.81392663073075
367.70411716082526
-0.3915198982510226
-24.897063864235577
96.40993749697873
-71.55881656379763
-142.93337782036633
-21.897431955910406
192.93046718637106
0.30971532866054197
-69.30185639388695
161.38925010148887
34.803716344812415
37.234311517226615
-16.1856372255474
90.00199062387037
-12.75477898573763
-93.92252658867756
-18.33176643513616
3.1950886301219725
110.66896909777824
-71.23913308614556
-73.88117682157045
-185.27519689573637
-139.15630010772657
-73.4965756384725
-96.96480588344639
72.56851039880894
-109.95066861039774
-99.59633410856723
-524.1524828276688
-116.16166346172304
166.79188049614822
-169.24066466253134
-62.07714985324818
-201.39707940787412
-8.136178671278348
-93.59670777666202
-133.72846453691636
388.32926405238504
-27.83805253587525
458.933552151826
-142.25385913191622
-31.936633787988285
-71.08789489728952
70.337536536279
36.78857991906261
-26.233639142017637
-85.97650836561512
-1.0972991776082814
19.15363406560391
-85.46381967042223
-62.31482669494433
-179.2390808222126
108.2164970462618
-59.15168994601663
16.473445681869407
-43.93132784345305
447.8261263641525
-31.280835699029467
316.71371811035533
18.299937723747462
-76.07836811709952
-86.7396489448347
142.26316319510988
-51.504812220495694
237.09624809641173
4.209560110440634
-142.49244101574186
-89.65887516706107
81.7680860934529
20.596285451224958
-328.8260202172696
-245.11508955407135
-104.33115979337724
22.20634385418658
-86.89184515470697
-89.129839411386
-126.79682749398307
-46.903935653297395
-123.46623360351592
-507.6813585837699
-25.105801040041886
-80.31273856251545
14.74587894172555
-11.245104588771937
-208.64608334533386
9.239551674505492
-35.174900965715096
-66.8933271533723
-226.02688414310614
-53.70812311273005
-291.93746375893716
-137.18959283601362
-34.435705272241194
-53.70029282339753
-62.619152924771896
-91.38955799688087
-353.02390108410873
-44.92595523003966
231.92705022793234
-31.84146040843189
45.97036432081768
84.59614986278575
24.278246511546513
159.6095558431889
-77.04646331493495
18.777780992366388
-59.95998813488748
-235.09259326295432
-108.88043590081725
227.2889172413743
-206.49239804847457
-53.38439376242439
35.10169283895266
-70.36793746800838
-64.53326021218595
281.024714309714
-23.55673975305453
-14.190078182694918
-29.997592776741385
-76.39555497913774
397.3904200894358
144.6038543105842
-68.97866016020271
245.25506772190602
-33.76801587300724
76.06901606873885
-34.13942467479385
63.45440336806678
-29.991801778318024
-184.47024102685282
-252.20699316084574
-127.61767497156734
-441.28997555514434
7.163072318740888
275.14002698305376
-38.6562189772144
-32.603067280310825
-66.21670374917252
-49.56641664362422
-217.98444055789332
-336.05230401467634
-56.003241630547166
22.519401905592076
-94.71927326386923
-27.69099020671638
-186.11539799897946
-347.7182697780481
12.690016657194064
-12.041212328906568
-38.63302500834607
97.61902060737339
-64.07654763883612
-233.26964152178698
-68.62122534151786
186.03248350570357
57.99136024976269
-54.210446449833405
31.9779571170875
44.089409332544164
-81.62063494447284
-21.247438836725646
-1.5451850950435073
-114.42130183494623
153.858767509073
-74.01363848878464
321.2261400614152
45.57140872864193
-93.06322273169644
-237.87952695652984
-77.65403504447745
163.4956292300999
-116.20360372408686
-50.65704371742578
-247.65339202187806
-53.94630535708343
-108.55279156533788
73.7674070845253
-23.78636395986905
-24.524212209433244
30.05466934507922
85.90211936894957
-137.12043452625585
71.40692456223042
-180.5528354935559
116.90239957965423
-25.694211861240547
46.60684527313333
0.8701153746605996
-74.54440611806334
140.25067060730498
-48.6680476397509
-77.50090231217382
-59.09493017797415
-55.53632375021698
-33.590132480063886
-177.3990899671644
-304.3839149160958
114.1914961637849
66.3657749430613
187.75468809371614
-268.0505835187596
-56.697096234721414
12.442601911902385
-90.96252808895224
278.99286741786455
-54.49103270427236
-55.85323401342352
462.01205558430775
-98.68396674757241
-56.32993798214676
294.5458383361438
-66.45118311757176
-3.424305215374261
-7.485339561200817
141.61725242479588
-81.7056222440624
-15.36238458237421
-15.872299182328788
-34.86067904169704
126.81289273753282
-32.710855812456415
1.7302878032382663
177.2501546725789
95.99673347559838
-43.101521882369525
94.24172958325289
-112.5569179720078
-62.85446106696546
493.20508010876074
46.44613436317559
-71.58232289747836
1.2460278401504183
-129.11935505143447
-233.29823791012768
-22.730605401803224
214.9724424091637
-79.54612482905077
-48.1931500831688
-157.1696661395763
-34.23624671496691
95.6918918995325
11.048414421054986
-81.8880034812928
-14.932060047552543
-48.74363348642396
-30.51235421097408
16.174243343823036
-25.338402292898536
84.36129289042219
24.11669748870736
-107.9876892539929
-26.575217928583072
-48.203613433389236
-57.788590342071984
-38.471157585232845
-60.80374085008919
0.2366803618351696
136.9514487541319
-22.074214795406466
-68.53870104935504
-73.40098850753202
133.8324334102963
-83.84399055643098
-224.39879808242404
-61.652747607355465
141.82440578222077
-71.6898829934393
84.32042182230907
-16.800556695210503
-56.0136867407694
-343.47418495544844
32.25667670715802
-53.62631100271415
-289.38604529987424
-67.61231485495456
407.88615227725313
-45.167360486708645
113.59345623539411
17.14406963336593
-46.17224920451275
121.93123691944083
-219.5169859321395
-96.47231349144721
-74.18917536167157
-125.18973557739184
-41.40446111126357
-54.59043260629278
248.8388943609807
59.18477084900587
-33.95247207447592
-89.32121199668381
-92.76815541382496
-262.75313513384754
-48.04447279011248
0.6502222310446086
63.82429787730689
-69.86425940355934
-212.23413730447282
-220.2582678843737
-499.2695788595447
-90.83051026172694
31.981153951557644
-504.73249306754224
141.86653038127588
-169.38297330192108
322.9682886812079
27.502466937790814
-55.393635069948346
371.8793456662024
-164.19665227722817
152.53253737475688
-2.76264329722261
152.99063326210262
-49.40173356886436
-89.42680687812542
-66.03390041554054
-69.4114353199009
-44.21959311666504
23.94138928286145
-75.5693483058088
-27.389334183018804
86.27175603006799
-38.46418612059762
8.155854400244152
1.1855970600599903
-160.15181468644914
27.488366787973064
85.49130191145605
-25.74433187826253
-12.221806250685574
-94.55843204776647
15.635828774932529
-230.23792515981222
-115.6918921499404
-0.765096788301463
-7.52588386868149
-0.43129033488366986
-80.96426428347206
-58.59463191899658
-100.44358981041552
-59.19864848201928
-177.38799387201652
-191.6776016572967
-83.30540217090365
-314.797108708437
-342.4344260660391
-149.4842768701219
-78.53524692143138
72.69149658475544
-378.87138489747485
-34.77336593419386
1.1783095498758485
95.37502402739119
18.496122476124583
9.65625481681991
377.3537399508223
-141.8808948742244
-85.3613658859948
68.00227364339844
-167.74050832850662
-58.17449459783609
-51.12563942266388
-45.402388547397095
427.889702686336
-62.607366713688066
-46.362771695419134
-51.44741526486774
-98.63621146170536
-54.03654030572034
-70.35612073612349
155.53352246030408
199.9056235561511
-2.3643992123670614
134.8483207652016
48.14268893680128
151.18095291693908
114.2700345304147
-142.46170354845748
-12.265240343051119
99.97901787982983
-5.278308886851555
-168.9914113673094
-109.4325937302583
401.5539536090673
-25.972405651313238
143.33824275474035
-44.24510528505729
76.47406121521999
-222.971349472793
70.84419909123108
-94.34540915006421
-165.9545203402322
18.186792884783245
-120.81371572592846
4.433455877897586
-42.427083914077684
-97.14400463904894
-70.90182678120891
176.64402206592422
-47.10708353767815
23.099966630897143
-28.291683850654522
-42.45743387989023
-94.42798760807416
74.12212727962105
-298.58217880848497
-60.765028331587175
-107.1601478550565
-67.95465216953953
-153.24269801484115
437.77398464985345
-5.183020669155667
-160.17240827116984
-40.3455120259952
-11.151498530266618
43.835969850038964
-121.6843587674939
57.40004525952969
25.613454988570084
-81.25782499824537
292.7479720776246
-100.57336518992088
-84.92966551188721
-8.86251467251764
70.9572851497228
67.73919969001145
-145.4408834447222
-100.97185312332651
90.54486531717112
94.4798957009607
-79.79903132864058
-78.92761081937313
-408.27574969549823
-49.343256992365234
-98.31976905968259
-124.08134372916084
3.3872996542190776
-342.78835498622357
158.1990096389709
-5.590975311989629
-60.844576151866875
130.12625236278654
-72.40208369270476
-106.30393018902532
-133.51327519351617
-48.654447608671035
-405.23802897808673
117.10916028595057
-70.40427990846729
-95.42871866256834
-83.6211830600896
375.8071782088209
-57.603180326027996
-67.87296437801879
-140.61518660385264
4.088843180101321
-170.98119769720324
-9.086527141953866
-65.70537760985448
-21.234543009273523
-95.44535501073233
97.97739297470616
0.8802408324491466
-185.0619331886919
-173.69396886863433
-393.607018165696
-69.41088956678618
-42.885844762308366
-69.38116189871793
-48.76504039146323
-213.19192380659842
-84.07531717332785
74.28913510821985
-79.19335469750513
-47.74007758201651
-36.07962237199473
-49.973170080195885
-82.56090860411678
-76.8366130167701
14.447718156316114
37.79383594911269
-59.61044392396167
-58.60083478361716
130.88403377442637
-181.51775511098822
12.986209151069488
-50.316682604805855
-68.48587481200957
-44.068636616385774
-45.75549927568318
-5.660621392934199
-56.08599835741266
-132.23952244657212
-54.79762826105798
-415.2705595897878
101.86844510272385
-50.6127509476897
88.02197783344673
-40.05683115579086
-70.7106298109399
-74.82197768444298
-30.66921747158085
-87.99045696202666
-26.216860409829025
-49.266822451114884
-65.99441231449606
-43.20120179080125
-156.84124387750308
72.11235277408048
-186.54295281366285
447.5334065055413
-198.7486680066031
-70.62236339024335
-35.08562481853427
-57.3553685722202
175.6617578561818
-454.58548377605257
91.51739871185782
93.66685621933266
142.3827079330431
-97.2968341273554
-81.06903415062698
-8.566946734573245
91.33582605452011
-19.15055774074898
-13.93444422795983
31.49121292285463
46.63868049786015
-277.4818280224563
-128.73971550149963
220.9626453190358
-179.37407335397256
173.34234954057774
68.41881544057833
-58.05897071982132
-232.5299439512546
-300.6576898294679
-189.37766706659932
-80.74431652635427
-96.73865046086192
62.18361824696149
-66.3592765780607
-16.039898739039927
-435.6386700571038
-79.8133356330236
-233.82835906201217
29.59859631170002
506.86729918851233
-9.243037589711093
-44.93648120925188
-11.207734503960523
152.97429108103097
-68.61851018757336
39.78560731023936
-121.23448844012091
-51.58156691877687
301.04664752181543
-105.40105641925616
-296.032697062019
-143.1542412400213
281.8056648992606
-67.07153659205687
36.70243249302439
35.73552256511391
-158.3447464266119
128.38057051873147
407.1161758756607
-86.87337705419162
-99.76115906839324
-109.1887132997328
-79.01445306546529
165.16071178062157
-128.2941054602743
415.8736718325854
-6.31727370659934
-11.99135526788632
-40.21950291977555
-41.20387558346681
-45.03572462473903
-444.8289242478695
-151.37376564369333
-99.88543097145066
16.037527736586526
70.02121072866612
161.4750925235403
38.98710414470952
78.84386834160432
-148.94171309182275
-69.55970929898285
181.86437476256287
-94.15245387729234
21.92961379895746
149.98900408283953
222.78144722158504
-70.34324736261048
-16.93755169286334
-645.314726695764
308.9478998406976
114.35746675272458
-464.25427038516045
-51.36831938715113
-49.58988515679084
-75.493433290551
-44.307971508440176
484.90256729514476
102.3465654931033
373.7845789082803
61.700650201825965
277.12803646361135
-71.59110669422634
-276.4352652580019
182.54764938179687
-128.77386399093484
-72.25931018257688
-40.34370203759131
-92.65379282792875
156.52806874666885
-52.25663450974571
-36.95429216755636
-92.8929680791636
-86.94070441907142
-58.54679095678435
-83.40733587840674
-29.414433494834586
-23.037137651325896
101.34874912780288
241.17171224707818
-517.0938133353029
-90.16667081448577
169.34522764589929
79.87634916732804
-85.58969347476341
22.46865071588354
-95.66133212114619
2.0995108232382336
98.16302335077853
165.16091873182904
-77.2945936923388
-5.116531657407904
-350.60595123001804
-42.04999268513194
-232.66372854628025
-47.29100052233116
102.53672531248185
-11.039759483365742
-190.09927516715834
-232.6868011949482
27.25458259600964
121.37756395903853
89.84306984209888
-14.630788188532733
90.31970659436365
-81.2286718290814
-100.441003840968
47.443838453446006
-163.83766032273707
501.84751707248597
494.69855110734716
-53.54785445120115
284.49295939943113
-10.460881444430925
-130.09485016254166
-80.94480298486803
-60.3310803686885
300.5972247849604
-79.40852476192596
318.41456328641107
69.61541603704882
-274.183674050395
-142.9702343531444
291.53139681587163
26.107513262258692
-78.65789248735263
-28.843874563729514
19.795629945415385
-237.73653964806363
-59.347059134223315
116.05357986911258
-0.9730014759263668
185.65131373216173
119.02422159075559
25.02101803298683
-84.56355371348945
-49.837890820663986
-58.088075391543256
-82.16124222750841
20.928869596163622
-60.010916100254
111.0759424443022
518.4298933943846
59.150052864113604
-390.25310237242047
-81.26063641164939
-20.273618536240974
-169.7662701590143
38.393208808643976
-79.14041016756164
155.43275908632313
-126.81728115173428
-50.54729178430421
33.63759698363083
-185.9633966830579
-62.58574296149527
67.96842374723383
-92.42259064818245
-190.9310126979708
-26.666402064080103
-53.43497589012969
-67.29316569483352
-72.15236867592726
-51.22661819166228
-65.54227461748188
-13.858912743935967
142.39773413375224
-76.87524869788993
27.985406779636833
-148.64486002051126
-55.85946395879864
-9.262993726567856
-89.21355765822311
-49.58529764587655
691.9383357163624
86.1318543223797
-77.5645732677176
199.80533005473444
45.77321304524048
-53.38745851013995
182.69530537109495
80.17867010889086
-500.9238725550804
-7.254032425560476
-208.14098840398947
-23.316852646470807
-40.0917934472989
-159.9675684662252
-58.17407432903198
178.7340781050516
308.69044449760077
-53.89121626390511
-69.36096905411634
108.94415290711822
65.37961368078459
-131.13395431060417
7.074363081264892
81.46272879904973
-59.92034673251237
-6.793973884475463
-75.40842973001362
-286.67736036805763
100.80834370330422
45.87052104980012
160.18981486224584
14.192834685501111
-61.55509902336178
-65.51824416230977
-87.24017720640907
-86.39403299122932
-56.00741859306091
11.839965693145473
-72.89231158965825
-267.760381531878
-250.70544475736097
-79.02230849824173
27.432960296249803
400.84034279495427
-79.83841370118436
-105.06798160397263
-99.41966061250444
259.7107814164301
-51.25438275497618
-166.94306112638697
-56.08437341295496
-29.426979625683998
-51.96423128756908
164.29925965898747
-27.17971631258822
193.46135758644596
58.01716411020243
-11.760386459101937
-104.0863090224411
323.2905808157384
-80.45289136640349
-53.0380147698353
-3.1428313721516226
19.280342221142405
-24.8558104613021
-16.831268268314034
-12.071243373409743
-174.1276216975475
16.992156813360737
-82.19167876825941
33.26794758570395
-90.09687224088778
-36.5247399537875
-366.8312716994078
86.99568619055299
-60.92805558361821
-53.12319190673429
96.67413891776869
135.28260397700433
341.1451936207595
0.06079332914695583
-114.21989051051241
-16.18125069778216
-47.55016692089521
89.3279908803188
285.47604560418586
-70.77388877792181
342.032712783066
-88.64081972782382
-493.08978345106516
-111.91681457158808
-42.44870870309783
41.39033614272395
210.9240504507743
-64.54125441520955
-7.024151882699243
-42.96408121232274
5.262868156357172
417.5079266244211
-1.0749449230814672
-55.43687874930629
-19.753735290973843
14.219744780268229
15.5430170807158
32.94299578695609
281.6912398010518
-19.081717356731698
-87.77184430979783
-86.43554955159493
-42.66555988767969
-5.598367526343635
-79.20073887770195
-29.318997139098656
-39.66147000749321
-119.322945479169
56.457949453442325
-131.11022842763305
178.25180800351382
-31.803882380314914
211.5538352617914
-23.17713006754275
15.125813362248664
-54.190410105766205
-16.06264049215565
311.0867115803212
-242.89349751106056
322.54788690080386
156.73773565305237
73.24848210619166
199.09319492379018
-85.30912008565132
12.337757484943722
-56.36972375476671
55.18712151206091
-59.89524965673291
-37.24367307229477
56.964012393340454
-54.49960236671441
-350.53139144703164
-143.37946710638
-86.86568544280968
-20.417111904249396
-7.355709073502112
-211.4816410392923
55.34044451532645
328.81261947141684
-43.794127645074695
49.891097735702715
-132.72778527821356
168.27952463641304
19.01948299292735
-266.0929595128637
130.0818644635092
-425.43114763925587
17.689087937723457
13.80829699145241
-71.75972007844393
-78.1250382958367
-46.90620021664593
-30.291898970008674
-34.15940962798231
-64.57185400571217
190.57664149923858
-176.9685625811362
-31.780022445000213
-59.357144332848655
-170.28422317968398
307.04438327616117
-360.40165616439117
-42.33317734743426
-63.87214500265145
-68.6652449096755
-103.55539317842431
-227.04372658099055
-26.65277964608231
-110.29744455881972
-185.61597026052914
123.0257968105434
-159.12019368763686
-157.2523482080469
71.8567528704616
-60.9517936909898
-39.624765723266364
-30.877411751556053
-50.79492436192895
-54.425296135043446
-14.63367072094843
-214.65544008143843
363.57411340271756
-25.86013794898205
-120.55593016345847
-86.32113345700176
17.164434538431124
-517.6819694079204
-99.62520400395361
-47.327077115312505
70.63654124981986
120.01502300332686
-27.483982356118656
18.63178836021143
-52.648070495743426
72.86943643290942
-40.50149526751728
-58.43028095766749
-106.38830507301645
70.54613819359929
-42.23504909024632
-25.750435224791545
242.9627281163448
80.37994173997504
-329.3641710279171
15.448251826754131
171.8629294543307
480.89511442532057
175.4564916064428
-60.97418711386471
-59.91683841394297
73.12259473116683
-179.25311532135674
21.605913285941824
-238.43669740086625
-110.7163292761827
180.77800028749516
-25.293761638681076
-0.6236277319826513
-83.61390309295327
-47.85235650468049
-26.587765224921913
-32.278819373931626
-4.46746587480493
21.854694852147986
63.36995889289392
-54.59881017611977
-113.3122887698919
-70.97595980108872
-61.51773230505243
-43.45265731326981
-95.47218772572978
77.8715780186667
5.636762795656068
380.57165782523407
10.537479875308309
-19.42425021959025
-164.69943782964765
104.45154361988352
46.486143403972164
-317.85503207452894
-54.773972250224666
-143.89973591334774
141.8788822302813
37.296862935889294
-90.70586922223447
-68.43716848214525
-46.05657370735025
-0.44858172818294406
-79.29100847757718
-312.9219948018217
-142.28497205934764
-314.32834211776753
-253.63837494325162
-101.21982360546666
103.92167255974891
45.431538751525295
-75.02525397711477
-90.09163164260826
-15.943662987236456
34.37860639576638
-50.36356412619553
87.1958745251327
-328.03601429405535
-146.3528115630852
346.96990427141463
-101.07687133330455
92.41997651645033
91.65836128561932
-63.002230877692455
109.14483234571253
-97.74252403452886
-71.81740681400879
-421.7444292630953
273.47176116002265
-98.17472774900934
-126.71576857882418
77.42663141624143
-17.868246656863448
-50.15623161047133
163.72380118469846
-52.65483787074271
3.3238511898251204
-32.61956547532032
416.04574812403916
97.54183534955519
-22.045074438749907
31.37538219552289
76.51878878599746
-105.6999957839751
-72.79291565079394
97.3893057588648
86.95763021983021
17.390503455621626
134.09465904120407
-47.79831549167278
-53.467977870350296
-75.46343834625657
139.98427122321937
-109.15247362515672
-173.07477752149498
212.13881661211053
376.75764559170966
-342.8750529924946
-199.10817054613472
-272.1990369590876
-13.872875973393741
-44.814319195151256
-36.678415790018335
-52.9160370887912
439.7414641093037
3.633874003200617
-39.40530949720051
21.538290364560282
-19.13986552407152
-41.730446350444666
-28.374169404511797
25.880490673693203
-31.965649099073744
82.28344011550553
-117.27032089542209
-347.3070713315774
-6.095291361307773
92.2243235874721
20.522966265123213
-60.7472127407533
2.248161661627819
-59.210594262379345
209.43166573800772
72.4191799123837
48.50793673873568
5.7417236623859935
-84.88508397046871
44.61098252960255
-33.41847068099392
29.97254283292841
6.40514240115067
-146.8235953397325
549.9460883181946
-161.86384380815434
-129.67175945533654
-113.11179966744236
-230.10825640540133
-612.6392663281949
-66.22339539402674
9.84961136331458
-112.42805123137795
-160.08839978818833
-185.60979198383575
-50.473962065636066
-53.464813935163725
-11.238772716283632
-77.60996896617671
-2.454797473826485
-107.66619458012428
-29.43147915588608
-5.722397098355199
246.8254889351574
-75.76852580858576
169.19880278146775
-505.78159642014725
44.76910814063672
36.6745848647397
31.143123760555227
-40.74752522334782
-51.14712039292408
-28.9298448721338
448.0274748734737
-424.31510843336764
-59.883265514069535
-239.01486934689092
-15.51952994774578
-126.07732228876375
-97.24749356720046
-311.90697590989475
156.1618588726633
162.63283416250306
68.81745249075902
-36.97490466128329
81.05698200745246
30.831382340040363
-66.09006520474668
4.262367470542813
-42.992146194708724
-53.529077680977935
-224.13335121106775
41.29511863765174
-87.5960603714748
-115.66952109223712
-12.244933464464793
65.55514974302878
-223.21179082513027
-411.70800250284265
6.218116791573493
-55.010757015706304
-216.7731576830629
-97.75456316249978
18.362857901998723
23.898608954117663
-141.97884188754142
-65.66052803560831
5.8824269264304405
-73.92358026330305
62.95386298084486
73.71215571611037
-25.52353847701579
-76.3629920787929
-77.532399389989
6.298757332911862
-572.2976703130007
100.5954293122486
-144.07440076105118
180.9728485876367
-217.60845285297
150.0733318609973
-36.52490007082088
-91.340951144426
16.691730033935528
87.33252666435874
-103.66281476359745
-23.66884751496127
221.9438951118682
-27.4019663295353
-27.252075566631902
64.15352416848691
-42.38633875429268
-63.30536038982876
-62.039587923513295
26.54650226304301
-428.1717445613758
61.02144787438192
-224.48523341148393
-6.752762150633771
41.210728395699334
-122.8782693464891
-112.9964533778093
220.91605394316684
-182.53122078547676
-70.10708641341445
-19.69118385841591
-251.17982915525863
32.175846444438776
-113.21856389489204
-50.778015940044675
-85.46401792958885
-56.70479070685724
-29.165841097485913
-24.539447298825408
63.28721704861937
-43.69714149400977
128.69645424458213
-54.65333403259683
-46.63035257943375
-62.127327526793124
-473.97235127536806
-74.99044226022781
-34.146638583969434
2.1687453481590637
-93.572675727605
-65.87704773946058
391.0065962684148
18.22095962446292
-50.26717788582755
-88.11680104447714
-56.93744456863399
-116.61346538437168
81.46600264889707
1.8562594254126452
-7.981306239136757
-154.85252722995756
235.67734361919156
282.360157392206
-341.06560887693195
88.41180599862673
-98.02469590486362
-58.62140901307671
-198.79350953715402
-53.858914296729836
8.781510570253886
-128.28116312658858
-64.87568242822681
-119.03318567817067
-47.14260379504339
-261.2797966361559
-36.111840524970326
54.47474351677556
113.0837195120821
-255.5301637209468
-104.35119908669822
90.03120056715852
-24.626512549697967
-147.2436788470768
-56.75843426947328
74.46707944652098
-84.22469288329883
244.10918079611656
85.06367044276885
91.69474925680515
-52.17010983825566
7.659794632774691
-176.10615191421311
-19.687340765201384
168.24133773347785
-19.80407796505733
204.5635824395431
78.30095114709002
-111.04595433217764
-80.59457432296806
-3.554744264900364
486.5413936163495
-94.72110494390365
-87.56309848065803
-103.2951891316659
-91.96438626816801
-77.63368726476074
-74.33049627145999
153.55048971937367
-137.7003357727981
77.67022499607083
196.59215457131177
-46.80657049532101
10.234638223069851
25.246398613968267
186.73261761266804
5.317754085078775
-22.866828739825582
-334.4553658372806
-79.91341538586312
192.15944564944039
-635.3036799560305
-76.36176068776864
-76.40292190889522
-98.08657786065766
-217.6913952545765
-68.04446217436114
-243.3028849194834
32.6437745497702
-150.70794232721528
140.5311327756208
-37.53236557516054
-330.82129856613756
-87.67130438420827
-208.14336691393964
-26.486366917141993
181.96587195804386
80.27045331721774
-76.11087536776176
7.6615265749805985
-15.717515057688615
-13.032209675680013
-5.146084978579893
-27.65399192647419
-77.29730064429708
86.353914919222
-35.85822801894756
209.30521653591995
90.49433148074422
11.655198351021795
-71.83268782036066
-47.29641033188328
-20.518097989322087
-128.62908655277676
-3.6840005751218996
-44.08187014986775
6.321066189083581
-287.5491371491489
-291.98423143777745
41.52501008836589
180.1375762815387
-80.86257088783714
-366.8618538389728
-340.9754595408558
-43.44123175202467
-64.38593704460929
19.30360385594031
-10.0584202299302
-27.096908903584335
-75.41774889774204
-38.92632284458432
-63.64826154843019
54.00301235781717
-14.15839830505712
-117.42292765084676
45.626163215667475
-86.355962449662
-603.2620821816854
-90.90884573201629
-25.178803721576873
-316.8585347437456
-65.74357259648009
58.07760287073279
-11.65542856177126
-52.37364722622169
-252.00683570557067
-103.05855415799532
204.97310288052904
-164.0893137459825
-152.81109780656152
-78.86800537570733
-87.0290730305666
-610.159780132024
124.47008736752286
-50.94330548292525
-27.382642622650643
86.13543205875203
-71.77323432622418
217.18443343294712
151.28753150339435
-56.72939526386112
-93.37482800721803
1.4070665077501872
-8.602058703818349
-50.58701105355931
-6.269829715398647
125.70511616681142
-32.10308701694041
-129.58068000943604
-78.27216999803528
59.05175634456464
107.80453333697005
56.06708104511381
60.36306168338433
31.34561714507072
-46.71946895369807
-93.89312763831549
-60.055244428152946
-71.07511631803209
-5.564670202488287
72.09725246757444
-18.41683886713531
-139.79164749420093
-10.631145920555383
43.787227501740745
130.27284494916103
-100.76121399122712
-61.18132684111595
51.37579425306103
-0.5099559098889586
37.486671009944985
-52.53869261188083
-28.388009886330735
-31.07547313251976
-356.32729340723563
-69.51449491820664
6.895873532303085
-147.8067298458791
-79.50669416390394
-74.84645683553504
-87.7940643436361
49.80066724322296
-93.46329519793107
403.7199659106682
-90.37261526127335
-220.04758473612128
234.09346146209464
-49.66439979920124
-68.8121474718846
-48.23819673535763
77.46503916056827
7.928586601892675
-219.48157572969467
-48.17369900838715
-137.1505550403872
48.308098854409764
-34.20289433364998
2.726559116140834
-474.0831205588984
48.57305647400062
-102.29238830480705
242.71811692700066
-77.44339679431634
-390.9547156491444
-176.42204871109425
-429.98701402195
-32.812534238795706
326.3232552227255
-144.13420951190074
-7.3272868420985136
143.90971271371927
44.16577088966551
29.755216801257575
176.92693558977044
2.1395029377631545
125.63030026649358
-237.08292399858328
11.551731920470047
-39.351925144294
-97.55401177149906
-102.02679984310636
68.2782335255688
391.3893325747531
-65.68422829113513
189.07469160477558
-111.67911180265219
-33.70339321478423
373.9761257652244
-86.43395400846384
32.57343854280225
-39.16329252879653
47.19437402364383
-77.45694779103724
280.47542633279227
-36.94663884736474
6.157215732533587
-205.34499872930792
-78.9192525851995
137.65461008215243
53.82834984679266
-177.47483105063657
-55.66324558280553
-85.1202596924852
333.7647302199457
-89.30013661392059
44.510411756678195
-109.70840743515964
154.69886867350579
-64.42893487350169
-236.31147885157407
12.947126001296361
-354.8457437903162
-275.0605850773318
24.9389945498624
18.87467476269694
-104.54931501569172
-137.66778286081717
77.30053060291903
131.50032633257433
-104.74910556713716
105.93431850550587
-255.3660589981755
17.370233091593946
-68.85924950002573
28.837665251052385
-295.50192377323765
55.26915240839617
-59.52453228678839
-63.9623165708232
365.0728740215145
131.07342954253727
-54.82963110964147
26.820115042200996
-494.58118351814664
-88.05080285942864
-66.46612907195254
-83.72605435321897
-81.42076577687915
-47.88331655326692
261.09239607865584
-248.31712036816498
-49.53751375279353
-68.11301540174713
-24.18732626477606
-320.14487164661114
-190.10650219647505
1.5996122720168273
105.95842080375769
84.66344897346426
-69.93331148087907
-102.28087736096768
-56.19296953956473
-202.9960259465206
-83.403913739069
-304.16485888933767
183.53519552109356
-61.40127738584613
28.11395598535637
-8.932239383406703
-33.034936374201834
-54.09611260069949
-21.081831790032084
-39.3683471699639
-278.8395086413984
-29.198257245312675
-196.7040284990162
-52.71941047395471
289.96086572281274
-321.9917706919714
-30.119186569518206
425.6461249892345
-104.78533464020488
-69.56050078748012
-81.95822161053457
-105.03515352146411
-89.66969820689668
529.2666428014109
-67.27890274637866
-43.33465076333336
-77.29161423401274
-82.46219000064025
99.25762196565302
51.745550897931025
-196.20121976025075
-15.660573746276071
-67.37800482424484
4.708610513417
-39.32235555017007
-50.95995100198886
58.42828833389467
-43.937185385156226
-214.04227543773595
-91.88239910602078
17.83023558729033
-16.878038575894607
-312.4879647546113
-148.98811626176393
44.51340412414538
-374.60406525054896
-131.4509039294535
68.06287626475205
-14.100858665050282
-40.42155956578932
38.44155329481191
-253.39059019785645
-53.36073932303225
-60.32431908158529
145.4327268101806
-432.42729330316433
-61.623798551891646
-50.641365221607
-11.207362220960079
-47.80785002739234
-61.913692467978514
-374.68198752415447
219.36858394633873
165.90979532078154
-240.23670685753314
-96.00143010122987
-74.19630946157187
-323.40560228950926
10.692741071457476
343.9438233349756
60.00736898482501
-24.305307964600615
-70.5667818857703
-332.68466532741877
-159.76784181939365
-59.98198250646542
-33.317502709098335
214.43706113110966
-68.49765418885181
-481.3963905006699
87.99223595311742
-89.79473069501609
2.3691418182934285
-21.121998964797967
-64.51338959799097
69.3352505106559
442.37552887063066
-107.74206252204203
-82.64895282437362
143.6243061802761
-65.54973279640188
-13.499079537852367
17.38226148239073
-47.65018500980932
-57.709080950729174
-53.66002675853717
131.29275327589949
-167.88049562217384
0.972696592381908
20.21957232747627
47.04918338547532
24.291288383155006
-63.967153111690095
-69.78411112665304
3.853614020980558
-46.19455995611315
-7.339410836689183
-147.00424817234307
-18.339135823469405
-149.09218063149456
-57.92400348963747
12.630800928207691
-97.26286171567153
-136.8468182899469
64.08698522843679
-56.22024324970698
-98.53865663110628
-394.24236656962603
-20.54951586357386
-273.9776417580397
-93.51580681189989
4.732407609050824
-37.42705782816665
358.2355667365373
-18.66533852104112
31.517592061986306
-353.2123225751857
-10.222889233481055
-49.67607427936855
10.235973761262358
-188.9331953239871
2.5023076181132637
-118.86079041455727
-40.236279586441015
131.84737191818112
-36.38120090135635
-616.957379004305
467.6846896663242
260.0817366027991
-46.803610125902196
-59.04725767990203
-13.71268827526228
-77.18994516430416
-250.69455964812005
-101.05460933505856
43.37727418725626
-31.124811965901756
-29.15638421270145
-33.34833759134699
209.12135628099895
2.3681998467501746
-141.42567270756217
-19.787512217045162
-8.57945084111347
-69.8173973791271
-249.12927880571078
402.8175215217634
228.57247697107414
-343.3089032061507
-41.52069442962579
-25.834206131559768
-36.84396960746017
-110.13760506592826
14.780937024585057
4.043111054081237
-87.07653119988574
-42.35817658217611
-417.396932268377
330.3283250836066
-70.88527895312473
336.25411911800074
-87.29937255197082
-76.23991565918578
317.5251779135888
-72.26974146974402
-47.06376777763346
-26.513297456470582
-63.73842780061897
-52.872795565717986
190.65146302161156
-4.612341211108173
-47.954589894829695
-220.37409805908646
-130.4825717114945
-98.099253681693
-434.7129283791637
-38.603273943628665
-14.14567342754033
-64.6404901763461
-133.25646733785106
15.3518334722703
139.26123578951683
-66.7782707270357
89.68749568447129
-26.2462872168664
-121.70754044425485
27.849346532542768
-127.44269344761778
-81.78535215282359
-63.89670506119617
418.350159878295
-58.811720089185826
-95.85158723429024
-328.9826621894499
-205.1068703453093
-38.45782323677663
-39.570884763824026
-134.46432232934785
-78.57996148198981
216.46972238320632
185.73699884438975
-81.73228875922723
-58.404209908285964
-340.71909023287117
-71.74064537150132
-102.8974203366345
-25.71064780092638
-103.7790248038864
-0.4969416897517931
6.454978230496408
-83.61870750838278
18.14196990311575
121.03616093597157
-97.7345640090025
-43.031751064060884
46.01989335841972
-191.9440119801693
4.041670425713164
29.599190894185767
44.36758853445144
45.86304022582772
103.175924951267
-24.592875674158474
-96.84416681778761
-84.53736483420471
-86.05789642273858
48.66391870448069
-31.983758566691904
-67.84167249680559
-550.536250470399
-283.602885302651
-5.932832676418029
11.090632392653788
-88.86182626664277
-94.6025423673046
344.70614342427143
195.59028431015395
-149.8407615173419
39.12934196074639
-9.424881981462022
-51.17831841815967
-101.33982887254683
181.72785490482465
-35.436063583241776
-38.005185308849924
-282.86681643832344
-38.145997126084794
-39.66954511044619
-91.08445686174818
-58.01219756703358
-83.01817908412704
-92.35605384184308
51.43930142759584
38.08428192360134
-22.9402774437973
-17.957148223554896
33.74564549948036
297.71396205136807
-26.599915803382
-70.98497524912376
-33.087846813563374
-455.4080712365321
-128.42143262043749
22.991371778154644
-150.91611833822571
306.5995576130408
-101.98615087378494
-0.3817305326851965
25.836450437908752
-213.45457564834214
172.0541968542475
50.69061520995547
16.191719233494155
-52.25533127066086
-130.23651715398046
-41.58224491084818
29.56775472217214
-42.703250242370906
410.71657430950563
-13.176143877881941
-45.49336325541919
-472.6267213764131
-30.445802066346005
187.3244457652272
-74.2691744675858
-277.55475843399654
-108.29654714983008
125.4444974696562
60.04845030587467
-26.394673507405507
365.3182600825039
-145.93602883380117
78.70746371702808
221.08764602081465
-158.95295704425735
65.56576556935397
15.919664089543403
-76.98568847235674
-52.753488548510234
-88.19619240850454
-10.885738891818619
-172.31989680495462
-62.72165837008902
-51.94600543427413
333.44865584164654
32.01473618024238
-58.957313665681795
87.96984945530085
-175.7061040664721
-69.33405460450365
-47.596582446110375
-355.5495499870394
-90.90774198441886
72.57820549533062
46.91740946479695
39.370324931516734
273.6903559672119
260.7986011432704
-88.64848161995667
-295.84387138086095
-31.862613635130607
-10.665185679004026
-44.68039824201446
398.9154435590481
82.58814939120202
71.25189141936653
-4.707912396563188
-20.625369288387652
1.410879128785382
137.90069740699255
-3.387693632933633
-176.5037061333187
63.54678038200177
90.09979084261249
3.148416808042384
-166.13690235503418
-56.12758061386751
-36.95702800131801
-38.912977093777954
-147.75409219189714
138.96169760139492
-61.44618999581167
-110.71075194224967
288.68034674867886
-194.43106507331322
17.76701519976632
-51.121986806360724
-366.6106626643668
386.2566937049178
-158.1751897330546
25.570743635767826
-59.93388991144457
-206.75331711524086
-26.478838894157438
-360.16931352844585
-46.19433991314871
-34.520997006329736
34.55982798992818
-68.43594068920896
-67.04425533175875
-384.589794299025
268.64686068108495
-72.66582206697785
-5.454023332309589
-78.00994201731199
-60.167469768378844
-45.8627230590821
-133.80732798649152
-511.87631576047534
38.42734882265563
95.59467095084983
-153.1756077026066
85.94788630783569
-86.47303596512393
-17.343740471846104
-323.97822440738855
-39.4120101268893
166.01125895771747
-68.67954044889484
-98.01654103458047
-279.49394248271165
431.6462202601597
357.36188077281804
-97.4390192108267
74.97551515228588
48.128860098544465
-87.61670888273005
-5.544455220146119
100.03867722882205
-60.22288722343001
-223.7894015736747
-28.914675235166555
220.02285835763178
-48.311321654328715
160.90141993633733
-375.2766665562922
45.414188394048324
-23.684330776413844
-131.310183512197
256.2276368434068
5.999198500531065
13.349624480102648
-34.7086406255306
56.42915234132124
195.85151470968958
-71.71950501077879
-27.295420908868007
58.86156410915646
-68.92069550945598
135.07419439802197
-112.01684052586907
7.874052361932627
-90.84812620476471
-70.81641093222117
-140.36039976244865
320.3850716861216
-32.2558580432051
164.56607228015673
-65.24389060307652
-93.83949901607762
-37.840833858080465
305.9432459345753
-57.7945078801376
38.7418225370875
71.87964975345494
-91.28856414871916
-115.57195577472703
58.82002237396773
-75.08811050321452
-56.372323043211765
-73.59521230699829
-143.54241649824326
-58.7819388915168
-102.52679736856352
32.86268166618083
26.19890425842732
-72.81618546483953
9.377059908463707
154.40040312955352
79.51505710945275
46.46378732058474
32.58615884593928
78.116851861967
-41.061099496884935
162.55032468068566
-86.37699327112797
-57.6198855430699
549.8507165214323
29.933336221720538
113.95254524603251
-190.4541067540831
34.352215611488646
-34.83006707394579
5.232224039506491
-34.596290738393776
-108.9254005761868
-48.1735899038631
-386.7752409207478
-34.75048060158935
-76.16365904072026
90.7229307519683
-90.19615503552154
-29.868966474493497
-63.02023528717639
-45.5168414934501
1.4318050680276428
66.17762715448407
-143.5964022245528
2.0133726399035368
-70.84604913785563
33.335744968770086
39.13003972931443
-4.386397252024835
-110.92462315490047
-164.5246173594751
-40.401505865656794
-75.95652185592841
-4.394404533737543
-81.93385588958881
226.8602300854127
68.96609954958694
114.57247180234936
-20.232437509561805
-31.733781475146316
-62.8271111388828
-79.33370086301329
-314.532285202833
-12.922525189391308
-339.23534121515695
-68.91261674254152
-41.200946975387524
-1.2284503921509895
-67.06037689792637
-115.78305591376738
-9.259078953313558
-12.05565311335522
-100.93907918746042
-265.8213608918322
-100.92861165321392
-80.49647458277286
1.8695624570773361
-231.941545158199
172.0605478006346
-268.889592488209
59.01373776784658
-40.907932255668584
-54.58649411333715
-59.87877654963415
-85.43159959023909
-64.97606005248872
-64.73211946935362
45.221033861031174
-78.45082433826065
236.9910958597202
-4.625417351678124
23.92885254141038
56.76573427022731
29.296183269456378
-43.23351012879402
-67.14162033162182
-64.58024915637543
-72.16821646630899
150.9315356274892
-117.46045039044111
-47.590715277977274
-193.7151512350374
62.02191205991721
-152.5942844945057
-203.1565342963513
-74.15202925325079
-85.23762083085414
-4.823478236341524
-55.07939036957192
-43.83964203258189
12.53196930733678
-42.90111115413544
-31.00141844004429
437.8450678618101
-212.82641069467354
-63.5212162912685
-108.99001514373776
665.6334725969264
-70.024526438281
-193.6375724879772
-329.96678423204503
-45.1106307432004
-21.983457944679685
86.92431407349704
130.71250233523097
-96.81710289797887
-330.48840849634325
-5.4477648092838535
-104.83484620601484
42.1055386810599
-25.28764467971996
176.1398418674362
-78.13929837650585
-37.724062407891324
-177.52914116222382
-149.89351217127933
-90.83954013522361
-17.73659470888847
-89.99923739642477
210.18131699674086
-65.6562740187151
-35.883267884578004
-60.12638752140606
-19.519523369943407
-624.7080063901558
-56.02808980788632
-53.65867838687097
-73.93249384063074
-53.20666698213936
-21.271622931892242
23.516500428283962
-147.90009307752825
-166.9363165488503
154.1650607080701
118.85331311016853
-83.91043285751314
-76.14300607281655
66.37717124952906
6.390709421750216
-114.82550560983691
-149.5284160619367
57.11057870324112
-58.445380048267
-154.70641420465654
-291.60577764927166
-63.76956581079213
-70.93234719767588
0.6897297203822745
-48.53031863031265
-80.33351756649972
-52.17977859252096
-26.53751278590198
-77.87336881923329
-47.3125913208
-75.53869223098695
-37.15741503499885
5.101720582514645
-138.61297964172263
-58.20536739536611
651.2015704436526
32.74916603720453
-510.3590159949099
-94.96220848453322
-47.627268276810625
7.340051033581858
-20.869394060615377
-10.748588873360859
-20.753655221935333
-34.91899772992565
-1.083775898827298
124.3233033211236
-216.719770067024
-134.6519537210097
-29.500595732397016
-117.68264715661182
-64.02367443116847
-127.98357595776224
-90.28974575952088
-58.081859923502634
-84.67100726461854
-61.62481992248215
-115.84462306667137
-109.66506222307817
89.51491560428349
-12.23265684919599
107.13670097056502
-48.85213463350014
140.7216145314651
85.52490868370296
65.7500702537709
-82.02048614065919
284.75638693240217
-20.89224286964236
-238.58409126486004
405.1206418745078
-15.65114261038434
17.73800102482471
152.37790105407475
-439.49933530727594
-506.5088077531127
-107.24640843923976
-300.61272372080566
203.37393435703598
110.33879314302249
-25.69157372843256
-27.289717427426922
-38.645349751133836
44.622148496072214
-92.73828961260551
491.05416178360247
287.67972679938384
-45.17510766824249
-23.792587331648974
147.74094418408868
83.21380288979344
-55.6353336267282
-90.44456721196357
-50.22492387578541
-6.032147218479622
-23.51306274137869
-118.86130768443783
-176.8715717956493
127.70525342373139
-63.14104528595378
6.423429902624775
-441.41877885640315
-259.7334330049016
-126.9610616641803
59.81405751695911
-50.53805888396407
102.57117027482855
231.64009816395082
-70.98330011537246
-58.7055711735222
-386.4604308032758
133.55928779105852
-78.55131977055278
-88.16350240227253
-83.98255208812033
-182.28565309610167
-11.509660527095281
-40.11254453352285
-3.8307360307616136
-95.78134257520549
-250.50415586272175
-15.363596469627737
284.6650959751423
155.12204286572705
-211.03497530435743
-58.13029098372069
-73.19498368489076
158.48925441468236
-20.04472242183624
-112.76840778756741
16.198426511686193
-135.32653969347848
-106.87085631260925
-45.83060069200383
56.08195566776885
-38.551324885406245
-16.094500471488256
-40.026684019297534
-51.04238467241714
90.0503324369347
179.8533445121193
-81.11617546021796
-234.57316398550483
-32.188143257293234
-50.88628173534425
57.96266612838281
-290.32059842065064
81.3791116073844
-138.23478202440856
238.264482372364
60.536977325258704
5.650296263178461
6.260153437702684
-64.58394386945878
-45.414582985577724
-23.42750944531508
-9.498370796924974
70.3091046027439
-403.9805474987061
257.9767819913395
-40.13624877793103
-209.30339935032862
-52.609025790783726
-259.98477719217044
523.1046467083961
-393.2415777438191
-88.64293298612938
97.84073710190205
-58.68185173378788
135.46593148217653
42.5589283962363
-77.25537653810385
248.33683914674475
-162.13564315700933
65.75988476223938
-95.76805022825522
-22.44542561661183
-133.4405152280815
-38.58541814219696
-61.32565685025622
106.32969559377307
-176.5682919627634
-11.046911442052021
-32.03104761687746
41.243774768774074
61.491525050397286
36.19631339539001
-58.02975271744462
-115.84477465602777
65.05371511585327
-75.62787142201341
47.295031249231215
-353.21299082157384
-66.01408058349261
-33.07076850802491
497.3520887886498
-173.16568456406276
296.9970146722826
28.0580207282415
66.24399440013804
-110.45786218164928
-48.94549401068616
-47.72007867672801
-8.942798042527102
36.30237052636039
-81.68600010669587
-17.180778371858082
117.65185585072004
-91.14724775426112
-432.7522920782885
-7.002297807153582
24.357150140954218
-76.16920617312371
-58.50213714187839
-59.838495941286794
94.06376022981385
-132.23269557455023
8.753968595254946
392.95683545182146
-38.67877777535759
-348.2223589588011
-5.608901630162109
-54.71661738920284
-71.77753347784346
399.67645491740586
2.8934848569669924
-72.98466217248433
131.0905762449388
-74.18135178732423
40.083939823600105
-91.69290212556902
-95.17720371122505
33.438386572290256
510.35492868675465
-94.61355179171346
117.09226186503656
224.70330560899856
206.5945698463729
-37.377100592940224
163.4908417138622
-0.9599032860014631
26.774089043424283
195.47579519537248
43.06616276502427
-101.08158905511709
-31.12020681597278
103.78342289158718
-72.03562712107474
23.04233157774598
60.27360379048514
-372.1541093325077
59.05382685571203
-229.61331356435585
-19.10375797018378
61.50283985568967
-50.64668340758817
-67.6552888812188
-53.637535183946966
118.4860215831186
-76.3617364219881
-101.55302554366426
418.3181362996893
-34.25429902918768
-4.253164116333721
13.398620130496056
-61.01047603922586
-24.134977834874007
-357.3643778171445
0.49916033272165805
-81.34710058982517
12.536673298583992
177.73516510019363
-91.97800208776204
-122.49975663270457
-28.530311419926193
-4.085756261502016
71.90718805722736
72.28108612314463
-97.49817937670042
-1.2758085217627553
-129.27693271167664
461.412063441634
-83.79594153140852
31.680671304386124
-15.628286857370618
-73.15676264270405
-58.36279639204588
-102.77980406889687
-39.07336247995465
-72.34444528543372
-18.75168446009866
101.19894948660658
-12.39569696538274
-192.30235990499568
-23.746564834175047
83.5590666180251
-44.98117049393811
-69.33841242298973
-91.25094145948016
-197.67796668265328
-86.39799847577521
-290.23302191939365
-44.61905104948323
565.9632314607625
1.0497067849937594
26.544789824934014
-102.08542149968343
-98.44146543446251
53.91399915289776
-246.65144898439758
589.4128145117311
-53.340852969137245
-53.799640814463025
-69.6399230340364
109.0718782338372
-131.3690961893899
-47.731480821178366
-574.765697988083
-122.76631244380769
-18.841476840210817
-33.46011368564525
15.358815351940848
48.55403709883734
-6.75277437862178
30.209664052914377
-47.52373018018079
-63.7205633717501
489.129239886046
-420.12318402428355
-10.957305034038654
-110.70497134017387
-34.37166034679558
49.40689532677061
499.38136561587453
13.72838504291758
293.88467577139545
-331.28061192477435
-6.34729177878944
33.006333700983305
333.3344872655125
73.60509089778407
-20.792457130945422
-86.57513893589989
-172.4674802761965
-85.42738100254974
-457.8251732962217
-38.15505122302943
-73.06279326854896
-49.65021534955968
46.11507192743011
-52.49897530256749
261.58271376517405
24.124981938401106
-80.44137516938099
197.26311718466604
-236.93376180512405
-112.33694059427489
19.460482371025364
-32.73978091918434
-42.48744420743061
-7.580760908420871
-141.18225568323942
-15.7532370337818
51.686372590568226
18.135760250148653
-47.040068009166134
-48.79595542255429
-222.57370001376512
-74.31416393007976
-168.44978740066654
14.460461612084089
-220.50391322995347
-56.21002260559146
-605.4501480288363
-43.660771956274544
-49.98399800879113
-76.12934061530473
-264.8497621220681
-265.35944486028166
-29.524203754103326
-191.69254568105498
-262.53229073727744
-26.86321801664465
389.491377262224
-10.839237267686094
-43.54029016967609
-109.93938726923795
-318.0414747120458
-113.10740678986531
76.25613116013119
-0.6394480616637628
19.415220911674623
97.21588736324338
30.85201354885004
-77.81489614828024
-23.81331801818371
-190.57640857168553
5.300316574212047
44.82168638917301
-1.4242380351743122
-171.43905667428044
-84.00232460858183
-79.73579895182668
16.946922724635442
-105.83601052676582
51.20922871392031
-116.65832024369774
-16.160123627225403
-250.12235553212213
37.88651217786173
-66.8382476673678
6.163293671743361
-21.71776210252674
356.7208981683543
673.4069494160194
440.2444292119162
-88.93604411057458
-26.757443798045514
-57.10969313797287
-112.41644572606492
-240.50716655199722
-40.800726248920455
-46.879773752730564
-9.848074793668275
-1.0832077274558964
-27.786369609934997
-211.08582162821222
386.6605230747573
107.17118963250323
-68.10683374683094
-233.80986188479983
44.24603107781877
112.52255964676988
-106.11634881571726
197.01450356198438
-4.113965559346822
-280.99301299088074
-108.67197289493743
-82.91974970158165
-333.3778030891317
-45.15235645235589
55.974199597234474
94.58231528462056
106.10723289881116
418.40389534011047
-140.7719815156197
-13.879121162596675
50.99325298337226
-102.75970342006349
-107.40471779841755
58.74533929704285
-49.009316542840224
-9.83546718166707
151.91876194629003
-84.47448153151345
30.61694338715194
-114.32269738995092
-227.12823404146184
125.21173345569332
-560.3255541164526
34.65946758469545
-176.01163608147544
-52.14519922717225
-425.44427497161087
-33.78265313095599
-111.8574358343285
129.32431872074085
183.6321377006184
-216.67618441425475
-205.4776599722436
117.46849011227232
-105.10694873976718
-29.19380772613448
-30.585431555014765
-50.94455815141191
-91.4276017813042
-72.76584185085225
-39.8446720686802
-10.83469604418056
-294.1756643827721
160.97961382466565
-89.23490964447663
-112.67014743832343
-40.80715870820262
112.11810342097306
-153.42679240031066
-88.6994345770089
244.6619017929752
-377.1365024083716
228.2148980542861
-57.79255927159365
-51.60357305207266
41.56405117657778
164.6331582444318
14.096013973909566
131.86273865508338
-448.9580328974298
-49.41404284924384
16.79906685834976
-49.71090840978617
-38.4250002353765
-27.40579981202916
148.07117394726492
-38.97130115972632
-149.80972676923375
1.7489198411622056
-222.55494542837914
-151.62792891948902
-16.13311397927282
-207.28742830689498
-26.172564417152444
368.23378261860853
-237.21507928984465
-106.07137916944157
207.80369447018347
529.7021697787586
-77.55667281649403
-383.606761480567
41.81612760560711
-101.4038112925632
-2.0167072070616996
1.2238707430642535
283.3839782273808
8.546583333604303
-125.89409280413143
-120.88929494299282
16.955907119037875
82.66543174960134
-66.43595256072099
-79.174579410666
-25.662831820956853
64.99519689654335
-49.44478947474636
-103.80248860732223
-22.521219947562145
-76.44707881605791
-282.66253496507215
-0.3841465998930289
-122.12126832915783
-41.36806109349134
-67.53846528055813
396.1050635576503
-84.47904335640864
-72.24613120428057
-48.39323449525217
-73.78464904146716
250.66489918385378
-144.82458761059024
-62.982279844376535
-60.526425554233754
424.619815269828
-174.88436718487173
-122.66539527988789
97.0015400924458
-43.84321675208021
-169.9888812459984
-136.94360871471508
95.43558199380277
141.41107959452893
-84.47804184569178
58.49153727369867
-95.37826730816683
-552.9634742351682
-81.48061548898163
250.73225425129567
-79.42516360480596
-19.804048585236387
-61.53364734316963
-7.802524476257531
9.908123871207863
-110.43559046164883
413.78269847597403
43.557385261714444
78.15012444649983
-75.15897448520576
33.78733400907913
-10.126033954579725
-60.38629227267693
171.08742079851345
27.543835122853125
165.4458199136061
-261.58737346622183
68.70500026440459
-90.48715802439878
-57.65114595037085
165.80196913839063
254.85169065231275
160.7959376918625
-203.4177939420133
248.5044497941435
-10.482181467263345
-107.94533971740931
36.21404237835122
-8.025452669486185
-152.5655705767258
203.22587795550317
109.19835200286616
-52.66488874913406
-392.2547815208036
-65.5419874443478
-45.01206335902338
-100.70703282711474
-27.839484800088677
-30.254145153475452
-75.25017415275761
-56.42544382253459
-31.000829844940622
215.57896047001486
-130.2865082531339
-90.78379078639468
-31.285345431727563
28.05339632797495
-54.136525055670425
-9.37622896656012
-117.87815370669523
-87.11473939672449
-67.69517043617867
-83.84285027998703
35.82072868745445
-49.91105908040663
-58.56265918397003
52.52886181222533
-42.488135080350006
-20.86917444392998
27.931453447433057
47.709548059076496
89.45472852955936
-293.1895229017773
-41.88192419729165
-115.63873512309146
2.3315309698264173
-105.57936868569413
-5.720933373465073
-320.41335473941035
-58.03365763506211
32.62884553159893
43.32507694579135
-65.65853161548657
81.39921621632175
-40.50048903716288
-97.19766401557172
-117.15128531395021
229.93936488454892
33.7309006612486
133.52650438576165
39.74646418244538
-38.19323186184192
45.88696055863147
69.91516287288869
120.38064032329385
-79.16855810655541
-43.31499656796233
11.94671858683023
-85.5646262926357
-39.065831609828365
1.3776188523858721
-112.9206647907336
-76.57136676615455
-31.518892724765028
-133.34486057135837
-70.78279678119316
3.113699111391456
-56.53794226880857
-47.55228919286583
50.82764093307924
-8.703156061871535
108.36327603726022
-105.8363590395029
-24.258621988353305
3.775688516920127
-269.08736977712215
-62.585771413071434
-92.88150769927802
151.76756642256987
6.370510407721667
-62.61616024050491
-42.60530436066847
92.8468803001972
-49.79926801140073
-316.5589191192139
-212.70711428051254
-75.71700251468445
69.73437242238288
10.568694167912327
186.2369319050158
-44.53049891876725
-277.63157438512826
-7.333646266175492
-146.99971714879575
-60.98017568850847
-285.2202358079285
138.95227161777984
61.58076444819926
-89.55882213712084
-62.41700260401588
-29.454907425977026
-5.670629613764921
-10.805296245565142
5.6957044121645595
-79.01591623886068
-33.7156624599902
30.550679239019246
-70.5730007979383
-97.23569051887876
5.322028991316984
-145.57751664025454
217.44143074607928
311.9541046485201
-42.543053210621565
-67.28971673391061
39.0263820721284
-8.650706748319863
-36.520042720286256
-82.18735453786485
10.141701238009603
-26.547932855595718
24.052533470751314
-34.296231275038735
-14.12077805457551
546.1163995381794
-434.0934430645866
-49.266918895231356
-46.85000443262967
424.30719573908027
-324.4117687326634
327.09717569023815
2.1131867484835425
92.49931192531949
180.68068016102552
-23.333013279594525
-17.003198901829908
-3.260438618426633
-44.65393113203936
-62.36721380600141
-126.24177429410793
-269.02874231265196
68.29795443390685
-358.9563837709429
-105.46666626676985
-3.9223557788125163
-27.840480691720074
-10.121583146149192
-94.18571610737308
-76.99954578439065
76.07942833994457
-25.10834208151755
145.90486840236917
-36.013995538506066
-151.24372314665743
-157.4473457625354
-596.2217808313217
76.9385992636835
-200.52755334897847
-32.01251507003377
-14.724851039794586
-27.454714148772354
-0.794811724059509
3.6870115630522378
-383.7172324652529
-7.931233107235613
-15.033377660923179
109.61027360190928
-67.81310170314825
-86.26987443401413
-95.83958503085586
110.07376068538815
-78.54710968225709
-91.50413352482363
-112.11032255710536
-29.89184965154618
-11.432808443509202
48.33998410917229
-86.61152225910507
-106.7904899698051
317.5033114728649
-31.182305276383726
182.5536062242586
-34.78198877885632
16.702853605591827
-65.8541011427765
-78.9068012499921
-10.380238892733018
-158.06799280521864
-1.1638187203568093
-50.062114499887684
-172.98968221630366
-66.25303528329096
69.39786495279895
-22.163783544605394
51.853237166679264
33.7914311235204
-99.75914413666247
182.15499514678413
0.3204450968723904
126.79504571202415
214.99559439328732
144.5009709122387
-82.75118576812383
444.36892321353844
-283.5685016346579
-74.99532895161974
-71.74105138025395
-66.71151017105053
-33.88344372411666
9.2645602467137
56.9057357022034
-118.61649320311699
62.178159992629844
-3.9865325141909125
30.54375996768067
374.5595512060536
-28.66189472862061
4.104893454597768
191.16280018715952
-49.28017108193964
-224.2937296501368
-214.127455244261
-11.962937121990457
-21.393370340671026
-28.60646134104992
-27.87304049829121
6.825804060918472
-134.7936388727412
-277.4538990292567
-81.81983225373551
-34.71816339545022
63.362112953582255
-164.35320217015578
-113.14534685543549
-148.29947876985534
-43.42529046546058
-73.05542428734952
-96.37852416697238
-6.340353349102315
-68.70088872134404
151.92173713051125
-463.3669480744047
-47.85762367395467
51.54595451072146
-233.9178005247104
164.2431073826101
-340.70936725753927
-79.17535466745493
-81.48798291724125
-107.14144523772687
-59.44395997681978
57.64859362548668
23.30836978276102
326.23169609416254
-381.9810235522873
163.0346507721606
-70.75898954903928
-293.3419764102873
-72.38248758671759
-6.112791050129999
10.640586566428437
6.779825426905518
0.33742082372503696
-68.3480281510461
-5.464082008800688
34.297399040669916
-19.108208559322634
-10.255384214572333
-42.19163691871552
-569.7107632118077
-49.34556591203283
-135.25425734358214
56.97727125732126
-267.392888814029
-68.78864868308119
-64.0172867423928
-81.77154930057917
332.7248717986713
197.36697250462385
-10.2616846316514
54.61382551064344
179.4005770766389
-79.71711835694259
149.48527979236133
-53.02890515437821
242.3500244030547
-45.816024010719744
186.58078214216403
-103.8247278795443
-13.456165608328604
-91.15966768646285
-14.961532404896616
66.45373369094705
38.00245435126271
-62.857974989943216
414.1275349351017
-417.92473372738095
307.0986158406431
-339.13282775285734
50.781461819828564
41.74218789677252
-105.73283324202026
-61.914873054882264
5.95139007589205
52.00902454313473
-67.96872766602777
-49.658725465174335
-75.34244982588359
-62.033307355988654
-78.42681738904767
-12.650792554847612
-11.412680078847643
10.960480391172041
-56.94039789196643
-42.08314603979852
-517.0017577363196
-124.63134985961676
-65.44926855902366
-22.697956015845932
-389.43921591540857
-457.02747235943025
10.584508180229022
281.9058095299788
1.381146458979856
-223.267402243162
-28.525422974089906
-43.60651126685434
71.26320786550696
-84.75749329806968
-546.3085224830593
497.95160417373336
175.6009926818956
-6.603705504712707
-3.0399348897630034
-202.95429609188068
-12.596156307399724
-17.833708579375525
-253.1719449231914
-4.312103195007694
-4.135310374285837
19.139603118290324
-97.28895938844289
242.35957772906477
82.56401740765432
121.84180869333795
-93.2032829957944
-110.9960497721986
-91.75110490266314
-234.94434830864157
-265.94441268656374
-316.71666091989937
137.22014915464388
18.27428990665636
-36.43672878608601
-19.59965926104576
-108.50124955734736
-45.97327063499738
-62.05121938555803
320.61859975849256
-80.96863312018208
70.98700081406787
-4.717936669074334
-71.24485471792559
-21.608566895702552
-20.27299234092675
-73.74334809946049
-43.463099325991905
-29.121530636655507
-142.33693788311393
-22.021670417689734
-68.45422479226852
-45.00632217325074
53.707205481649
-64.83538062955267
-71.89505068885228
-55.841397662507006
-50.81356064522973
-53.118460178480746
-81.29666932463988
-72.95076021341237
5.8045654553534405
-69.79979496921987
-65.3042055865912
-102.4772057011876
-35.216721708293335
-121.05846775420468
160.54343840433648
15.450856194953758
-78.66468999016148
-54.60220802442609
-22.58357428614363
-86.29391675039652
-53.62585740718116
-85.66950790449118
-49.658696444578226
-44.09024690499183
-206.53894968426812
19.547086504117033
-222.07993605341744
-144.3690766595124
24.210039912797583
-33.80968570947243
-61.581762829208856
-67.82295424543815
423.0834124136618
-35.69247214981387
23.330767604511493
-151.439636601448
-80.54345598512016
-88.8381800861279
-84.84413504881016
108.68857759521597
-40.67728833911826
-87.23373101557308
-38.65635130987406
115.26726013579719
260.02461207303895
20.871627067343866
118.20643131816541
14.221372951081321
-93.5335501008667
544.700110958478
125.02216013587531
94.98073882533663
409.3807666996636
-178.2467149088443
-82.39891422712901
-7.426524260696169
-39.80850404303601
-26.94389647369809
-343.4247635720585
160.52337177218033
35.61064223263702
-75.96275345184836
430.35997962813053
24.841287348512196
-45.45788040200188
-122.75062953136148
-154.55358541900387
-75.15859571663258
44.595087205530945
-14.685925225802066
21.519138334239358
-2.8483647060557473
162.8688087905848
-88.17568985136634
-141.67698517153053
-13.294969514374756
-96.47199386419182
-76.72190235060097
-50.73131864202878
161.22671898230692
-60.9815903966157
-328.9061202893372
-49.770518256675814
153.6570200274018
33.360984130424185
74.45823701662812
-55.035633361923374
17.503784278404964
-80.95173562647875
-33.10309902302288
-245.4489552385021
-75.74549259497326
0.5053218993139126
-82.22841416418123
154.40932152374808
-31.250851569054475
-5.822019839764835
-102.06609906801964
-53.24439427925245
-100.63072730244858
-40.784777069841766
-25.73126381261102
-50.801956589582005
-71.14982864645104
-59.213873539237284
10.19253419874343
-80.88466675382551
435.1691870078175
-61.98391378252908
143.20474917773754
-96.94496768653698
-20.71632430487867
-51.89316797722677
-121.82802318010181
16.031218793032924
-30.768561858101517
-375.1358436248938
-46.923824485256105
31.18763515655155
12.873696542450489
-84.79952435236191
-37.75530867321095
-5.531303158652008
337.2881696039585
-396.28568466529396
153.48607240576894
29.27067551573964
-47.7289224974661
78.24240184116206
-503.3964432451612
-27.790175552479923
51.646878633977394
-175.55337565006357
-25.285285721974105
444.5758125463726
273.99046739011646
-20.16131382545873
-86.28727993022221
108.50304285499988
-50.02644847956436
-65.6281383148696
397.0182413753191
-486.46132828810005
-7.116137938781321
-33.64373855451578
-30.076383378374658
516.346207530034
-148.01361191347405
-10.313134267998919
-26.759654027206125
-228.33009902638332
-133.49112697098099
127.33348704584023
123.81313855629014
43.92597715575948
-63.973042639862825
-17.7822168981711
-24.7984540193778
63.81242247560658
-565.861206210755
-83.90843407271907
56.03075339056704
-57.57186757731162
-62.26414602118899
-524.7285424448328
6.709041010375586
-71.50606675730523
-438.0526121926523
-275.0838907345442
-18.362246119976888
66.27035553772293
26.89434671043273
-291.0978628035846
-12.98206388900555
0.6460417765085449
88.65172567170703
41.80390775742217
-98.37944343986369
-42.10776082705206
-103.46290267357836
-226.17425107965028
-95.45919155189586
-52.53465000075994
-49.20748771048471
-31.855191249081145
121.01151771143896
59.34038975531621
103.90742850160723
278.9984760174175
-129.56246219922014
12.92602019809783
-50.8842581247114
248.48743759446552
34.20178685220179
283.6751770489773
-58.774663527973985
-201.31807349879637
-84.72074147847576
-343.83572214738797
300.0445695224844
-14.58901825365952
307.92226053989543
333.51683523968313
106.43894722604091
-1.593010199148921
-9.59373432665052
-29.667279497703703
-556.2311184976897
145.57569487991896
-13.056531605073795
-98.55386911524693
21.549727271883967
-50.887034395337366
-89.99628647680495
-61.21401103272314
-62.58863372899816
-61.046859847356245
-96.35660600558003
-16.501356065700747
-73.9523036704022
23.07548609767582
-34.28956584043726
-1.826627434534167
-104.79004324392736
58.926953472539935
87.44500433641633
-53.29596507983476
-57.095165963535194
-29.56255151772166
-121.4798942827365
-38.243362724536894
125.71455040537148
-32.40221964925672
-133.60500667600354
-60.59150207323546
372.1894902071981
-106.16644776112389
-117.86687146851725
225.8753699069166
-208.4229679583168
5.116732483508258
383.37672495980223
335.64267692843987
-181.79864914801146
151.17225624026833
-22.977373743920907
7.562383936957303
-511.6877353822747
-113.81530972427247
-1.1742254886301515
-278.1819490638354
434.64808902545155
-51.268614943198614
9.337235078792219
17.013942934050647
31.01546143415908
-222.60821456244776
78.45420898422663
-60.69671030236328
-52.59397373096427
-51.15225245950302
-24.747245164808078
-40.254654052647226
40.936234340493
-56.49551911499839
110.98074474101259
-64.07481838120759
111.67656596345842
-15.715088641583606
66.81499410712149
-9.159242607666215
105.97092040024017
-71.27433263422063
160.8734430494842
-65.76902729416906
-29.61524627700419
-81.00900208859727
-112.26454514668393
-74.52434187168633
34.17124811384656
-290.1692844589288
278.92072115153314
-30.41133288927709
-81.5905067863689
-34.103600232447214
-22.267596566370457
-39.171875321653275
-153.5143469107188
-13.11292655627949
31.102679581141274
-62.41643923571599
-30.083746145235835
-189.9645918509359
-67.48514092474683
-12.894695323692787
-23.685125382815915
-366.2497253887577
-86.7132315843437
8.79903083686986
-27.697824450439327
-43.322577802703734
-39.56386990926495
-89.902153253817
-67.85762337384128
-265.3335203176239
-36.10858792840979
-64.60568785919996
-131.280820447927
-57.15701585638782
-31.22934877385137
-41.8070538140841
-116.48000150795633
216.67251119981802
-73.49141610571675
-83.27001322158328
-70.1257934950438
-47.292859457542235
-120.51666461061541
-13.05974794141774
-85.79542721442164
4.92881660785315
-68.55502538247129
-133.48882156675245
-30.330529552765384
-37.29770231398582
-406.33004738500495
-46.695483276907225
156.33691610942333
-31.31628679469486
-428.84431985745323
-5.551144068942449
-154.70379143183482
-22.25211748991774
-192.59502601332548
-70.58121212938244
-143.30464397661854
148.6454988308924
77.7040707720189
44.781624875503894
-34.211258751385685
-155.04037613675428
-304.27720969204347
-135.55965730465414
-6.764989144696756
-278.74813638665546
404.4544438071425
-111.04975707559424
-11.164430311306715
129.94803941105238
-40.94669758516207
-16.11993238862715
-146.84136178743756
47.49793783378118
46.53795750389759
-38.17183675735343
-25.202585953102243
-46.10905220364475
-280.4856556785471
45.96982407309406
5.337884480263483
-17.816437002720306
1.0664439104955363
34.88867339823908
1.1634679881581178
42.21771435010851
-140.66691135663314
-166.45376906355523
-394.5148857639506
-64.23891093195198
-43.757841874719816
494.8256101807783
-195.60432090394715
519.440292749453
-45.038993437678016
221.65089829243016
282.9441562138345
303.4084052760645
-78.42068155982153
421.0720426270236
102.1649991127997
-81.18482307732779
-73.80831180205034
-80.64141072017082
-23.208530909831907
-78.59523140819826
111.28277386875016
-62.53703683024901
-45.846936763269696
-66.79257882549337
-76.3112774126073
-359.02987401752944
236.7745005074794
-49.3613167242908
38.676841906541085
152.43262835072164
-370.6122630808113
-53.51521146247439
-69.93107999512176
23.418360144770986
-97.93225694157354
-69.08679031709234
-62.45279842097274
5.903793921687727
-96.47253120746572
-39.229158873487904
-93.34711409086412
116.13469709604578
-113.97958068867047
44.19291051491746
214.47381619185398
-100.69488579872359
35.30217843495484
-38.45425689939657
-70.79373773733448
-106.29593597890016
-58.77361174523236
-77.9554418921303
-58.960288096509146
-341.41110550172925
-164.704596728845
-39.34229040836544
-103.43992888664751
-18.2423167193661
-209.22545513845034
-53.58942029821504
-28.890159715977916
-90.56395621165638
-45.41495185512834
-96.86726655414714
-364.80415260366317
-97.58288771819099
-403.80413200585645
138.4508761924808
-44.217238793953584
-448.9998007559334
-46.02772382958892
-68.52769125914983
20.85020965779222
416.5114212076023
-50.23576901685374
53.18325237645877
-50.20915755877479
-152.4132453649445
84.7072560666511
197.64565523654164
-253.31043412842155
-39.855172138054236
-122.32386300664803
-71.3326775582475
-351.7549822866313
-14.419319802458546
-107.92631268749855
86.8812890198351
12.118208816882543
-427.0801042923904
-75.26551914132239
41.22573406394258
23.66218769023999
12.100574161929217
-86.13443336712226
24.02831626110492
-239.51279421751678
-56.07879038519886
-445.7172367474195
-186.02385406243593
-85.15021490409507
-58.73136042359201
-188.23562159570247
15.852283304699995
-26.438117512758705
-186.0689968067054
-260.69966546055366
188.8502724597547
-7.64520199520166
-67.06196936524611
-370.17707695490753
-66.08679894698741
-6.518881326266637
60.89370581325966
-47.54650575298001
120.61037744650093
86.78663396138063
-89.83102824802263
-32.27460148605314
-47.174608901355896
-2.685402450440961
-49.34095109422361
-160.77636930221342
-37.570228606419874
-244.21836680458182
17.552101540168223
142.08166486945538
23.5613604645514
-435.0279052310407
7.134596985488315
-24.308389794635787
-52.40960997708271
-47.27521543563989
-84.01291438802788
-23.51359521898664
-17.98056728188294
146.44526347544343
-36.255227553028995
97.21282436891215
-185.36593735366841
76.46927807620705
-21.16205628944556
-448.4403418492493
-356.852559204317
30.65053831942896
120.25254914866127
-40.2806518856778
-358.07233558089683
79.25418268921794
270.27892548827003
-34.59440499406241
-47.98694089668234
-29.321040418219127
195.8292310710558
-232.1657783187511
-65.0573907281784
-242.386680529542
360.79482702315545
73.69487983101862
-73.63001099715387
-238.90740494680995
17.05861813847332
274.1147495961468
-64.23885231595558
357.9042350021664
-220.9776959035098
-88.54621149831164
-73.64096219493604
-84.56395991235877
61.530587330036724
279.09496348429275
-0.41643416480837914
-198.47870611722283
-6.703496260042812
-63.119219219118904
-391.8359240304253
-102.89430215842913
-37.721769122668775
-155.54708277198915
121.64632624388105
-279.9255463153813
-66.69064330865966
-26.522206552446924
27.191397979001522
-97.3457839748415
-45.57719068353981
256.52119458596826
-3.973810546860477
133.36193487481978
441.58455003968993
-57.96905382119803
96.60393215256636
98.0840738778154
-178.4549673018082
-28.725017801542695
-46.71135929603588
484.0578804243869
-44.946783049674195
-16.217849256293903
-40.85209553511396
-203.05257917726885
-36.725940750032805
115.97284979689721
-79.11891909340311
-57.65192961253905
-118.95748608348003
38.42450369830294
34.057514828526564
-61.32476629588382
-57.3498112038842
-145.69994240249616
-3.334974553342981
-403.27649194630976
-16.20290963781142
-507.6035552019366
-113.25056211401642
-35.278470832770836
-86.1563222636515
-47.80077801326566
-58.0796393249763
-50.53895508786377
-144.60846561212202
-95.02691724824662
-57.61148804128486
72.34002752694869
-71.30171978145486
-167.54742277792866
-261.7344250741671
-65.68977045201105
-50.71316058944143
-447.9157301306077
289.24167245026183
-103.99247697790634
-8.266908411600525
-67.86223309794696
309.4051453934335
57.98382261826555
151.34560540415623
-293.1900805148871
-88.86890922298818
-3.5343821246888183
-51.535060905856085
75.83784854164696
103.18012220696801
118.81105284828755
18.241955001405586
4.515155487350057
-70.48992604380184
3.0719212490920595
-13.425018296612535
-252.23256433293682
120.56883672694312
-131.50134306977816
-168.27066823410496
-58.19690270635502
3.371967626881087
-33.571919151235726
-94.6528977985165
338.21045565645727
6.745936698614514
-97.80785211542434
-61.33455496651421
-49.71188609536822
-57.69638616203514
-39.601800621520454
-21.8782717535305
-36.168121474648615
-22.390595527904026
-43.55377660236081
-41.44826511710756
-30.08933603005329
-97.3092496835543
-150.2080807846105
-21.51443570909214
0.6466437003145984
-143.12986178104438
61.73735705056515
-66.14705616430422
60.98807268468954
-20.783260982911997
-132.69911441441036
1.1204895946611941
66.22405181471913
16.13328916083674
-117.03142501229604
-38.0777325678682
-60.94000389699863
92.56677202254286
231.29219554443625
117.79968353271761
-39.945546600617035
19.923067746505694
676.0004710979356
-15.79982650220154
226.90803021807005
16.660911181829704
192.69670309793037
-62.8152721021479
46.11925714066115
76.70538021565085
29.750027533987804
-11.781826399075646
-26.613684181888306
-100.99648311108558
-115.50163896616687
-219.23271442058285
86.48804730121992
-198.03402110182287
-67.7994307404818
-11.889374513333678
-485.9919385722151
-34.25183220262798
15.39838891871841
45.11961346083626
-416.3700200054718
-13.941871030057882
230.15950685007738
92.732185576755
417.993785302152
-89.76340553626959
-169.1672677868737
-70.90419295959661
-104.35948625338672
355.59081455757405
-52.221498987878476
-4.177775530466988
-37.00736931264328
-415.33780990183914
-85.93347634620856
-9.753117211933386
69.28768454865167
296.6109718026564
-267.4597596801068
-83.92108242187997
66.52565546301594
249.39161364960455
235.86666082514603
8.895514103906407
-639.0672776227038
-39.990684308026175
-57.612103950847974
250.01076585193005
-81.63606492642423
-121.74477112595923
-70.29917149526955
-51.43322306382001
-58.01222467209595
-10.05333079230067
0.8578960348113469
83.37275076656806
-89.77908795162352
12.413079011812897
-72.83163749256717
394.234279014614
1.2992181119818156
58.50113583132861
-70.48721862399823
-194.45445517185726
-16.272653282249017
113.62981424753343
-260.9728950983699
-24.447044329676828
-377.8922722405532
11.580689176762917
107.94854425094854
-117.76023334190904
80.74321380741185
-50.26042699099918
46.465341559027365
-290.0706102518616
-56.216378646833974
-31.357366453967188
-66.93671934177529
54.27587457517802
14.862271005026741
258.450315350432
-44.04972885148527
-15.185483283916549
-124.24901447137017
29.38376305318843
31.277923331955208
42.1180378660265
-32.812529809855164
-40.85380484742018
162.31742648002546
14.222784866496568
22.720731011555472
11.405351212884852
251.18763274856428
-1.762789545354508
139.56913205292767
109.96046083485817
-61.794714834548174
-32.18728476756951
38.72469493249827
-84.0442507876487
155.02871220957604
-287.7075920055304
78.25521403902712
-25.09751102344936
-66.77885264595551
-23.01959079637436
-50.1928279029064
-67.44593406527723
-148.60551926662993
315.0651782250152
-58.502143938006085
-223.82822886508757
472.8734462714692
-81.2480738098036
-58.30613663166501
-72.67007284031024
-24.471001588904983
-27.56707063522026
33.894486142566166
-48.66028039526009
-23.720964139086618
375.3798329474175
110.05610383508065
97.12552366771342
-44.485939691458306
-18.76538357315472
-3.6730704982319367
-64.33946208283487
-67.61972521125965
-14.466430501465766
148.13117742405984
-17.563329257916312
-48.06302806314316
85.07698454674437
-6.4100650928539835
-356.33044231419626
576.8730106803641
-52.44334076067065
-92.61219823528205
-59.512818495393816
290.8987343247554
-55.10360039380066
-62.949360648973666
-310.52303363232204
-74.09963987556755
-42.91238322309141
-143.0935591435791
-25.548784986825922
10.196700450767352
-71.51022968946009
-223.10282676673887
-54.458268759842454
-391.1006039094391
-364.39911500878134
104.56507036683797
117.53085659912131
40.42097433371555
-448.0894537794102
103.21860854153829
62.20583508709751
-34.535762340407295
520.544956136393
4.6643119837975
-232.5344546380129
-74.18861321017539
140.21046787616524
25.01455334854836
-333.67141125698436
34.229634834740864
-483.4492889748253
163.9099418037622
-45.48151868100331
177.67603090175726
-59.99123623317064
-77.81075140865484
54.51572896104244
-68.39154518763215
-38.60142463607781
-76.93091956826623
-164.75731647874636
-3.6285812187974353
19.934256170978188
-45.822680214629884
-79.1773076566157
21.849543961406198
127.11156621463351
-133.01087419165833
-205.79321667835757
154.2621630088147
-19.490553904819194
-205.7249526650903
-55.81543220889182
-75.14982451047945
-170.2424792691436
-260.1330154973366
-41.55681019083477
338.4472586876964
-30.946892810272402
-58.47985379697798
-22.2540799840026
-96.15169482545092
-416.85292213251523
-169.61842913702822
340.0368732163606
84.06785856862825
60.36354470874721
197.31554038378817
-230.60623447047874
237.6341283252077
451.8062169368641
469.67713403879134
-63.59161604994006
179.27712161169802
-63.890220467612835
-76.76663090408601
87.06748550366228
39.41020583475756
99.0036092275177
93.10307971462862
-384.4548218798591
-47.538605562727085
-317.12183727784395
38.41198649536818
30.684288892154655
-22.96643934538986
-64.4749882249487
77.18163359522987
-9.193605823452344
297.0246192264585
67.28643465637833
62.86212450405128
-60.12627480869429
-76.19337325240485
92.5549645406063
-53.6887872702661
119.64488138815977
-86.14045610519224
-76.2437744824601
-5.1942595570435515
94.6585693367997
-472.40602694404515
104.30437203668589
-75.82441486088646
-299.4107805710719
49.40610031065353
7.332982804211952
-47.76518111239676
0.17284526630555774
-67.46343449571214
101.76126835960986
61.38552073453138
-41.247552113567735
-32.74044256341881
-66.2074474668874
-59.096205998540995
-88.27489940577833
-48.35715763687227
-184.4419762434827
-77.29454549564798
39.64567845884767
153.68622775356016
-51.16426302963309
-60.44707300035225
-27.33939860520468
-118.61240662319251
12.137515897202556
-32.206781450500216
-66.95852987890794
12.762873643876446
-26.96809375544086
-66.1668956679332
-60.084412463987135
-157.2832230112308
325.6305503881795
-247.61982439251005
-59.88115253583669
29.566590335752608
5.8811472404886445
-47.0414414459683
-69.9439587642966
-80.0545620192579
-26.361615861094833
-70.26034456164616
-116.366337305677
-81.56521456604969
66.35285321301126
-178.55825508971066
-80.51928376873818
-51.810110937575644
-19.29733495241601
-29.64802416147833
-39.76750052027148
142.82821288131527
-78.53889630778697
140.19396899600542
125.53174939300607
-226.81317517037678
69.92011285742774
-57.8240236838044
4.528463003429351
-40.07102109810967
-6.972561454649622
-64.0167171328867
-350.7418804026602
-215.5685181827712
-249.52804267090687
-20.170356563132373
23.809141721648103
-27.810172448630965
-144.2865831486888
-114.36201049908777
-9.43201587942076
-71.68522695816938
-60.88269371699686
-69.79197515562346
-123.05013502162001
-82.97278568680639
-22.760487000895928
33.48239860041576
-54.097486600899856
-1.0988519513794017
-105.52097767759531
-60.936556258622204
-44.436159576491264
192.28168330445442
203.4393654946325
-423.8243322415001
-64.50336849357465
-267.6657151453983
-22.431872569928146
326.1427753001062
25.043891312513523
302.4374776995046
-71.43500278994469
-38.9554865952141
82.01877017415245
146.10173435878278
215.42114052181387
-57.160116317021725
-0.6174763769463114
-61.803963141154895
-14.820453480342621
-30.196630414655683
332.1379435070139
-153.23499796711803
-31.972410773579213
-389.57191352814516
-145.86729582423322
-199.23008707311965
-14.268794594262832
-98.68600826053448
37.21574507371224
-162.1783666161391
-613.8995797834014
76.13296660997048
-44.103037852016314
-3.351296425437795
17.85256910773569
-239.609565248973
-40.450978160755525
29.717685644121048
-78.30128421379177
82.03080797213624
128.02755762982633
36.685113688089814
-113.68957876091012
-45.57848818929837
-68.31979626188675
302.8676575584468
156.3662543718442
175.58960471107275
71.02205424930435
25.566266020038995
-3.0370207390351425
-89.7864712395997
-76.28205814957383
11.147480152164388
159.3006676383393
-16.96252968945464
53.9141666102696
43.763038989571214
-48.02466266643569
-88.67565971854918
-3.5789600453207213
2.21273741452751
116.74026689490165
119.30262507775478
181.19085032475232
-143.29535298384872
107.31199131549556
-82.11459645465372
69.53001359018708
-458.09360263023154
-157.64860541250164
19.036639344280047
-46.93706075123102
-131.77208798984066
25.80281452511008
-72.1480929996196
-50.19546800871899
140.6083021150439
-37.25530074240851
-41.12869385541813
-38.74097807576982
-18.686615870888772
-613.9114163419181
90.69144187649363
137.04347825608056
102.58772778489947
-17.68298464092743
-37.70849845336852
-34.27732646210825
-168.5746826263039
-275.31642090716014
127.49569793691444
-166.3935791409276
-28.944252596417872
-113.1219865397853
-88.73529947030147
-11.873586660538422
-27.01929492533049
-48.103766717548936
-58.86673187499996
-78.10223496395491
-64.19881167788074
-188.0167712866978
-76.24041689712753
30.344992307322173
335.08598497888124
366.6039353800661
-129.38047492881378
-153.68668155946398
-206.38095476060153
228.82177618648166
112.82600763778146
62.94313120010338
-62.07133286964736
-294.82784797293607
-544.6971377033933
-72.23038944215114
125.80203716204733
-276.0586318280257
-202.30570965342486
-84.59027924393922
-41.24480985684204
453.8816507235506
278.65874263311525
-21.417050258970903
1.959642459760289
-162.14605688657684
-33.74543918048039
240.78426077955555
-39.169808840982945
-421.70965848027663
47.402791429294666
-52.67614001922067
-450.7384365678208
-24.87079932776396
-88.418392756299
45.87422676057213
-68.7830282554396
-89.78961635466658
254.33783445162726
-171.65370286154757
69.1212912204337
129.73218764469402
16.242328721015383
20.650005991759375
-373.8859909187686
-51.492802674889674
72.79345541849762
170.77460389417683
-147.11384358299074
78.9734449511302
6.231282620449292
-81.7827377462559
-7.7000495934371145
-65.05026123068313
49.163255148171174
103.416288535896
-121.91711217853866
113.69204178438122
49.36618995772915
-74.59699172243464
204.64009181739493
-82.10766306311541
-62.23787185754736
-18.560409178358896
-371.0738199959005
-15.315238066333523
-54.68518587230093
-59.76530739263732
13.370760056466679
-76.00851279518656
408.8451022453519
-23.27233152784183
-67.17349349692303
-74.17740271931822
-206.141190943752
-213.33097400896804
-18.483350027654524
-37.50001223695608
186.03259534325298
-136.8052806794367
-53.358147862211354
-247.50413856865634
-95.8853175575105
209.58632011318878
-6.09873590612915
-47.38981976368851
141.45952655776455
-276.81192497327174
-70.7537413371088
-68.79632324966839
269.9186867413191
538.8418625039849
-173.86804332262363
209.39775304152045
117.9703238592756
-87.06465823989257
131.2765250618222
-73.78632724158773
21.75152521587857
319.37561649247255
-93.6502620997388
-72.9635606498484
-3.0962808511560524
-90.67121241184032
59.6806875199436
201.50100294244203
-60.57736874155792
-62.2478047164043
-538.3993695830377
129.43466946500484
-27.178557286195428
-74.06084808133168
-513.0008375521138
-74.01631600930078
0.33552951283309085
118.06451555798958
-245.04660811788926
-109.57773213260953
-43.875410063289564
-55.71296480492378
-100.54934897391831
45.7090984957897
110.1303423824329
49.92541829223774
58.16420943127923
-76.85444785371615
225.16162285601604
-28.51810480831955
-394.2026162445836
-18.39703417373596
-93.21880619156764
-77.87341722028941
47.85464597741873
-302.88618358780695
-26.610834483029247
29.34080816893746
65.58294598736575
-117.16192569402244
442.7997302912954
0.863225372200759
-83.12664135581872
-10.714403448438759
-63.99599045526698
-53.02060941636442
-94.54070730684289
-84.49847532483773
-87.25190613328125
2.8753758776265386
-52.64808854017052
-52.62039561273093
-14.104950118949091
196.9507609495431
-92.57281019892832
-97.76125779667609
20.78418692184482
50.9365441833761
-68.0487315698328
-139.83942872882017
-39.67732789711772
-36.067790921552714
-41.61108825192796
-14.126386576517405
48.81489083934321
57.85348494012942
-25.09977462512497
-9.68666906771
-71.08336446988284
254.50741279940848
-2.4902821391769976
-8.46081585455795
-66.15702308554876
-109.11792321228539
302.03244914597417
-61.828308585061286
507.50708300002134
196.92474511256114
-66.51874941969925
-32.49924684215722
-91.2530994316922
27.900652450933194
70.80770461452994
-46.260501465967536
56.1357753334687
-82.55860344966945
-57.64692161376303
-19.937592807242254
-54.97280345478378
8.296984581686047
-49.059628242234794
145.2749879839448
-53.27215519410443
-145.968811734655
-35.97818755821572
79.07326935142873
13.615870896020851
-334.28460346252905
-83.37711499239963
-40.76121121456026
233.41123405288636
-64.85404450359601
-28.42020448315553
-6.119066428546773
-80.45189051336915
-63.85318593637496
-102.06265448874657
-72.0582014610711
50.83432118938617
31.916883618787324
-35.627497039235365
-61.53158617399543
-125.6408886418294
-36.284036782640925
8.65356762471015
90.49568894789991
41.299689467857206
59.943856855812555
261.8019956402695
-336.66011782021815
-81.26707899413333
-33.35280798636313
-20.749237181156786
51.99253450322976
-61.25447450518459
-54.675075842169804
-14.328031910129368
-21.621448449224772
75.19085220762645
-110.84830589015473
20.715097168324064
11.266465820836997
-26.63243019160791
-350.26358136585804
-50.500427324068596
91.35263087902649
-54.54191436385645
-102.1515077068907
344.46256417265613
-71.62707213586373
-45.374601728709095
-60.25684427969794
-42.34916877320363
-55.7174708316461
189.63502615174184
-49.23871006628078
-60.27084383375933
180.6377624562965
-36.93793410907347
-64.62690318365094
291.4597784335947
-23.617771202116273
-23.97957962075384
327.8887703460023
9.663347788815656
-1.3554777228349362
330.3350674882968
-419.54134663379045
-255.8244145653971
-34.353783859842224
-89.63954690977516
334.8635108200833
-86.19831140781245
-30.276321250428737
-46.40435082174008
82.1297277670244
-54.28976442306339
-83.56018228599669
427.992920213037
-307.9465260545876
-33.384823369808544
-120.58163645585955
217.21670245183668
14.40068557811901
36.79600312881121
-55.85968997271673
-47.7266049787886
-52.0239192344925
-374.847421753695
-90.26459885705117
-41.83118601649251
-102.31283725202047
-26.252922747723346
58.761939010561036
-38.67603727035628
317.50711795726056
-79.63152156628058
-93.71116159652047
-177.68156658719818
175.6645366995017
-82.53806464585635
63.1222509348936
-335.31308664045355
-133.41339570269338
-250.99729987271166
-108.0220026576061
9.789178021741918
-49.50591392620754
-4.108619793562411
-14.512556715248298
-21.864291593956295
-29.532733950594775
-64.81613543516544
467.0819753100168
-4.44814460967018
-40.272503941316245
31.548308864965293
-62.7366503909509
4.372598511529645
-34.09298310681879
7.75427692396147
-42.29970170661909
-73.69652826341644
237.20275381645115
116.91693781843742
-160.18676742440766
-73.90232632600964
-83.45174034731926
462.37630864748644
-47.56147870059963
-390.1822113572889
-164.23706003639836
-20.27935885286456
184.7765270132404
-96.79298082032528
-106.96263822701167
-285.1854957077121
-63.93584071964855
33.732581429350944
-42.85432403139578
221.9642549899636
-37.358728033254465
46.30887042662471
-40.49614728847155
6.097633265880859
-23.816374704312015
-60.16900561707347
173.42828568309596
-60.54069231016925
151.10290413467374
-38.4398079761738
69.25228635919848
-56.005797235200674
-73.02004740715779
282.788842942462
-83.8056803895011
-54.90784407211666
351.4458129630293
36.897037316410206
205.05688912765436
-161.73432017986215
-33.97090972388196
-31.422931727576213
-45.39267598270624
-19.047782315839868
-13.27111990962294
-146.85437906813604
-115.30134441165592
-69.33580788922265
-93.74738797508934
75.21704648179366
-292.12737578547785
-64.66715397301301
31.33549899474565
50.469845305280614
303.48332297744673
-59.91568231530009
-106.76180905044248
-175.26037009767788
-112.17669536594076
79.37425476174167
-154.07034708208084
-162.5194648225438
-61.06728999807425
83.68688302870942
-23.052038337937574
-2.0978547909144254
99.31127110374109
5.861505967544929
-39.46800731335861
-96.87503427012962
-231.36360852226608
-102.56681240231592
153.98638760099857
308.33450320398697
-16.113168398887034
-39.66823508205198
-86.46676332698189
52.70911581679866
25.290885308702922
-8.744637896909808
-425.395458621113
164.07396825765318
-139.2703807884518
190.849402137188
452.77648662029605
517.0736731664456
-231.61021715607603
-67.96810830454046
-86.60852329276167
-40.30554940109869
214.56235378448218
-92.71351749063271
30.941542615868457
-473.4085082268284
18.12655138772527
-352.7455656292641
-14.272575981860427
-40.6247734671806
-116.57365379724433
30.057158346537108
-39.033440433896544
-337.29146947616573
390.58009722583665
-60.6790286622645
-88.76540586088579
-77.68137728385662
-46.84806803497486
43.59955377606593
143.11565405290276
257.0854500401347
-202.33491119947575
-63.46238817233643
-74.12501487534246
5.665788707090542
155.50869200175475
-135.48639421893495
-50.41192634916581
-239.7730815579689
-256.2373689502001
-99.8711179979
-67.96997101563775
-199.8746219451641
-76.33736929653787
-123.60587453097651
-62.304079079465694
-72.06026467294365
-207.75686057033363
-69.48622356333121
-4.623305650589828
57.38443256439359
373.09064761262744
-2.676697084224088
86.80470653674638
-99.34678298670269
-314.2615736240532
-103.44153683926311
-58.88929293190631
-83.49258919483349
-141.2257678483693
95.67688643312795
-217.34009512055127
-94.70581049183602
71.81995886459094
-149.3147536974211
-117.39042084452376
-48.3963794635747
-200.7319290425039
-0.5771010301414208
83.33770279607734
-26.425649040442295
83.8136854386612
312.0639007615737
-62.62721022478916
-21.41809971679551
-49.15241437820441
-53.79218216908071
19.32946127737705
-66.58511245936236
-20.08829979954703
-540.799922673059
-192.45933561889797
-26.07344249689413
-16.059541063121458
-21.007598459676956
-52.76673836700464
-58.06492823306427
-75.26984041752004
-30.674353497903326
-87.12751783257863
-3.7196554049620545
-18.48407201284499
-56.65055441840345
-101.86476979724812
106.77754251792794
-278.0858624028042
-154.32516518771354
-276.2530696065314
106.43460541864806
-33.37898220374268
-13.862085339613756
-49.78159441900429
-81.90990005211135
160.82114411816838
-50.746543000317615
-41.32358716497038
-30.12863607660256
362.1548016350371
41.534809270102414
-57.559151065370315
-72.62063012650665
-68.56766034769899
47.541817027647085
223.97146850063382
36.53274307514994
-5.171236284811357
-191.47966921074658
-45.48585474077527
-0.10168292594244122
-116.28154984195938
-312.08258641787506
-70.41567766910885
-35.033078291798546
16.92434807310201
-120.33009941334421
-262.4484951267441
88.09368097375773
26.62582661937995
-326.72147377717556
-165.26395586414537
257.3964031157975
-79.9717965316679
-110.84620563984936
-150.10774401640992
-62.381076802585085
-62.70034207454046
-119.01265209013172
-26.460870850126412
-16.411345697897445
277.763362783282
76.38659945697509
-93.47847597638247
-58.15449745569185
-269.7815379940421
375.1175491502472
-33.63067337374946
73.94917381868163
-31.47271159299737
-118.17933919532516
22.94949645609813
-202.15332729149122
38.08041437424981
34.508032765423195
-40.67278364843632
8.900308514855283
351.49463114778155
-116.51841882314511
-43.0036034756416
-11.950993529964727
-241.9873384459006
-18.952011579827676
72.81404907197111
-202.32247853085028
35.53606062104154
-41.450386583487514
-60.219725896737145
13.910374502838522
-46.52462607780308
92.04258387525078
94.30134298334451
66.88001096750486
-55.87489202262217
178.15155326090644
-208.39372575442394
-71.54596362268951
427.00242669479667
-54.07143127409958
-71.44316543106027
-157.16664149948883
15.276106341966011
79.06678996443588
-78.62648835490027
7.324208597758911
-48.34819303399835
-39.239386344917875
-64.36891446214005
-363.7553873636534
-51.22861803922112
-167.06288126412892
179.51201484091143
-11.176421253198896
-73.40589882919502
45.95293200661422
-29.76403677162125
443.0689644845788
-74.72941328148733
12.164997336414672
300.21194508297594
377.8175574255856
-73.8001981124944
-128.8667003554292
125.71144693518636
-10.973575952477972
-469.285485770597
291.90753264805244
-189.03769045180798
-0.2382961527164298
-87.12276165839285
272.83603465769556
-185.3759342750891
-248.40267749276973
-72.19992428192018
-115.51681126910171
96.55975035749725
-1.4169433624604153
96.2880179104568
341.79897950197665
148.0364751830857
-92.45655626566986
-8.125109443601161
-81.28163430859422
-4.666114681126146
130.65558900294127
-87.60712975766728
-67.08594833973645
-75.09569227989788
-86.27511163576952
-156.69564916662603
35.960030476770044
26.449306619728304
-73.37543194876844
57.341763896738485
-134.98261216331775
-210.4099147599918
107.89107634455286
-28.029143549767696
-81.38444018673201
-12.989976156347474
-386.73451187918545
-601.7181885635127
-306.2432342706943
-151.9720989161192
-173.4084596697703
-293.72299101043427
-53.17300833289047
-44.58170848516784
-37.15234589819784
-96.08733058336179
39.87011653399122
-92.8317890140744
-196.5209403871413
57.045434639535415
-68.47681308363886
-93.54114039366777
-36.12679551439834
-139.42817224489954
-76.46393544161093
-349.05159230233767
100.85296159734935
-85.83105607627567
-52.38776092094194
-103.96638650780078
-76.27546454172418
-49.103812594234654
-16.84606572544178
56.992731414425634
140.02669365781549
185.0815977784605
-34.67657136936151
92.92264519265518
-387.80374837409545
-262.414938072754
-55.6468793237982
-5.4503376154589205
-23.615345068496573
-346.6075648461756
257.0525733284976
12.531236124671295
-117.47722889408578
55.08035682913214
-82.10262224285633
-57.83166099959778
25.415416642998025
-111.68198251006106
-4.5799073570105975
-84.731201413805
0.8909545404067103
6.819964184838983
-14.092813822720435
209.76600683663492
-197.38337334160497
-214.79090399179586
-396.55251081114966
-58.96873184586191
-141.0206789373151
-15.88867523386722
338.4904290344998
-108.88692822408612
-44.48870245880843
-31.96368858787515
-215.05095320743385
98.38940625755095
-64.29880244963078
-26.550208029376044
244.8610137288524
181.00188932105084
-92.9178780766391
382.421206353627
-78.41212278850576
116.30809179624703
-108.51766739898994
159.47401255065597
101.99844646249767
113.95362414728879
-66.28839161721831
26.66493863636424
-13.975402458517237
-26.379880407312747
281.83395076639135
-29.029595730621168
-538.2566290216564
-111.3795968180093
25.39451678799378
55.78224977489754
-177.83400233349857
-67.3769567829151
195.28667946504174
270.4441321380673
35.61002458924622
-384.3197362209503
-79.4770390960714
-65.56152406132706
-107.20035722665655
18.639270404258312
-100.84851023326004
-64.66911959460225
-31.645505387689923
24.851214835195833
32.858003158386055
-54.38151408896556
81.51677811875015
-84.84883658174543
-93.64679029198123
-22.381986995832335
-27.253652863788375
-137.64242908147935
82.52340096341504
19.043125576101954
183.40097655641875
-217.03792167359097
-231.4974620797384
-94.36024223210916
-54.77297019353023
-115.8030119250916
-91.07542175256276
-201.96658753815063
302.6386733735162
-97.02388951226021
253.66154888592064
22.524564523730987
297.1931837278953
70.99383924273161
-62.2430131835155
-74.66091706559791
59.01322892678763
263.9775124242615
-247.40467708874894
-15.61991028162888
439.0833571271214
27.911238855459374
118.40399173334117
-86.98370207724452
-73.98187956762513
408.85673813416906
-90.87214717746429
-26.025126544115437
-91.79578382701844
-60.95377611280989
-5.531696189145578
-25.085535556664013
-95.82235842529796
-155.30467700501868
-108.99014761640319
-66.47909171769243
-546.9523197445924
-391.3640870555482
250.4810661309566
-134.02053319193647
308.13168793385194
150.49874876100876
-80.1864320187596
123.6397904445621
-10.263067930404086
2.4537864541184717
-50.92040924677748
161.3489191757726
3.0526310149607525
-67.90368602503743
-211.91440343186514
-141.04346489792806
19.793732241001635
250.96247343853065
19.297765026494403
-64.30334738526518
-261.33396965016436
-67.25809885928538
-66.3405794268332
93.8786275121347
-156.799553051158
132.66579982615622
30.590559102919542
22.191614774763366
91.69439727589088
172.12501529972906
-22.17588368495126
34.85264788288441
-57.06580904827369
-44.62343430071178
-60.26741441228296
-36.77491470872681
-0.9159089800832589
30.548170109455896
-30.00535193454948
-396.9571003386227
22.503742805662114
-108.00607408119504
231.92935245879926
118.7339991657409
264.9669671786505
-106.36875300396969
-53.79592133164343
100.77829118710679
-273.4328197296254
-32.17927446403519
27.336723655277638
-117.88104001305493
-37.929104567051866
-58.932435573608835
-311.51662629380553
-60.76431395749194
-94.63271835586762
-54.84862957584672
61.10531783816896
49.36332856702211
-35.259279822857934
-311.2722360334046
-67.55379553290864
-166.3942429589465
-234.5869236776507
120.55540166999981
309.5708601475726
202.64229740459814
1.0285559688288117
-105.24616000754312
-281.4456718859892
-129.08453902591282
-284.5889077894244
-100.30082385823789
-84.33082896078668
-56.9362216174304
82.85657742198964
365.29314875771524
-177.65162560066528
-172.46324403362814
-60.07718043843286
65.04214767429812
-113.40546337122642
-93.77225282147012
3.8142982412855417
-34.815375846023734
152.73013451688712
452.0573632750584
-22.638479467950674
-44.65219826490102
-105.54521506849414
260.39835985336504
-42.6527091687616
36.67843234881116
-82.2617359139212
5.515966421122812
-42.82516131082573
61.07205523642733
-25.495960628498096
-91.72113372780186
-15.741456754623893
-8.114040949230393
-153.60227549897536
-34.696272953430366
-47.725268261963315
-46.26368937888503
-75.86989086475478
-443.37078023591584
-66.75701820354797
-29.695877142445827
-16.795802883973845
212.0800547973031
143.0443425103531
-84.25146195019838
-241.5760799519776
105.81383720176746
-208.03224415965815
-105.44376312585314
-61.905072789812685
116.66835521285611
-317.48608439340387
200.88578885499373
102.0130036150158
-5.75168784895277
-68.73774502509177
-227.31427299336065
-86.3384520365664
274.3056103226463
41.26355777786557
-77.95581312762258
15.330367536196718
-69.29267767480226
232.87780400448537
379.24400348365816
80.69237986407643
-78.68942432370568
340.4632153939001
199.71536911100338
-100.41216370521579
-118.27645167913491
-206.57250088460023
-90.28153912782574
-5.31921638383028
-124.32766928811725
-33.30857310873542
-31.134516468662696
-123.52900108321592
-221.90590239102858
-11.140010028211691
128.24477853804274
-206.4566851875934
-58.801042652544055
-33.549923960349304
-14.257579870891277
-23.722586619659815
-25.223473297291577
-24.57927703339859
-65.03186362947423
-162.99369163875417
-145.46004482184435
47.5910820417248
-11.1743045051212
-523.4226910446068
192.7357988024669
-211.51790892254758
-119.85117438062298
-65.80977663578352
-11.744973076981296
-29.952214840085357
219.97498571732922
-84.12556632979943
207.09334395098995
-146.79176271377946
-163.20546583298346
-55.38038470912852
-203.89597768297608
-233.13265455304827
-165.56368597939945
-221.46787396813988
-21.908401533206415
-83.73557096738895
122.3646422222073
-185.60497491309798
-45.04607548203239
-42.05565599309113
-9.41595649212968
184.52476742640738
-60.15622213128745
-67.24716032547511
-420.41957604305753
-55.62867939505122
-92.62213921676266
-58.18277148995179
-46.87499743249464
-23.924539156078936
-29.09948307612467
-30.642567134197435
-106.32730646512877
-69.32452939202258
-13.992748377743737
287.71021825486787
-81.29411071996569
-113.62639332360638
-86.67790594492588
-139.86031281504802
-40.86583915183506
-33.073972791133826
-262.68528448477264
-11.0528478728545
27.200587184233882
-156.90084975929676
3.6907769011240816
348.5979340058966
-4.096855719510131
-57.993516796811925
-51.56843793127504
-41.279773453670394
-53.66923725573738
-46.390494086423615
-233.34547793125694
70.34416380059974
-76.16174666063256
-44.7244786176425
-57.5103803888951
-202.89847943253153
-299.62707020570997
14.08429990634238
-72.48231038620736
-379.278113109016
-0.3576475822370071
329.63863484345893
-57.05956135127515
35.60175861395555
215.1695665977786
87.04975208616543
-165.93509840554543
-28.43102018775385
-153.13476610898033
-75.8087706380283
130.79004630750023
-19.415621349002322
-414.3453948797451
-30.51806620034491
42.843670886356904
-169.46653652876194
-65.41856375715884
52.18292805044257
192.75704208907064
-22.921817206724995
-42.85489296968083
-57.874024610818196
-302.0239037765368
-103.62287535015662
-75.09882012586043
-96.90257747582905
-169.64035900368435
-168.47481304652683
4.78564409943715
-82.96557302507526
61.569110642498345
59.079364564784555
488.7030398413517
2.8308700462121124
-243.0262730882505
-27.78351756538723
104.45083968604558
106.77035996174482
116.97579549016518
-19.99708042809209
78.1155700308791
43.33088954499726
-91.48489777029317
-54.51122404318498
-92.19389077255651
-88.85377727801233
-496.16627338979924
142.58359031741384
-282.54836190594324
-99.33486266020422
-253.244956692115
-64.05949907442118
19.422977477250242
40.58141148960294
-99.15828705180138
-418.3743363039539
135.28456535539408
-47.38611191049675
-21.92161088064404
-213.21706799664753
263.39756078382015
381.95727274979436
-44.82279689170451
100.33357049118058
15.424894332344593
-178.42390709766187
10.177910086356809
-10.947682019876083
-95.35682607644415
-47.8511675352062
-14.9965359919833
61.22149584955878
-289.68016065358097
45.44784746376854
154.70743460762424
-372.3325089437367
-89.9860730564983
-162.5746600427392
171.21273698044024
-58.47484934254064
-36.94891464599755
-52.76028688286527
15.409628443359907
-344.44398805656056
-65.5567282160439
-68.88244498493414
-115.73788532095568
-151.8746411163538
230.65228884680437
-219.2812021018799
-173.6209832621389
-21.025779195894756
-199.00209803211783
461.07740023751285
-81.7781385257233
-49.0304745386336
-16.74899667290191
-7.111009561181163
77.64758760244422
12.134079291492526
-27.807780379076576
156.66723432946128
249.70059909530755
67.31890454113932
-1.824791399231799
-101.80870679332153
-284.3075359662471
-212.93697019555293
21.920578798230054
23.97109536110338
-90.97193686044102
-157.89401037748212
-39.634342617073486
-283.0799880116192
-34.240312754989425
36.085780044395506
-26.098740097148266
80.70390797824439
-35.92549706573618
-44.605736461103675
157.75200298286654
35.38979688655945
-68.7108943248942
-9.941408819951903
-11.777496103217345
-110.39567247526156
-33.18030452783023
355.4914105481548
-48.92920101549953
-295.4473582392038
171.03650889475284
-28.70916886680409
494.205835597053
149.98052460100917
-70.54327688448393
-92.0539109362971
-105.66166585549581
18.146993230720796
-44.74749095732687
-51.301290241604875
-1.0970552021978532
-204.2074450485634
-92.18674283616338
-16.812139674598427
218.50955630080261
-126.76310843576903
-19.780889572107895
-370.38703378125956
-14.7737933120776
-48.14124164932546
-122.97899182420952
65.9374021721469
-62.673517938464514
37.85847313086242
-342.95124953314917
-7.746414442727655
-65.46834437481442
-51.11208929841173
135.09215447740826
11.113536929900874
-86.08309862531496
-37.483269991892314
-86.65457512265226
-58.39610568212447
-177.36792571607657
293.7568933745133
49.43113559527046
-288.78766731954966
-52.63903446494783
-52.532321345888164
-75.33797829139985
-5.6918850130147645
79.08958184895891
-224.75229197250883
37.356487097171794
-257.1666012095011
-83.01129913706609
-74.48856413780231
62.68272049867028
-37.364418758455066
-600.292849614495
-21.362777745384847
76.40825621657132
131.16101343774153
13.741777480075143
19.106679566909136
107.62190110019037
-56.990159828228194
-14.308908345314194
7.467797192395665
-116.46310010869365
42.421966899290055
-302.14226149194474
-13.536479433747445
-27.617309234219775
-23.54532048977657
-40.996618319112116
-187.322535041857
-74.55866892029962
-13.892626635011766
-53.142205167929205
-251.00630586792613
-158.6755636703274
-89.73508573532601
-72.90459024288457
-49.62171028920116
-91.98948954258776
-78.86547270956635
155.64769070765033
2.6971965384806023
-16.677745316598703
20.762199734575915
-64.06782692783145
-326.58177178723963
-53.911976206075906
-87.80438549168097
-26.918959537435512
-63.87449755657519
-35.97099520786196
-247.14521186150523
-33.94878053937983
181.07724582217452
-48.06185370958883
-101.401600483392
16.28639593021626
-15.902715683689621
-311.12247151215524
432.00548643154434
109.23388740808878
-62.28103819396098
-76.85578548506965
-54.21151993622044
-36.99004495666122
-46.22445179749711
-79.50351469398889
-63.562409914021885
-57.642118464667874
-39.3438557704155
-66.71307957416194
-118.38763737470026
-89.10016008352613
-14.10762415024874
-90.25272670805218
-49.364925017573235
-28.751305701393846
-269.6211506131913
-33.539867834440415
375.20686735287927
-32.87792790752679
-157.29077759237407
-110.98568258364139
80.40638285821115
-259.7358129523436
-41.241257421656236
-98.89847061608907
53.80821408156589
67.1825826620643
299.74902875787484
-47.22949535974476
84.71482699785338
-97.47310918716069
-36.923343612804274
-74.1550224123382
26.89500451327392
-190.67758530022002
10.990042871214087
205.01043635741826
-49.11554316241836
-147.6070226445663
-642.0210338174547
169.71319980840235
-88.19894761802705
318.72597233013767
-32.98739860331723
-65.01796656481974
-72.68895948853529
-101.9864263441694
-218.19818320981358
-128.2534030272691
-401.21892330578885
11.69904908605804
66.6766838258036
-72.08094772663898
-43.97762244903084
-41.532268823519516
-21.894821024097098
-92.34506319489788
-255.62770610408643
80.8213812501217
-88.51564647356872
-87.55412421282155
-19.61004358515901
-125.90392261161878
-145.05693550279102
-52.80070987363251
-73.82569514506486
25.562734025464124
-19.85324157063519
14.710120680061664
-6.046340377215529
-58.11378301417608
-45.08734357443767
-194.52366313393213
149.58246547977433
-433.0726334061874
-55.69947781862402
89.24569168817288
140.30721217868813
19.896341811025195
-128.99417217159316
236.9745765470525
-72.47790302190879
-60.95082922755751
380.1752223602971
-151.70201011022618
-68.18174359911427
-35.98691387972576
-69.21950444076356
-206.38251900839896
-1.9900725854613484
-35.53548306836581
9.174943054615142
176.00607726315138
-25.973747326233934
-267.4172035654501
-98.90683285476798
-38.679797157245105
76.54237661544357
-101.02336224455331
-42.21515411098081
308.86376801275037
-71.1943635530888
51.75932468156316
-41.68321764195049
-36.96367180512281
1.9425503640395618
-43.47202830807754
58.37093930307128
-103.85123496012511
-28.286151222176954
-121.05686146616426
83.60128993048693
-90.38172533371826
136.13359839488567
75.30033604833443
150.7865848415945
52.963327777564245
-40.68499246976308
-74.4070596781412
-280.3826951386018
79.27436504072011
-66.56856597890487
-271.8246343074279
-22.92470125225717
-5.937483690697263
-5.188205079926377
440.13582946781753
5.736091752160064
-34.15077808021546
-16.71795924575494
-146.68742259476858
-106.19469539767637
-432.321216489614
-118.39196384616844
-5.13846014071396
13.926067785095281
9.289603941773748
9.83163870264434
-398.68539060410876
-182.56351648436794
-98.7818598067686
-29.777483712769026
-196.5146722362606
-31.49639372005913
-19.543391686846917
-42.903299956749834
158.59264797384094
49.42195198504305
-81.67513929547081
7.058763476374224
-58.06103845776124
32.3168211474358
-44.199658478648416
115.16304578492418
-93.18432118338409
62.276362396308286
-100.61410139848607
36.80256569564244
-93.7550028588621
-116.06308615574198
-237.30577138501212
11.345571699074299
168.76696123731745
-74.84373267713165
-64.74503420150488
359.99711201301216
63.28080054894781
4.115544531514388
-24.38111575276021
81.95708278839993
-157.73417650363444
-78.62347879034314
96.20335718568822
51.32531809622924
117.3924466153203
30.622193717135815
11.24227271590522
-74.38804658280242
-54.50771227711016
64.34583813813879
-33.283387559462426
-289.58337671375375
237.9015062659164
-216.1478380345361
32.41417153743714
-81.30431333768502
-113.81869669310306
461.3582277545811
-66.47228389744254
-54.01060880630939
-71.28225968741758
1.9746464085674234
-100.52359832833645
20.171588730567237
-3.51333258033302
-36.06144868638091
-1.6645313994401032
-38.57562818399265
593.7013745867662
-16.534741083803965
-274.8669254052602
-114.29702050821652
-89.20767745413104
-38.326717984884304
-78.63339875242444
31.887631854292522
408.77192516974173
16.453428730050405
-286.938050310524
-74.73845406932766
-94.93221532775055
60.33086594396809
137.43289265810745
-41.6427859907333
-76.64204434926803
-83.81571973265243
313.89960409428386
9.317441343553128
-71.39050362256785
-44.172369792977406
-53.51302195495896
105.45797402458993
-122.88398470755055
23.598827923120098
169.84045326816704
-71.32578525942176
44.12801734191271
10.141532375595489
-74.27195440163334
-88.24214702000609
262.84814158555855
-565.6837830077275
-47.82725181974819
-7.791970378262704
-147.29331219118103
-106.14548275037953
-137.42164191759548
-75.05528940745778
31.450015515018094
-33.05999911006455
109.9022470900527
-95.52402247615464
-77.06379845205174
-112.70285154145859
28.786992159811234
40.949427838352676
-54.28646893912891
490.680589332811
-65.53292264923994
-92.85465612445921
-4.309125565481281
-42.25099494186111
-317.45862091566596
-61.730019905615336
-45.96146559215049
-15.14645790979796
-365.0332892991373
-194.51914668616155
-65.68826225526017
-248.4460547231256
-0.8178329230455664
32.53558826709104
77.65777097123646
-46.08141949984671
-53.74150788635461
-11.185868123035618
-25.210323470042617
-29.013874935262265
-212.31730647918266
-155.43904093482342
55.47269730336848
57.03142102170568
-90.78350435866489
-117.00711088494953
-40.47402616561017
42.82763311438214
-25.691292723056666
396.92823150199456
-5.2119030660414865
135.28798528029256
-67.59900190448546
-90.904185513642
201.074528235029
-23.910574712189582
-170.6553905048758
-24.02918241818997
-43.117495208218315
26.456916825183725
-52.13101555512762
14.293493597398083
-96.8051820363668
-75.03434968065994
-82.43363302462114
153.9606518591945
-61.62903482933689
-111.8867972727027
432.31466522224036
-18.48621849188612
26.357310402215262
-62.54335315425297
-105.2782001375599
-197.4021942989075
52.3578097370123
-12.46265551699571
53.196490522936074
-74.10729597205554
-21.814319855879262
-246.10063926472503
-129.85560610426364
-84.80357284500812
-64.51111508397662
1.1260333274283993
-31.910113572728733
-34.32473176410713
-99.16139067578585
298.3459662600326
69.49807931353462
1.7411573971698426
-60.973910973776086
-47.00669794848696
134.76888602251893
-63.97831376275843
9.117500934667987
-44.47354289627026
155.45797587440575
-68.93967743995944
-70.50124551401677
-10.377476592631865
-33.16631221901389
50.78036716529277
72.01826353314846
60.984007460507655
-176.76199785973404
94.94034298003498
-18.144643458385417
58.0852151647623
-34.47723475651094
297.42589391315596
22.458032615437165
-28.596946680866495
-49.19216361454437
-65.5909549065259
-60.486545069196836
-116.00675827724626
-27.203510484986754
157.25021463143912
437.73888482609254
-85.8385671936922
-45.38144863068633
-127.3740190602548
279.7101911734153
141.56924212428567
-110.68964715262155
4.204200644424418
-9.042473248361826
30.081344050797725
125.45830186734383
345.26295080797354
595.8390881663745
425.0106254661314
-51.50111042735898
-113.60268611362972
-73.95123334369943
1.9090641297859747
-68.17065599233683
-54.128562869505686
-136.99988478639352
-55.33555510180412
-77.20904530255575
-39.504990733826645
-629.2809948837275
-14.867035054451662
-522.8429416203799
-151.03231378959754
196.83626905511028
-61.570737046883615
-53.505805412245536
-75.03417148427161
-54.472533037455
-26.795858049846945
-102.4448408290209
-15.934178384366362
111.23458988319362
-84.90775052134616
115.74504890537719
-184.32874610141698
-326.1760061585628
-49.777340391076905
-78.11189024000848
-212.18538181178928
-260.4728833864692
-89.03187994964958
-80.72165785517791
65.10099335365885
20.948339173166914
-21.941156068776163
-29.81283044720177
-22.668174065588072
-102.30127371967956
141.1971813538239
-67.01705042955109
-137.74380616478447
-82.01512968074712
-51.217199189898444
-5.146012759847508
67.85200754289508
144.83131019196844
-238.58247300775565
155.45034999522795
0.8558739911331941
-216.24737321142584
-109.79314491404784
-88.53681944526579
469.41856835168255
6.693191346494217
-15.011862956804002
-22.453832556448788
-39.26102634791766
269.4413841455862
-406.1665675362128
-105.28944320914161
36.96767978473895
-71.66281195990734
-161.74833782034693
-40.366192799709786
-101.23395291351888
-87.38818272815705
-277.84823831114227
-86.06046556574529
-60.06668464669997
-89.9248514357287
36.280925504830066
96.34140511920486
-189.01029243307676
-38.97342636334274
80.90984349302744
-116.29884193658336
-50.69067170913996
-51.535775289086814
8.80226522693465
7.403480221471909
-58.58541181190279
35.539936345834576
43.19993332965214
-106.84148376130531
2.1054972776378236
-66.14056538099521
-70.63615238160605
-75.50107159216171
-160.26232151841032
-140.99126110208636
-0.47442006453911745
-26.628865781925697
-31.308341032495264
-104.76161606418225
40.15975695557154
-56.31691378155483
-63.078607357653546
-210.55153990599138
-72.2012405900564
-57.0284563646311
-12.761966499244181
-74.41896106353772
-14.55245118222524
188.84682356304438
260.4569753527994
-37.00637001838328
-71.65413355863893
-369.04109433266785
-65.29818505982144
13.230612359186125
-47.14250951583563
319.4814634787581
-22.4599381428161
-79.8199916510509
-34.41079360014203
-79.7571807798954
-88.72506342755796
81.87470519382441
-12.5149556493634
-342.3605436710204
-67.55985899987387
-62.44214749873936
-5.469340037545862
-130.10419987763544
-95.6569851500293
-133.68510170271009
-295.3981388387365
-107.19394040196306
19.142621371568566
-26.36869085647959
-78.01013446612647
-53.96552031876769
-75.12808957120876
-91.07253969673184
3.0855131959733626
-48.47113383552022
-52.68910991933353
-81.96675829582503
-21.366972832123945
-165.9523620917371
-52.26574407476129
-25.80414374343877
308.37539845866195
-301.43220245706834
217.70226789009212
-128.47308822730338
41.38564359741834
-41.30482261483768
57.14770598518635
1.1220947986522276
-11.23137573130225
-227.48486713147395
-14.321605386965587
-75.6648450966792
-165.85017506273107
8.864560187506868
-127.57984385398959
59.46230904194999
-32.87965057551082
84.6633490380882
-79.58721499577757
-4.333652191042347
-96.00510845199848
-70.025748460127
9.120862086592751
261.7383522416567
-105.97201681031376
-37.66287358846512
-22.988465478665603
107.11946186721252
-1.374408069363426
-73.09751812562583
126.43257891081885
-35.978249673660834
-18.9459664050637
10.83562770511071
-43.09465497563633
-97.01191158006714
-25.31521879528009
267.04471778329025
-113.4878313652489
134.20157160312192
-139.6124548058715
-113.87663895644073
21.28127066529487
136.26261795744904
-371.99565783257276
-20.19421873747342
120.48697192093277
-45.56742633870422
28.168650711331566
-30.718770650258193
-35.37359574641778
-13.403080260884707
-255.80322405889456
34.86162107906148
-46.41941553598338
-102.6320708515006
-66.16630666240326
-17.16513083386053
-124.98018054222212
-14.452809557642468
-47.442357395922514
-41.396415539192276
-66.65412938972713
-551.5796774518494
-92.46244002058613
-210.84018878509687
79.9131398223144
332.7820392839003
29.49176250913706
286.61873936944903
-142.64955316496025
165.78302579205956
72.01123732318956
-118.75640718279192
-146.6346636843664
-22.663824583293547
-293.77991487719737
-57.239906801532015
-5.321230259011685
-73.77261657642339
-112.7250176226953
-76.32488105792633
-407.527169381201
156.00345099250262
86.18587956704687
-67.91185722755108
-235.74903709629507
-78.32185329893935
33.55608017256236
221.10935924416663
-125.08877647923146
-257.4627475227644
11.79146612807591
-9.031298564402789
-17.0270059105195
-235.386769454979
-18.824683186609036
139.32189368289983
-272.76536415677583
-93.50957607814598
-83.19529023035521
-78.20006705656306
12.913687042235324
-71.83970614065947
105.44234963864437
-414.9446831660571
-80.74683669631366
-57.619188851905164
-152.645299978185
-57.376989912977706
-16.776015778970077
-30.27729791474883
477.6408288252924
-18.902242685708643
-43.17593815569423
65.2937199928574
176.30493176026403
309.31205908802076
413.36770524952044
-27.67086476024108
-236.93947004648726
-34.71190273272731
-88.8855145206744
-104.17032900282993
-232.11833344699699
279.62350430669176
68.80250219254958
-70.52764953804892
-38.47539004709783
41.52973269688346
5.907865440027308
-0.004236656974626385
-44.18597379234203
-37.82031485952302
-14.73736566492289
12.824749278466697
23.943407855871556
-92.12453777228991
-102.42368960647522
-66.2068418098304
-90.7809368634914
20.489963699746312
-139.17346004905448
-97.5240063958181
-144.18566679270953
87.9612381911029
-100.13217015706584
-152.53996603965516
-42.76427381473866
-26.579678596745648
-85.66871957889344
-37.40765732439468
-9.939977142738826
64.81076668035894
-561.4460695793096
239.027438656301
-134.1842453220359
-38.31812324341476
46.73902922209527
102.81375827901456
-33.11669748091208
11.958185291570803
173.66959323687206
-77.38789497464613
-439.2077300398105
27.040294420493865
30.96499753898206
-220.19673419785158
1.7816618862053373
-101.62877465509754
-160.48249262008903
-69.83841612105607
-30.837719957176887
-87.56855061343433
-150.54025952246957
34.83692880509625
45.21135620231598
-24.136941426254793
-69.40014729729933
-114.82396141005171
82.67837959764256
-95.09889762346452
53.316011514867114
-107.2436193229472
-82.12655133739534
-53.689770185143274
-1.8352602843983732
-88.74840742194095
60.83044788807865
-32.48598711952045
-58.74814124011726
-64.75366439642312
-89.76332683907386
-91.2602715219954
-39.70748762276634
-294.816726237741
-102.18166621736546
36.345897207898815
-46.19046534000195
-52.66404718778904
38.271420424096505
-25.090995374885097
-57.265174590430306
-251.6094779089035
-31.29925695791415
-74.06329366124555
-33.50997422082605
-54.1843520012046
-392.32205779136166
-23.45920017600582
395.5898119134108
-15.030421562854826
169.2162206801113
-0.12728225509283675
-74.27430361786537
-80.15767300026891
-372.8262647376978
272.1204962519787
-65.76513673824417
-206.95785163111032
-59.11768843525584
-16.951502951230395
-69.66816712980506
-163.60292828481943
-255.10826460930548
29.808704822087748
-30.554726466642023
-140.95406247156916
-74.39448030638664
3.317346366579727
5.866495281604671
-56.284138123997764
-64.10227511412916
87.67394354179851
-28.884074165580387
-180.29282853630502
-6.76882598793236
-65.86720638668035
-98.37849552080183
-127.48862784490049
-19.970458720699774
17.081322988979082
5.334901099979106
-562.892389247123
179.02522135842446
-262.70206541871084
-326.7214956681855
-148.67378861094767
-27.114371074023875
366.8922978165738
-92.91923362638765
-86.89461810709145
-87.3409487845005
15.610052784002619
-41.4924218925285
-21.55081176439853
414.4712950787143
315.3499383641265
-97.0005096287041
-108.09666634430529
-89.75850101637121
-52.610615055858474
139.67057366743575
-5.058062194942067
-16.19508535015988
-30.811661718218502
-78.63195493924286
-58.12432796039027
-75.34564501155347
-51.23840445572114
-91.9008312790429
-88.43755817640691
61.625634675553556
106.84046994220444
-55.97688779671262
-11.869329673821085
1.0744947721159406
-52.75403586407626
-28.095684890198907
489.94332469717847
314.89814399414445
19.952844708866905
-67.81045321144478
13.46366835284607
55.907749866788436
-23.322667433416903
-41.319278243187
-232.6102481623202
-32.83788463719475
-356.6875686488893
-24.80872816275308
22.97156310932951
-78.31945454913226
-43.372268344832264
-203.11466163039222
-74.63475848911885
-71.2617927028208
-59.05531097114181
59.431509298285164
28.738886954201917
-69.09467720401699
-57.34402804143325
-40.94621729520584
-33.97552075858766
-101.20693869450277
-39.32467435067113
-113.57048091258912
-257.28850216005503
-89.90840849238673
107.33875669804002
174.08732277814215
-12.373554944901116
-57.11310733980838
-105.3775665213021
-94.44301126835217
-123.96277030517709
-84.6783551767446
-177.626806750588
-83.03247956582891
-53.61295406333488
-141.3354503865521
7.537372309348029
-3.190342229146097
85.1892935363012
346.4080726206521
-81.6383160878886
120.64691028331981
-16.375603791905633
-15.680355180820698
-26.239839702153404
-35.390686495311456
45.26975550984389
-353.6717422700858
103.09561695824414
-365.1848483594913
-49.3815119107786
-6.195007665035519
-105.15619047561468
-38.56934263605035
-83.17483820390214
270.45723897957396
-0.5727857780766499
-23.41196361625225
-60.19325992467748
-89.12870671480232
200.82663452489032
-72.67123819208894
-24.08113612406123
71.98219637057537
-294.6350429965114
-15.226586507506909
-201.68204003787196
19.7660842365367
-101.5288959077102
-31.93542343028878
-56.604254463116376
-74.16047861007979
-117.62817470930167
-33.404724266149174
-50.65089465227154
-100.77918296990103
39.718256641790504
-106.65187723350932
-74.35567079695707
-41.14191902004859
-118.52587432447399
-91.63369185495412
-131.92261067388608
-13.644561672791497
-160.37996237177686
-40.64191611097185
24.15814020131529
-10.691914477991304
-45.27669635474053
99.6820812916958
87.68195317943719
-110.02649200519409
90.26525086540823
-33.030086520559394
-86.30221561127132
-58.422061050705594
-25.860080779557393
-35.762435469157026
237.83017297513288
-49.532220990799075
27.282093328482006
-61.480416431619375
105.54055938944839
-111.10370811590474
-57.15944783306077
0.2713934230230126
105.69628135548828
-178.68389583711541
-112.8111104489326
8.90556771642332
-56.23575750435748
-137.12534812366994
-22.123843521972834
92.1226693624576
40.12740980046692
-59.25747945838613
-108.44895305583486
-41.81750358558401
19.106899320413504
-79.82924556076885
-155.86245704278008
401.0241479675842
-71.47789037292605
323.0162356175715
36.73498825795468
-220.21907243194164
-428.5451831286864
-14.389804805434778
-65.05097111291616
-54.904713873137325
-145.84603313774005
-141.96197295665695
-21.057928295981355
-95.72797062445918
-0.6146090143874972
60.25598451148244
88.47721037689553
-95.87742748318865
-100.03694421815031
-5.917379941631822
-246.18409411167795
-99.11002389432792
-313.89812559187885
-43.04386237348775
-234.25258947172733
-77.04631347478647
-59.31231154632951
21.294021812276696
19.143234374457734
-87.46017866887075
141.584758336312
-103.796861646455
183.57150326504416
-29.725901665697165
127.30808076133508
-0.41693903666123333
-95.53999673238468
-312.38312726176173
434.19133606275136
-61.4164839441797
37.7080535864925
-115.27036122427967
-66.12424762241244
27.49213728728955
49.5969891271734
18.8500778558373
-76.28349769547776
510.0287007630541
11.846309783532968
128.49441075716277
361.5239043989641
57.486651617497046
-96.83668220170236
69.54971168946213
-65.51755102027164
-68.47021321059772
-63.97542169336807
-40.311588398412226
-113.55221229663766
-65.94181136715589
50.75108198988892
-67.76385032606576
-100.55538671425313
94.80155350745918
-193.9166702750299
-168.45419075862446
-7.038637801771188
-113.4246278495375
330.3926210505142
-48.373065192540594
-258.5159602596159
22.957651722800165
-175.87988165611569
-182.70745403452383
80.60145785518216
-39.63759872194714
-373.1147433301976
-88.8365085217878
-493.2974030321402
-71.72795099735254
-138.22307370457565
6.335628793719479
-22.528444385521652
-297.8746004295499
-88.7295868336314
-312.7493991584197
6.747856342964951
90.97447203652337
-1.6525506765024147
-77.24419844002296
-83.65160325992241
-92.17960879385701
102.43013496152889
-136.2328035739265
373.77694242135294
-157.81985561116198
-40.10219045727727
339.77474620044813
-520.4618795048846
-36.53090884496851
337.6786439419102
371.16134387172497
45.89345885285388
-113.43694721697284
15.422163706985884
-50.22726005523691
-91.59730736097995
-79.0865635177078
74.14333396817347
-44.04800653021799
95.52221778764215
-42.2678103522235
-133.00901276717514
126.38659067682602
-64.43625243369145
136.10820634898482
-47.08691693648143
-449.7794110876039
56.518606573295074
-351.3504764368299
-62.819036878503766
-55.52779571670092
135.3039250734355
19.58288913704928
-305.24338017327136
-37.40134701911499
-15.871854659327363
-12.750638043588879
30.51850548537368
-143.73838980700748
14.891238666941717
-56.64782959487398
-165.1940221853365
-91.66236842171747
24.674828029380024
-97.23635409907136
-29.25349959662617
-380.33720936978534
-87.2900827641406
-31.665772336160092
-18.67688143278974
-52.23008249702616
-550.8889462744373
-135.36875324161338
-60.46948274409911
-134.83780594242853
-65.95934375242359
289.724473976019
-21.522480824199256
-138.0671929563523
-61.0227455826589
74.80687669109284
-17.48413577062911
-396.8309386220826
-54.42974111856802
-64.83928270613433
21.70360686673257
-64.40683557491775
28.204494322128085
-194.33886039589925
555.8746252094006
-47.49854704126301
-58.0307865201198
-83.7142051592329
-86.14591773214282
-45.0033385525878
551.542664341363
-56.62592225133633
-24.519799236095423
-91.14231112124426
-24.862778421196708
-497.6230831301564
52.91305891707361
47.75645268373046
-64.81823498347626
-83.3748256114759
1.43349177823929
-258.97027627799616
99.9112584486229
-63.8317893060487
-50.384451302075384
-7.316982699097707
154.5416171390316
-329.6288342469761
-0.04936991247120659
-47.51462456438403
-41.935159780288586
-98.8260307113948
355.03745576858273
-85.23483068328551
-29.854227662939593
-72.571158459599
-76.27752595790844
-127.97517933467861
-131.38582378279716
-230.8041485896465
-115.36168699317523
-0.4661005167545227
-55.89152201775201
-101.58879689153508
4.858562569684921
-5.679209164998014
-74.85001002541081
-21.153216125086445
-19.64871137197929
-34.584863361526914
-131.23765771642866
-20.929374959658162
317.93291004168714
-94.3403331143927
73.0246542560185
158.2845993129722
474.6418294160703
-76.03037890680753
132.94093912080461
-58.171492271476176
429.7375439535117
-56.654372841385666
2.826084953663667
16.822151113497966
-178.81945596154037
54.19147471532506
-485.5856372877279
-109.18121129854636
-58.85194717175
254.84115078511422
-71.54281642792554
-33.155494159913786
-69.96168656964005
-87.74111987960623
-214.07681472827198
-112.48541083326563
-93.33454349055091
386.7574344820732
363.5285117616386
-66.12582023788639
59.506592602994715
92.10802734629897
270.25195001745305
-22.653796348056403
-496.6952809278364
48.323450989324556
65.33131514150227
-48.22526309124214
-61.85996099487379
197.2567440645944
302.41825985380274
-42.065508640362694
-50.92645476650881
-30.28248981904289
-55.58713522614735
-27.748892033925376
-118.09270578602627
-76.12465985269228
-43.83241061782582
105.84888022551831
-44.45376313402698
-33.01726141652655
-69.00200863945813
-44.886806963937104
-76.75570252440775
109.12505702287672
-70.18768119066547
-33.63968049939916
-54.47756478211477
-49.03662086139684
-53.02628655997715
-97.92505801173935
-102.22703650396033
-42.48758810866542
129.97893743903842
-109.2961700323126
-26.681681077479777
48.726904553708664
-66.5727960133123
-188.82676453034583
75.06566513442431
-282.3825988088065
136.17161314014857
22.789287426361625
-265.72017477964073
-79.50738277449
-337.5951712975693
30.565249557441803
-56.00180086020542
39.75078316386134
-172.14978493467243
-75.29547135005882
-223.6230363379109
-150.28214411848967
-317.7197656475091
29.506205944373505
-48.57372054836924
20.03874541715959
-55.57715066454063
-47.44973277453937
16.298633712797255
225.0873069105237
-99.43238348200885
124.42122812852176
-114.27309400521682
210.6373013688226
337.9768387641525
-48.339834933467046
17.42727035682219
56.24903722259114
-70.56640134362124
38.06949785916095
-19.366578175491973
-67.38477256868313
24.39589441930505
466.3852655942883
-99.57873446065301
1.859003790468627
-73.24945951614806
-6.908250839239372
-323.58411009995325
74.06242775349892
-359.30527122769126
80.998519777615
14.30696338006419
113.5284698866908
-36.22845602949661
-43.81400928814696
58.44740273918433
-3.328334951986932
91.58265916650817
-81.31341730932755
-94.33234503050184
59.30119766510575
-614.2966442394372
441.74185824086817
-16.965490941292956
-139.1286565234641
8.94432703597704
-278.7667986392353
-22.30350837838978
-28.277112326753013
364.19078948872266
-85.9653119566101
-108.96788028899375
90.50987766379512
-17.816213170133544
-88.82980822127946
-67.05065891104022
-248.7524326446237
33.855581737557486
-56.52336035546591
31.57966688427132
-12.617826794098127
-33.62921915953412
56.279720709880166
-52.21583610640182
-40.01451439915031
-39.84439041341284
-20.497948192536654
164.5254491453743
-366.08563276923996
125.57149460004803
-44.766918187259016
103.77805942169562
-87.81684316704636
259.6214629236438
14.875798872283752
36.229493551038104
-63.18746202911469
-86.26396373002535
59.748661471054675
-397.7503544213523
-23.870983606093432
74.13403068600564
-106.32111430691423
-111.81807575835774
-11.979367435205859
152.1746977114508
-65.369577157458
-71.69425183359999
-33.50849502413689
18.899799632694794
-60.7859302283303
-78.96591269926654
-13.177402625038408
-194.33318007946764
406.9588953214352
-60.94306588176778
-51.05097151107154
31.66907720342715
-82.08050022680264
284.4937996701956
208.9732477328489
-49.288225326903465
-7.0837477844300665
5.130715949278965
-122.38136106088314
365.36610792564534
-161.56621572585573
16.33820690297489
92.18279792663634
-262.9977583346772
-72.17323781512579
460.6388109988493
-522.8872894688593
-46.68407574819503
-35.801418101716024
-35.8165232794654
-34.63438075777756
19.076807924264358
-99.20743170436253
-354.1630334340771
-58.29376205350417
-37.69318074631928
52.96356414251386
16.984518916532668
-1.25328712429382
229.1499240839148
-54.78989634419854
-54.14523734305732
494.2051393177371
-12.04428253606602
1.8598307273132377
-88.44048579353941
5.672983480207222
-205.33268661672264
-148.40397349514933
-16.366034874512366
-79.1086107062896
-37.78740033845679
-21.124998002800567
2.7328072633063507
-39.5238342999174
-148.29840521504775
-12.475199204348764
81.20743121980922
-74.5190964342255
-79.86895200877441
-12.672114728084352
41.608415010855424
77.69275999862839
-110.83236742502413
100.74879825121025
-75.71182962987723
2.5679993973902104
-37.510269252004036
-88.3194592636371
-3.2449907040504513
193.45390223087634
-56.86579578605861
80.45594405462225
201.9858332331205
291.34381448617205
-138.1861041919983
126.8378972062983
27.041341478796312
-33.11776620658367
-357.07991264985685
-108.03838983498797
102.05978729665458
-179.74368179073736
159.48522252733164
-81.75632864579529
98.56673788752414
57.73533602363045
-15.950495982056964
-107.10470542614985
-174.73399148477984
32.28304642690182
-48.05009991981195
-6.452883894949991
-27.604354756135898
-94.37028514003032
54.58895392761042
-211.20455588025106
-38.27832566030247
-152.1200847596083
254.20691470587008
0.6901759592092276
408.30877903292276
319.80246104080015
-42.36582818818573
-72.60274380036435
119.80998778761113
47.64484827372405
47.85591265188032
-41.99124509966168
108.72554368601959
-110.94300852648666
-83.1015616733448
49.086469170938926
-87.02210156179537
-32.42776999770072
-90.5753811152581
-53.733514804056995
-617.9280848160342
98.19413516030727
-20.48995336491589
-17.181693684214842
23.47159034443621
79.01084355154217
-287.7401306631
-104.18858128030092
269.3535176061305
-223.73181404346906
-105.81388515558683
-13.703432008591335
297.6575501607913
-51.2888333057964
-62.8180089475664
272.40208426616664
-97.52525499505691
-10.03928538237625
-187.672649907925
58.75446907826654
203.12399093859767
-33.60622963245648
10.316671712900643
162.2667861353475
237.5177656412443
-230.29235693116152
25.102850044617753
-113.87411980769998
-94.1886522786931
-26.843746770706275
-10.628652088707495
-250.423773049004
-91.21105129132484
-78.65461154886492
-58.12389927963886
-38.789700061108704
-15.574798535041452
191.70418085531765
15.213069219692898
-38.321988765883866
-53.296422950579654
-89.24208933394787
187.70368081995002
-280.9271117635253
-72.45124513038867
-100.6208587899894
-65.711816597605
-79.60663849895269
-99.36824002428875
-5.076828905318507
-22.89347004137744
26.18396789652752
95.35322366357286
-499.28930624233
-393.1489016394098
-23.595174471558494
-12.053207057129839
-80.63711536095954
-7.395161072816336
-257.2919416066452
12.588342653530162
-37.697093206506
-24.09114292133563
-448.98312044170416
-84.16039119223151
205.57126147278177
153.62768188433074
74.60000260199013
-37.01127250881791
-278.34392865000245
150.62983075236662
-54.946504424267914
-57.86269515339882
65.27350221927918
8.061611213098558
-14.282791843166933
607.9019497535537
-37.820553545734555
-84.33185249302261
117.49904214612798
-58.05313489033051
-11.997443478744344
-101.21131171119573
-40.47855389491704
-118.5283761803725
-74.81787709714428
-13.144074524903772
100.53067882520054
372.2677359501522
-171.37193417662638
-144.39975732082166
-15.14464894174671
-112.64616570909129
292.5329128347803
36.04529676251968
114.31373126182189
-33.75860355544319
-119.28149017548185
128.64395312112902
-54.29889823128261
-74.13882542504838
-74.63322560003968
-127.32897006296662
-247.9069290911084
140.77316815751146
-38.46902316245013
-35.14944219113727
-47.68292908024626
-14.775035106978976
115.25708076083538
-63.062989025617156
-14.753586148767283
-40.951877749876076
149.06048864817967
56.81298980065367
-61.7351157680223
10.528186262979034
-49.908679497403455
-50.480274647064334
-5.257690284837622
-163.59113813354543
282.76270154947633
-119.92706999596157
57.23880844354244
-80.98471924513706
-55.58154232376114
-45.32289613910139
7.263410907821822
129.8061366668926
66.52169838052396
-91.47109415465688
-64.63004158636522
-93.58169382204494
191.07381304207593
-61.92680969273072
-126.44168174596052
70.67944913058454
-76.98424388174399
-130.3900245201712
-60.12562070835483
-39.010812134842126
-51.538111787758126
-26.92876751913414
29.51804768490456
-101.06104106025187
-20.96867479433422
-14.338071465816029
-48.57995554038456
-73.19493152119321
103.68119674056652
-73.84907245171053
-304.2213047164787
-16.652261101559702
-159.11894112561095
5.782976594637148
274.49695770717517
4.310464323230917
5.126135511198299
96.26546751080787
-26.955137646643287
-84.5784714500906
-4.968184927176765
173.81820499189325
-41.20034181946134
-62.581255321927074
-10.241344402798859
45.31021148117179
-44.115445053581595
-91.10371623218683
56.75417615654624
-91.95354373978299
-293.2756382121388
-275.3586331664592
-21.653783014834772
-99.4486189451704
-86.00844140052153
-89.87724977259872
-8.266008022443202
1.6660542126946893
151.56620476749958
93.73746682666206
-7.432619191895128
-93.74151999868991
-14.705785474828588
-248.5672369011063
-23.71634231839562
238.67104771850973
-59.87152127160061
-62.14851190721343
-49.330084501244166
20.59893532330534
-95.12786392793976
-83.31853671793115
-61.622577136377735
8.663446617171019
20.000032457117413
-64.83863729344891
115.16116390165917
-75.70718205045421
-176.2531415266385
-231.9668806303689
-64.35478189019284
-7.839881038944469
-61.7392780958744
381.77393634785585
-87.64056993154472
-76.66016123999664
-46.77633669404531
-109.99552511608748
-52.721245202272485
-95.57888352891041
44.09253369665839
533.9745332696184
-128.9044806432239
-50.34761767692471
-13.55358070017428
544.1676431110318
-116.03602924388542
19.171459864279313
-112.77519472183599
-173.1355149820247
68.18685969002945
4.8575092247210705
-43.761680329574844
-146.7131123016493
-28.970872897245954
-14.427796035271768
365.481580568332
-55.82915612638248
-46.851896006084644
-62.50487892420642
-39.29118596887565
285.0472097719976
-231.29565037905377
-59.106624005905765
-69.08674447993508
-4.128285470622834
-167.2095586992691
42.78133466732879
102.17516809474228
-10.57532442475491
-126.99233412395279
-58.8516770206885
-1.489331967661201
-12.011608222595896
39.13064357508915
89.309509355302
-26.209894462278953
-78.59363785745316
-59.95896692656788
4.129125173840293
11.079920323442366
-93.39371377558622
-72.53211457883494
-132.62481665865926
-50.633611831206906
105.90976616233274
118.88057565696863
-88.64683307724934
20.609599400069897
-144.05448498343685
37.34259617283169
107.712884925877
23.384326154659902
-269.2464097739248
480.5383542809268
-37.79753825532498
-88.49644273552852
-37.65714801310696
33.95862461957563
-192.76305320127904
17.192290387349203
-31.433287068273785
-467.8746649570003
304.2234065240209
-81.62016103744827
85.22232155441998
-337.63667228329723
209.47681991603713
85.70760591969702
69.99822844726077
-30.239072985510575
472.07818757731184
16.566586292133955
344.326170668548
-259.52680976504234
-37.7547673691032
-51.87942454610811
79.6194630228365
-61.052685081838675
24.221663615417015
-41.71278174228064
28.981065885137205
-55.8714711781206
289.6907913050145
-71.0785342759335
-95.36104619819041
-60.52700237952974
-56.086119123191
327.3144872119783
-144.60281082876645
-44.504714203049716
278.0998967240939
-212.3232713045636
-103.69869693215333
-24.134425422595086
-122.73761092308732
-25.282492299282808
-33.967790166980286
28.538641422983346
-71.67518229652856
20.85994810435386
49.97492769014207
-63.42194002590583
-36.04021106140744
-68.52886688607369
60.01360803680336
-24.96114555432638
-107.34270531121729
13.690285265365674
-192.70075003560214
-9.801296673713011
-70.4821232957134
23.940427915478267
-46.52839368833247
-66.24691433257613
-43.53067656845042
-12.838249136299055
140.74574148049396
352.37474444897816
-158.46578419057005
1.4498159805661999
-111.75435050167509
-80.11790533855049
-43.1766747777483
-84.3584210128349
-84.54689402456276
-80.75558265430845
-25.344537106121265
-57.099465366725326
44.797082588860576
-26.171422967291136
-229.37962023183354
-34.78333684977042
-73.1178076506304
-91.57977028699497
-158.96828337772968
-34.67040600925998
-179.9692460215647
73.39140376485011
-188.56276651961343
-69.5144128627654
-99.49432723449829
3.4903977409867366
-140.00441764141578
-156.78151194381462
181.82491816181528
-152.3153354199494
-74.7294562743979
-166.55531658931613
-224.51762375564067
115.73419615600051
55.62739362740285
-84.73652951596395
-116.3803231359338
-99.773746871595
-51.710559252225494
-55.143388115769184
322.0990622489153
-41.508544290289976
-74.35436575387524
266.6273682623523
48.68669717311877
348.5003545807631
-38.60453666993271
-141.83682454021073
-238.76406643062
-1.7650618803966154
-325.0042255383232
-40.37879895137462
-3.2570129791511135
38.708979165058736
68.1137083844169
74.7819585422676
-47.79251846336774
-2.018758630321827
-21.627093368343253
-18.23552133482076
8.251186321391287
56.63330683773256
-305.29515256880404
-63.205600218336194
-213.6661227490231
-69.81598506155933
-93.68997986734239
-51.60552438741249
7.997070727278015
11.777352345767895
-13.011594534653568
-288.2215522056267
12.007717649756614
-118.81527105750092
-68.34519640236738
-288.4511167981291
-55.39878675953732
-26.32175340397953
-168.28297976220892
-176.48994144065728
91.11826926831418
-18.89227182857985
148.48209180428057
-69.56205819686832
-213.95712730590458
-61.306664025769855
34.818876190392984
-65.69861387832307
-7.820241159577989
-58.232033387531374
-19.6503734205171
-56.04353930755088
42.244590211505056
9.739302176605634
-88.50712054309679
141.95945124426908
-51.342326752665144
-63.98118660748601
-150.3990845152275
-80.26832424594207
38.81743484784329
-57.05749550200835
-49.96859761568885
516.4961347634053
-98.33362480835785
387.05735521837596
161.45958710658851
-102.93715359846604
215.52011494841827
-0.7578141556059563
-14.240556415237734
-150.64956406935926
150.99952625919832
-56.666149597922754
17.797887430462197
167.64328570891894
-44.73891623693521
-16.03395797939811
-212.06297817249106
-98.01773633700202
183.28932146894385
29.904583133877622
-4.531368558301892
-28.400857236025086
-66.76788050855508
-47.991396203176976
4.466848614172704
-150.3257635252727
252.09031835354472
-111.72560294547475
28.4664197157299
-118.0116682204025
48.55093126209613
-41.65066368432002
-89.80285596242493
-201.549624972502
-67.13890643985619
-38.391538985040825
235.0609745862671
30.947293449822723
11.047478993390865
-78.79019568635492
-13.603402985133016
-342.75119992364944
454.76826786758465
80.07163031370146
-52.90748340082064
-183.78989888640353
60.7855788362358
-79.29080610027268
-92.9476627089863
6.280912649084257
13.994615015576528
409.18768220578113
-20.847646526211975
-113.46748377040603
-39.44133329590477
-69.40065135302436
-40.42255930072071
-3.1155810357306137
197.49972044738206
135.1262422479399
-35.93647257255998
-84.21838534516024
-399.3512730202401
-9.42305540623994
-71.97590720367569
-137.50925644797826
-80.17479962133802
-7.31106581050858
-324.39135422237814
-169.6645180310843
-28.104333623618004
-56.57558234799035
-82.84962789613485
-23.283004286930208
-156.46276380829568
-213.40370671146593
-12.295982954198267
-233.12506990498878
-63.342988378266455
-9.088385640098295
-2.899646469142226
-73.27171822221044
4.328489489471508
-33.85043813667692
-37.105607623927426
-32.384894902637825
-318.0431513466101
5.850959990560568
-15.152839985346562
-36.37029830225701
-406.0417967462472
61.87791872991829
201.92190858408503
-40.74256973688739
-80.13636073519228
5.176556177249722
233.3233757691305
-87.54038869451747
-72.35244645663079
-102.57083209039315
408.14004746943283
103.87818092680573
-222.5291133724495
-116.13385063173936
-59.95949578944601
1.5044870945698676
-7.3293496634501025
-80.33754378990942
-490.8844646805719
-27.662747336285975
-24.25626679055108
-50.26695064916455
78.39250696957606
-68.12714514360573
484.4471083419048
-207.05736052585235
-102.8205635410095
15.792447614405319
-101.80200483859517
-1.3175550543767092
68.25049143157185
-40.68883062386354
162.10779884553085
-18.624521519411118
-80.29785234704215
-77.9546314801355
189.5588354629581
-44.05917617536041
-35.570483435647475
-160.03568649522276
19.367211784037863
-74.33211564465455
-269.5643304054265
-6.684667739053111
-75.16906250689044
-286.3496510541481
-230.41627381272338
-113.73004745409071
-79.74725257600963
-60.25865566170771
48.13566913057821
80.53959917005704
-41.775173164763316
-39.149034252177046
12.889631161680882
-146.9964893809847
12.04420414717606
32.789184126335385
-88.84509158390938
-103.32167730471701
-213.77609864873193
35.87798946381264
-55.008233737833365
-93.89036432242892
264.91738420703405
-11.726682503939166
52.42776772470461
256.2580687365171
-137.97518931467948
-5.357159321203193
-101.23986554990006
-74.46071182153766
-85.11253141288944
-406.36445479575195
-115.08274329516826
-21.476472542823807
89.42459728026006
-22.606480573866065
63.778825104765474
-114.15764823238169
-70.66173761230043
143.2341250510326
18.51482658880559
-50.79311905819384
49.88615133191979
-2.2811562291863083
150.92088185382818
118.38182564806266
28.34589526711534
-92.12153233567369
-78.94981790789322
668.0117998702008
60.257416525340886
-388.0186011842434
0.40229118964725785
-124.67752854759647
33.132885319991146
-47.34430180560986
-41.39133011783633
93.98420145254158
327.1680308649866
107.3412900552994
142.4099900651454
-111.52862393490815
17.53719105527489
-17.414873996081866
-198.25556223730746
-103.50238520665994
41.72272495438483
-106.41707077187857
-84.91657491243238
-56.66353328110506
-80.89975945828435
193.01491816617272
88.28301179285154
-90.77879499062672
-55.909898908101766
3.618158582718479
121.17509340738434
-110.68095839625062
-185.7321102717715
-79.93725914418792
-109.0133459378363
-39.11089488348546
246.93973764493785
-86.61354021813851
57.02967331103537
-88.86119536778133
-15.3009058148869
198.729619164631
-59.95352065891984
-8.010058227767558
-35.214771226647265
517.3594349873674
54.713817351092985
-75.68964724452205
-240.3133504446223
338.12632590303656
47.95748878537779
-61.67813621151436
-83.2753837260334
-36.49149324104485
26.465120248270978
-29.66011757660263
-19.223929927828067
-119.38847363176107
-61.124647668720236
-137.8241444193718
-24.05826342701198
-57.114458427637615
60.016712393747184
84.50364067358714
-69.28256340426174
-50.08569254103574
108.61958127713797
-85.15119793764535
-63.20137206014574
133.5203239553648
-35.093632845702814
-125.43455586041819
-91.92320585158575
-51.76193218793742
-109.38700889883694
21.13308961181656
-363.93722047315987
-71.81105910098731
388.09475763186674
-39.38547107438344
-62.939396163630235
-38.640114951991166
388.4237696411801
-207.12903776528037
40.94476843099119
-17.269991143908555
320.8194083606759
-35.505823941971016
-73.3471232821089
-35.40725066969503
-4.332841693976661
-190.0873509345729
-83.56402910699035
387.84509487630567
-10.641204185192668
63.518554054624474
11.548799168149344
-161.6915466254959
74.82862388417152
-1.3672412990189855
75.60517228905337
75.87882232662292
-81.18250317397724
-36.298214580815966
162.84662860687786
24.919704843267937
507.9397467781
-312.2980667658758
-11.044549035629517
-207.06360141079858
-326.93467555088137
-53.78928045148003
-257.6655291758234
8.159855129183143
-18.711005096948966
19.260634825910074
144.45493746583634
-9.453006247085568
-70.91862491368092
-56.07018443081779
-35.855285122349414
-75.28622336714034
42.87162583845338
-2.7248944664461305
214.57644322247324
-124.70540815115055
55.38118093910634
-53.920807007249174
-128.0305020740616
-28.423789690652043
241.65971375200206
-53.11193851828379
-20.803102507679313
138.9945253017886
24.148732373278108
-63.38836861483378
-185.392122810179
71.26210957367948
-31.986796211831262
-91.51372303524491
-69.81489784212863
-287.652679470506
90.68624499132784
-135.23095983389067
-85.0699854852891
-72.38069963470844
-11.671718115208023
-423.3614470920602
42.825077206387505
-432.56972499482436
-96.69747895269484
-14.472384922016317
-11.728981915132863
-53.93424921744736
-103.04338069365873
-340.6991342976944
-95.80071858788355
-24.192969786853993
39.03697753468418
-73.58974133024458
-312.8327407083616
-79.32790511977873
4.2819500746645645
33.615394038875365
-186.24369165802455
-68.01365636355695
430.91827365618883
-169.1134433277566
-62.6921143232214
-22.781331767960832
-478.03586797838216
-121.86467659649134
18.63190290923376
-125.5978899602078
-84.64258119453969
14.249508168002649
-50.13030644676119
-174.18566419620402
250.5631116365139
0.5397282304256805
-158.2538441312263
-27.007842469089155
2.426235345799796
-78.82560085922978
108.72254591067394
48.648489609000535
-342.0579570634054
-11.656884445765101
43.46627059427692
-100.90329539334198
-45.269145623744954
310.40899418619483
-58.13944210723517
186.01111450991993
342.6832541037147
-55.76009224075031
37.118102827443636
-194.2219493134362
-198.71169460200326
-92.55227684282944
-133.93064089554719
-43.43976200063197
-224.34785938865116
-67.72670710429468
-48.80923950660055
139.50309062770066
-52.716959035438826
-63.48278434528458
115.15031321274182
22.632028730691673
450.26027683732354
-60.32695588901879
65.13792557394845
-132.06059686707158
-49.078607112855025
-131.98705098668506
-345.98205411854906
59.56546643393813
152.62355299971568
-64.77612629374835
-70.2454206073913
-51.10446996346739
-64.15282733832983
-74.6670558947184
90.15196804162224
-65.32155627765863
-521.0542976094403
30.473806272408183
31.193249531293986
-132.10325997934888
-78.99794597260188
19.995889216144406
-97.36175529159863
18.817524861301536
88.14780981447439
-73.27098987791283
-196.4436928295354
-60.21109046800721
35.80043455671317
-79.99340476844918
-86.51990234086225
-72.49697043491567
-0.8649676372751856
-120.07728197500091
-6.465620283377916
-49.84435477722832
-109.16787035728157
-46.95239848040745
202.98337504928895
-56.7197187260677
-58.17693204791957
50.58563302344555
255.64395954104566
-15.439937311611374
115.92696655262989
-153.69826479993026
-77.24099385170484
-7.627061654834051
-55.765687189802975
417.1114554597989
-12.501028348488035
-379.27645240666243
37.259892198586385
-84.9746319647902
155.1844321467579
55.940183369310034
-64.42650621577432
14.385851974333189
83.4625977543401
68.94972679088096
-37.55501187333357
-42.56357768167527
-167.45139783486047
105.9899163024711
-52.80370770954687
-28.12114030081102
91.11824598446128
291.44143496473407
73.62616330229594
-49.40740699116259
-47.281568651407525
157.882614560991
-165.1032733957254
-183.90273197547685
-112.77410851240529
-14.695267040740873
-47.2007478345522
27.708383537349164
-261.4399511867705
102.96861097643705
39.58780031193237
38.936320100400735
-55.306770444296106
226.0301318438378
-82.98507196644823
-22.200725576258264
-40.54019222727857
245.15752436738694
197.0775909688673
-35.56207219697504
-83.98827227618612
-83.48141109180122
-18.00373308762255
-443.43624835227547
71.69339605223968
161.74149368309554
-221.9657336363125
318.8697306116828
-83.6394469665844
-452.7283226814652
28.745430244963757
-22.54383111806419
-326.6922906546115
22.517454901450037
-69.08277114994209
8.124364922426082
85.23529098305062
21.60634155156913
161.22077994588653
380.13654891698206
-72.71929007852759
54.784721240013084
9.528198804252634
-542.5597519834228
-365.02617970658684
361.58207292484803
273.1776994132415
270.3763780075651
548.034572847122
25.62141921383045
-71.71048137790513
8.333860369141803
-231.94273559605062
41.41571177181868
-180.81319703056215
-35.06647712267426
76.8893708924752
52.18621862084501
-37.944410017307746
-583.9110673095583
-29.008620032349796
-72.3498124695067
-83.81982630126335
-34.16580313502163
4.571172446934725
-71.11874147578857
-135.94991312905222
-106.48061072728318
-30.083265090493924
-16.294889434701872
-70.90804273065098
140.74319414302954
578.7736587497502
-23.799459772799253
-30.208348230518823
453.0988158713717
-434.5785893337652
269.23985080644525
-32.258038614398174
141.6716082435014
50.91594281782636
14.449605808746412
-1.8811657533497055
-6.3102320266609695
-57.24759141067715
-61.208463000997654
-45.75820141324766
-18.611230621114373
-49.19795451828752
159.83191645454463
-260.7906517035026
-37.93164966954608
-416.29315180596495
-145.18492148375844
-114.93617959523014
-13.476122941634458
38.385830835763215
-516.2208989457413
77.14492840906132
-45.3450155049959
-35.13363044167818
24.27491522179662
334.51385377137194
-65.23736393938623
-65.62439839955583
-67.24487312615595
-44.77886592391769
-638.8721496983344
-24.57516200004011
-136.32491269060202
-80.38870471606629
-36.83337705327146
-91.36755169178286
-15.582651634785861
329.50839347256624
9.751529259994584
130.76205745937932
-58.85882211888648
233.04260081545
-86.60174735948237
-158.32546913736405
-62.38905496964617
-17.683312945657235
144.32441955322793
54.07935336454102
-12.731371607431356
-89.2601658639878
59.455639051955586
75.63610333009274
19.814427411990323
421.54511594835094
-437.2000002071618
7.596557050486808
-71.4761346372278
305.36880287735585
-101.42556613560373
-84.2652602204389
-187.5756081469881
10.11276367816754
-12.701021755656257
-353.95132721927257
6.704143717375359
4.867743099731342
182.00696738631086
-93.42003536060719
-110.86113816762008
-35.97013998892368
-98.2034843309957
-94.76958741981554
259.4880093692791
-30.68438217462699
-660.3042949081641
46.232808793338336
-548.2320559883974
-77.73456602159361
-64.63528181355105
-360.022199279445
246.73841064850967
-199.34932663672953
-70.53773061039146
260.5418510942236
416.0872859908941
-25.89332807986955
-42.78738799184241
-70.71767705778711
-344.13415530648126
-104.98645455976293
-30.218874416082926
-46.203034210233454
296.9616326126288
-30.31138390171654
-74.95381648938019
-63.170134066033974
-62.875516957698565
-70.82182332177857
-150.6014144727833
-262.2609337452832
-8.134039449072588
-71.46054756850107
-86.00323120048418
47.934902523540586
-63.436010650371564
0.5220216134093789
-91.12757488637413
163.78248716388953
47.52051866636293
-41.927426884263696
36.796162463273504
-183.6862285031657
9.397938194160815
71.33846166674539
8.231555747040602
110.34107764427517
-105.37718296382627
-55.69788053766572
-15.676120569871273
-240.32667384957495
-59.03985003966591
-75.15681228650647
-147.14525057785613
30.937408277755594
-426.8208526630151
-85.86371582040556
437.9203773518493
103.03061078319115
26.739999254741633
19.022441559106483
-57.63763240229748
-37.86163235470206
-66.13468307378525
301.20967439800916
261.81475478060565
-330.69798438148064
-76.60462216191627
-118.32805958331846
-44.22552903815432
-86.60893679130822
97.32343014938124
87.28108984519531
-25.064059671729865
-55.58153943766178
87.80861935315534
-77.25793236231979
100.72558580886243
-50.13429188826376
-43.252884824725385
-62.119380685777266
-10.05867496180042
-24.40020531142648
-2.38373802571914
21.569672771715886
-179.65859975659623
443.2934106403336
-101.59247070155199
5.5740658181509275
-65.73001361352817
158.85063432723655
-143.99248698658994
-75.76139735732193
246.11707176949312
4.566434234160624
-45.05217425486177
302.7395367848603
167.7385957284414
17.61125565021348
-13.003845347256586
300.61256387564936
-43.54735785747698
-123.73700371054292
-61.5564183538753
149.5299688337309
-12.201863683736832
-72.60474125953488
-118.6152088802537
-598.8014331147315
-50.5928414242926
-94.86741538466333
-142.8248297185528
-250.57794710989037
-52.26376221589489
103.4076039128081
-289.2900207509301
-88.48643623409203
-44.69362029450111
-84.66597573223817
374.06029805093385
-39.703590238340425
212.0974578340738
-143.16647138690314
-36.92386173482116
114.14290452684054
-364.6612652161384
4.1974024001490875
-13.024446330409774
-131.63690308240984
-120.39476324330099
87.44070061091952
-71.73203051603217
-337.1262645987754
-115.36692353228986
-21.103058511151403
81.46599790666369
102.862484805044
17.498193869210354
-35.32679439513492
-90.36790085740904
-383.41981976549687
44.180106889378294
235.73782037421552
-32.43868969204487
-50.616339368618355
-218.12638320899123
-64.47701929280265
-126.41978082389323
-68.27928994048034
421.5337961994592
-308.26021647016205
-33.500398419190844
121.35762967389383
-126.61825386485998
15.224411540844812
-393.984861893332
-102.4195750073477
-19.214733808792516
142.92049538170295
-33.31511972321572
-23.71196035387007
-17.827289881415904
34.41283264413141
159.4247141326996
-112.65512946799572
80.71285211229315
-196.65367228538707
-2.073030025429034
-185.71822006000366
-55.86921719913621
-404.6683201308697
202.21138719010378
-59.607117687921345
-95.54528042111542
-51.523870643466815
10.386660537686339
-19.802120607145866
8.402932245262264
71.29861960869312
-64.59625386035201
-199.42906545946244
-101.86108455719759
356.869002304893
-56.4244280782423
-76.74181727897229
250.54921054911756
-25.781929863935147
-29.366355746997442
98.80624304034609
-104.68577939921586
-79.60846655043102
-89.42167503185556
57.71731574637715
21.105410173393466
30.878087232708822
-150.37766315994668
52.30796501419536
-73.86822192536692
-186.64200697884917
147.69473185972856
-96.26111616127127
127.45257576403219
4.741311138703386
-18.569788362367945
-40.73303879364022
-124.07125411670677
62.74739492314802
-18.75284630427086
-126.13766574990768
-194.75949816350294
5.757672198747969
-0.6383229377688622
-55.025407651197206
4.242857862460369
-549.9611758931132
-53.72332196606385
25.585475624376613
-65.67892897462065
-83.10450171715365
-44.1620009676359
80.79087137374427
-44.75154406314141
-112.09915937249207
-71.23395070977217
118.46094753658781
-98.5290357898316
262.9814094499434
-46.36581669388361
113.1463605744375
-68.4506223313536
-13.496280316863249
0.07176416521235751
40.31128673301646
138.21069264801372
-58.14438118952766
-73.45450423586044
-52.947847380062264
-63.36791355475827
-29.205337571262135
-42.85893746853981
-82.06090111694546
-78.01704058610886
-43.52548031872402
239.1617997391968
-82.37167616792988
-41.9124288870391
224.29139381541245
221.03435866574364
-33.927598868326726
-161.39781392617442
-227.29897227473703
26.836763319589693
-68.46528216212546
51.29898245801178
-28.09089137194428
-96.38387033714618
-54.97430448909209
13.752088299888783
-28.651173681839325
15.092794746868094
12.285761788158197
-401.58840123557275
50.71214351452363
-57.58482658671728
56.37032299667953
52.369859631597706
-106.27836563085839
116.37923116444836
36.933026624616105
-89.17496184233467
58.25142659030462
-386.06758757309944
288.333203359809
15.782532425294448
-12.8945872783288
-115.60649062858624
-57.49765034491806
247.1164060632118
1.6078503873468435
-47.02776264441252
19.32609399209484
-107.63353546584123
-22.865087952327972
-59.6987156899159
-355.92897256612014
13.689392067330573
65.68395849517583
-134.6691627410264
-84.42957978792936
-25.644193437210614
-79.03553389830729
-54.63668024515813
-32.0512979946252
175.74291566481224
-31.624496552444825
-128.7377120790521
1.3254637520905135
-259.74322577246494
-24.44993541085205
-68.54834867201147
391.5214148383657
-30.058844232596073
-68.04836211271959
24.162198471322654
-3.742549011277333
56.160357005137485
-79.71953619171018
-275.4950786812569
4.197110658587917
8.681449252825665
-42.654443089977576
-9.143209720273262
160.42476534695197
-180.76838768501693
34.81439795659389
-32.77512011878025
-19.8412111225677
-76.57780517636706
-103.60562196685595
83.64860976787168
45.55016400277054
148.13274388635205
-420.3312766791096
472.7334801699326
-111.36607615779394
-6.953737558302237
-354.0881453849179
6.488981061866314
-77.71001761606624
-53.08911892561656
-450.71845151639536
-178.86660721726548
350.0496447474252
-43.69590763859511
-311.63498035832345
135.21561463234866
-20.353561183155175
273.31467487963164
-14.527835749279348
16.00886404234916
-24.22705194777533
71.76345926698195
-7.281727060217236
-306.7575679646434
87.70150012694467
-49.291457738345144
-48.770884097230464
-49.02851966657545
-93.5774960679382
-99.58507098856046
-20.84740337401672
-63.74607281443237
-92.49488696457684
-75.84654796933955
-16.12618760179171
-52.302614503460404
-41.68047677567226
-29.355513971813707
-86.79501322755274
-50.89466184554476
205.91405900463724
104.90459887453153
-357.1159326389479
-84.90777530793412
-33.935517484458614
401.2904106122296
-374.25212560473847
-68.71247516471254
103.23574900155472
513.5319905917895
-167.74361796664925
-100.42296990707291
-462.30903712668623
-72.85347774554197
-93.21696683174375
110.17235378352598
-48.64742490573752
-46.34079630399538
-0.5985198551579742
-68.25656597021091
25.32041240228091
-19.940763776023232
-3.800290037190962
-15.814119651075089
-98.30098573528032
-95.78473580480579
-106.1744318273627
-90.53363340408578
-237.51074172754306
-113.58661387175431
-105.16737808526067
-44.20746410347176
-44.80968791695937
-2.1708517279919306
355.4159283229437
25.338437508007516
-107.12359435049541
501.4838871840693
-15.950886266053203
-25.683611692087993
-39.696023175381725
-13.71375572379202
-42.1176967229903
-28.13887936626131
-49.04077854175529
-119.30976916377767
36.62152944991976
-73.19234390520444
-92.54283622651965
318.21515317862577
-43.910005463900234
-89.99905937175754
-59.35597361765417
-99.21307773344122
118.49163753198991
74.37792158779484
-65.58431926892898
-12.01578736612747
-85.30865164292007
-61.35014202740718
-88.26644949264279
-4.843137685950751
3.252251902481021
-36.670727889358886
-74.02474830299583
-327.2954495836839
-48.27721880837271
80.91969402064387
-57.448630954152975
-43.63897394080708
181.61097108111971
-23.281494190794547
26.41512870947372
12.944108132981
60.38076909181882
-475.0820665833726
-308.0517332481395
-83.82489321209907
-17.084517544415576
46.96878806508175
-56.21543818366506
-1.666667957608439
-36.43907833157937
13.732154868936504
-128.5916959741831
74.68294530773164
359.911000453063
-2.2912459505960214
-46.19939662301476
-20.975265445425066
-430.11779894812753
203.1595065269521
96.96300536674244
-70.69745292324922
23.04541813128344
-181.9858266493684
6.271735219895845
-245.78921916999207
-35.606738115642656
-74.58736229665737
-59.29691765440765
-43.830669803297845
-64.41929997599225
302.7242994043918
92.37124338052854
300.26562750167614
-12.899999666194617
-541.4254510335068
43.4915367792355
-15.883576336082115
-50.48988519886734
208.50326349205352
-287.90132574688323
-5.361257753231257
-147.90900490650893
-17.274388399103373
-260.90624235344694
37.99890212888624
2.4233777736972115
-64.92620845871089
-123.28032439576278
-195.77197339349914
-28.81123368234927
-187.0402091330725
288.5164451081582
20.6990527561577
-212.46548900267044
5.77446454433084
57.07047868668815
-60.28655461858757
-99.36233117981283
-74.51459965315144
367.00522486257887
-294.03901892969407
-52.161091593879235
115.36618060580076
6.904953045512229
53.334392729051615
-116.71393652580446
-339.45722800500425
-181.7778789652948
-74.06699762386012
-51.12039075807979
59.59863250409808
-21.02810354749998
99.51700331266329
8.42983466286114
-175.81895730813267
-85.65877180285518
-106.9038627238168
32.41993455531565
30.81027648116651
6.559181098025874
-53.755093651708194
618.7085694641846
-12.943527874113519
7.125778125833676
-62.68988478900374
65.29935331906563
-34.53454278176564
-73.5290524138002
-308.0587601273619
-39.61184019817347
121.02919597903929
100.64415559684312
114.11646818875488
-58.765858819497225
-60.60355884364435
-23.04746449158506
-314.6847857974226
-193.86428170672434
-398.0707835541507
-30.374015322793355
-91.62303602493375
-45.392433644400654
100.69868774511997
-14.70898094402592
-113.96013858889273
-39.0829556543283
-95.56378639182438
-107.13112989549518
68.3749276112012
-73.4031332209303
10.773824262111248
-43.69414269800532
47.78323851620553
-1.6864521515453816
325.0641110851775
213.38947645279768
-58.18198633306081
53.844845861705835
-56.547029282404765
-6.425418860630316
136.54669841287978
110.47671146240464
-89.09604585006491
-89.5098469186969
-236.63359402080732
-20.267676258225492
-51.191743071999326
332.61711296392605
-123.74648564824747
-28.590689522178735
-395.40131164169725
-150.29697899298935
-48.94173423587313
28.417053941501308
-107.5790079929202
32.94776937520692
63.636880862741236
-82.47203590988374
33.117332986264955
121.71251719646716
-19.205503992191485
-39.35719228068656
-74.19645390181323
-308.171444855916
-53.17830609409725
-9.963162902372005
-13.227737912132397
-230.52158109114862
22.510468647040398
-77.77911042637838
240.87410294903566
-87.62183371059989
26.144261127627033
357.1388248332769
-85.91899181093626
-69.5160381306282
-108.92281236886174
54.96016653992365
-120.93056641115982
-55.447670747231314
-56.60692144667701
-302.1151269484635
-130.99735033932666
-117.70860220271425
-105.32500621169856
-158.92957882101655
-176.33960920610298
98.1974855924509
209.05777247589685
-337.04597664392895
-626.0285422394081
-221.94821229359331
1.5775143125092654
123.96014222425401
-144.68120763368643
138.94593107463152
-70.7782056239248
-39.7801154585959
-51.32276020478275
-80.1603143641878
46.82057155629809
-45.60520919171317
-168.63760767518943
-35.896244480190944
-68.30275302358496
-48.469431953886
335.8534514610765
-10.737078391024625
-50.752237432330425
-284.93857827755164
-111.6449052705193
-19.65710798152993
144.02189153625432
-73.93600326484346
-132.83088197692632
12.602961900347509
-195.77410108056756
-77.59106334801436
-59.06771744133769
-107.21097702080124
5.122493923499405
-12.321945917207241
315.2113612722278
-92.86825246164801
-202.66461746005825
-101.18793569592161
441.6295351513181
-536.2314489413038
-23.62706922211804
-71.81810331555857
-43.23662987080297
-86.0977102068107
-44.24736450711089
402.79831297169403
69.90885746364984
48.28437398880442
32.905068944719005
-23.12595039985422
262.9242601664864
-58.88715933790377
-76.92352344649989
-63.59903036933074
-351.95192521435274
-55.994665550168065
17.234181216854267
-27.849667493085235
212.27128505886503
-112.05392510990168
-245.31214430156433
38.502607218621506
-75.23688604264302
-77.00005050574828
51.58814825828995
-107.0438929333924
48.33207027993012
-103.95824548745479
-80.88379263107115
-86.16488871194724
29.182678991956436
-164.86700925926925
280.5339932737261
-50.01477960486591
8.053688162127116
-40.38735837049419
-50.06082407575377
-464.72839942067094
119.4535751320418
-349.44376295849906
57.08809056028349
1.086739628018222
-69.99762110236315
393.08442172082505
-122.54219050431675
-20.020875919735772
-192.20866543892407
31.8393806779236
-53.55292144284295
-16.642743486969266
-34.77400830676669
17.981289817074412
-86.84950235946417
-4.410430801519169
-67.1645965604821
-80.88476693816847
-33.20089244698714
4.439824087277273
-44.76825089037468
-73.2096708533245
-45.772152476213705
-89.55330550378676
-154.09915571272722
-88.49394544477524
-90.04743177106502
-315.229220304529
-52.900829078902916
262.4131595564595
-549.7602273824104
-23.336031510819307
-17.328670488384063
3.9729516755360237
-253.73812471085148
-55.60576093981918
-18.740352056784104
2.2185888600042745
-20.636350224834285
-56.57484231966464
-13.795912769392771
62.798212104501545
-55.55660248209824
-222.32755139885194
199.97515009664312
41.02462029119852
-144.29766232874772
55.19568295581985
46.895023706181746
-41.63975822535343
9.86245376173747
73.01655630677124
-191.50679812015733
-80.59789010838358
-116.8742757797445
9.658856743892102
-125.40970447023574
-157.4622075703428
29.749582799540804
-215.35368722734893
-170.07486404970405
376.6157833983689
-19.48698905877245
138.4959289663875
-327.9223961466614
39.53839385264382
-104.02630487538316
27.558960823201232
-325.96652031713165
-180.37248761936462
166.5730151624939
19.12643267241191
-40.26370166425568
526.3254374088683
-54.73223866981421
15.140423549604293
-80.91655957810872
-36.104348436830556
-95.40308066471334
-33.35243017343903
305.1481755583136
-22.605085153079926
48.4052478824633
-229.74854753931868
-121.94170099520397
-18.592392456606433
-2.326727557619961
-40.11893586954466
-73.35439990632423
-79.67091047808145
-9.643598499324241
21.004307211220294
-16.996032570629495
368.7809891343877
120.01902201124949
-250.6272711295196
-58.45242431431143
-160.43628314283205
-122.32330278250083
-103.34204178577602
-32.20075265112973
-17.845328913626417
134.46898713643895
-99.2678928877358
1.7830280231301003
-33.499589029259866
-95.11217886528563
209.38724987423666
-23.524635397389968
144.56131528841252
-66.19377750783269
-56.83293304233148
-158.00406913813458
120.3041423131217
-117.08046124911273
-61.6912620533638
208.9384401035959
-120.53945299370389
26.914710150075734
-132.212945693871
-147.9189154667838
-119.93721385128083
-399.80556866660845
198.76794129663176
-35.845608132181496
-408.7345201786911
-16.06942436008285
-102.14953608165257
-38.912185412311146
141.8911674089568
-94.1308963419697
-126.14173167702211
-87.48087523757921
-86.24379342310333
-27.071260849182522
-79.52243910833204
-86.0352103988557
340.68795542540465
127.57785859521937
68.47312367731138
115.86070456520247
-79.47659993174307
9.600909107736697
-55.6608806240406
-167.93934471784178
263.2519486793353
366.1051664689094
-7.904476324021516
-87.47431519751024
38.26737708724795
-257.23248723639654
-10.53196770022558
259.7277978986731
-286.8717729984819
-20.761501042815482
-244.14859879935102
-211.8660097134889
85.95987770176907
144.8816882555593
-22.26731387773407
-9.343567977329785
7.797591671265764
-5.35813459360179
-40.959252665333395
-226.1768686412388
-62.87038020196087
58.80705871198188
-9.253993423957581
156.16463913321058
-92.99112998900142
-43.42021463254514
201.2911480580824
-95.64650126748431
-60.5953230474594
-88.58484342667816
-24.94593084806098
-63.62611802568358
-86.5317467390915
-257.81583884728934
250.03151877961136
-34.56295741079491
-98.93125314550889
192.8081315989093
-81.566401348814
3.922319829618573
-461.60157913401235
25.414290806014833
36.16160773232923
-127.98601503561258
5.248671587416538
-68.87307336067097
-149.04304042149306
47.45636405026971
-231.26092807162786
-0.4882001258956734
-60.97978962273736
-78.00510098795712
-16.52782190962205
0.041419650689931586
-69.78933463957189
-31.357622557954734
-39.37098912206387
-159.4877267079264
-121.73617762159172
-298.39948093608473
-95.66267021434015
-217.92970744439117
-5.831494772334281
-50.47853220128491
-152.7970250826802
-35.031923250253456
-87.49066231452039
-68.9219596320381
-186.640707561427
-109.46587557515704
-84.98795195463325
-127.71062275344048
-49.59282560783413
-15.081185368953868
138.7098284543572
-26.385837443790834
-34.50959984186041
-259.93144378370926
83.35143373243045
-70.31771619860606
-197.02323146104845
-182.95816717305934
-38.723859271075014
-71.01828364192261
-38.01586339261548
156.7770182575823
-114.39037213374672
6.18749859131276
360.01164054424044
478.09518921783274
450.10661990949484
-33.21822267569078
74.17733332275566
-289.2831381364913
-109.65017617595065
-81.08905370871878
-7.893612295474668
58.47264756943878
-60.745707192022564
56.10916412445658
-106.6354855538157
-323.78094553915435
-324.16056741010016
-396.69080815372035
-289.98763904001135
-82.4193530097773
393.36164881151853
3.332788324588023
18.36795959871597
-68.31363624982176
-87.2633081619133
-454.99736673670486
237.4107412419662
63.02370723602053
-113.7644758051174
-46.38424474164822
-114.8578733943923
-45.98890195581767
-273.4141434408875
10.652657703722042
60.78621212779217
-242.82389076772597
-150.57115178011372
-121.26852678874502
-18.304036017732585
-131.35029054963525
-92.64962316571756
-67.24199554480037
-103.75361136953597
-63.12295256453399
-32.61630023860198
-42.062125596175555
-44.13876362935024
73.2672776733707
14.664873816154488
-71.63797113730107
-31.38371294846926
-49.96732287414157
330.903319171146
-170.82133319601962
-2.5086498604391636
178.11921775974906
-11.584796910757177
223.0594132865649
351.4146686447639
-32.26021349892081
-171.20422766414958
-340.7468302326106
-123.28050341803919
18.72894055372126
-61.57685508498546
-87.0883678813483
43.09671243169214
78.52904235817368
-229.00052769725062
529.3572417823543
-159.16028516600272
-68.71460200517836
-80.56471448104958
-60.51330150049034
-111.47089203431824
-35.618354744870544
-45.84197623482942
-130.38620457203615
-32.026353399024636
54.39202138667497
18.099342413894476
-48.17968564180592
-126.74101663155852
-55.3796437996276
-22.83354402443183
-67.34876143702269
-141.94764405094156
-80.48231642938094
150.8939664263071
-77.96581188066921
-193.3583116306063
-258.0312088365117
-36.45829375107496
-32.138995282644856
-250.78680628944858
-439.5029090078933
384.3296744188956
308.33312711767394
123.2076517954365
-66.41730194872797
-144.09683711764774
-122.95827930060959
295.62426959259574
-97.83093172771987
-40.07688283166317
86.22736613490451
-59.87767120323406
-35.72111097758979
-38.07102282506878
210.84884882130746
373.1044966811296
-110.39330952320132
-110.78978235756196
-81.23611863394945
-117.1013029855776
-171.1808375406854
77.7914871851699
-90.07968419056371
-132.06854391830257
-52.96894494189026
386.9676148384806
-261.11907374504335
-116.96450277658369
-31.536248972608412
-37.373884148698664
177.5288025046666
0.869898068571274
-445.42379321519365
-98.70538574310558
355.10304284066115
-139.70078963404922
-80.93101669171514
-96.43352423500619
-6.526257559163756
29.209114345156195
-258.0513566311938
-78.63819914146916
-31.69705045008064
31.629061088860453
-24.875698376348737
-118.99223813086792
-38.88798210388404
-56.156111023826085
100.72303952928723
-25.734308040568067
67.56295154743339
-54.70922128843165
-17.86154681829339
12.395618370093075
219.78584928446662
50.91069394031001
418.3742424219363
-217.59908718263068
-214.52540329988096
85.95651220764375
-85.30193957076244
-20.49278733990468
-109.54101979689494
-79.72527516240201
-111.92519387762695
-582.880975006241
-34.43630929270148
-48.83728689111558
-108.24489511128013
-24.324709362106613
56.15879390542341
178.16058729294673
-99.29771979149155
-48.96903582924313
40.268619216663865
-179.53446508751495
16.424379347109607
-66.66498519486356
-83.52263742362135
-151.62157634691903
-233.18725369531057
-62.46962800656365
-113.93458679072683
77.60840438062405
-66.79652733101557
-103.7549655838076
20.38822286382674
92.93953525216966
-120.88189571498242
-30.280055935910724
-23.22388764269221
-47.80950744921029
-43.40039763774121
12.91149599392702
-63.734118890315145
11.841469168201456
24.614311124296364
18.817945259832356
26.12744747679153
-180.25022698168414
-55.08788162312567
25.1748808156608
-39.7918456432875
-184.05268845241153
356.6326595196879
-348.6504313979767
-78.61406073927537
-25.7429445278849
-73.83848477616539
-87.8793421338467
-105.8202911445751
371.2392465337107
16.089169549911276
-67.27904474708248
286.06560249557333
-95.62600474340711
-134.1816167570646
82.31803559157561
108.74006771378299
94.4434013212458
-78.75999303088975
-70.14498184082562
-58.918848039004125
-95.68026123099371
-93.4542712635648
152.2388672987472
-15.831643063020238
50.15973674610177
51.39529104491339
-1.1934773788952953
-118.47165363955537
-76.83971294934486
-131.8644811544491
-477.9033242942951
-43.10935254803701
14.571736588654176
-15.191591862688938
-36.84070228506425
-36.19886842577762
-70.66676538575985
-61.906982748355304
247.84594810819
-39.38719891079995
1.724456783000278
-147.95534266334107
-23.640405208261427
171.16560424830095
262.2841034235762
-165.2572712566507
-148.42904883162737
112.92890330048976
-338.4506075311692
-66.57508432812595
-58.86701034116958
-136.18284262221414
-89.76714562044708
-52.310476232962216
135.36807303381283
-69.8329213528571
-93.43334302417942
107.6548505593255
-74.61150549006379
-61.662414530701206
-91.36867589006943
-304.39150338385843
-163.3198557496853
-89.4088199135234
-97.87520228983885
-147.4123918644309
462.06372451265634
-268.297746494507
107.81787673820554
114.8149971580624
-324.66820335703505
61.44880002196487
-146.59089240915637
-100.08888167713963
-65.97912032100248
-47.183048716686244
-85.909938513356
59.73985500036429
192.36111310499837
318.4717782750813
-106.20396454347905
-78.98969625335721
257.2868016980301
-97.47200226400301
-23.737795657319623
-37.933527333769234
535.5066868171089
0.4185394733999601
-23.708206731188625
-1.6588705713029412
-79.158068217485
34.54825230743859
-37.94588438271564
-81.76988855184455
303.9047557113481
-100.60368099185187
-53.15407985809179
3.888815238393363
22.492904415174053
-41.98071985932098
-9.775074603019107
-31.925561862947546
96.67248359644873
254.78487508217768
-266.18688096816913
-72.84772364717537
-174.845007352651
61.527653340051984
218.5106331278348
-5.0729320031832685
-80.6506756382406
56.92034121994993
65.8721597002841
-399.4795708233887
34.172474517641604
-131.8461973482158
114.92672303494146
-95.83076774354959
-52.29043773901094
-27.09960946246315
90.09394355488439
127.30546897644126
-462.0991684868068
8.01362473470408
-48.17495495679759
353.203434081659
-117.72872272128188
-59.468647324936434
72.53074268073578
-310.8341026942526
-48.71376167224625
149.66115346071365
-62.92176567372644
-68.87772266207551
67.3396822438608
-26.05902009049612
-297.7871133575736
128.78904046973548
-43.11741722085205
177.00965245062753
-89.34639809123291
-18.873906513766485
-424.9187550327697
390.60116632346217
59.76940128475189
133.79506122544262
-45.75069668533524
-82.96318728109225
-70.92981886525331
29.569029827052873
-17.99186848768151
-130.5672186735792
-50.54165932964267
-27.18546579900601
-106.00775344504484
111.34820158150706
-121.3858208749898
18.17805524074356
396.5574955610937
120.41207557830421
-24.53389475277345
-82.0220243037489
-35.66027155199322
211.68232189753326
76.26300117138089
-67.08404390774272
296.46638044332576
187.14823217357844
-63.21949703970131
-77.9960700862357
-67.64328679545099
-24.670678759150178
-58.96472338612584
33.721965383914494
20.89763855628189
-48.0735450031303
-82.67288717568628
-51.55718746383354
-230.53320269809592
-81.90976400438291
149.15140535091905
88.06429546840081
-260.65331873630294
-13.801061577205076
35.64709043757284
-83.61423525935135
-347.88192959553453
2.7431622075519044
-153.76638989059393
-53.73577827186141
50.263715038758164
79.51678812107457
7.486311515910188
-332.6472189209917
5.744915136174731
-261.5307037182047
-92.69210699680012
-53.623557894007234
31.991620594644246
-322.0743166964012
-95.79114351513165
-85.30296372206006
-12.016430693254733
400.78598230366515
-96.67302404647553
62.50116465751671
-48.20276481388464
-107.38554286524031
-159.78987004069222
-284.77260048260905
8.446186578145898
-48.61332904623032
-42.82012859364386
129.32751541854486
280.5413933526488
170.9541930153482
-382.71294264497465
116.23114721061756
-511.95667318105916
-77.97605685906531
-19.051943234799182
-45.19801740824
553.8942165431599
82.52118845096993
-88.37898925340556
113.45026169910307
-11.670788388791152
128.13672393922934
-64.87482198554648
25.7279184752515
349.9602217523716
51.28719961277602
-48.073310624317855
-239.314399493167
-331.62909279874293
87.72976530016535
-83.67439151861072
-92.5841202070036
99.94122280994634
-35.951344433279786
-30.020003995728914
-218.64795453074476
36.322765519735185
-59.792932981991626
-57.28724949770338
-160.81180330133702
322.06877308281673
-448.4206264579607
-91.87484635808323
100.87044503085963
34.60194622529161
-56.82320058039934
-112.74470031017154
-270.4333388705163
48.343049347275155
-29.18711872514227
163.60048330032805
35.03102919881712
-78.20696619980299
-2.8752297846519923
-118.75034132584733
68.27375898240643
544.3531139783427
-119.61277765503905
-64.42164460002274
19.427132226024696
-12.668045888187521
-220.1901920702221
59.71302241424655
-160.53996469302183
-67.5514045396576
98.89214786042612
-75.18680024104287
-155.1947760477342
-57.444914645555556
-40.17314363649627
101.70811757815318
-29.954318693774894
-382.0748889464594
-48.89790689957299
95.77206702896001
-306.5455755665862
-282.0061052364581
14.301389673116319
-78.58835783774066
-29.474777961796377
-88.25360319982974
-99.97427613964464
157.12257590489753
8.115055877655323
3.4891766869695857
137.0075984039413
-22.78635226383159
-95.09058642851939
-23.429569331825878
146.84860501363255
-22.977976840105576
-179.98048353618105
64.0288796128716
-28.794636077296275
-33.67183121371454
-111.84116538848562
-211.83638852789682
-86.72506319792898
-76.41254402567074
-27.31502332551751
-127.9945226850432
-130.15364380972096
162.72833552237353
42.71142331266401
-2.08305431925055
-34.43339748987796
-114.82830444580077
322.1674172748699
-242.4671420365048
-79.5110649378705
-54.62317070718049
65.62692047283463
-57.368058149077115
-220.64567313618863
90.7847303489516
-20.932754042937812
-59.68160754015923
-268.78664997283704
-2.404714615038756
-84.76579251257863
-14.675723193386446
-96.40424519471526
-580.4433148626849
-54.44609595479051
-105.44630217984013
-133.34269210912453
-14.01893066068713
-393.2466536894426
-251.46456770202985
90.23184135914153
-229.33784932500112
149.33978232330264
-24.89001558437485
-138.25664737909938
4.0288723304920495
-92.21513006658233
-125.87279518419382
-359.7052379085908
224.137311816894
111.322038641375
-79.46897525257737
34.06453211855296
84.18648176492934
-73.83154891977074
-35.056365311375885
-69.21647899136211
47.28891553232188
-119.44566127118014
77.60961944590235
-71.04941183522644
-0.7659144118110817
-45.90184255380615
-90.80179053706144
67.01954654940573
-53.45102673482597
-279.2951287217966
120.48984193647493
-161.39289281372567
-25.66408017998583
-251.644733425268
-80.53427639077569
-29.906511872673004
51.09123456871748
477.25813587084485
-77.15934570638565
-279.4230040704788
-81.22983412926351
97.84415260098194
284.68704586172316
389.60434460405486
-61.34973949124134
35.63570085496394
-375.44915921915526
85.77441792535865
-120.63776517129554
-195.13161716227114
-222.20795321985315
104.76297975824764
-169.9376330987161
-2.407448753776407
20.37061931151038
118.94389570203839
-24.63363715624655
-55.30289921232304
27.727528286426377
89.30388435906389
22.84171712209286
-55.98089981143104
-64.12638802910988
560.5874167289185
69.18718566835196
-28.741424421546526
155.69124853314315
51.21686322048572
-115.79127396238255
7.056343784665842
-377.2194881754258
-46.08967410049445
-80.66625855520313
150.1768964997309
280.6383138866877
-35.07427587915208
-38.21635602056324
97.61177975201917
55.03766402063047
-323.00008200765114
-4.937539408680095
-171.06477470513164
-54.43883121201179
-158.06924905472624
11.521732942069775
-21.772853285881865
18.490722822409023
-108.32637251765493
-58.398824108118966
331.7602505746381
-80.86588321523024
37.39301188796526
-82.53714920873227
-623.3200645174638
14.976091521050876
81.8313150834615
104.9366131564525
-87.22732992544269
98.08828798754257
-39.80690247950743
-37.28570719661752
204.47593602288362
-91.6338368765054
-87.58743603820672
-36.559282018778504
-26.470903287492547
-69.04614787875185
-101.18867697341834
-9.101199499747963
11.445372809188484
18.89494898133853
-8.948048882283889
-63.28078065821969
-269.7534796672362
157.08382323815385
-73.6133355403781
-83.0864380548488
273.765746364139
-152.81059573732455
-78.80165965153401
-24.172948468013583
-74.94763262295237
-54.41129737280319
161.04229000197665
-34.97910484392469
134.4175147252845
-124.11298208484368
-165.49786657104778
-130.64746271447075
-28.2837785034009
-70.51928274962428
-11.788443830485676
-54.12315266427495
155.09442787519038
-44.48566511595777
-32.64720017970649
58.359481328630864
-323.8617516010545
-116.59992261728462
153.84085257581683
-77.82904054290951
391.139199341329
50.43134145954218
-28.098476513464448
51.90866113910579
-100.55750826758724
60.68805660702674
-59.59265207947274
24.9165604978607
20.830238551650837
-63.543737281938206
-52.8388131588342
-182.75593115619085
49.57636916179035
59.222338747178355
67.28092585201148
-51.19651685971925
-20.933364931988844
-16.50902826883248
22.70104344925585
-29.717544249329876
-46.4550154338649
-160.1052517484295
-67.99069087356227
-53.054491948038276
371.29949597727864
63.02201239828719
-54.767962381049074
-43.87058300520357
194.80699744279082
23.539166248361653
-57.012400472439076
-25.399135458533237
208.98645231796763
-13.364602265342
-67.32173318098808
-427.14882444509567
-41.941692529382486
-60.37122871872409
-1.9827136071604092
-64.43350481368803
0.49384243530130334
-89.70595855781667
-64.16975083049762
-250.29575381705945
-375.97001544231716
-223.36497121842513
-20.518788113069604
-3.036998057058099
-204.44255526886445
-46.84429371304941
12.83048958179791
329.2990752793394
-15.47147724773231
-34.91525725858082
-18.163704219711462
-78.53289561224659
-502.08956178792687
-99.4318233515396
-29.411334777401862
99.40227330570133
101.93503106350545
117.6361673638462
-81.73343451127403
87.36646325420406
-347.1686037417967
44.741975864494634
39.351196106480074
1.2017232599382623
130.70515764695756
145.52344822601844
-60.824365028033384
-357.3581268210837
426.74961494795207
110.12389845182588
-57.62716983705775
-71.09396146492327
-84.83396301276049
-161.09434229258113
-144.80420709771352
-13.674351846503907
9.150414810986888
-287.522006163028
-40.78680543335518
-32.63427396669431
44.90896356367921
-302.0547194703704
-162.38514199679776
16.67938035504873
133.2534422054341
-104.44033841083547
-27.055499957864413
-34.88798023818842
-78.45394072117142
373.49324541502574
59.129013878679984
-97.79960214872699
40.016102772262
242.8385080572025
29.404930380110596
-80.18243692331089
57.39522591940113
-32.73345338307081
-28.814088339314253
-91.44139063476541
-49.74528269367107
-39.39266413199857
-179.6560630976437
129.64015420728174
72.16799225405157
194.3431261409387
252.76225202951173
229.53085221037873
158.06736970146267
-464.2694883785007
-17.938393877398994
-47.053453757586674
-40.04589383626126
33.15549351119307
427.5439683789609
62.47442956515306
-144.99542190405555
-172.1182607968376
-50.325905285272555
-14.709342265984333
-157.80268733806588
-29.27399512538568
78.49012985089394
1.4203431186605107
-26.82958036307309
-98.45943970030335
367.8173918753437
59.93375634711629
-114.88909538273401
95.88669670726085
-202.38737518479957
-86.26228814398274
-75.52821186117353
-62.87829892655305
-373.2789469864565
-52.20789611663622
40.64947000211396
-59.84296666634194
-4.92434822865056
412.94457741800943
-26.636713531635905
-69.16868901444295
-61.22984540897414
40.41135500731298
-129.02201638234874
-77.78241545802666
-50.91163985444083
142.2444799722216
-84.01522611821201
-59.197154038817004
47.47031203721417
301.37764100521053
1.1044432839344722
-57.94441586915147
-141.34297616734875
-6.191042547894656
-132.15847037874846
-56.10306876087345
57.92819547998806
39.63545410126426
2.1664192890511913
-73.66998075989986
111.70365876446567
382.12547301314953
-97.63181528306313
-93.51303917100869
-60.5923023266314
-135.73477642805847
-14.805652709124388
169.42631379831255
-58.6730222024762
-52.510011120935815
-282.7216573254573
-357.2097540398772
-48.85646686612017
47.99915333975821
229.12774078535404
-75.98675197247121
-95.61674406868754
48.26546243627672
19.48268369387506
-79.73234610029431
-32.12862601617326
109.29015331786286
144.07473511666285
-143.90911845840492
-122.44466386698186
-283.38115996996567
221.05787139577296
-153.26922307598034
64.61633705801341
-116.01424127406595
148.63433305057697
-44.597504495686735
219.30077571818765
-42.05081116474207
182.82267572629098
-78.88470597181322
76.07029007421716
-240.19462045887485
6.639587214677306
-105.96827097567599
-43.466811193364244
-48.58295709988488
245.3774022356556
-97.3656108714058
-0.15411153586683213
-411.10007285557367
180.6563683505292
-32.706515183118825
3.184806206341591
-92.84716137794385
10.142515393365102
4.964793865834054
105.08382873673372
-103.0175290752668
-285.42934064576184
-287.71913707102794
97.00128588698317
498.34496635689356
561.7926201239843
-126.19540908688795
33.338537896594175
-114.67533405010333
100.0826398904137
63.44268071268607
235.14353364775434
-86.18475903519145
-125.40376847355952
-47.966410155914375
6.768788938257785
-106.87182529818865
-116.53898797614966
19.612047735439774
5.57546141868454
-24.155651425027827
3.602953681163372
-384.21748807516997
-84.93169715881595
-36.65331775931021
-123.25377324925921
-12.745763323926212
-21.81314168856907
-255.00576549624202
-17.143612690631926
36.38019655710923
-5.475591388036264
583.3873907629859
-71.52200007957595
-3.198808958527324
-45.48913501954661
74.89624317194284
-93.68562943316101
-37.50248856929565
-29.67599273692622
-55.25375985736547
315.4611867111835
-91.04829225990125
-76.48578451412504
97.48730195907387
29.42543739411235
-75.29825137552265
211.46816318446145
-39.02040798017333
269.91016984719863
-57.66348394230515
-328.1388913361916
-456.8960272706536
-465.7584682466513
-106.17750875950333
-116.6398415073163
93.504190586395
-101.48819099441413
-6.374163607561003
-34.838763012559866
-39.835451209086024
-27.818974481336113
-155.49732758110258
-49.78622844133952
-43.418777964358334
214.29293269459595
123.29014673799793
10.49984237744077
-29.1732321526315
-456.0261989231203
-17.55239136561159
-3.9850968838946415
234.07729950694556
-99.27785957435998
-249.32095119842052
-44.756149663681526
20.095335521116795
-162.8067053368659
179.65840803795254
162.795407401396
-308.5701881431587
370.3675969921387
-43.70343329608548
-349.1701243810494
-202.17282154525947
2.1727472992624826
-124.61686157425174
-6.120810576301068
-32.63566414454876
27.123047645339284
-36.36218434381744
-49.97337183988276
-211.29751877294802
-3.0417593344518536
466.8441764065701
371.44758823437405
-85.30520456971738
34.87066010071046
-124.12049615482655
-142.53275921259228
470.1714719367337
3.515487190798922
-113.10016330687313
29.679115968184306
-61.60744177326042
-119.73277127897745
7.6577603916753105
-97.39216458812007
-130.5564554952398
-102.72851538305181
-54.997805444420784
-14.61599890279831
-46.394979197340945
91.69596850382732
-81.64973837557409
5.689645414081042
-18.035112378766826
-436.27291837536904
-18.52627778131682
54.53154491666601
-85.40501570259585
-45.82104086306754
55.77083458630841
105.08042289361538
-200.27189503447698
-152.91463417988416
-31.03824731496138
171.35812129982696
-10.788574485693061
-52.30297302665215
-73.07913119464865
-41.93353009233472
-494.5799995351572
-85.15201549268768
-54.7431779436737
-87.32857598090641
-48.584801961848704
85.1278259993087
-57.499906507586154
-101.16935126652336
-77.98950154541626
-2.0297673424705067
45.994072313699235
-16.49343257835062
-12.704156076843901
-96.01514970260105
-69.81036770652031
195.02885054951548
-208.5812204322865
-82.78046381213608
102.10276362619788
71.86472269706064
39.365998805702475
-1.9710515193264655
-65.22874150809639
-100.41129732491089
59.799156985352056
147.16396039273877
-148.73545892717084
-0.5358590424557406
4.238048089198173
193.87138581328145
-486.4794154914507
107.45631821539428
-180.9574004113001
78.65626028178485
117.06100501992842
24.946753109532494
24.11055061363004
57.425958753867235
-197.79855808973844
465.1753701953294
318.30482500157086
-383.8437524049896
-68.07832771196172
-146.41951926648107
-136.8228391857101
-80.29765756981148
134.5778698760987
-83.52298489602
-83.03496633542083
-38.84165027034851
-140.86065676115618
-46.522956805471175
-257.3266829894419
-113.79811888799668
-308.3283704577261
-35.40024744022412
-28.53573652234263
-48.430417752582656
574.9862608700951
-406.5458671702572
230.3579831745119
-12.499103570468378
-80.5849212514322
-66.21920881782157
-59.100790092143676
154.3018066603272
-2.66614109638402
-62.64731717263021
66.36888889314196
18.799741301386348
242.89814003359606
34.59769837640124
10.002574828713993
140.17994364114566
-93.89246351674453
6.41431595092763
1.5806974724800966
170.1950347280399
-241.44995961567292
-58.34625241365029
136.59229808760392
-112.11787544043737
-102.14961989584344
-86.71066443624372
57.05525381953157
-100.26680335577385
-42.37914792581432
-101.51373544895185
-70.4819127203016
12.387620092877796
-17.896620941062793
-118.32995906898881
-38.54912425934026
-85.38306320742231
-57.33999004630675
-66.34332602543779
395.7691628687917
74.97719816567133
154.6057015298502
42.34540963118161
-34.02824527392556
5.858601318645356
-92.8880659782453
-68.79015862082088
-97.74564099866802
128.14280203997805
-43.85634150359692
171.1478172358884
46.45829143811852
-102.95081341175865
99.95162472959237
1.5314421158232108
-128.77884184494724
-76.79303175019413
194.33325500859928
-99.38849438822581
-218.8204360981572
-98.85248634303167
352.5829383550263
-98.65025430712831
-342.74428981140227
-398.8519586617458
-79.06751763113894
543.5483221521699
-49.04114185122452
-4.777105264346034
185.23019847109072
-81.01119625210595
87.48413892780991
-68.4805002538441
-92.43474884494088
54.1037915305933
16.589960966622357
-406.239012820889
-27.862482196090642
-28.0953733276275
-3.1112847320835044
-28.4346395303628
-20.679946068429103
-132.07772610643042
-347.57776934595313
-331.2726993190254
193.97654450596383
235.63052182402134
-72.19206429386247
389.0058355433939
-70.46826279624699
417.1138908897101
-55.116188230715125
-207.16756822223942
-320.3133131780032
-114.13147931647018
-75.08463586122707
22.55835289476272
-8.237532639252095
-11.036749412205154
-264.315417530539
44.89588614799686
-340.1202182124616
77.89015389103952
327.6747162592492
150.60019648357775
-483.1815699565868
35.807409214339714
-265.03412345800825
-31.469411716428823
209.3060231058189
-395.29220693534535
6.0421520338570645
45.88735694501406
-306.38176549182754
-48.752094154817314
-13.872709995872754
303.79791601757006
-77.65721986292402
-79.22883047502094
-82.48894846712774
12.379557909216146
-77.23294964283954
-46.32441986080062
-15.97491140507816
-63.7667241028804
-21.434644671772688
-22.368103438233447
-149.9694478503352
30.1587712458429
-277.1998839432599
-17.699365628019223
38.371215000405755
-552.0507518986706
-294.7636072008245
-64.29206997259826
-33.92454038954929
-34.179916605160884
63.16687506110429
-23.950565446420796
466.4025187971656
-24.21738822961197
-150.91742325312953
-28.943348139082445
-45.05783211502958
-25.808575688154235
-9.62547995147861
-56.128194400838765
-81.88249368637116
-93.89027971283394
-156.1903323648803
-65.89344795586695
-65.05963985267158
-51.055255891748786
91.185841998471
-404.3389888087622
-41.43686971710122
145.84339217066008
3.172983540656099
-259.14529501900324
-105.28779426196652
-137.87513604996275
64.3338695127386
-24.756568751979103
-81.46967416733787
-65.11859983098839
-86.14392432684362
-46.34642550222196
113.64710830266085
-69.75902611470565
-6.655962234541221
-505.6310794107403
76.88565982707814
-55.88504725302972
15.795288397607692
-0.5945030027633038
-105.86327270875881
31.60308193670835
-86.29943677743631
-17.301334548469015
-265.38640368315646
-64.2404160009563
-81.22626371954102
-102.0199539090995
-183.60446162499466
-34.32034512838072
-110.97228914347033
-91.56477502460625
138.89793544533677
367.3285449574414
247.5714291926488
-30.325709878461566
-114.2612911493603
-465.5802339225993
68.08049075427243
-10.61283043481609
-90.85130437270448
58.14058576705884
-105.59196176269391
-76.8182688153217
83.05799521296103
-72.88533492767642
-29.955530057439546
146.73289403596937
103.31540203977784
60.473254285603616
230.49054959377827
-243.70162353068008
-13.074475386125414
1.6469987580148882
-109.98524143720795
-324.4863744533377
-114.68650361010623
151.45688716712175
-10.268205284254005
-52.89113200125735
100.65769676908894
-17.244288358983795
-95.09359655668322
213.75994047995482
43.03229149175422
-61.544274337388295
124.86425436427453
-279.87871385959625
131.7894083474439
13.87472344998605
35.600598220969005
-42.74024249371258
-143.97589433476423
-376.3097489906618
-32.31045100700976
-42.52288104517862
-144.42835179877875
-51.4818610389857
16.263251466765723
235.03651849230664
-107.72635552671636
-23.007685302383834
-137.6798592040177
44.36846456352396
-101.06072831896381
-60.72234610329696
-333.7886633441685
-45.270930136495735
-65.5344113527236
-75.24288636739828
282.7858821387945
-31.87077276349055
-68.05010603743085
-51.383657475381355
-134.2766950737605
8.891152144016814
79.58017799682511
-117.7293104336768
-78.38432198094051
-45.36082477267728
-48.02486093806584
-87.15486875764145
-48.605711178733145
-84.27827311323685
-166.81299155050056
175.36858647888403
-55.61993409841937
14.140500922239426
99.79773659717785
-0.695264844045596
-78.48426098826712
201.57605199929822
-140.38121389015942
105.94945587231086
23.898571459108098
-127.39624844851596
-106.12389369340417
-59.14273099289696
-31.181336328032558
-55.56567069525954
108.28530764888092
-27.61361873797523
-343.6502700847486
-128.50757454173097
8.720865436936947
-32.39499550601704
401.89485577852065
-73.20811207668281
-41.07433306544406
127.09212350993948
-58.991685573142604
51.89200035127487
23.667369964288127
119.06184497115464
-29.744242366943695
-37.74360872300031
-37.97613282119164
-70.27478500054414
-235.13011397401897
-39.34820234934848
-52.85217585605642
-105.09882030328018
-69.93603549786167
29.446109813754447
-66.57708305889537
-12.413419281892857
-35.822220428881565
104.06005003239989
-71.59695839141983
-301.2950481561984
122.26401713444147
-76.4562901894119
-33.6450285882724
434.0133005994794
-78.57547526619528
-53.043502141977
-47.09377527972961
381.8709497726886
-49.059730875426574
176.68228249312233
-80.53609293628061
26.313500116842533
-22.87702427872817
-95.57809707327942
-54.860563783261235
-96.54399730256455
-51.111838994693166
-241.04405639329343
0.8935028388275725
181.46050047999643
-213.36897306740502
3.7214253039264804
152.99461850869193
-48.75682846792234
-4.7955351676973805
181.07842544103323
440.9722058180241
-109.00226217511863
13.107594925518958
-463.32513711747106
-147.46531073132428
-78.65604009432748
-280.95607765318346
-37.94190241734759
14.768209719759398
-80.1957611647523
27.883098357864583
-27.017395505659895
-102.93086025582488
-344.5247399008913
-31.441472463973696
-43.9490430080079
-240.3025255300754
49.166419422078434
245.3036867907722
451.8322685795538
60.00145029468149
-139.38689327223256
-114.46149628485364
-39.66333712252117
-122.75236047945782
-9.037937485843786
-50.18013395737762
-63.734290634997095
-77.37328015767953
-102.74634613006843
4.0005377256566135
-53.628887835618116
-82.20100491433277
-11.680926901375319
-24.554775418049076
-7.657658006552225
83.3959425742496
258.31004790776205
-87.44192673771613
-377.5955993923544
26.357150653519057
-256.2249082347662
-72.38743939801344
-100.37485098208344
-54.278880914522176
2.902553072248338
106.86725374397611
-97.69867628637621
-41.14244369104745
-6.656801190445549
-256.67321344813354
-139.67958799123699
338.7343063135668
-67.44578693867015
-123.8315211146136
-47.361414680262584
-71.23890097722415
86.4383878891822
-38.11368848931775
-177.66563225661594
-42.59828744998276
187.69118102574612
241.49011210756544
63.48155649960836
-59.60280653067371
13.731629569816505
-58.207363656845786
-89.25626711467974
18.055878362871
-40.29369024461796
-236.38605192361138
-63.18264179522157
382.35510565313234
-145.40961292544125
32.987480306014504
-22.155143939049594
-45.36557888798416
-42.557482926335524
-63.14137567480793
-62.85960047480333
-172.7980866568132
-69.78012303484256
206.60870602844807
132.0656789339464
-22.072848076240383
-77.51166787580041
132.53702621705634
361.4840361184488
-137.54933003988663
33.35052055941992
-120.10787366659133
5.571957444946747
96.07853452210111
26.806013172799794
12.629259189101504
-265.7193644126837
-102.79110429310425
-45.13676103769376
-530.9124338291513
-68.63996127064684
71.73528400623218
-164.50122814078532
-101.14435180246801
48.68039231320836
21.118566307992523
-33.484606975751376
-86.04522298459348
-294.6299998939812
-227.75705409374768
-110.12394150067666
-32.47050676539476
14.154476540534514
-97.10811982433825
70.30411656071192
-73.44860357007616
6.377869661512705
-100.88753699825648
-29.49904236686234
-302.8321215749438
-82.44911858180828
139.6976526761373
-59.04317459728507
-15.176380255232289
-109.9102959501701
15.136621498029399
93.34674195378102
-59.620636773195656
11.096019848164588
-209.54113899357617
56.211011920458986
111.40692170691818
-93.07422653026006
8.388642696458191
-156.49935250209091
26.180545945588165
76.49425106395574
-20.965457258977494
102.61444552418288
-62.84489659091621
51.07838159186031
-34.01241627324498
45.88673134572764
-343.2402611337575
301.64766691769546
-106.21165947412373
-105.18311889648794
-65.2350582015992
-37.617580759536885
34.90586991191958
365.0193992511249
199.75302324015502
-75.72668352114694
-136.60369711197382
-36.119415484593446
-11.736028225911085
79.4769199080165
-65.12696210108068
-75.64407999422443
148.61114953706783
171.42575922955803
-121.25789137496025
207.3322876176262
-51.537440760989284
-34.47502626656036
85.10042710584366
-157.95187617841066
-24.50159551399765
-36.14389162406053
-60.2195006759347
-14.66573603514371
-76.91462774827232
-51.83025084021392
-91.77392333583884
-80.12303607707801
376.1731170486182
-46.03676855517401
-77.8139548625486
-57.232209861904266
-65.57688825914579
-49.339011062985264
-9.017933720210749
-321.9733948437279
-17.350048646143478
-101.55631676775192
380.01331215580103
-205.72236320300908
100.61615523175942
-73.92155135872459
-15.592639332760882
-74.79662842186917
-157.6200148621374
-1.7410574687777967
-7.357429820463281
-18.02844916034038
-29.32575009253378
-166.0048603172654
112.5384011307051
341.0483140837623
-12.236540844599745
114.90218661936342
38.620546992502796
-43.89369089285583
-92.80648321488661
-26.023166602952188
43.64148055877013
16.3158431204932
-50.074017190627075
-112.1448268771228
-41.99283284930496
-99.41817109719887
-15.687588622038675
-104.29349066940267
93.83734814195304
2.067885756090618
34.84769340075536
111.44147997796608
339.69685079932606
-49.85568632585023
-33.650543191904944
-46.925530309858914
3.4464886381229007
-48.59419421125199
353.2520974496456
-59.59140549085567
-134.23843235182085
365.09600850402603
-66.16882046737919
-42.98457546968782
239.98708528944007
-93.22590974545919
69.94976840435265
56.91281637782595
207.27333070892928
-75.86017543567323
143.14574642438674
-130.75421407969407
-450.9731434216046
-103.92765902737483
443.24256551741746
-71.35610914015808
-193.39209736460725
202.53471239633836
-24.936749225893436
-304.7833476856413
-90.42865576481609
-242.30273743083126
46.51196572866138
139.5905793541533
-89.56404562392342
14.245867110583276
-107.10953876868825
-67.079749583305
20.86735068256712
104.76229680770484
-48.94229709569464
200.50500380423182
7.928518052970503
-194.34986577058226
-75.61295564335796
375.598861708042
-53.783692847273244
-21.03661308539298
92.02455998042933
-12.027737975765604
15.094970720326387
-61.25109919830426
-48.171024068002225
-96.08729944471179
118.28389513095726
-68.44743231145367
-0.524474729785652
329.784803757846
-179.1432254888332
235.33259032686146
-117.28481316481157
-292.30489380251856
-69.95698449293137
-1.2210541760323395
-67.29072976058893
-0.32640086493074705
-32.27626802706436
-51.97950845118794
-63.17881272945215
-513.2941006784931
83.79561657222621
-382.1685706221215
-364.32677558242904
-20.404800105191388
-100.35663920101888
13.60326224721939
214.98264012399432
-59.84205256198595
45.59938158874843
-239.36028400588657
-81.37534603451344
69.35059211452472
-71.608034030829
-413.93472483272126
-151.85264277273745
63.43163149771317
-70.71862490088427
-31.57785511748117
69.45953702281804
-162.03412358598143
-30.332033656873072
-58.439525408143254
82.82923641409798
-71.3205400581268
62.53502812718216
259.82069006054735
-355.92024211574244
-50.22887078897191
-50.940302992616125
-57.27986366287416
-22.604385964437085
-18.419615027305554
-41.39807203985632
226.64359593381414
-108.26962896370986
-37.683902952077915
-84.78301300912301
66.8375442007864
-62.291785433705314
-54.66672985308958
19.713146826908996
-165.26576883101734
54.49225432937965
-23.778272445284774
-172.9727457292429
-186.75369308055997
-106.62452243983569
-22.187727789664677
-139.12975663487214
-59.752703452778
-88.53932312094071
-80.98955354503639
246.43638353747883
18.95733167823255
-55.1544856094024
102.99436228410013
-136.56295274442346
74.10093324968875
-42.95676675385939
-69.35069775118973
-108.46713825320921
-348.57475088948377
-75.0409033324373
-105.59054839952842
-78.09945171301784
133.52676060823796
133.97714483010805
-258.7751641238956
-49.05763093751983
101.87903778256532
-148.04482250816272
5.357001813621537
-26.206322601907825
-79.22277458313401
-156.12613845873875
144.81685870366073
262.22114889825025
135.50357703726877
-66.71626441247783
-210.9077791169011
-161.51612564018887
-65.3330062593931
-248.39207492343849
48.22957556113079
-119.21774678385555
-29.16171228530311
130.40807018535452
155.79396713497317
112.25627867636467
-293.14574619326777
20.17844982587303
-34.2443777972519
58.84126082405055
-65.49357104363116
88.16232859093242
-25.115273839831836
-373.40987184472397
-34.16879224325761
-131.82298271070067
142.5968405724998
-46.09410802298932
-73.57732014934386
-54.907158680441206
-491.87030018055157
-166.5411362237537
-35.23620674959784
-3.547217726249073
-81.37056102985844
-186.61819224284045
34.56019196025591
-17.150907827792707
102.99235687238615
-81.23290133210867
-12.29745920668081
-27.253685009738277
-27.687897452573793
-58.19311170347646
-85.0060947370189
-39.58369456629043
-135.77996716263078
-70.0423414998138
-12.702075950164303
316.72099096580587
-107.23291812834395
434.9595515075307
-45.7648278905023
5.539655762160237
5.715545986910001
-49.02872694139114
-13.00543887160893
-42.40120911504489
-45.532003107242986
-43.82574464126421
-56.73041022928348
-60.06927630175944
-63.67917828560639
-56.25012397723185
114.26873640356462
-13.714048416977278
-24.939860065422863
168.09384157145178
-15.80417852732353
172.62021763751363
-154.8953206864353
110.54182876237974
241.3009847782905
-71.00844875216391
-103.64906846807332
-39.502022712858235
-450.34186795715505
50.25305014827882
47.76307693378567
406.37154409126197
-93.23143520267185
140.2368267899201
-64.75134076881113
-48.58246151645191
22.921064273032812
-17.594642665812245
-68.67562333095293
259.41375840073124
39.47998073744975
-14.037790474636807
-33.54384624452905
-19.891239915713754
17.96116607315753
-8.52613501000269
-86.00895694495567
-84.99602603112969
-261.881746843128
-147.20833582021714
-12.319088326790734
-50.993575431773934
33.53404763344042
45.21697823755221
-328.2743966834223
38.594833240023945
-240.92541826410888
-195.9228283610073
-61.504977375405204
-57.63012095005071
-62.09682330254327
-78.04393458885092
-57.26221974976397
-90.54693761658382
-90.88447045134671
-13.425489847910285
10.48822980481153
92.9072535594023
-45.79845741231543
-235.3384467726155
-87.46738657982777
-68.09148704647532
-49.865927517103614
49.059964304620735
-73.57976342221275
29.46188682590264
-5.614252128783846
-41.77052841178647
-5.886047459461759
-72.44549309248941
-228.8361422279795
10.760889554960386
-96.33311493459244
-287.1044746161442
-102.32436508060061
-35.80545749740395
-49.89637942738105
-294.33298292082327
11.47029439977814
-33.30074921768937
-98.37487738735399
-28.26480954078943
29.332950044828067
-8.207104623877967
-301.51638754672786
5.278170364155812
6.539523854900835
-24.38294441128346
-112.3877150002876
464.91372334594416
-70.85538685822647
-62.993998696372316
-112.61242810106887
156.13757067480947
65.63021234597159
443.2269547539054
-38.73086702570757
-116.34209744135137
-58.85594522660085
-53.19746548468766
-28.779176422958543
-457.2421908807901
-1.7816488039600245
-310.0499121951725
-13.967860207094388
341.90506603858194
406.46172307404595
107.12137278066803
75.18523332287077
-65.41058180243635
-189.5330313554532
24.569698109722594
-64.31478070889538
70.72118688289629
-39.58232781611514
-6.705893284693275
-69.58756502000463
-89.60742710561699
-154.47465214931435
-9.95273125590029
248.78406100256507
-63.33442372582067
-13.489976329655065
119.32257049848522
56.086012770705565
-61.207463148020906
159.88767559445023
-68.03112890347984
-181.92409834823593
-70.49745568977659
-564.2895624070479
-16.182670082516537
-51.26811307398748
228.59298689778552
-244.8887921337955
-41.12061599626646
-383.032708968678
87.54250211373073
-48.14219905056066
-48.267206194782815
-50.0276002683604
370.27083108027455
320.8087145517802
204.32251887931125
144.2133669875211
-16.8979931895697
23.149897076486297
-99.00519633312292
-67.85468122553803
-190.41606559644606
353.03969583399885
-101.55495238267758
-70.50494046865151
-56.505402134128985
-17.492739596546674
-506.7669949067222
-108.13699323917535
-129.78907447821243
-354.37229465365635
-242.68635851640465
-37.494447082167646
-171.25387745357875
-202.6467262697479
291.3526783480247
-384.98180028416755
-99.52977208402672
-97.05375061342056
-241.83897145431547
-65.24512657240648
237.00964401584315
-111.76163539746777
65.92689715696179
-180.49263917005192
23.703632493194846
-119.52763579396975
21.44051706699679
-85.71139438757926
-223.69430542668306
-73.90501352075047
-47.914797247125634
461.850518893094
44.4281516914707
27.8120387711474
64.86119527417122
-45.31497610446388
69.9681395884727
10.507464362503924
162.90217232896248
-62.183148991101746
-54.701238918758364
-52.17065862441752
-85.61745464839896
-140.09458314805923
-31.509084617908286
-22.772094233358075
135.5726798144624
-43.36554728485116
-35.24756633484003
-44.842884024594596
-15.903820621320847
122.66935395606743
-55.53225521286913
-17.54826954114469
25.845531886079243
-58.90991767161659
-299.0938053427799
351.9693650569925
-95.51670181282735
407.2554948944962
-70.45530482810454
-70.45042448465264
92.24856454111159
-20.589900851171308
-59.14515431786822
67.54717787817026
-290.28199903236055
-53.58506176439016
-183.56369933293536
-20.921172124341865
21.725987715456085
-130.51040661476873
-101.95431566577554
-66.72703883623018
175.8942704567794
-50.54397581178143
-593.2975364337253
-547.1156786947449
-86.04012557676054
-86.23118696909133
-68.63743569782491
-286.2613419097743
29.024057400895117
-109.02474751919571
-22.967538666538303
-88.79613941752905
-33.416436087077784
-2.558807388312573
-64.6919181938033
128.85237819531721
-108.09507225039124
-61.22555378491977
68.86495307244877
-40.50131789835285
-86.9905581613953
-486.58789724261806
-65.73140918086983
-33.25285143765716
352.68828453959395
-34.174566277406655
135.57700827301414
-18.44896499755345
-64.34971279048295
-18.172572226694683
55.35766918476838
5.950771474934792
-258.51505975453983
137.34907430123712
-45.98104105092898
-86.85884896364529
103.69267540621695
-98.55215515593346
213.05397181135777
-447.9666973448748
209.82077147805467
-266.8088753254342
6.646100111724536
-53.66899447218748
-199.20447377600067
-72.94976511518144
-129.03717210477043
48.4525390443614
48.92204197659157
-41.18001312867374
76.40523615566235
29.305276438785768
120.56094811219373
-34.14997212170806
-53.30579857034536
-84.0730041782898
-114.05817220466734
-82.32011715973204
210.59005806230562
-70.04200727208213
368.4877964833686
-92.95220371191135
-43.471511678695606
14.89114989358859
-108.78292464184267
19.00687644059326
-59.5433568925952
-35.449762445480346
-63.797557927402636
170.60049063279075
-22.052351003302846
239.25504246512537
-77.51699276499777
-115.56008683165422
-35.32976279910548
-278.69971902799443
61.45312639824806
-79.18017204734939
15.155946746626796
226.01952418048495
-75.65990255079579
7.396876195474306
-46.55538507358396
-58.61742807374429
67.04832301151328
126.3703625261569
-79.83404296413721
-176.67373007321476
-72.12438070511371
44.83413764561146
-77.0379136412048
123.21787364801457
10.244628438003929
119.30220910009848
-77.08123792305685
-150.3650749871158
-90.587780791023
-82.07702386278166
-38.85814019014106
54.189712517571024
-152.0726196599153
-98.32748527607146
-71.36431743095292
-65.46088480396611
131.20442865936548
-79.6329730331623
33.857793808640054
-387.1985043276418
-50.214976089454666
-53.82109927961926
466.665367832411
144.28624395736006
-66.95220934831303
-252.16120650757148
-157.46553132272857
-91.08382470124525
330.37422398810304
-24.201096140370282
-50.43881749274806
-18.73357651747869
318.8031458324949
39.594014589649305
-116.25874966326694
-187.13841342367596
17.435177865050264
-61.1142338293714
-177.78162799694655
160.8851137023471
-36.509733863511165
-23.747507432293386
-28.76158479510559
-54.73238343816297
-85.12428648533081
-433.93143529264853
-49.89185735418267
146.9489576880187
50.231787360609815
67.46168099186798
-664.8130671583604
165.5275819456274
216.07069535715164
-32.105266280689136
-258.05959017344503
-42.48551348357047
-101.52082686951952
-83.23364125808101
133.26395599592252
-185.17255087143167
-40.24439004068017
-102.3465731673234
-92.0888061403513
-7.391459500888232
-210.88319127292834
16.394970199723403
32.75565588125846
-60.86138400308664
155.3823469651743
-85.82755380939807
-33.4764692771997
145.30524303064612
107.45863514713346
35.404803877192535
-207.55817413147452
33.95111457212988
-49.84432299672517
57.65124638575071
-41.006676821835526
41.57122098379614
39.813177216310464
-5.534374017888695
-96.0614988264033
-5.480547947555351
-58.54492895061094
-76.71829414466767
-300.20244026688124
-72.96536585127069
-69.7880217724205
-132.70482978904874
106.96091509523922
234.83900125797845
-196.82613025229875
14.535696659670066
-91.27828755607378
-50.06070368597753
-44.80171814822461
-90.94726323660416
-225.84169062977344
-137.9285178996979
-21.14306191925389
22.267310738090863
-49.729330885456356
-87.93236121956133
-0.6131714235707477
-64.988784354151
-5.09937965676545
-251.65100802418965
-13.553561360396998
530.017599975834
31.886908654623767
-334.4619829481362
-88.65856237271873
-8.119671561761606
126.36310507644521
-72.05874745184406
-6.981792349447744
-35.19088611574989
-23.909665908504394
-342.948071980667
-36.99334955871384
230.5316114155121
-115.14099670484029
-130.24667388549824
-176.55587199188903
-9.375125287793878
-16.287754394295916
-135.31555517103607
86.30982941237744
645.2962187952453
13.702148530747763
22.666011590884864
86.02204061182965
-60.96150768822258
93.02151443462026
-64.09309286525331
72.68521360987597
-74.60126858807008
-43.23548238283365
-31.792077581425836
64.19925363629682
-85.98015080222156
-23.628871362074438
-109.05798147644373
-51.32561505112244
-56.62208813983216
-88.58522347038712
67.28977259806425
-88.91182801684289
-76.14563321398782
373.9034223496419
-107.6589593564131
-521.668741515914
202.58327714052575
-118.07981296880462
71.52309659362749
-98.36027248179002
-85.02494066201507
-343.47661735687325
0.36625605443489734
-22.049980796177785
-153.20758829375245
-109.01447256181794
-40.61140240635723
-109.6625736887363
-252.0916987994915
-508.31141741965985
240.3944300198582
-109.44626863937576
25.7359077920064
407.93653684642595
-106.09729743091702
-121.23062360217412
39.4771984498002
38.06575150779281
-50.56215886525098
32.63621337980885
-133.49176730531872
-136.17476771603287
201.27657646563785
55.14786071645722
52.06144516673476
-37.309130115273774
-104.30907884356384
-5.908737717125433
421.0981190007078
-12.731938964707297
-266.91513024461165
-304.2752510348073
60.93621803859014
23.8697804021067
80.3899034602855
-67.88687599767903
-206.14424630878602
188.13963330053048
129.3359201991202
338.6778304048694
-43.2365592821634
-80.08649056435257
-60.92549495399403
59.51910350946946
-102.97779601847287
-129.0013286277399
-39.18395427001955
-30.756454819667876
-85.57380548851808
-369.02458959114847
-362.0840449620282
-233.14017604139917
-269.77823166789403
24.809950592858513
-96.58339205215528
-83.7997210466428
-35.961570061894236
-112.74669340495711
51.2955277578003
16.170257402409334
358.07949946109875
295.7651798493516
-115.9534139755389
-4.815110913367619
338.5882229392282
130.76198738896346
-65.76072229525198
-29.847137709904928
-98.66517697524924
-9.35088796413089
-39.72439913254234
-70.69124854216349
-71.72079159599798
169.16184345328656
-76.40402866544855
-36.01083403740631
11.2741190748402
-91.42407660899048
402.8171693457589
-98.15188600391394
182.13377793541622
-44.02669356140138
-48.22889869509345
91.17996676503753
-15.575822076847913
-29.354263723158056
-143.67160707436597
-14.404427484703774
-56.08957739969475
69.97651806136128
204.85742431238668
-48.9686493062117
282.7677596121066
14.791984946970842
98.02927608214668
-94.48221790421667
6.2180102180697645
125.16574272669277
-29.52399250324115
-52.590001619744925
-492.0261415630921
-85.4439203984879
-33.07688713832795
-468.5634462375383
-234.3024118254807
-79.85671938694114
46.67376069704278
-41.84179036058206
-27.978801411992126
-57.1883330928492
-52.99381928992913
-89.22612974402819
-89.4727246199116
-10.491706779001106
-115.20766657761305
-153.13347770635482
-164.4831934447484
-8.354613220449522
-82.0994860949529
-59.196015861890146
-35.50483963060685
-75.0400734669347
-8.188523886212238
-348.0770369604943
-54.23725139436283
-39.05132218663474
-199.3906908006884
-231.62584896970475
-270.8563502481047
-36.190956648810584
-51.084292566896465
-76.11351371695955
-95.14806757454298
38.438586414415795
-60.69828773780853
-26.322430356722293
0.009071371600157363
132.27404181394013
-54.27984962627943
-34.96270651776149
-20.432375508253045
-23.35867863269531
-143.30650292894643
114.21238996616103
-76.04672952619839
9.447961365595859
161.09421390941588
177.30346326047038
53.23789732828118
130.51979458670303
79.42713237744465
-24.50969515416542
-584.3613422477083
57.47788116979973
92.99689743195268
382.78891334088803
-46.132346163667535
163.94074855684812
367.9584751621114
-746.7470943180324
46.80513702006829
56.09646524062737
-79.88488718440516
-91.02692908078643
-48.12927945003139
-130.92716278967055
-22.093056586733837
-314.60126352449697
522.4147120879534
170.85740709197307
-135.53747292234584
-28.154417869891404
-49.04217183714172
-99.25316471988845
-68.6644942611748
-319.122524214421
-66.6388409355549
-403.8754988286637
27.960455712776707
119.2491371831943
-209.0384218340314
27.19918147952285
-51.133217359852196
-34.72596400165639
95.9287335897634
-26.67635244243111
-371.0820990491811
33.449501784765744
-79.03395448712038
-110.22324740856185
62.80716437215233
179.61067704696143
-96.89018957697226
28.517568119988937
-49.02318273949878
10.030658985842479
281.36489524526587
-82.33900100982915
-161.66781895640815
-35.709810071725045
136.24279910146652
-89.20753427870295
-114.70885086010549
-0.6752637221833879
-53.6795547049428
-533.6844184735546
-99.83087641375825
19.894530954471634
18.899013880949497
-117.9029454384854
-17.82203537166606
436.19803490913
-40.71697961869711
-85.18152700811152
-302.14391548046024
-12.016534492511596
-104.32583801051169
-80.89798393195997
-70.72367303886332
-95.43004005815803
-7.6696588860416455
-117.88372901324783
125.47959505808012
-55.365168872827326
-51.51817197604005
34.132105437591235
-55.67350587746481
-9.915643858492786
-86.47903106573177
30.272034485569748
17.24450362009702
-329.65020648413883
386.4070733663407
-96.81411395967916
140.1727711307376
-115.38047258894883
37.07276190115317
-14.661048510202363
-102.235479701224
-58.81619709388758
-38.31435640331125
-8.234073390098274
-63.21099418428571
-62.8660641583283
5.279741285279215
-29.307847081475302
487.12436174524555
-54.54480893436903
-81.72285355483083
-48.6486401269731
-28.581175126390036
118.02014308863181
-32.203638964811944
-85.40021840716236
-327.84034324916865
4.363807683502273
-27.563426500239554
39.482742549404975
-65.62599987403871
-70.20034059264626
-212.3574872178724
-33.93928498715148
28.79483303792904
13.104142690420304
281.23886307686917
22.26402078873798
45.725901202740715
-135.22759245302768
-25.20409699037782
-87.66121364117129
-5.604150938473573
-28.90119704709587
34.84031192490693
-107.58830366393522
178.14045372766032
-19.642162781629168
-43.038722404064174
-99.44028436660443
-208.49429058466194
3.3684111712605045
-74.7829620151482
22.164482659974965
-58.08943536598836
-53.283578437795825
-327.0020943288073
-38.13859802231746
-248.28553120086872
85.6988921264965
-80.09538293364443
-263.72125375595533
-199.27906675557097
139.61711799124714
-130.18510552599582
-19.31914092914771
25.160898275428735
219.8479605224038
-58.27904947221303
-82.90635249124847
15.951367389138795
-32.41340012527224
-190.88285004563477
27.697608241882335
-218.40008978251626
-3.723282078213316
-105.74489169695062
-31.64475983875292
143.13056724948729
-129.4099458821329
-22.10504751743383
11.415834112861376
-210.1471662743079
-70.05591914046272
-433.60078675570185
-43.14946168574223
-58.78897291108433
-288.53333323102925
-53.38560131354825
-12.820331763340619
3.190356187354439
346.7078141140446
-80.96806403939604
-41.02168935023383
-73.33980352631275
-261.46713810171786
-85.34728299133887
-84.53727584239418
92.47446805781419
-376.02342956545453
160.024421986378
87.76324104694504
-70.60572831741227
134.00423559644878
-152.65316403972065
-503.99968394887765
-205.26184340456348
-20.066662672456374
-219.11602475865038
-28.80917817370508
-60.790651107559185
-13.528489504031425
-41.80801165983155
-201.83087180043367
262.2658958388329
-246.3187098186936
-71.34087546780874
-45.792877484350015
-425.8207848358552
-37.61216168489091
-118.7314318292265
133.28768117845993
-177.69595423892315
-38.927685246715555
-213.19535806503518
-20.44617422182614
18.987834491363174
407.327450013252
-99.4646379515425
-110.18059265979886
95.73693998784984
-68.36393041908113
-45.06976153361575
-87.28352276765872
201.1494092154444
233.73676328937654
-234.8499912740681
-68.45867027368877
3.6754510657738138
445.436925674112
-56.92203180330216
31.033685304380924
-4.376662363070409
-63.30579788069998
127.9987680874965
168.85281468630092
111.885289912585
424.8911269558557
-298.194384376955
-128.71794589860656
-95.78542282373928
-72.16468243914642
-143.99562661229538
-178.86537365217373
-281.64323223772226
397.7994166877397
146.52176875332407
-67.29642523225493
-36.67530269886627
-51.011355386585294
101.90817073559447
-73.72522055731932
-110.1532608439993
-65.83796823187176
187.21987237833127
-198.24182927671427
-20.694617896453565
-72.34843064170546
-42.940797151456266
-296.63002285907896
-81.05802759472317
75.72801572160643
33.56111965568152
-90.79938217802392
114.6861133242528
-37.43485077304531
177.96903178728826
-66.15190264819375
29.2011279911394
-264.91227682002864
75.17975870925875
-86.37961971549619
-45.17129021575676
-50.495011850209266
-38.45905610057525
-288.8003108310095
9.619309814283042
-75.1649844495117
-122.16746633722141
-6.253574327599779
-119.44202785628113
65.97179457495622
-43.61179454067673
80.27992506284136
-133.2681586458384
-5.729820672118876
274.6971301820249
-151.03448923625
-177.79639388037322
168.56725779562794
-58.775171414125396
-640.7505493325389
33.23896150285236
204.9600807425286
-294.8693110845343
-60.08288953899965
-36.84401865397916
85.3997974358208
-5.3972188768474325
-34.074400233471174
324.0264270952239
-38.488346493941584
11.910543936470276
-49.26562264813225
-41.750506682461946
-382.40925706773305
15.698995979060783
-131.5563413847849
-85.96676926962209
-151.385957397506
-37.78168563382741
77.7025489974867
-21.873834107385733
-31.64869020856395
99.14124189053837
-94.15662414004231
170.5480049761336
-144.13244754169597
3.0270008065217553
-239.45102093573405
-117.96907659155386
-14.998193551875374
-72.60432363248947
-66.08403559275541
-71.93924226943406
29.818011752358416
-82.53772544502475
-23.051501477798865
-127.60266911087638
-51.91705449242771
-112.1660883470397
79.144887756137
81.21273327996732
73.34306887432194
-233.3521189897656
-30.912099336262603
-349.66314362183766
-41.637539524521856
-365.7118934969076
58.243234709958415
-47.04622823084719
94.01320770472557
-50.49903689177518
-18.049966932242405
-25.126524294307956
285.4149973590411
261.6481180599094
-103.31363614040629
-97.72717704715532
-162.2366030962785
1.6708146571222642
-44.40502421624694
14.408104039989212
-69.68640742808176
-21.994440225922517
-53.75645870930214
-74.01844844731767
-84.39117675470571
-89.76267789333724
-560.4447612776294
-80.75062804679146
114.37173067466438
36.89089664599851
-103.88326979454726
13.94178891663185
137.49821617045018
-10.222206164361523
84.86619820916894
-72.53522043430465
-23.044169939505082
110.25883773431997
174.51189325853647
-63.90146712550268
-93.2798891738239
-433.18710883116364
-26.27877754854927
-59.081935766103925
-29.239980606177596
-178.9909781619408
-65.61612753243338
-84.55713866665796
-295.6770590616743
73.73060471957251
457.24581388180195
-226.6847008173845
365.3615810780648
59.958800242703546
-107.58835423810524
-25.42274277100796
-70.55726880794828
-79.74414806803077
-24.70050929891113
88.58907237941412
-243.53981894295976
-51.43043530185585
-177.94494242066958
-31.381414463607143
453.05600184866853
-173.5885755679892
-135.2662545932444
-324.48228755988566
-80.75574488184611
-16.66497333732343
-30.11331184562339
-45.385236732607154
-76.38610767018315
-36.81112686294158
-54.680881757897545
-63.163519744233085
-66.90277074667402
11.877913234133517
-63.48834081854168
-124.29796139017344
-54.62910133174861
-7.620857944976706
319.7718395097345
-31.149681635906347
31.734927318943278
-54.514845660555665
223.8660119057986
-27.621134994132717
-91.08961233921332
-40.727268390885
-49.24327612910288
-37.456210790347995
287.2447375677184
120.02246419040603
-25.56119826302165
0.07878435028669628
150.41936964685192
-376.39057130673064
-44.92053406831131
-86.09748519907748
-372.0664402908078
261.83445474793916
448.334472213548
-97.31705966897698
27.135278803143137
-191.87094515749413
-15.012948895505343
-135.8607537087446
-57.87340604121793
377.01309588845106
-75.22199466208986
-120.44086788011981
51.64239442446706
-67.03326898130763
-62.801402974960546
-90.7284822350565
-19.24682912697341
-3.0609142405974126
-92.48225143056334
288.48861975035834
-75.7659087493103
2.594426669691312
-95.51766421263767
123.42952813824922
143.23712149742823
153.9675740151779
-27.948269729058396
-54.29553249286877
-66.54606882717053
-36.99659101973293
-46.06358879556785
188.59089225619027
-70.53271544686982
-77.69830735162941
-199.17941989527208
-51.26298950898307
-373.22020104701915
-55.6917624424032
-34.946918811443254
-79.57141562282845
-86.52002274030747
17.267964766602745
-160.1879877270212
-2.4817566395400092
-58.32946215675338
11.631384180211413
-29.213625390314657
-375.9703849097241
13.02877478141113
-31.92744009880284
-282.1544343930982
-283.2441562745116
83.18019819612527
57.9596612459236
-22.586524159038273
-41.06887591807799
-161.54679618488262
-173.581625155628
-438.7990813754368
62.45717755372925
-171.20203353420948
-64.75656126046572
-394.85238935515554
-190.4164456652088
-4.169289434751136
-25.239717007113114
-6.814195358225334
342.75025590794394
-41.330916516414554
-188.358536000017
12.130120442167936
-84.4640817732523
-132.01846730990383
149.2865383227363
-73.09284704206911
-330.0094921326354
-9.073509053943326
-36.73122561932969
-73.2461796661255
272.91921386885224
26.291648856301435
-73.1283860559818
-34.92325740117565
-48.421485738617775
-12.206764191858383
-290.56222515084846
-63.65015503427848
592.1969051387641
-21.406792816542293
-78.18173463042827
-75.77586829858433
116.5539256383895
-49.5844148107426
-82.48397490805294
20.80020156260798
-18.246820723448764
-159.4253528249801
-91.81267932890114
-157.21490509391242
275.9217951100363
-28.640763499920467
-129.1474228104962
-35.16024472256868
-66.22136118756278
-0.7918549622463615
-173.526310274955
-366.56449470156986
-40.47386152529907
-222.7151210537886
-53.75351515185963
44.17446032744601
201.35460857505495
-48.24381273669769
77.84564628347471
-77.82729815117591
-457.08598446303586
-158.11921978347164
-41.608970591995174
-19.057957283846008
-33.38282377253017
-147.72159667619053
-243.71081842889907
132.86315242838828
130.39586955643472
165.80671424398452
38.419566271725216
-307.5390681805475
-26.76332518871437
263.84977875591903
141.45427615527842
-167.6613161135465
116.34682030608747
-34.88577800731153
101.8763250581087
-62.73408858737639
-54.32561775912264
390.48643287317645
444.9853573334185
0.6169816797792009
-12.19297576805427
-71.21444047843056
336.10496609727306
-49.033023296304236
-262.7963764193282
143.31350545905798
-7.578177457075071
-101.59163912175848
-24.766560123995077
-71.67510574866901
96.67414056320376
-647.4304980468733
-2.675908448058032
-155.87429067369067
-34.12701293958253
-344.1548805079183
295.8548803245121
-61.62660773177464
-94.71973187921928
-98.92914389319675
-54.362403948319255
-80.65781339369642
-83.82267716816568
73.08631329676791
-171.55892859244523
-447.1360363799977
-78.6017717131089
-59.66098390806178
12.988618396633683
-101.98068547869843
76.1541926547543
-57.473686606797855
-72.49123006365595
45.907821670918565
-72.80648297072051
-276.7876979175635
-79.14077449372417
-83.71762373506408
-227.693824838414
-12.049880789161762
42.24408451471572
123.50284240574729
-11.512647034202018
-309.5430198624181
25.480224557671136
72.15706511123426
-68.169158972476
-120.8460493458512
-20.619492927784904
-41.510306814617536
-22.2516605324907
-2.05117268533499
-74.02233537579387
32.644367315238924
-6.83260913088435
-42.977521379569524
512.9835393180001
-43.347005752194946
11.159160266774052
465.74977098032105
-10.966785236682881
-353.930840703948
-4.956407263643996
-36.22190750044471
-110.80546957434922
117.30972160299461
-80.90098468473903
40.778732313201544
260.90562756560576
150.8011543540415
-39.58590683699367
-79.12798030565318
-101.01717837291835
-347.1608828932676
-279.5471443430306
59.04658508121429
28.50485580168788
288.6273242194411
-35.483696982054255
-68.6371143464922
-4.502275972031555
-69.16050443554619
284.03362444992854
-107.003461489845
40.61994363366884
-7.134725115443871
395.62232642785057
-66.16534003538692
-54.82059256056709
-5.174427872554645
-33.423349570366554
-32.05211749212591
42.62757133391733
117.56573147876588
279.783141103404
35.852339814071456
91.24995246718936
-101.0013738354932
226.7596956400139
4.339302359696376
-41.91278607958981
-0.8430098461249145
200.7371648549488
178.8051242881902
-426.78905607640627
-36.98573486622445
-44.83196276318732
5.610376592230345
-89.36060968433958
1.7444421179559413
-119.76982937903631
-66.31381632547384
75.46590647194898
-3.57517877695188
-62.61093260156849
-8.411490324779152
-80.52572703742308
114.7700749621963
-186.70732662290538
-458.95242446701377
-44.11928349170273
-35.1416095808745
-109.05141734744485
-525.2232867213606
-125.25215579882888
-391.5283228146027
-24.027047898896853
17.52592530269294
-58.648785144516296
241.22114414409134
188.0270056717436
-44.635009087126065
91.39826758940762
-145.1075322572069
-18.78491861497423
-2.9228304529581237
63.24915645618057
-291.89328894335085
-261.84989038735876
95.33175574023244
-102.44576628736695
-111.24171305018395
-24.98889291842397
-18.499280118213846
-229.06243764914143
-2.821260133224314
1.6383742799015977
-25.01114608979219
-113.24450844333478
-63.98924023561631
-62.02200235345117
90.95934610925906
22.871948788310192
-320.03061872736544
-31.542818919709134
-32.726901322296726
72.05413273448812
-583.7008709666934
95.46995720827454
400.2684301069439
116.48801898739657
-71.23981550912686
-322.7489636754799
-56.42310154149176
33.255593594123894
-159.0540592496709
-160.8035094115021
392.1719566189149
314.75822914118726
-62.48824486068088
-112.45579505033766
92.63994140324121
-324.49816729100166
72.92188501048076
9.949083420777754
-75.71038259264178
-48.457781131686716
-199.11091860337183
-89.36526865759487
-44.977419781850585
-13.0774357568298
254.33230426295813
-42.93357874853609
27.056620172733346
157.1680802562969
-134.40305307732433
-254.29383369527568
-63.05303253773388
-49.5048315769036
35.79880160704647
-73.8593542679496
-28.536336264329293
330.69003013497786
-440.3159044396216
93.34086591311643
127.40695167846297
50.12603950373341
-71.29607062361715
312.42869402185715
26.380895288435568
91.983773679146
54.32845782603181
-200.58693777953158
-73.56795171328486
53.331902408515816
-30.64794196325924
-337.2755582544878
17.50913149554799
229.10781016707733
-98.0147841343101
-30.573673796334933
107.70896381088278
-33.006741807915205
63.45133287007775
-21.39336823253143
-45.48630036329497
-109.46071015301004
-37.831337870826246
-187.66913308910625
-127.343107028144
-32.48907377860797
401.46231885990346
30.178696642842624
-0.8779458799112945
27.973656539961212
-444.69689739514433
-87.39070523546435
52.31724539229435
-206.60369338234887
-18.534051552706728
26.323129159365635
-213.4422080350887
-29.13826819215049
-135.9514887468913
3.330668069085732
96.90291608532971
-76.29281139498039
-13.65754524044496
-55.77544659800301
331.5707948904055
26.670739391865936
65.35331635523698
199.88426711127795
-115.57129387141686
-39.5684657154259
-38.71852944213661
-333.4479525083916
-75.7632839430432
-8.091481587037379
-99.49292254782995
-52.060365044377505
58.45850607139437
148.37670989004255
31.500261639908786
115.33736760821375
32.76683218567996
376.41242587345187
-15.122638959225696
27.38715863006655
-40.210143240503385
14.663622224097935
-73.36140612520761
-58.11760063036427
-103.7986352385311
-38.24175735395399
-322.2046615109857
-49.41639421236232
124.54702258344196
-19.588936444373758
1.761610406341788
-62.177857542629745
-80.60755516107827
493.5621800423705
-166.28732919848335
-450.55217303106656
-89.22277245082296
77.95411306079359
62.49525532032476
-461.59981876724305
-79.34560121847971
-80.52607468336001
-57.323396172507
-13.715551053794798
-70.52412196414845
-1.7275870127123198
-595.3657036759287
-59.07560387035283
-74.3951013919359
37.70624624282027
5.790384517647453
-64.49284487094766
6.533789059916671
-33.13224666259754
50.91721184850712
340.4216015213933
8.3605303538734
347.10976572283835
-61.7885376141453
-71.00105677626289
-58.279296217781116
383.3421093717152
206.9203665271698
-49.00869040754375
-149.08402683504573
206.93252602064422
254.17304770099418
281.35920486278883
50.788351805196726
52.296349452032246
213.0166481823885
-99.18946330286826
-88.6460397410392
-59.77162478142096
-37.33578220663429
9.200420839050253
50.716621988949555
-90.12662752188596
162.20162575716677
16.822931286513267
-30.100057342623685
-45.45295717805906
-91.31313041939666
-87.77167360921521
326.2565002566989
29.362798971624215
8.437539069762352
-88.0481018166552
-118.12937008355948
-96.19467119869263
-292.07892300128515
-46.98885294919672
102.78048911198675
-431.72384669249004
351.26641155561083
-58.56135785687189
-289.5647881524965
-82.24266097876327
-255.51529766831845
-144.59948722193622
183.71561293520244
-53.24204690572333
41.5550215779017
-272.7879749345757
-92.82554984305051
109.89701455746581
159.0668849548183
159.11874232905393
50.53138821830589
-25.545916753535266
-33.01553822902443
-174.55247292280364
16.60070870600464
-78.72933099940839
-78.78168640496187
-475.3078841593051
-30.906549480535524
16.81291195410995
46.59716636683879
80.64049043380692
-40.30047088049164
-46.03036051192612
-27.784679595573834
-95.13440888966807
-31.9153927041677
-244.36595558413683
-115.79539532884883
81.97473876868207
-40.194659729438946
-37.752002589964064
127.21483514049214
-86.58428521043949
-4.033655819958767
-30.190052140257055
148.15252490373132
25.816204089866005
257.7856482108691
-57.25613819653446
-54.06286952681914
-121.89914493627182
-34.227614119509326
-35.38600335022096
368.9326555705993
-173.3208189242796
-135.05007477152867
-30.106488606924273
-86.44514061767985
73.02250834928782
182.420228129125
62.746880260656326
-71.91481546298678
450.6161065947417
82.96684305997542
9.557420384520356
160.04477907171895
14.154664102114111
-46.75264603451433
-5.4885720658057835
17.507525586822794
39.37208858367285
62.90218427115997
-166.4630724049257
165.50769300713728
-90.76406587337414
-56.20224229664382
-1.2030245239202486
123.47245536664013
-154.967122892318
-343.388450201006
-142.50647049523832
-25.86876267505886
-70.01564050089124
-44.427695202971094
-5.0263618729877635
4.898631096215411
-151.82676350990005
144.51629279912777
102.57413122139042
91.64190348534794
-63.144738584775496
-135.07885251246262
-292.00066460271955
-164.77379842564915
-21.170553238785484
-203.03058799288374
61.76634466069322
-162.8769931936913
297.7508881715148
427.2136580659717
-80.34048413760065
-73.56991037737944
-212.82906139720944
-90.99663847870215
469.2912878388579
-95.34552046578028
-264.2861054488194
110.56957444624277
101.0179618345519
90.02076436056996
1.1280197246711634
-62.959893291153776
-348.0503514954562
-37.80722616077492
-27.95390151992069
-49.770637485914165
-22.75946368087716
15.19252128471635
-183.6342644489796
-105.03876335938787
-35.79933331267421
-31.5811400926445
-73.01561579259487
95.41832293749485
318.138026427574
107.71311330247772
-24.939237616702133
49.249474036692845
27.113114296133062
-79.34158931449747
63.06303861957076
-88.37620876972915
-38.69250263896856
-76.29089260631534
-78.78581194488106
167.8740557692454
284.93721678087513
30.303504110508584
-2.681018076299978
103.43096511646809
-70.29383011190816
-53.79538158404284
-97.16603033854153
-30.136809460049335
-48.94678523115181
48.638524943456105
-60.516360805049544
-106.87258181811583
-117.0376434129721
-33.72888901103968
-4.1033417865182855
431.77171801145414
-45.646216616028184
-154.28123731453525
27.812484507674526
-79.0594511519048
176.44932259278357
-478.2155726551009
-29.45449410359768
92.85124514125346
-172.63858553071987
-22.26225123299372
181.61969508381844
-420.96834118118204
-52.139376711162186
-80.33516258203917
-83.31659908188158
53.416035961348825
-89.5077959438948
159.24384589730198
-43.66607440107055
-63.31030423381263
-137.5136690701238
-101.34107345090524
15.360842358189984
-82.00063843721406
-129.37157472755644
141.27189902816554
-149.23021447018436
-86.83727135420631
-25.50325565972105
-1.2783521615456266
-84.5701907538537
-9.445426935086289
-159.84606024112327
-25.814443355373896
-94.46745345915951
-69.39097590545663
22.756830503145352
254.97895222638817
200.748730273428
23.97877117500866
-8.101950877067793
-102.8314999379761
58.302853306142424
-88.3372804455721
94.56579483373025
-165.33821041546616
-57.021689698168984
-57.39970443635775
-182.52102141051
-36.44603361756526
-46.912718488691695
-162.98305862317284
-65.53371252413997
-91.11302797601063
-664.0097916451505
-45.67930699407176
-141.21246033605712
8.205470450738176
-105.89367675057838
-269.4368145540175
485.3113516794019
39.654560030329776
58.459954299288256
-59.79305481923075
-36.03956932319404
268.34004147704763
91.10566432196538
-58.70421459711302
-60.39303630948052
84.29168046925406
128.94016474595492
-56.7858943829636
-97.5350874282122
100.5665584515391
-49.35920838027679
8.937796521333826
41.63093294251121
-58.985037209853544
-103.09836110588793
265.6373645676631
-8.305149147063275
-66.36232025945515
-74.21363824521235
-44.105479966925486
-76.29866706794448
-176.14757965067292
-27.12858499461413
-61.16767970358225
-46.51591367227775
-79.32034843518252
7.519272263021776
-15.133059151719863
1.3442371058105802
-25.46143024166878
55.91047624880821
32.45616016691747
20.522530958097832
-146.60536060639788
-54.40215480612733
-28.55746996297603
-14.392522900446238
-76.95023044332356
-507.1522324555717
-39.24296144162372
-14.022676520223243
115.51272435258943
-88.96411868114738
-9.703528040356105
178.14548388039748
459.3950602950499
-74.69738510399903
-67.7633766640381
-99.37294559408258
-143.9710885206332
14.063349260614359
-125.2978399915446
-159.67433860114397
-59.576530029089554
-103.63648276352535
-107.40862249353944
-77.49071385814919
-47.04343216317557
-73.87908613969124
50.96081288069445
-25.536412840182493
-13.179540008998885
-76.60725860169995
5.438775928637142
150.8219734622271
-73.15419302095678
459.60294833241824
-395.1307259788773
-79.17453251452453
1.3067209817745606
-392.68031351592253
289.1626099341611
-188.42819411735582
11.128754112805836
-47.083523246924315
335.71693770000275
-21.04155630138709
-82.1853720992658
-82.69547256931946
1.0216384824643683
-191.42574077252175
-29.475698253804396
-171.28753598480034
-171.92212603757253
-68.9866525844891
-42.54531175433749
410.33742771318066
201.0057881939356
-10.520603586883567
-43.10031637456268
-5.02450786674283
-36.360903927900836
108.18291169048643
-47.463557865111625
33.11659101783334
337.1005275717671
319.28955052160927
-30.13378087537967
-16.824613947179387
7.372420839943118
-58.41232400285078
7.031851069238201
-50.31630440363821
-26.054122314390952
38.982469997606586
-196.07095129405752
29.841955418971907
-122.09250861183682
-117.38348187160476
-131.8369636028673
-21.977225367772917
-36.34715074035802
-41.906670239158586
-74.91286313698976
-42.314239164254104
-222.16031866899903
-235.28493922721827
-67.8527641442115
-168.05353489609388
-63.725348314620334
-0.7376950764926278
-42.67376171548784
-90.62978124736219
-37.45306517069841
-89.03148575815476
240.80225889576104
-57.74399420654754
-22.67066349942843
-38.44571197175424
177.8975219673339
-32.19115216771934
-19.887844221175136
-100.14773942584893
53.02937411846892
114.87575121079362
-158.83896614474952
83.78545054658935
61.73207506312792
-485.47027994377277
43.775415223642995
-157.5077038792715
-1.9605400738262726
-120.85517462103144
542.7670763014121
-105.35137153762645
-102.6231942800992
175.0118336855594
-51.45287336088742
-231.56406810775843
-7.000174473486268
-96.77697931845277
-184.9619975506448
-49.21440333675653
-90.93636999595947
-201.9852077795149
-85.57989229279393
-20.677102063155417
148.77508913925158
-81.41055184794588
346.21087673024886
5.894935929516578
-86.55457881407165
-71.60792927739348
-3.956357391284066
-81.39613528701236
-90.64458713723263
6.574398382199547
-83.7719392307926
-471.38598352577355
-76.92965766150155
-106.03857806215584
-7.589404322594817
-108.03292371776519
7.114450763658169
4.382151932055422
54.091434672845935
345.62397928516657
-57.42585496344956
81.7423289890794
92.76728626497243
-600.8082488635482
6.387198753003304
135.86177520049023
-95.08059274606524
427.2769489926832
-88.75249551190973
-573.308314852964
-55.83055306127466
-37.8024317769315
56.11137629815312
43.28512896785469
40.93943239589862
-141.93297004883516
-84.95479315947924
-75.54880973833679
-13.685248119623793
28.876984300586628
-14.487426842346395
78.90798695126796
54.69814585099084
6.5923124157845905
122.60777531476378
-56.4564669926915
-85.94040391619933
191.23924873692522
-70.79541322440666
-453.2795716841465
-32.369385393025595
39.1241042918482
-46.50798358308748
-334.2104210565476
446.90133435462394
-13.55962326611507
-83.68254765829838
-17.441369549897413
-42.48287554092167
114.1095018897413
-66.31862186264698
-13.789976956292287
-0.920952202497574
-584.4790980154958
-11.695036030861957
7.029143716105864
455.7584891914903
-47.947802116451385
-163.42205915927298
-28.41402973336244
-42.70817874621116
-355.93033885412297
-4.150121927086122
-107.4721505538455
-63.35006372495281
16.603310612917994
-47.74057971907692
-61.134424066551674
-230.71336074634928
-3.093710563415533
-325.6465597177885
-5.48140371216823
-84.12713593821775
23.676460931413203
-67.02825691393811
-65.22974795125242
18.724417486108734
169.17862694614632
116.5413897377075
-20.151752736191835
-111.25403635771545
-72.45018492642998
-102.92635971011987
93.55526116218243
22.277171137134246
-124.22801810052988
41.48893817244607
-397.2978143459095
-36.370987607245404
-69.47197348352918
-12.674835000576495
-60.72677743297375
-82.07176281699489
103.80411308306066
-196.67490106470723
37.84932025510534
150.6110606791499
-13.650470876278632
30.503190690975316
-69.02806853987235
-212.79851320331363
-59.71712544507682
-24.98864962427615
3.6648346047905234
-20.63615488006224
-10.957862689671401
291.8646067338359
-41.641136949710926
-60.932278009121546
370.1926584699413
26.932207956910133
134.12133259986877
35.65649761797977
-346.820426915333
-257.1930408030439
-127.28776750315592
-87.84348474285798
220.5084962417277
369.07408938113986
51.56678825819654
422.5702846007207
-25.954875734238122
-60.76541421106549
219.9794234276178
-80.25974683893124
154.4200186165399
-94.62565885380536
43.28759899659235
18.853303620999213
79.07865408463158
-104.30429143720191
149.81309158597605
-146.9895872619909
-107.2871341909104
-111.91579373123295
-38.39278347333883
-97.67365049282625
125.4469011840556
534.1224381600132
115.53179346413071
-52.24851549677987
-250.0878111902075
-41.92298392000464
-122.29095314868027
7.6453691715651075
-53.71440831234851
-85.67303071482655
-118.17150055477032
-66.83140980132596
-235.31343851771453
-448.30454076506794
21.995894703612066
-55.26485502539572
-78.74578334547357
-148.4507354369398
-66.68803786193814
-92.88512153241027
-87.15611295222439
-63.07398169643784
237.68624611684845
-76.28718196995032
-4.1930945180765775
-198.59404293244734
-49.71325832534433
30.888776093701154
-29.824977452200457
-394.8068390029657
-18.789461343540175
-324.3557279354318
-25.90124747396203
-43.4175774707503
-43.19488748578988
-90.78604269599225
-108.13229484124304
-148.03897789719304
5.125507162513031
-65.62096600810526
-50.058149767514806
-36.12022109082886
-135.59158605740595
-324.2337506126423
-34.918949797267494
-112.42533519430526
-31.200433424161474
21.91503428854776
211.8572852097259
-7.763831824047429
324.3352760859707
-67.7441288938768
-62.159076561843044
68.64046454226354
-513.3268075396008
-333.7904975540405
-122.09425271613964
15.404769821494028
30.311410709194206
-98.58393618862756
-19.203619283188488
-66.46806180986849
-48.06442014393997
185.44690175948926
363.6443728446411
45.29553387311762
-67.25445162118751
-239.02760541068892
-83.49859769725208
-54.28373211403736
-72.54829013397631
-65.45519264510169
-53.06058111028585
-44.72885819482102
-52.07611227153052
272.39279185236137
-61.60081968930688
-319.0282720657233
-84.61388189145146
-42.023193046482874
20.304284690842906
-113.9832648197771
-51.425917930281344
50.29680035660749
-162.44655497658914
102.9051467509612
-44.88652486535085
-182.04048331874037
-162.2043316408417
190.23733494510316
-16.85033743262511
112.74734851980611
140.77787864015954
112.63630944003489
-71.9625806294971
13.240880840600767
1.2114699772519089
-44.51076369388829
-72.02138757121975
292.6534508188179
7.686537348323782
97.70528191135782
-69.00160390225714
-4.440294365103157
125.24063226576982
231.60854459821348
-66.48772130437006
106.98521673136565
-19.43463807694843
-17.238990428109616
-12.562501605730693
-336.6547741650229
-239.44415988663968
-61.32159631652365
156.63508919581
-79.21560632016806
-83.79357609506967
-509.5421854084816
-86.21314175055358
54.21271710110159
19.347267027602356
-206.56593174606132
47.0649512064374
-140.88352875357575
36.42579324804137
-39.3464276985851
-58.964062890358036
-66.20468948444613
-106.4456096705253
-134.67266186245888
-258.51351435730976
-102.4013014608869
-57.871749814346835
-103.33039627083235
-49.53596467319403
-66.49572668573819
-122.5250221519018
104.7448319328987
-77.68334896912543
18.18806417581527
-79.39727154269295
32.614676646295266
-92.92647724445861
416.8199857963118
-33.67123091770725
-5.2269716316428685
87.8138654280865
-60.5664747757408
-113.1196966664429
238.91524666242458
-78.25849507271285
-32.69032298245918
-87.59473164115116
359.74833913739167
-17.345973102463176
234.02285660332018
-63.279431419718094
-51.561665461726534
46.263121111468536
-91.29511738932759
110.58020341090742
-38.8948496114711
113.6458836423626
62.611112273998515
-28.524599899321633
-236.44868888976453
-300.10977217214895
-92.45821065085511
-104.23975603350218
-85.36286659086909
47.07309273804458
-1.1446166741834531
-9.679854253010035
-41.533697728980314
222.29833212346966
-192.4525079994528
254.55568813758146
-76.83109430773796
-69.46221976092754
-244.43248103632413
-9.119021625703681
143.05230857734568
-142.67847819576127
269.50462772957144
63.1261241589209
-22.32856159951143
-228.0970181063676
-38.4176299016608
-95.38832478143479
-70.57467514142223
-31.780874959729317
-51.63341984126791
-70.11998142533776
-359.8434373346445
-55.804142157863986
-34.20852586060482
340.23528194744904
-23.40024677160909
-19.23214595651997
-357.13235794726097
-63.3382645751225
-45.49855785757063
-33.484235372668024
-16.04137911185156
451.51043626046885
-257.0922830484087
-32.510102235339815
46.965013060449564
-169.33658985575676
-157.75403924650345
82.38826484396031
-84.59119905137777
22.068055188853407
-119.1270079857989
230.95201524166987
-482.57959817495976
-94.75367620701043
-18.28820032384192
-58.46293126406172
216.82670348595002
-135.98703303765888
-87.60439650908228
-40.495017781926435
-33.195788923677355
-33.11139722764847
84.3444798764042
-57.1418758476068
59.58167165699342
-111.54091575339368
-4.1426620569727675
-102.12542250660394
-57.312877998032135
-205.10316545818023
64.57163351029885
-108.1679629138498
-23.50812945884536
-124.48669383961806
-14.458537480128113
-154.65105689305892
89.79187644096965
-146.35643622549105
-405.24046379822175
-60.5439405437761
-70.67415928317588
-32.56452482784914
-17.621147157607083
128.84021600734923
-15.008354141924428
-5.182744832654862
35.68423420943873
-363.99261224745896
-94.07604839526391
107.99407626634274
-203.20320013486707
-41.26566369672006
-103.76318535963765
-18.372546716386296
-145.4049506152187
140.90863328025034
-8.245629338053815
-60.84983438111496
20.243042649714994
41.192602126560814
-59.323049726723845
-53.01947273614576
56.7089556807191
-69.84313640479928
-127.97727388996827
-68.78113290981562
-191.9079007954624
156.81129330040585
-413.73971241427716
-71.58807860031447
6.703872403827059
-78.47221213889252
196.58404655374943
-248.03551834319478
25.30232509221969
45.27573067679805
-124.9862518732889
-53.106751468199036
343.72553242765025
-60.678031984642075
337.3489122428673
405.7601350558998
-88.34243071547064
225.13049038142708
-15.262576184210502
-125.91938138732621
-106.76694505332239
81.34485101598693
37.73160605814883
-339.7612141800655
9.178431622118296
-26.712965970221376
353.4547329419165
322.6078701851802
-6.200224845988323
-74.19620328077599
-69.544799318267
318.99110126290907
-68.1345266050315
-122.00991130149548
-118.64288706593288
53.3085887049001
-53.33033967300215
-146.62889312850257
-63.54695856350156
29.864024631840948
-49.61737994510607
-85.80025430494399
-42.1411662916081
-88.75409381057216
115.75590647604622
-67.22923120017094
-67.31937520671454
-155.46062863597496
-247.33693290032352
-82.34441343226673
-513.0578047346335
13.91312035184501
406.2928076847438
164.29727158589594
7.636698142287969
-190.02205366859835
551.6824212469455
-21.818211900591947
141.15755357460193
196.8728083357928
71.54376436460734
-78.07904341716905
-117.16206377952045
20.452789822446448
-84.38411532537202
21.069661412909227
-52.566522946895226
68.58902314985062
-117.77229803432783
-39.69735901012325
-13.860290427219716
-104.67456286863087
-66.67440978389422
-51.0238129087603
-279.4398983946485
-269.2006285220468
-33.543811777952214
-272.21833198890636
-239.52742487130763
-88.42522127817938
-76.46475311881204
-430.767749149265
47.062481763920005
-8.231744749179892
-180.8317237300198
165.87166741118108
-40.67195492963765
-79.81089704169673
88.99955528124337
55.475177700927816
-73.06490157367625
120.60054825915722
-61.661757913990094
108.91192149415838
4.575068674119848
-101.63735359000202
15.377960373623864
-0.020507556098381785
-59.934399785455525
-62.31860654198681
-30.962414069436818
-75.41713454223178
-25.41193549412344
-64.40718309644217
-37.86457262237673
-205.27984971177284
180.76044915623606
365.4218688359251
-87.2063249377747
-43.86205020273525
-89.79879462689524
-20.4681933663378
-342.5247347767936
-367.70096984718475
84.36502794062835
-434.1179942963058
-48.510552320724045
-344.84387785413855
-73.64310838564944
115.03967237999359
5.390895661994364
35.58391750164628
-30.489219563616643
-75.93183304364504
343.50501905719966
-3.33083592719413
-75.71898963151779
6.727752464343263
-63.83630149884084
-6.736693300045317
-68.26181687417974
237.4148263929801
-119.92799716332229
-69.40732857783223
30.22544072733308
-45.61740432611214
21.771011481318055
348.4941163796393
-22.19507823331878
-44.37462073525603
21.384005248879475
-114.45419856559602
-156.3823439712305
62.634264984615584
-152.50490617487048
-72.02145093936046
-31.97971554630692
-138.41867758928765
36.805662343091626
319.4450730210174
-387.4364646604081
-12.62865027599122
-84.16941826411465
-74.64689509235279
4.5524331406718375
-46.66932661649412
-343.5123459515107
-15.823539272247478
38.277187290361326
-180.804895544823
43.909401002093546
-98.69516460976592
-59.241967899908744
-77.70891232560645
99.83200561913509
-104.1301584609464
32.31584988514396
-2.7320838783421095
181.6988025494993
78.66877173076864
-61.18449409846602
-16.52640933890325
-37.704536018626996
-123.64149334255269
-488.2844164377984
-63.93979042415067
31.206185707749455
-134.8753290856822
-98.03762153635034
-38.05778766122785
-31.25499424275074
-15.510900143209653
120.9767298614388
-124.86257415569429
22.194642958995246
476.405827696497
11.35351053971317
332.7867561673793
-61.98175206003725
-68.04090001102855
-36.134140419537346
64.81852512916748
-49.92285795605675
-68.10770581557257
14.485846446292669
142.01483452946377
-134.38934197660274
11.071152041404275
-45.1949772529474
-119.33525086805275
-70.12070815635212
-24.065594930508155
234.0799856387912
48.19858199255441
-75.69428807101491
-10.248202568552415
-117.19303724832389
23.79887128798066
-6.294908193478477
-37.352736809619536
-26.99860002660235
-21.249327349466512
-68.32576514268885
-4.171248589341928
-19.86403152906655
-144.21319443928587
-62.31036579780266
57.494529155941564
-246.9610423906779
-163.38419933140176
-6.368674873394289
-6.844430688433931
-68.29641916838625
-103.97525856993941
-97.36467204466499
41.11752011250519
-92.68255940089148
76.1270222242938
44.18294208114821
-24.019432116407188
263.4965266725303
92.69396150180728
-73.50518950648257
-76.00122116000387
-88.32560531881572
-231.71559253583655
-16.965072729888902
-30.226015740961063
-43.24935617433309
-389.8181771028194
-18.26323496444843
133.75622902406394
9.282944802300904
-16.576715887102182
1.2401507187605603
-62.759444453719446
-42.13603006958874
68.47472259537153
-50.597665102291195
566.8385271706757
-35.88920584744665
362.26397004242244
-435.5998472754527
83.69665722600257
133.9482798880381
349.81719373065243
31.78159093837712
20.39034494722273
-119.30314375172742
-66.02168302879822
-241.01973828547852
-283.9033921105147
-15.386141245589918
-341.4769323941964
107.01771605680187
-67.90861368840064
-345.79237728782755
-59.878645378779
-111.89621128838553
-151.63204878477518
355.93647596646224
-122.13908013142282
62.009161772533844
-66.19380406978598
-71.84398677273128
-15.215087633534806
-69.35556708435979
-75.21298134511397
30.26875938592002
-25.071879717931147
-75.3335474402437
-130.1014151071522
-118.10430361412
-3.302647069685925
-76.52414366218215
-72.7891148150151
-127.27544168193117
120.1646391153954
-87.42807126931588
-60.58775778758316
13.220102608861907
-177.6147676163364
-38.55986674143662
-125.94446909466023
28.325655091932276
-71.38521544166147
-203.5381397437268
62.98521890405573
-376.89235642190215
-72.60815499269643
20.219443855435202
-14.869552765837332
-542.9014345739433
-102.5101524535421
133.93292873822793
48.202628322102555
-215.53930137271163
-12.118924136053934
17.957735763997334
-7.127978127135975
-321.6919657213348
-50.59206370441032
-118.20685906935978
-32.9681223199882
-119.69851282936179
350.41087279416206
-41.235553113902725
-111.80638401825935
-129.91708077449402
-55.99236659639745
-369.1562175809959
-59.76313883741636
-58.974561893388454
-89.25210875156972
-26.177662480952307
-97.73807832528001
-3.5150980096113926
-90.6431051066495
-1.0497382948326992
-92.90248422067452
28.75133730718153
-74.01573198444802
-74.81186406739471
-52.366238585826295
-211.61514035304754
152.42205569625185
-51.04386137807782
-89.81249118664982
64.76346406708399
-121.5909776485446
45.00122594442064
-30.2081592397264
-286.5653249269144
-41.81723285756789
-90.2018957324209
569.7414340367523
-42.04082288238624
67.86112710621819
-20.862677203587282
-491.1989735262832
106.67507881288293
-13.25820800278916
-54.90541165792794
-50.04547917091844
-54.74125674293682
-6.478836067428233
-72.1741832544476
46.1173628589022
-126.39867078978907
95.45648187223924
-34.61797292173226
131.50615199059212
-20.39443493681847
6.582232573249712
-29.86958607150667
-217.45103202630344
-51.464996018522925
-67.93501296222522
7.4845853784081555
-28.449878170431475
-303.5763971519609
190.4685359164123
150.1860858232085
-49.370642962139
-130.6494242387962
-72.63747152094764
206.57269163615092
-278.91162980251283
-155.14470202182838
-51.47847430694708
-296.81423100828215
-28.390783520845645
11.864380180959415
-75.13680766846664
186.70678018844956
109.93976729402493
3.570339009275358
-42.44922174491114
204.3293631304241
10.826209835767258
383.40147709099983
186.91680060418366
-61.409517660309575
-75.0245329108584
-430.3188021264632
23.63589581440351
-267.1335032346633
-148.43556532415096
-42.893181539925536
180.90712602749772
-41.26219432841208
207.32558613019546
-31.299117964457764
-49.37793187548385
-54.89117797467651
-74.24249509632136
-68.22824168150827
-304.8510140112594
-104.19844032497274
-140.89417643947323
-168.8791647119524
106.93831749108722
-73.4754491021904
-0.6148333920387936
-31.489468488260172
-64.35338789747607
28.239177746352652
-110.20486614075676
68.72802308841074
63.29767746801281
-1.5530092397098438
-36.317983426410024
-447.84914110065984
-15.713941783383234
-63.960331849166735
-115.31875659476646
22.197029093652418
205.29486192290642
5.927341150438966
-283.6453176681116
-46.74929056094885
243.95898890958233
-60.7127330898802
-11.865251358113937
13.242950947969575
-40.88050497706999
-114.59504875339299
-48.884789651106075
92.70900151785827
-179.64309741113902
-66.05049059522935
-123.96224745510472
-12.874759528396226
-244.48587979573222
132.78938305660267
107.34701890556244
-49.69001322727709
-300.5620835083673
-122.4689017363628
124.4805261294423
-84.08511899426163
-110.68229230361158
-57.155931122521565
-120.6317811116478
145.57067288950566
-36.522317755169865
-61.08094417990044
-116.23799864182115
346.5968511410956
12.979576559741474
-8.440379638717259
-261.9293594182718
-93.9260802159055
-38.97717777400347
-479.607275317785
-290.49453370385436
-256.97576251219925
-93.60909152846462
-315.3137205588082
29.73790713406197
-125.20888636267773
-20.517234526555512
-27.6924037217741
348.8304640431734
79.39319565073674
-120.40462654386647
90.8024682421983
-169.5111991957383
-65.05771216730986
-27.234023003478796
-35.52549075702494
44.22721881883808
-138.93316596871045
-25.117858542293675
-56.369424412823264
-23.844781759695252
-2.729953368186216
-37.30418127806797
12.090199968031698
478.0081774205755
-64.91062637904132
55.61300147564498
-0.6593481108284323
-109.77672619112667
-93.66087047045585
-7.284794451213656
147.82438204428126
-16.810894703295958
64.2338724438232
41.31543778666128
-108.07751237696812
-221.4157100753473
7.995378304067344
-45.793028598055116
-63.035845267535365
-41.82493396707105
-67.4753528891224
-162.67302734310942
-74.64672054233459
-22.908406663811462
90.51024461251109
-68.23307900692748
113.54440421911568
66.42299166175326
46.82413356223742
-15.940934047959956
-89.69930713391767
302.8152723518342
103.58195996396898
-85.34257896543022
-28.710066401848962
-123.95253651340568
-53.007810841738525
-228.10556254262156
-32.83604887032518
46.170888708340044
163.49409556317914
206.38907253698198
198.2486405433683
36.664966234802705
206.32409785634627
-73.23189859908598
-7.09623808016572
-38.85619065312791
-71.51752037658736
-94.75046295142582
-36.57049803420114
-39.92706940499216
-43.041865520713486
-138.44684152998707
-62.81181579552943
382.9264280219177
15.000436758933574
-418.3237962923322
-99.55604821377264
-206.49091451539698
8.542099264881927
-25.327588200797152
-120.54922480745378
-42.408240580256454
-26.553838482972424
-37.9721451442274
63.4112448235428
-108.05600827864362
-0.94414878465642
109.08036031267693
-59.442788073757114
-26.144047505803428
-105.17821747376911
-11.490249514222796
-49.42339331396943
289.36285856242466
98.39506781566706
-115.4320350274902
-137.58403072604688
9.259220651602845
354.25266906446814
-41.90656867394682
-101.29841238924382
106.54677073076891
113.17398455923103
-97.12017367004586
-2.926448251114607
-16.20181314462161
-24.344051609542127
260.1524598168653
45.31350046472471
32.6325653733129
127.82348475920526
-79.89458999861368
-218.76480784673913
54.08899772909899
-24.03221334886075
84.06969631265929
98.40373160385025
-64.46620412325223
-62.498396797681316
-549.2613179242708
-62.363217365195325
62.29518499793812
-37.673783100254695
-15.920072181394971
-138.0457626130219
-192.93115127733108
-190.13820200039208
-26.487693038503494
-9.23947459111514
13.597829265143503
-233.91826258635047
183.1488520669227
8.991747204921921
-49.05124287381339
-42.15910228293672
-259.08737998397373
-243.0074988719607
-39.0121068831462
-40.17782153869766
-30.96103793404248
-144.56770588728978
-152.73052126743278
180.12784425425525
18.816764092188272
164.30125068809866
-85.85539611467709
6.787405903163744
41.3296265272852
-96.55969094454395
-76.80911014149024
144.16044967554626
503.30742613388975
-67.72344098749454
-126.4142604244962
29.743740974397042
-4.091286926541983
-555.1536106467884
28.63516093448561
84.8551126076909
-54.15395232753213
25.043060988804427
45.351602288427785
-28.112002050404953
-337.6979493242143
465.3860550614745
-208.11239369842406
29.41210436893016
-60.165768218579615
14.62270072285537
-181.35835810117533
89.20883492209032
-93.1752955388909
-8.287908577395456
-22.98666569568013
123.96467453112382
-6.059918396102148
158.97812925363814
-117.31521454761624
-56.51722725336913
-48.90294869683311
-190.0245879835411
-116.13836635340431
83.37316507650439
-325.60854304565055
-32.30178202620482
-60.81602107233539
-12.66465190089184
-25.10307722355583
71.98041086233388
-68.34978215632438
-65.60688392923794
-77.41882125264131
-151.05706781409572
-86.55703794014094
63.067421209530266
20.98311771061617
-57.276578826051804
-90.23311361494868
50.72842735791755
61.56308802225976
-60.690024529892504
-53.0283249338501
-318.51453193031557
-64.71748608740745
237.25560741590198
340.7862763806261
-90.61269503197252
-330.6635914970193
62.90323956256543
43.54646861753645
-1.0601913290329321
-157.10887547294624
-93.7232472444897
-64.46879055593946
-131.1701501811258
-35.26736944559343
-144.70099381767068
-65.3637202945356
-47.81361845579251
9.654403005201175
-112.22822315266339
-79.86294548857533
-67.16879814359056
-91.27769018592105
20.138644563616253
-80.95109900262347
-46.932345507871844
-86.85951273684256
-68.05610473556368
29.084171511138265
397.4228960495966
-265.6488066720749
141.01802828401605
-291.9453343611294
-207.63071588740422
-7.4791217464604145
-59.453443991150266
-217.08672340499925
-51.20335163877871
15.064863174686252
-412.2750751324129
-438.51882617251795
-29.12469552687901
-236.98282312397896
-215.51398392612919
-80.34752786426544
-4.896338443067187
-23.33644509430445
27.951496295881043
-233.34069059807916
-2.8184355930161473
-41.69035567764058
-400.1302675993102
-39.03383941452752
-22.590304475496595
6.901249178715815
-245.6913726117691
363.3415112824605
-72.04253555748294
-348.32904637365573
-37.135232854381684
-93.1309631688273
-35.05612438014736
59.26608168394159
-102.93100687939746
-97.35894915279046
-25.30536081882542
14.900758249244063
-434.6228091238481
-118.53127700475149
-44.346444124232626
-29.91973195776154
-423.84235943199747
408.3555746673901
395.91115172677746
-36.66351147798291
16.799582847829633
115.67798330594633
-387.97060781574055
115.54542049890006
-222.2110561315567
16.89979385779725
-115.36137642842004
-12.793596361651908
-87.90402581002581
46.89463968428481
-104.3888773758008
-54.97691374866582
-285.75309998775265
-139.01838593033972
-183.9480020577921
153.2835966551511
5.0634401881461635
-27.00062133510687
-64.84230450659896
42.84105584640383
-307.5665342078828
-84.01362271298646
-71.39227484943513
245.05627058124992
381.66573670259277
-63.365580144602035
-215.70343932473224
-62.193398353346865
-333.6824319418438
-68.37884086582335
-49.58696940727168
55.89457283723277
-43.16470849216222
-62.571638103452564
-155.3114276348697
9.139964409897402
-79.23088783521416
-58.238434217185485
-8.175009178603432
-251.4663385046024
-360.3513343853356
-579.5157461361578
63.58221197539115
-69.39568287107647
286.4210391276338
-72.9086051325808
-380.33968497512615
-51.65142835476123
16.42451604126427
-70.30613373969265
-99.4035134660462
-7.243172319210316
-106.37205090798193
79.3552329669692
19.20409214787469
-171.36174249758733
559.5153276708115
41.905844620833705
203.30737908610354
-42.858131734161645
-87.76287238423129
168.7204213298337
-73.813873273164
104.49059934229626
646.9451595892315
-143.59617829954277
-5.024206080908584
-34.618530084007446
191.6441948429183
-313.09378618609117
-12.87505922585676
88.98843342235068
135.73482462283937
-37.241002723160705
-125.42914178568935
-31.690120894502797
-112.66956835123342
79.02625455964517
-40.16996568959121
315.2765065757194
4.694094283649688
36.08562873923256
-58.671652139917114
-30.280531880961377
71.58970822051106
-536.6903647776617
-40.601872103836286
-485.5017776388722
-54.467037316574604
41.8017020757452
-4.83576170379439
304.22404311446735
-93.36386107439466
199.79719066176085
41.83201460413784
86.25781381353954
-90.44386409170835
-66.70582366453982
55.419444655704865
-64.92181641734615
-15.525740773363395
-54.487658144247575
-62.74435193537519
-65.05401899724033
-68.41321018006505
-87.80153001796589
20.25993088847281
-50.10971138142972
-31.99711126190323
-125.43923268925573
15.680821159159677
-60.3462191663056
-48.58460432184074
-5.265970091592493
-49.274252529407136
-16.566762171743903
-84.35108322025654
-89.81353913237571
-62.143846387984524
64.83219791798365
35.34774359926996
226.59725728006742
-202.02084783215741
-2.8039896274240164
-50.53236611003922
-23.325468517703484
36.89943483319803
207.06399341706674
-42.320011824140344
11.96681587430052
231.5140374705461
422.3003678455607
-39.40849221858086
-32.97920323337235
-81.10998553128852
-185.7437205315473
-141.1130643580609
-206.42372322857318
40.69926635160118
254.14089151323333
412.8079672110289
-82.59650278432969
-346.07882620885357
-14.262055292433171
-56.854972785866266
-73.24941030176416
-83.6205708921043
126.46095699481793
-127.63854550993983
-100.46445219495763
-451.07592496147845
-1.0071514641144526
-109.17627553923484
-42.61618442996084
121.4090049963961
-168.92892225121614
-76.78959535696868
-85.88705162105241
397.3320708481915
2.0595107065437332
-48.47804544090632
-99.63890428871824
8.151940222562487
-148.81770412916194
-25.207635438147918
82.97101726844039
85.28277244184937
-16.552009193663253
-11.120822202638559
466.6435074896526
-28.492254193785634
298.2459168300229
-148.55278051161076
-26.37215260939047
130.254084180091
-101.84649649639141
419.443448315933
389.391456629799
-115.32678699693861
31.6925637049153
-137.21090696489773
28.77777914774515
423.86331035468174
-41.288314640526075
157.06572751964995
36.362715832775166
-86.46830231171859
-471.97028678548486
-92.90532188935796
-57.39597467393354
7.300447868862161
-39.15719197436755
15.442372322867755
80.193505364261
-63.64508962231653
-28.233297166643183
-195.63210653211354
329.02151547214817
242.5781561645672
72.65631835905515
45.079608608484705
-31.27221402897885
-87.02242214930192
39.50364094815632
-143.26543752435919
-130.43205785768623
-1.9384552368592267
-67.67214381321241
-22.847969925171185
-62.945308567605025
-20.55298112620403
-65.30482742020004
231.68349517440947
-206.80559337787508
15.016100277148325
-30.17039571785873
-18.49365142212764
-25.770060057898263
-49.34895909951774
102.26184285629552
-88.86343090765631
-169.8338650387268
-266.5080656714945
-57.47282799703004
-60.781634658039025
-97.38133742473659
-39.60923541339912
-48.69958111065057
-457.7558399219597
70.13739037757477
-89.29881036919141
-40.63580421144661
98.88652989151524
-357.39209222646787
-40.26194644664611
169.00043024895194
11.1555736196824
-74.11136042938973
-196.66486633503337
251.65821688380765
298.16212819945395
-95.15712488583974
-285.56843717409356
-9.543982308217892
273.0716466008944
-364.18720579963156
-85.33282853196044
-105.00490074457412
-17.115737014932165
214.5201985276599
-128.4514327387069
-7.221306516017648
-103.0337752748328
159.8816878376074
105.94009561276562
-61.03630139874929
12.651538321377302
-69.97790397451894
107.05987012934747
-74.36461314226653
159.0677353022461
-115.85092312967572
275.0174310266211
-91.2396020610767
54.1398662038946
85.68499715962434
-97.16428598173651
-106.92616484018617
-9.864642837259453
148.10574231920145
70.51416296961952
-50.30052120599648
123.99260125374167
-33.17325050283034
49.82987780676194
-135.44019943465992
-46.94466277447464
-341.4762657013107
-131.29223178189932
-115.93005457523941
-213.77431972935483
-75.99182311872028
-64.27311569679708
81.00974082867106
155.74665893086694
-45.47720963501915
-79.91208268941638
-99.56812299315925
-62.13971857130548
-98.34497661561568
-52.46865965883808
-73.75992217291375
-32.14482772913476
-55.378828845330446
-55.326826294526796
222.13881420139842
7.619869038027446
-269.6932547271663
-487.8316848461691
-7.470806863563041
40.76359229735317
45.71511848959017
230.19792234971464
59.993681829562775
-79.942575367794
-131.52897494505123
-101.21235089037239
307.7206893974035
146.66928388278393
-33.67633123681786
63.338453888536606
86.42144988052496
35.36054671756574
36.06560015070909
-68.63584561448769
-272.669390830446
277.5571114848917
98.96922866216664
-68.3490211462231
-73.41960223454475
-84.47157995939199
1.121423400302774
-98.51289614672653
-34.48951338303277
-55.59419885936801
-14.51772690354096
-39.12131225874839
45.85592901670316
-106.5310179072294
161.09770672699415
-158.57549125082187
-31.191506453271593
525.0303293778452
-72.73658340639324
-68.98327471270561
-65.28570114795912
-84.3175777972665
-171.49217094714004
186.10189388545723
-662.6945024630149
-50.219145750153075
89.87824459257718
-63.12480054160915
63.31507734126717
-64.47108438125045
259.08868085614995
124.49994201568188
-4.2399391088059
32.3599944087191
-520.195361544711
-119.91267505062437
-16.26233317786489
71.56266535102259
17.862889441416883
-101.23240919199634
-44.129781140956766
-102.36737312705596
-22.590272972714956
-87.00407032299029
-25.392221721586242
-204.89379890073997
12.397121141727098
-15.562896616033413
-56.18483582471458
79.60379546034096
-47.74988623302488
-61.70619833937053
107.34847835132132
18.7647179364576
-60.440049624032326
-59.62868632790662
193.96987440134217
369.3224185304189
522.9868831775311
42.99343045045043
-72.68745120936295
-8.145066573024451
-78.37505669692342
80.18859811593575
28.57161404302667
-418.2279912317226
-37.29700830684487
53.947615991956354
-48.393393867007035
101.01270416443867
-204.93994384455073
61.80270981553804
20.72509955186075
44.16733376572893
-110.7950622341404
-227.2258726412474
13.044970769775318
-100.91520073770185
-75.0832146232151
56.512202411665385
-58.824002429722896
38.291479259687094
-345.1328456284864
102.82556922607728
-116.95526138275454
322.8046749961213
93.45566192798287
-99.36566436479552
-84.95708174404353
114.88226719102477
256.0236536221091
103.3767026805076
-198.93029654041038
-112.22003640661177
229.98141812091853
-421.5557503642467
67.43509871501556
-68.10087165610767
17.176712203438022
-24.0126799983409
-107.29725633763337
-88.24107189253839
14.988669589572964
-109.7930861362372
-251.53254639951774
-192.42837866827904
-26.161423922085305
316.297806166609
12.064622866335455
111.60249569004372
-84.38899015378036
-189.0817315424847
-69.91466401013764
107.2687063528374
-162.24726273963688
62.939042977639474
28.886573749641684
-58.01496985042861
-28.495418745209463
60.90679150082184
29.459235010988778
-51.87650907606342
-97.59900064824524
-46.592901633811536
-68.70643618711938
-359.6736132586375
-42.54273932015272
-10.053844378445339
173.34562874156472
67.4121874317056
-85.82187227063423
98.83334408077462
-1.0244284558966683
334.11073546959415
-45.32980835565177
-12.463660891393374
-53.484841631103635
-39.85446879144621
-50.56212822859116
30.58898020501738
-383.3077797740207
-44.698869903371815
-65.80987756777641
343.63998802067727
-76.81374269002845
-94.04427901629032
-25.44057954690379
126.18323015491478
-64.1626171902144
-80.05854242365089
219.17766005552767
-26.89464617556223
93.36093075441568
61.9110643971062
34.253522174044974
-70.21119183971892
-58.524424957088165
73.30344250025337
-148.13381285609466
49.77351403498869
-37.85539012461449
33.15836218944605
-64.17240860717595
-100.46634669297708
-73.60309381491517
-112.97316146745825
-81.25825561006423
-73.8627888993247
5.05684391307841
261.5104330313261
-7.033824710524982
17.815331456187778
-71.629701868163
-77.17845297624444
-108.44661465169202
-37.2413231087512
356.4351205442472
-368.31571832763075
-95.27468358058717
174.36914812632858
-40.18725919114553
-17.50951409600657
-13.420692905148911
-107.51328519496928
-315.5568705112328
271.89588668201577
168.3577247305402
-104.0258105259303
-65.58047276401794
-294.3356063724541
-21.26800423577498
-495.28277088473806
160.7643743891913
-216.2707061360452
-8.861228855354609
-160.58828887432537
-24.166814030854937
16.913187949976418
-620.2901323020778
452.8115516840553
245.75052421029886
-139.13366881817637
45.98857865149421
337.64914836682146
-56.20129138835546
-37.26223017452732
56.201343898023424
-94.80343197972468
-66.55693082188803
-50.90655486159
425.8078497783026
102.74641026751851
-80.57781943721943
15.503634351877167
-95.49997541291486
106.63227224638467
-22.200808260266967
-9.447384064327593
-421.3915940513525
30.545611050902153
-37.88235749279556
-84.8119945445607
183.174106186053
285.260273764301
77.36370418499064
393.15722781436034
-109.06916306865395
-92.14201741658846
-74.69258819106926
28.371979214351086
-159.99667727746828
-106.52605758956815
34.27595981456943
419.09206006493696
0.28699270807919675
-59.18116030698842
172.70031540020682
-97.78769037005706
2.8110673059159126
132.46670917839037
-462.66782566712936
-97.49417357958643
-17.49732114166727
595.1088924015021
14.496709641738562
-19.644696122979113
-358.6485118067176
-30.347108916266734
365.72559920469394
210.5195353725694
-19.69656348622026
43.53528938951786
142.55680123819184
-153.94447104213214
12.133405391697067
-24.852330698053965
-50.77467460417256
-130.6777513790646
-91.52151912723002
-7.431290312615602
-5.920131178881604
-97.91589709635107
88.85893707908917
-105.06343345294033
-37.910550247701536
137.5192429488743
-44.02546330976925
454.02248147102
-27.82074934846986
1.4183473827977764
-104.3121390512515
22.88996556210759
-46.75814839487157
-30.12864055936467
135.4415092859981
-92.99557915481455
76.23275867729717
-146.80033264191752
16.520175865231295
-37.27858699887247
-8.989466371876915
57.78888193206876
-56.49208167440247
495.73190895582775
74.22836679386455
-302.9114230897503
-29.571237673568326
8.17390382442943
-71.95351596808362
451.1905377982912
96.94754632285367
211.527767720062
-70.10507820238922
35.049566332941595
66.64902430238953
-298.99654840608855
68.0823476634423
73.84097290592217
50.186001777075944
-106.27208298013102
246.78991473780752
227.93369086052917
-18.09296990612802
-19.48563455143858
-195.39233756261274
-68.45679621772251
-66.26919581569047
-41.3629443178173
-22.814018109362678
-103.75198342079784
-233.79137990486925
24.398033023722746
-63.634164622931124
-78.73904536921918
84.72861171905151
166.87001830356712
-1.5327561344315654
34.7038335231141
-11.186238407579367
-76.20985970535169
-93.81168078731949
-122.35497830862732
16.17909419058924
20.594738315081088
-227.21944329789767
3.622479068982102
-167.81301315568817
-137.6565054171333
-102.07364327307641
-510.39689456366614
-509.94262216899915
-78.15659479443912
121.51020170898846
-12.931942903613162
-341.1482318480439
-88.53307666715534
-170.18033300855313
60.4055382679303
-61.89996794640558
-89.8615748131773
-517.625592446795
-120.10734469409253
-276.2854392098325
-338.76696229604204
17.318806399257483
3.112201966914938
-77.05051213356553
-292.8028529961848
-134.6006043595644
-59.427465285700464
106.69457825592872
-51.1016311392698
-91.55986923803175
-50.25064772843252
79.15935100393199
-97.5218193518451
342.6660444847257
-10.565050856634116
-28.89238936938913
2.688370710028721
-104.25553626562305
-6.926709369383864
-25.631034282488827
-57.12986539391568
-95.97583260203915
-284.55308164010785
78.51041717568842
40.99685035546918
-70.20902452807059
-146.12272643853976
65.84250260547378
-106.58311484524529
2.386524617694704
102.69532696109945
-76.79947472829757
-43.696670139499766
-108.70183117271336
39.795410375778374
107.19757756742638
-52.981396039720174
25.88064792365003
-53.246740922908515
-520.4835406692837
45.62727595596289
-85.4243268230119
-69.71465636806799
-10.092333227394843
-60.82378319622944
-298.2044174754883
-102.4709483384122
-318.65063421136983
-30.004011702580556
-313.8075755093141
433.89898913634715
50.714108715593284
-8.122588697311585
-56.77034302116364
-12.83693960027827
-152.09027135278666
2.6670671523340097
-81.20509105516125
161.5369336108506
78.15938990997529
-90.40865732071802
-48.935492842409076
-72.3317540030751
31.522331088275678
-7.577021426910505
36.03680895345178
14.581388243398578
95.35455954033205
-86.89773071932052
109.83243064414637
231.62444128508287
-17.412585790627418
87.65067702872511
-621.744659676322
-84.62615326662853
48.00887393690755
25.34365522596181
-647.5983318096114
-123.03107200323404
-57.77787503714365
-116.23578879792603
-346.90259522253837
103.78226097313745
-448.18285839216696
-58.32242190157325
118.25335350860587
-36.93280270566686
-103.63460558193583
193.78701442171587
102.38707300078659
-480.2705627263131
-75.61580238631976
-50.89715455802252
-43.98114418575278
86.35054191893914
-100.35394775822897
-153.19060148495737
-52.957037491005686
-16.837305098902846
-11.224980289292944
-242.22024282251914
159.82188514583504
-97.60432948790259
-142.89658470694485
-97.80932739464697
-36.58992136284781
-26.047491855890257
-74.31394782013558
-153.67133757388
-74.80788027855127
265.3867240763302
-13.881567948163138
-79.1045283390023
-78.78768976289393
56.00051713226458
-238.21349124142762
39.555674753240055
-68.13898744644376
-530.5802303964629
107.22966275989893
164.99578121744662
-84.18398354122793
-177.24258551447747
-149.1670812636694
-499.5648080992978
-35.93181054390443
-40.07868454573598
-52.458529434890806
-35.57643169601124
-27.436297179288886
-110.6693058681376
69.99671851467565
-109.04340611014065
-33.39216000310955
-6.619409963374951
51.4014987652713
-92.9501952137097
-149.03357808446708
-45.136832717699924
-77.72801410184184
-118.18584216350337
94.67505830675327
60.86680565653478
-206.91540390955197
108.13116944510875
62.634042368488736
-98.26607161745274
92.47956735872867
-125.31778271196526
315.0746005312958
-390.0952474729802
-19.52008772401377
-133.7198938000812
-185.44659821066307
47.80286705855724
-34.27785141294953
-172.13782968043233
430.8041017666801
-55.87807783273365
314.0538568253096
-72.25440905952524
-9.041643630207545
4.392150988987851
-53.81395718838993
-199.3948398385346
2.5502692167610803
-164.18208342633716
-12.514817475878772
-181.6266472339621
-142.52263933180802
-81.55547145083983
303.66333986350946
-121.47673651787954
-136.4358127445903
-12.608152626082756
1.7167417915274967
46.727618927006915
-51.693464513810454
56.25201390842449
64.83468773004279
-51.72259067410778
-28.996947645202454
14.913688656848535
-15.543619995198242
-43.81207968221679
1.2057888084746082
-65.47640184368409
-35.345563856328226
132.4491692010779
226.13379668320522
-77.6438822940971
-16.785291474268774
92.31751955331174
-98.17313638955018
94.46099254319643
27.213680273627688
-509.84185871573027
-3.963532803225462
269.68010201911966
-41.09542237250025
-3.0106865388945607
158.38594978495075
-110.2639956243911
-23.383228694633317
43.36337246810626
4.592391789296173
-69.95643301735254
-161.48560330991904
-29.64835773537061
10.24405067061275
-92.32312639687643
-87.85335401266775
10.591914402507427
114.42249490075847
-182.4098945718597
-34.92709705454399
171.72247187501762
-29.348740194444304
-158.2902062134126
39.3449975465428
-87.57894791178155
-19.24273672290292
10.67763781028225
-338.55580752158676
13.661267587474867
-71.65951128962463
-100.76367297103934
281.16437935323665
-62.57786336951699
-88.98484972494921
-31.41383408173206
8.185743231726974
-275.9735861690897
102.82914539464582
-97.3911616556752
-275.37668687645055
237.563729394471
-86.92887875873494
5.525884570812526
-84.60115714543281
-54.51585994704703
298.72705243820565
21.172829293693212
306.1920899709239
51.39755229645016
91.51642988300227
-77.9472697725505
-336.69231990852677
-2.2669554764224813
-130.8206611796768
6.2742221467443855
-81.50179885569185
81.81241161747903
-166.86387771659065
-77.198323339122
-100.51227150047089
-48.20517219270175
-116.09961296540041
-47.943250674458525
74.01571766682355
-121.61840115372715
-95.02249463902582
-58.72113103648266
-21.84044224252716
22.51205854309535
-39.657156821077535
-26.266744870727972
-232.1508463639775
-12.744135574741263
13.760826435293438
277.9655627308821
-8.281532493831037
-57.64128965822034
-344.330031087562
-98.75050220093362
209.5899852543498
-295.283613165524
-225.5716463714116
-49.94126510527358
-49.32990798243143
-46.481271414584626
-22.643589982703556
-59.74557997157854
71.39546163346131
-187.22277342839152
-70.2380929629127
-56.77515625853778
-66.80630592935148
243.63022441713292
-65.21398297526272
13.654557460781934
3.7576261663660375
-321.6116407392783
236.1510643026504
210.32557209241895
-63.969954325200206
-99.78799605848252
-242.2876956947166
-63.70373671922008
15.371324046703194
-37.39269009079908
83.11881585677656
-81.88554822253643
302.3605134183599
-207.44966270912482
130.67407176462802
-76.89792726164887
68.70688162562419
-215.44067139407525
41.34704613013855
-44.539233803906626
74.00748850286436
-22.876995054631152
-22.21504572901722
348.93783251025343
-62.2892936735345
-103.8544046737552
-18.520231374904824
60.272199316526894
19.39629163567588
5.77799510958539
-32.2955672894894
-205.7335913934221
-45.406838690798395
-57.642462777125516
-55.427479355993285
2.9600089777135885
22.4966678584733
-27.33863052736706
-123.3620724294642
-57.61348960288637
25.255766475427208
-52.347415616249634
-50.124941589331
-68.4358496120231
47.14100490564306
340.84234304669917
298.22383694370365
-448.6412464808818
303.75909253149075
8.010091887486851
-124.56660775883574
-260.58046735727476
-38.44318253723941
-3.6218311911546297
15.50569182443602
-11.574422650846827
55.64783462738524
-132.44972946585222
-10.570689399261028
58.61950308073483
-574.018352852283
-21.716854813007867
-24.195779079178667
-16.132295910106677
-11.233738964462574
-82.07740389950288
-89.31824765925649
-484.0514456231176
-92.65999424859547
37.85419728020861
-73.88002643394611
-100.63017397989915
302.0451009997432
-50.941851310215114
-78.4049558651739
-3.2264443530544202
28.695679169244613
68.52116949378615
109.5126942328734
-120.54790956217221
-95.98788312470356
-151.56121183168216
-33.171326656550036
3.5856586285262892
-19.8087717862374
437.38612702265345
-178.14111408980898
66.14856400615054
-103.24326832777444
-55.008427929160156
-126.57807258249159
-448.8063387986658
382.52135462419756
24.631532454145596
-369.098814001085
-67.2417454152058
-30.876375254367304
-26.932107770184512
263.0804969757046
118.20905936281588
142.9032542868663
69.36626672826742
-43.51184776254826
-123.90764711604106
-13.984302518068944
-78.05317067249416
19.99149897270763
332.8628040861313
-77.71828451613013
-39.163672123013384
356.53708412581545
-83.51098578837173
-138.41978593897875
-45.774864470986955
-119.91246299238628
125.20177746997797
-71.67791235848424
101.73979183625488
1.4581305228525707
56.08054297216586
-4.861385774429436
-40.78332396823134
83.85468946352557
-22.612543527628077
-38.104956224167836
-10.47865207024006
-51.5512133021748
86.82282274288991
-502.77333053615985
352.6449652950305
-7.269394005239519
-69.76741775608934
307.83061441184145
102.01396627298527
-525.4052546477797
17.024711798010685
50.02026259168997
50.01063461382137
-85.81992996397953
-102.58196218374542
-29.93822967979122
-133.07366110072235
-23.85675948566677
-11.656848705501034
-76.3661918486529
48.81223321773632
82.7547145754761
-224.22349220096294
470.8233166918526
168.72120137740785
-83.87014313008876
123.5622517998163
-76.03785082870603
-31.671613561245977
0.3587656109416457
-109.47987900426332
-73.15371675530051
-93.856045037304
-149.75899057581046
-334.31451967724297
596.7803596243648
-47.24047557183667
-12.892488103361757
-46.2888732741019
-73.80334010288742
21.40879141330879
-115.38604485481937
-29.850547830434834
-86.42555641341964
34.17233349750859
-73.12851222714562
-100.58208737609675
-30.414377770031933
-48.39801043891748
-111.03643391277365
425.5092340881438
-84.93303754922954
-280.8141488627534
-20.352375194364868
-398.3825233523712
17.47769898719025
-33.6790132154735
13.40139811762947
322.3948649096692
-69.06706991919657
-64.4572769447897
-41.57393747586241
87.0033345818947
-259.19970504064804
41.62866599526387
281.61522277635777
81.87778764810264
-36.94033628500516
-87.67904853241816
-65.15133566557051
-35.06929337634236
-49.5851548956947
-92.70453264320622
365.0873917478748
-52.512693341155575
144.027350728049
48.662967892694724
109.24684860687921
-122.77996080921002
-207.3947631832052
-27.34888804261475
-35.732756581069026
23.303381061690743
-60.05139130379447
-69.1389311845146
-265.43112036497405
-359.2757786455768
19.792616804103545
338.84529753412244
-327.13989495805436
-35.05056641410556
-9.557854516387064
329.58568000260675
-54.054149333904206
-46.60439657153372
3.147994737757358
-12.372042182893125
-2.838786635408269
0.27431272731473655
-53.35858159239493
-4.919709802103171
-115.63306952212952
67.80762414590754
-25.730742953084338
9.166003263885685
-115.12427330993705
-16.08622806029541
345.70544134896045
-107.22187257747777
483.35856609947587
23.814432808769197
-10.999874626111527
5.426024057474024
-38.55724955772973
-21.167712845413234
-36.70930609726793
-54.20929629490638
100.33860006803434
14.576801655867062
55.08624736969068
2.5334665101063365
150.9263126981732
-106.5344671760382
20.27410154559402
-29.870289565525702
-153.27526014032264
133.25867792557437
-69.92005888022287
-158.6817096435043
-143.3829678306647
-241.48121390294273
-209.57624676429168
-63.21962787487445
-10.113446099747307
-95.90690190845486
-90.97343330273543
-166.7593270627758
38.58329476776771
-99.7221892127036
-24.402581922191835
83.29972321781679
-68.86743879666624
-57.755838277759665
147.3631967571946
3.0310430528974215
-85.85547009773472
-18.45269090537613
-22.669432607443508
19.89510333158239
-8.199153737481083
-139.48860779551887
-112.10107820753365
-46.0879371986718
-134.87121749697963
168.11581790486161
139.72980141391963
-94.56012226400915
35.64389602555366
-94.9218750695566
-168.25796507823998
-50.81107314243376
-50.06736220800485
-44.13601368692659
-106.76302908737125
-18.514166675094515
-67.65849474686209
-75.51739351256847
-112.20615998844914
-74.1822997774455
-8.937412663085581
44.08315725583634
-43.86005335800064
-7.225663251440892
49.644295853093354
3.182230177360907
-76.08559060874114
339.4594042460267
-2.2520269119027034
314.47580602277776
-58.769383917165925
-53.20412518793535
-692.5968972189439
345.0794347704814
-40.193149877198486
-60.06846689939812
-45.83469115272112
-43.64770438616364
-283.1130520411916
130.01506696184106
-29.050161854258604
118.567506750358
-224.54814335694937
87.45512177162891
-25.195931502295366
-14.781672765820073
-43.406215507331126
-76.02154786464202
-32.04054239276951
-83.2461712084314
-38.11439240834156
-310.24756835924927
509.9116400580624
-74.63318196313745
-26.889948102995245
26.31772469404359
-110.22131685844852
-426.744224477201
17.51741552644184
43.630700824491726
1.4650587683231606
-79.51051117428162
-33.532399841564256
-82.77989423122504
497.65897824783315
258.96092314893394
-43.78342263289326
-99.02989316683488
-303.48024308659114
-29.41011199615332
306.02916330940025
87.73093504917233
-83.30121568262348
-91.61511796163722
-5.8626161553229394
-79.01242720062463
-114.43580944673377
333.2266723581215
54.17813624973314
-46.77308576220707
-105.97449906209295
5.302805814457315
-58.06163892027752
-312.4678562612662
2.6524282601958475
-58.60531618441746
15.850818835662949
-110.32996947025956
220.99748751204243
-135.91183642916803
366.1838693894042
110.37061659033475
351.5917502103093
-80.46949901815418
211.64887765899584
-49.228705703049656
125.39051718135488
-108.60588590720454
224.23500076842902
-8.6706543735317
-16.235899033944616
-13.378828626121996
-24.062013266933718
-16.407207715070854
-66.7258820646447
215.54634133141917
-78.94895916235501
-67.47400957621375
-134.19747515403378
-79.85820327199508
26.15015663217173
56.22750524384901
-144.48815728878753
-216.0805421873083
-241.3515712241242
134.6465956550037
130.75427259790013
-43.7547874401738
34.87663331996009
-228.08281164472646
-209.47487354409714
-187.92522685827043
-106.1278374107859
78.39139252765199
-163.86088631934217
393.4700256234537
-2.457036396756293
-7.2318432199872404
-85.36626187631009
357.97358036152946
71.58919234313817
-60.45714895977443
-57.22095267686087
57.07036320207635
-30.4030925833045
-171.59601742599443
-27.467173809998712
-95.03811945278845
18.7692152601021
-67.9887510428066
349.9167599258799
27.673134937339455
-56.006268604863244
467.65028777263615
-29.777019672700362
-31.367750518799767
-1.4123136421123608
-97.2585735847324
-303.9922869293514
-52.59076383851932
-235.74749363538467
-112.25785537880438
-141.2160098567674
-174.6238650872583
-43.131065039606256
-69.75747886895624
-71.64117994135222
-44.97336675233076
-38.26276626544829
-52.440178139167756
14.46053242654034
-88.5999126259273
-24.875871988551808
-102.49181849897253
-17.689718788490097
-39.36301169246737
-10.149000936975426
195.62635352323196
55.03362900658294
-226.16369457024211
-461.46895554783987
-64.08995190899401
-35.255098934348666
38.5378560569643
6.065138549385665
-54.15580234930576
-0.5474023245918425
-23.340486561653325
-128.9439777871903
-462.40312529448966
-63.91129233927664
145.5328312054935
-7.508891046801864
9.849853608566264
-173.09890953238755
-83.19663339708063
-79.12037552195275
48.368216911869695
-74.00335847403417
-25.668527081015277
-72.98152455610398
-67.12169771946307
4.670312339826296
184.56898100896615
6.02893193415548
-125.56771751938601
122.26715120567678
-56.06924237456093
-4.209791408833553
-526.8385585106835
-63.67686324094013
-10.239627711958747
-376.7248345717844
-65.9889655036659
-177.57580024269737
115.29560843077797
49.86646167161234
-270.9450918784187
-61.88496878422984
-64.03144395424579
-18.347357555254803
-9.27289318689327
213.1873863142937
-52.82868874048098
-6.191440607341974
-176.88634476255538
9.796790504360615
2.5591986600104804
-62.005336656854745
-28.083844478676838
-75.56749960377238
-72.30958860505937
-6.679911324831664
-3.1660108337778183
-40.952298242890436
47.30667593527687
-6.52947601506412
175.54378381000606
-61.34626929775048
70.58798732701325
-414.15820474279553
-37.88292153184296
-58.36301976188224
24.491404209061272
-69.98806385263778
-84.60859585424939
-185.7004722829788
-102.75229547204299
58.44098637774732
-65.08941142967797
-102.48047521648186
-59.38974003499933
-57.877247653437735
-27.278489435289885
-6.6030542691351
-35.41581760402369
-20.607830731020083
28.133671349570932
-89.67978705211135
-63.9439572243632
466.80493909245706
-151.40151313229399
-304.40648464451624
-70.58174409771891
216.33213470530973
-40.385429518666164
162.65034645560172
270.66550176998317
37.86404631803089
-88.76308905500704
109.51730485417329
-73.30813183114478
40.9057591837327
-39.245343479016526
-30.261845708467284
-17.694918825541208
-70.62806510446372
-107.9987855168165
-85.2483368309184
58.70644534678104
-82.15864333656464
11.007719558077612
5.217171214100745
-2.40318084424689
12.618463997294384
-83.27562229408795
222.06301173151223
-465.55800045420983
-272.218279803712
-247.1318464627875
114.93726929892455
-54.88488252718162
-31.986519577311356
-31.410952972812378
35.0507911000559
-18.230168348311736
-65.6306436999986
93.63948009916385
-74.33512878207125
-26.046916712861346
96.60611138338481
108.10120927673779
-262.60413421446174
19.80470015262472
-44.10450214622597
126.41169342833382
70.64279294396113
-102.77279377817467
-171.8468687856821
206.3705335454497
160.32839895295228
-99.3195090680747
183.4177428433204
-46.4419463127706
85.94567325943353
-248.37609877634895
-54.192167598227115
16.72243277000598
62.038584467626606
-82.52444771961865
5.669241056608428
11.685229251485453
-7.463168227963706
-114.06966777730668
-72.58427619406302
91.63995944982935
9.68622450658495
-37.60287709876502
-48.21618391042615
-28.591321059732913
-105.97179748247436
44.13049546452781
90.43520163979338
103.50863838597797
-335.8386503412348
-104.03838048891552
-64.71675853322449
-40.15793904214479
-42.51876220533186
417.8102497107193
5.016879979311852
34.263839334966576
-19.540850251884763
-78.94120744344855
96.26964220862601
-100.78806718723911
18.23805611934583
-75.11033724791741
-15.736811599823515
-43.13872114305321
11.0679156284491
-78.80322615694327
7.220049353072039
-66.6967335738633
-2.4067735118976827
429.99297019226833
-191.22226575746572
-40.05632292539474
-64.77122948709803
-54.94985940997674
355.2148163969123
18.210291398821937
40.83679541845231
12.874618465155436
-385.4473918161184
-72.95578572279737
29.33230711996967
-401.4327031077646
-86.16011230586876
-560.8941875876935
-366.6238949673425
-19.277146734388452
-9.749764408490591
-337.4400367025719
15.497409316048106
190.9979117291914
-127.29980061073366
27.817164615740694
-25.975029553861532
-45.53745668589909
-92.41653239965132
-101.47516152090945
151.94642954555002
-169.51134848907168
-5.573384523699474
163.69034626863868
39.43469213080061
-65.57418745499683
-305.5145938226897
-99.56482093692642
-75.25494264983604
135.0306156790666
-58.02095999396528
-117.06679826333311
162.51447457582253
116.42405810034143
206.12225054782266
-326.08583660557997
-11.672331153893538
-333.73487677268713
-65.20902207989798
-158.50912938896
-114.669985444211
-115.87861491561449
-37.72776811591393
-1.2341768751452662
10.575978200339705
-21.42232230330046
-11.494288823234456
-48.10794609240414
-73.92890137532393
-43.94077020660188
-24.109583893101444
-50.75245303273164
-33.12886061029849
-149.16862120408814
-522.9166917977727
41.03243538195238
-333.3739696477478
-28.671561371660278
280.3167610858127
-221.77286039103637
468.2273444247385
20.884148797621947
-88.85595374420163
-26.371476433845494
49.48369920715368
-59.68847673197715
-359.49318667766056
-248.72644145588674
-13.87835971353529
-372.9996728676797
-38.091358998603496
120.71680719422693
106.95703367155693
183.26971411522936
6.555178864099162
14.517243375299586
338.47943845764166
-14.83596625555765
13.414883261810564
33.08947017518312
-128.48997833957674
-187.1560142724229
-109.63007372020911
-430.9178358337649
-58.52040235273239
18.393685991984057
-107.13663229032773
-76.07981890599727
30.233405270808362
-28.237535046582707
-89.04958922806509
11.588350341884905
-111.43073576696725
-292.33023569798934
-38.82994851173862
-161.18098223801826
-154.90570300148647
107.87306990302272
-52.05004872932628
40.23383855630482
-98.95698310822999
-111.81365743706702
-31.960810051324643
-49.431115481826055
-15.707045752335887
-29.38888974748417
-112.59238024893057
112.32299249363268
-244.88391283883902
-75.21174892518862
22.529721058726864
-29.729614322933305
161.79444589587
-85.74845454981636
-330.143011328164
40.69005022602869
-162.42657717534712
-13.554832225552673
-53.06439243949717
-242.09229691591554
-85.27576671533558
-12.82472184011931
-223.81664445859678
3.8450283767342626
12.844371863879758
-41.320224209126536
77.5477975505728
-9.49526189774366
-79.64841725262518
-97.06506362753655
-101.23752713865088
-85.99418607370217
-526.8824900974705
61.86687811217598
95.66764562955632
-5.4706758668990005
-131.75762844490419
-80.06651479063294
182.71070713319386
348.53092043827564
-68.09342846267646
-148.4893892883656
178.6455723176432
40.774497670059645
-3.4190659391860527
-17.457788667710734
42.28846781777247
-63.04789673893356
-391.22181302870194
-30.62946098181328
6.006690125497016
-136.61903395996453
75.89139698978033
181.31999300779717
-40.22414212517401
-34.758426919799454
-25.2518807546345
222.61830723364073
-113.48968769077305
79.03658849485328
223.83408868617335
-393.57518961135247
-595.8188256455669
2.879459063668037
-78.33319398696135
-72.88284542481196
-70.67763117783176
163.8188209712639
-31.21007429062456
-324.02064937746127
-68.41134668114023
32.81671862486019
-25.427791894525516
29.647088480408115
-26.17884990944074
-44.375565276844775
-84.01501107637985
-404.6091471423133
63.035310676341396
-36.27695410842392
-39.486654138544246
-92.60822241999408
32.430148733728856
123.42376247456014
-161.22561604413386
257.1746258206949
-42.13347275495812
39.85828293531358
-154.9331661928063
39.99765566908195
-140.7868353369231
-40.334660914330016
-45.67192399547629
-71.3148455017781
-84.66733159015591
-75.68337142301971
-109.02368785429371
-30.308182143217664
187.8475822712171
-96.36243198393822
-67.30794766156038
-3.452903895649768
-76.22438770501594
-89.17687003092907
-182.2893770648052
351.1614351443095
45.33372797368611
-31.129363910816316
-65.81308670179872
-63.3284527539948
83.65648038048312
-286.07254568049757
-113.67952875261108
-12.161030321777766
116.7081052218864
-45.32446265899034
-189.82204524441477
9.679375578699364
-343.2048062711474
-67.97689798552074
80.10217379437199
-22.15938011414437
163.65062198904343
28.85842163952475
-85.50974250589707
-49.51929999429516
103.59981742725904
-287.4784245163155
-25.358449941659273
-41.85001200099032
-69.16847977367593
8.095241839203368
-4.003587535338738
-10.42563494314345
-57.79843744489983
-106.9321727885588
14.526341813669205
396.77559837734225
8.054268259100354
-56.34880052854491
-41.99046275258661
54.784439407554146
-65.18656145717773
-22.372271879687105
-91.59326921312459
36.845424997767736
-118.92636489036158
-73.85088077419618
-50.125225749288774
-5.5228290767863655
-260.34616420524253
-142.80773975470765
83.31678170575469
-28.130060588853667
-89.18996461089455
-84.71058888839714
303.33304066159144
-243.7500355412758
-11.774494094964439
20.398213427253722
13.284737399652236
-87.64562871175258
-14.400757469969903
3.6253560961242783
-380.92958876016564
21.956282590113915
10.101052106944167
58.82747142828566
-65.86422520698757
-54.97045053544125
132.46287762349675
-20.04749234299061
-31.561921290020564
-94.07781396046266
-48.46798093350885
-104.9669649530124
-81.30786634422462
-88.79639749752192
42.21108485216064
-35.875134324105375
256.6558992537239
-61.87976302454081
-24.783897348606843
-3.794085324763728
23.29088340668568
14.555194393105012
197.62675105532617
-159.78737001253103
-149.76068216272324
170.72027928499483
18.908077792595577
7.635621636542055
9.362563079969732
-27.378866682562148
-59.99016296896377
-97.75967232372595
82.65698907825663
32.39121639723999
-89.77431849983077
-74.03818078453378
180.2857844422797
-133.31928869437616
-120.21663616954692
-12.275590134193408
16.69357080327609
18.38968877019579
-33.89531781576058
71.8171462221053
-16.747185718414716
346.57931345798534
-260.22571010499814
98.02696570230728
73.04077018400494
-102.40150548259774
-29.561676165301833
133.45903191576326
387.08773172436304
-175.4608969603887
-22.255347302506323
-70.53885567080575
297.0964589353407
4.651632234880594
-371.3993536127746
142.0528096746866
-32.54872494310075
-45.86109169638076
-46.63255280061594
75.7079846491979
-100.11172925638857
-48.629528693944195
-39.507686458756694
230.93311018370878
-63.55635861206247
-393.3004089269143
10.010420676019123
59.82176983015552
374.869595908619
-305.1233161213295
55.74139396517057
-502.1091529055775
-28.875054927993673
-136.87597709225702
-245.01661962722392
-151.07693459776783
-43.21879402541026
-53.7640920636386
-223.4440066994066
112.2100493584062
-44.05967964472509
117.82484971244776
-42.25101771703325
191.49488461734472
167.7180779066848
-20.207728029520553
-0.7394251437035564
-148.1280117282422
-53.89935758410179
148.35598804945766
-8.904327579152461
-23.389228842054763
251.80019629415074
126.50085912752184
21.99314995786517
-54.85237546978533
-35.03286506380755
-17.196475014713997
-18.725112573656588
-7.839073147136901
-105.2264165443044
165.11983025681002
-92.25486029234162
34.27683708549557
-81.85239235551262
-362.980032611812
-135.77095639415802
-30.62863165787894
8.543707462923521
129.60683195894808
-59.41291418725994
-355.31365406351506
-18.712530048818735
-21.235877065473073
-35.81552821632795
-67.62384101209224
137.39794078487057
-284.4098298711433
-57.159681870377426
-86.77262349301373
-259.7735229283753
-38.93315949045518
-84.80552862819536
-44.0351232822311
560.3892372189621
-99.81149940716723
-63.24899578348277
-71.39826435001214
63.73279936807194
2.300400669141709
-54.346831399585696
-19.636129721424368
316.59794290854643
-83.53581872960058
-71.45279193593072
-159.2917266075401
-45.83130421466778
-124.24427996249506
1.2699006448506198
-82.29505852037892
294.9621624602496
-1.3377825401261605
-215.9405624549454
64.19814394324567
-88.70897784268345
138.3183150644145
71.1732648645393
56.90210429828949
-23.040515326269087
-46.880264627653624
-73.71169718163485
-47.57603269553464
239.05602520072716
-48.55467631142437
-2.7643016632409854
-130.01329436979495
-23.797073770443216
-91.15808637911822
-82.8331349270131
31.645794049667536
143.90246454349835
33.14432791549734
6.885511957688593
10.29799699058276
-244.72868023061892
33.80709176652772
-453.0247383404385
-8.46513112686394
49.35611944023617
-88.19017269847852
-4.186709618492387
-175.79728244510716
-86.43262777318266
-105.15492699001325
-11.228956429083155
145.4560112695208
8.607089791491944
-364.64764927802025
-49.09442332022991
70.92542147246422
-1.7982770868766238
-164.7313120944309
-49.30442231947666
-68.0409752264363
-459.26670824432404
-54.04440642850568
-341.354236727886
13.261845060252426
58.16164037987187
-130.19540900109914
-57.79275035990668
-10.332495981531236
5.317501708499549
31.85318083796483
-61.596341298551124
-350.3124783258354
-70.29019689726533
-156.06256415123153
-83.60910774297918
-74.77709753040001
-92.6935845862672
368.540823897225
7.415378573930866
-96.66491852093199
-77.07132411008206
-41.85449335892481
266.4057470233456
138.69330551515304
376.7534223552084
-335.1079382012649
-188.4544637804638
424.84551846168324
-50.06894083025502
11.802706446283992
259.08308480363485
-24.898265656201147
-46.47239791855846
-56.41495952312471
-39.77235070264783
121.56586881343173
-12.612716829542933
-114.9430417232561
32.90057637972086
-71.26810127934277
-82.46751895271649
-22.92345198181647
13.08026814846744
20.725140868101853
234.7660387638589
392.68263717627997
-45.942446365831216
-37.80497622469145
-68.22200335460874
-13.113201513341583
-69.8049434008966
-285.46622931354614
-68.11849872430007
-122.09026643952166
-61.62117217287232
146.32736750506956
-86.47479747644192
-35.308150555440534
122.83776521047912
-97.72053095566991
-73.36814771114462
-55.610019137766585
-280.6014529156546
-74.99657002613664
54.93376404883247
441.3557851113583
388.7687393604301
73.9775047450421
-71.06593556626967
-10.65629419965953
186.42987122555314
-7.272808715031715
-162.82843285512627
26.706295140607835
31.161256302275433
35.293588241622274
21.05838791234237
-63.53340429139542
30.21572431799177
179.59969140870635
-132.00718041676373
-52.621207129759114
-70.6057152479841
-170.71511975993417
-97.4266686912216
-152.5002900703712
362.0994529641648
-180.32979526273812
-277.642155201338
-67.00100092174944
-99.03765097827454
-102.62355877399769
-51.0618332303433
-66.01909470746702
446.46598913236085
67.27594552759547
-85.20069829468528
-74.74495510390356
154.23464982182122
381.9005816477402
-50.83070035822857
-87.13933725248116
51.202160594002635
-78.15619237870487
-90.27716663789636
-61.41243986942027
-20.845299211148813
-230.46818747928955
-268.80055360198276
152.56145087012146
-66.11983172247062
88.81186498053876
-56.838168879252784
-110.58903461975876
-5.766460889914015
-28.214581719024864
42.198424692084245
0.2617765060713282
-269.70084498487176
-154.00452764271904
115.97537836963056
-72.76610388628569
-50.086025823574865
31.07994895918273
-52.817293071022505
-160.17993127014688
350.64438952411183
-88.11750043435407
5.715967723310314
-109.94250871489749
14.346441662333746
-79.27726632875053
2.2826949131849688
-87.90007136922556
196.974956708038
-75.03899957458088
-44.47556194053868
11.512120646620186
-45.89534423209807
-262.92109408475153
-119.64902870394887
-80.05665830929502
93.25567649795903
-11.889841445477032
-299.1355380541827
-119.93164242066814
70.52094048367962
-256.75928369958456
96.56939213325677
-62.08073076785331
-89.0179367229739
-7.822315563766097
-273.10043315842995
-42.8745720467272
-63.81698011363231
298.4048386482227
-279.33295106887635
58.07628372966792
-15.496324748395466
-378.290360811814
171.7007760999486
-56.91135427371091
-68.59295890132407
-313.1195279758467
342.9341729723383
-5.8600986532183015
-91.10130374864445
-60.453315361702
13.282251435845822
-324.979053773779
36.12482260272736
77.27402101283815
-85.48639520613222
-10.991414336628054
-4.955830634414269
-46.15317331294095
150.50218596354716
37.955564799796775
37.19024267527493
-122.16018913500011
118.99880565765898
198.47372036622073
432.15348035999887
-22.53995804985493
-65.63828133782343
298.12592740132095
-9.391784954587232
-151.64921341570152
291.70497739009534
45.75320751173422
-38.61279396727514
-90.90401117278874
-312.1147507419482
233.17747598471396
-52.292515238813394
-76.91437120058063
-80.80438960677232
293.9599615523057
-0.33321052291375963
-63.76323999727192
-85.86397846055883
-28.988111841721548
-95.02720917788393
49.90816961803398
-31.312237568247156
-37.54342405861826
-48.58752781071064
-293.79135741692335
-18.64671897241169
-78.01712088214583
-62.30506124583022
-200.21800926102696
-10.46723310291054
-89.66624622525342
-48.97369261477674
-104.21360847083844
-37.83230382516922
263.21759633655347
-15.136551252415302
91.90348913324124
-388.0229428603343
32.2974782142021
-39.290617794675605
219.6949742723009
22.52122896002777
232.39177902851952
-40.608509792282575
24.06742488353484
-92.9781186636428
-65.1833857252263
32.37213044674127
-351.64571785460976
-45.594488965223896
-212.3567664692273
-48.8542608748304
-33.56672601782071
-81.03853666944794
-72.15642974435286
-62.630562315913934
-43.04125336400148
135.7429794168729
611.7386510660763
-15.625555885711037
50.10859874416383
-74.06442794957982
13.123407410559594
-7.3146123206681075
-39.43394842033433
-282.44338340421564
5.460795448117705
113.69638328985457
-57.68980803462645
-0.46053864436664643
-152.33076844184689
-105.77730832476911
49.25192655240244
77.23268640119704
-304.4068211364047
-47.62583147920896
-55.64103350136113
-267.72569410848155
71.20520551753361
-51.68122997225856
9.651061216851303
-2.048337693454638
-40.37340710983335
-57.88027188489882
-98.1714554524887
-5.062919468803557
245.3814995908815
221.63901915156202
-149.4510467027044
-65.68457860539233
517.878004156928
-144.50161098550598
-15.795248270767104
-30.76981435318409
-92.03845044968466
92.61901353142275
1.472407306835521
-170.61084942913294
-18.47701069883169
362.232448621
-69.13706759053684
-29.565658211192897
8.340083665119835
-43.047518990226855
-72.0457980476637
-34.331248893327945
218.47242991011262
-80.85977476695552
-13.562847505490936
-100.44981303340508
-34.87074701376514
-101.81909446531733
-33.25867262772408
-50.30884833145319
-106.34457368103762
-100.7525021235906
2.74648941164196
-93.20199237640743
-175.79603652635706
-104.51018596619735
11.431064978911072
-85.43555796109376
197.0592732432233
-95.28871980945733
-12.55316868075954
-34.64721879579611
-37.420092084324445
-77.7731466027065
-93.00159718995175
-4.002529492872782
86.35045246088384
13.686384606302454
-84.25889430405975
-47.454689871331766
-124.82430784401365
398.65749654218416
-17.888527372883573
26.48780980445008
-73.16579645846612
-107.65192989955358
-54.61238366882145
146.8714362950641
-366.0247548423922
279.11958695034446
-346.35228873903543
-214.30464629050584
-113.94149508231567
-11.055364709444746
100.13430962103303
145.69284778441215
61.8113205752943
368.85542348221134
-168.37912965451505
-58.711233923597035
42.95058531630502
-66.96221405158363
-49.71191353410359
223.96669907071373
109.39270428795317
65.37812535412013
-88.16348974868065
-217.05252985464176
166.36708603966144
-56.94959309391936
-63.626259502521286
-66.99386838535008
-147.8430628259266
-71.57047878825462
190.1317321793722
-2.3410311773786816
-82.65446688930061
-73.67008675534011
65.55030023283871
-63.67575719039269
-154.9527952727076
-296.2237340562624
-10.505186458787989
-60.81334094737858
-23.263619467641547
-44.10096382601114
41.43597982989854
-17.32599707857844
180.76651648030384
-113.67920830314142
-214.1512019822312
150.4404804472856
-2.4697819379898647
-1.3660612787032278
-29.289075133164943
-190.90171056268082
-159.7475640572602
-92.17650874840533
71.48102552634009
2.160491845131901
63.712646023966954
-84.78238623130255
-75.04720039983204
367.5871142823071
137.929142726407
-169.28600528502284
145.29258493033922
445.2657612247822
-43.801802243350664
-102.3715878117855
-45.771178692336136
-280.5834994969882
-50.062118720132375
-31.411938065762683
-58.06601858220165
409.69993529860585
-86.15313130116118
41.677819561930846
-59.88051813986922
0.417166855098003
-181.55312624041653
-261.1023350654923
372.0386920762976
-38.8727050959065
-361.3217352845968
-22.725004999789235
315.57138940668665
30.229152801830423
-127.29510247321105
-262.7461224315575
16.743283799029086
-288.81458742966606
-43.116113262931535
238.9474672433389
-71.18235235717265
-168.00236009774926
-37.79238051811847
-119.60957029132074
72.5602219319926
-210.2445695129336
-102.71692821096985
191.7009482981989
-323.9854577826718
-49.645112131989706
-59.354859215231954
-186.7322036342175
-121.65611354742714
139.39339437637864
-169.03263030911603
42.1624151337835
237.6244147930338
-17.003646191258433
-546.2530270466323
-8.8132825426801
-55.43230700032018
-145.99514550884305
63.6871802126002
-277.23221513931276
-51.39834441678349
98.5891352699382
101.26508691073542
266.4555916556392
85.58079166343668
-111.44006235057961
75.89777454737123
-216.53794930436197
-4.908587374570743
-98.51785175234727
131.70593143349288
-44.004971213068785
-94.08546672023567
-66.63215533627476
342.20075012176494
-551.2598628186934
-49.94408491358672
-56.64573300873974
-423.64864991596005
58.02291656816851
-9.749525032440488
-52.30420074594308
-158.57160027432292
-260.99900833102583
-105.68917509401103
-41.91544266108622
-72.24827076428392
-98.28585470691178
121.58034250266064
-320.41535501135604
-104.02732433329038
-44.33554204373823
-276.9484286692532
-47.5398107125738
-166.22558173543075
-25.237934450964246
136.97009805891958
69.57769610624564
-20.02968203947912
-77.55929038245344
3.936476938712076
22.525351095939527
-93.9180206981286
3.1470526592493115
15.888585205714662
-31.190727847789795
-84.22713546527352
69.9739393847376
-38.542672118271184
-39.761492046454975
150.30159058921163
-37.59171473715202
9.844398443797218
18.174301286997434
-436.07726263226687
-95.32864345362971
-53.37438883966285
-120.36284932002695
78.7818129089867
-42.09599025565126
131.9009396913807
-52.7183508694967
186.7666934167155
48.83872829562824
-88.14526750458754
-35.94422408022175
-109.20278126510311
-64.86926636709005
-46.52034048516907
260.66706640301345
-68.11834435942333
-296.6948926141795
-34.76476760881611
-90.20416573666517
-94.11801608684513
-112.115457452454
-49.459310844174716
-49.15063555046481
-35.769168850737515
-40.50906231861768
-297.9726642371679
-98.66576895966864
162.02635462947546
113.65189958848987
-44.140572828987075
360.03800364510425
507.6648563171984
-70.70886911373105
-237.6412966780499
-365.46664420437264
-174.6863354137222
-391.41654328994446
-71.16801374120625
-454.46776927871906
44.367943545286835
-64.6262240873501
-54.196134081836135
-31.63040961747214
-122.45761068549473
-70.16292588989813
-505.9591754284738
-163.97046338915425
-348.76506861136477
71.155620071273
5.123979392104957
-48.12542910412958
-133.28005182891866
-51.042467847111766
56.5678131491095
-105.96968655564592
-63.181157624296446
255.50704480092463
-60.31439349123297
-82.99431707277517
-46.199659495656306
-69.18829369026753
26.09830914934173
-13.325939547559756
-78.88404900844034
-104.34292778534257
-127.9052903990852
56.85916785565314
-146.1050488443944
98.50549334638163
90.13420082429548
-134.1945704749587
-36.45167315814069
-54.277604823188184
-71.91753871549152
-9.949991461870459
-70.44625098557879
-0.30848477364270366
-126.60387410173098
-57.579368243679816
-13.14536079245913
-75.22405190222344
8.724079523964065
-94.93637044050047
105.81342169277923
148.94552970127097
40.55815608519424
-262.6145434992286
13.090454425211075
-120.05976892651597
-26.64864363095785
-79.37996266263508
-82.02460212357187
59.19032877294626
-20.19212217662151
-16.126591071748948
-107.10533124125224
-397.5575282420432
111.61704051810557
-35.94825910954828
-326.1082861855266
-65.34408159150564
-443.24904383513785
19.689257219906267
-75.98188708733541
-79.44970050228135
80.20625029822077
-65.1217600084684
-571.8401494597492
-237.6890530288838
-86.80237306870661
33.352899233500466
-103.36848218935847
-122.7744865770112
22.659422998805667
-96.15097546574361
-48.4989239784627
-73.65610777981237
197.75028480274887
10.165141885771618
-194.96216079880287
-23.490884969377475
282.51837159108436
531.1802579371833
-73.99572557386728
374.98503803686253
-102.8150917753851
-18.783393052549854
-26.162755406579215
-43.01216288612068
-90.27063815088577
512.5809794135021
-59.26798074796625
-41.13427284331465
-2.393899291240814
290.9156264181129
-2.366206390237437
-133.76586146430964
156.90324629520455
-63.6798787730862
-14.210434739856186
-59.79376408963617
-74.99036093295399
-56.53587049323323
-96.04439413136606
129.91276808844304
-40.55854879096036
9.193400746375119
-210.37978461884995
-207.55262172751827
-32.19196787641241
51.440216550414334
-27.58437926201259
3.1729255062287343
286.8356205615419
49.74544405288452
-98.64582119491024
-52.86283003575373
-55.35210325804058
29.859632764128037
157.49929883525328
193.02276841509956
-17.379974267626494
-62.780145106819845
-248.84771963095045
-39.417918017283654
31.881150846640594
226.43634594781906
-116.93312646149141
-108.78981186485122
-36.98092859072806
-300.80911912161537
-18.098365346368723
-56.54161465008988
-53.163813260218376
-50.18460566821288
173.7796528078079
95.31259618166769
342.7001905409743
-13.994760821499458
-55.89250454098146
-235.77351004000366
268.98887762032246
-40.219766153809864
-177.36924488041223
76.18142079531754
-34.36393683623598
-62.88795852229803
138.69479816765397
441.6869418351671
-98.64369245190153
-73.50521189935193
14.547678896804427
-59.57435662029917
91.52718257570814
-0.9405525082547683
-279.24252817498564
30.590451229420808
-37.22327339425609
-88.88592817622585
8.525112779924282
-76.36645254125764
-71.30615206534002
-128.48494357535128
-51.139662957885776
-59.20045669081559
-55.34276789222031
-11.626583689841937
-468.1877310193595
-57.78003345088034
24.374645611174856
43.22501045033596
-56.210053168593824
-51.02482144699934
-203.01316919046076
-52.6213931316197
24.040852872927644
-164.7919028271408
-7.440631753215712
-55.788814380535655
-55.75177826336193
-10.40614549106367
87.72727820880027
37.30497558366551
-151.90099473513192
-398.16644055851793
184.42137614545436
236.2457130969069
271.0517441760603
408.45360953867385
-39.69876622794618
-228.60716902985678
-87.8790136348677
-89.89936777622825
518.5995039256686
26.60727892104933
163.02328402382045
-4.087423008400038
-40.816661738715965
-157.860814753054
-44.99702102033643
-40.186400305022495
276.5030738677815
338.92974193910413
-69.17706430586664
42.36900729393483
-69.45699665781649
-41.886739690721306
-88.52280465892213
12.704568215712527
-31.787567752077543
35.25412198453705
-90.4400382146523
115.64656991320498
141.74853793935563
295.3294296525819
-42.38138727023306
-344.0524988075849
-93.24339747626163
11.273775060360379
34.94103962126792
-89.04292413283827
440.4698263885912
-47.49975704654935
-64.63988483377852
-320.70748818521133
1.6319037780655528
35.658266075129774
-87.49676357226963
-68.45338595458638
105.42378814727454
205.86663032957176
0.49353694697310857
-20.62330384508914
-30.95264666382127
-182.65290901714252
16.802716134416187
169.83800079621324
-110.39069866405917
-42.96035977935571
31.891554438670482
11.484432749862208
-58.82345257370628
79.561132881081
344.8285994548896
103.37131846121338
-207.93121626139782
-48.82280968697012
-9.081458803002533
-49.648917481823446
-91.31481275449005
-71.02304676772422
264.90452780947635
-644.8778356599687
-20.898891014194305
6.284320154969464
-199.80033594550423
133.38750966876069
-98.50402794545975
-99.95855746904226
-52.172983406002686
-37.345491270083855
-71.38422199080924
-109.5474333239672
92.2935381730149
-73.41707075901286
-41.565809409433975
-178.24789444075213
-166.1871326899427
-43.49961990369441
-1.5277861674071573
411.1391892276479
-13.824899205158648
-54.20151844745886
6.61948404085615
-29.901009663289148
-125.61396635436904
-69.35253707317341
285.38648795962035
-351.36057182346667
-93.74020017792532
-67.08988742237489
-116.31934255485612
-240.651446782138
160.97048251575688
-241.6483229546393
-268.8515378061429
-253.08088290793057
8.584668571786096
-82.09185343877652
-39.247321825835854
354.1041291894944
-379.66722009438035
-86.09062635802653
48.39586056132066
-46.51828186658228
47.126853758483776
-41.56170995199085
154.54865732980352
9.765450887882253
-170.8298993825756
-224.03670644174235
135.65904607999437
-95.43457974369329
-173.9906016639734
95.55556986134161
-205.3561551430157
-51.28869662109946
33.29944339523536
378.470277018223
110.28128159442531
50.30844249682377
-26.423295453998435
-22.13924093409824
439.75509949506704
-104.56596322850328
-97.63268996747763
0.3197390677723888
35.98754128602741
-35.14092415127897
-76.30723033622053
-91.58903382800239
-303.27403814391255
-229.12024757314794
-81.32277311473955
-94.15656090941128
-10.41401689065151
372.8018944291234
68.4667261967279
-111.88474766429681
-43.42346591941333
-149.94240284603484
59.27838812080881
60.95280501844536
28.158886922782813
-80.4668824749912
-13.92615305932668
-65.89738591206519
-190.29362578716427
121.27657859454621
-82.29690790744644
-114.51256930219847
-89.31619768039279
-113.22935874681889
12.4955959624059
38.65724336580752
-20.39789388339068
-6.289909153181725
-46.3452398790123
-33.39266954554083
-234.88187296666
-191.62714597091326
-104.73207663276025
-83.68726839964539
-103.30042935840088
-98.97606338451686
-48.17439634590215
-110.99205698343576
80.37124621581097
-83.78234042971674
49.80944841918517
-59.24456354957896
-324.95396769491344
87.66479426179876
-98.94585168371304
-13.713803411841582
-112.79285426548594
-62.54052314393266
-51.9223685359206
-57.606188453637515
-143.99496616105353
-49.45084283332329
-31.351222173729184
-103.66555237823377
48.044010712705585
-63.69364293252511
-84.09829151635775
344.7183730552524
-113.5284803317245
-46.99715067201248
-226.29574352298005
-103.22291660849623
-101.92722635666541
49.61420016141892
23.242860217141896
-81.22423111695025
-145.74000144852835
-500.1322777845817
25.002237872447722
-237.93960003811844
-25.055124828194323
-55.986319671843994
362.38391543961006
85.33513307502108
-197.88653769042594
274.3643645672428
84.60706383227807
552.4505225853154
-603.9132608611526
-112.73143658945662
-52.21626200585141
53.688366328951815
-46.13343040571999
-42.45876544486964
-158.74661911423846
-112.94083798295378
-83.7181226440218
398.00086990738055
-30.263847437664936
560.6299799484777
-100.62707410229632
-101.79307181316219
194.81774223393586
495.53237623635687
169.09408693137902
-88.82249493698328
-79.88052377049169
516.2302937445479
-79.90940540220811
-47.60402215486465
-49.56850379481948
65.08646311600751
-43.42024948967355
1.8042437672938831
-73.23931564247786
-26.43542373483541
-60.94603586722302
-217.21086456785451
69.44220925814079
82.5366259727507
-33.03546676113956
523.7396876090934
-36.63229909886946
-75.42283313259423
-54.299000925366116
-111.86101363906346
-30.84429142001136
-120.90596143105321
203.82359335035835
-73.56073811819715
-72.66840156786031
-11.78999075336651
-65.99612923986706
-65.31100071329682
-2.85742606680593
-55.49231537561536
-139.8333906981661
99.09193343876495
-10.09174205370265
259.0701506913847
30.35519364431093
-95.6993390785251
-122.06051293116252
-48.716637263976644
-25.92093090525646
88.67793959572919
-19.465940810921936
83.37867030458119
-31.362249564013382
-529.2880303363654
-3.7647171320713824
-96.10411116217074
20.180932423375907
1.3252444633890264
-95.35959282469594
218.3789674440759
-81.92992866094625
-130.44145581372868
180.0240016626003
-90.10757498784501
378.94520287922023
213.1545419274462
305.58176030976756
-30.962490306535074
-17.182001268033673
-112.71884860325008
-19.07702678307669
-50.38414127958845
-204.06228906757497
10.607489588704993
-73.98052017001811
419.86695046395107
-154.6251565989478
-135.8473821866428
-58.771014429941715
99.44464758087543
104.3386239266456
-14.786480702204699
-42.33698192421659
148.18494898944118
-22.81602915818212
-33.885452833317686
229.40611145728144
4.85545778514188
-55.62088012047324
-130.053010712978
-258.8289673331419
-70.19000548531187
252.42728208926383
216.954086075928
-59.12512481370504
221.16016023644625
-428.19509827051843
-168.777686567184
-291.7024734048773
70.89163899016421
-163.70398167195162
-511.57050419271945
32.38624714579055
22.975348284257052
-39.995519499581405
-55.14285281081443
-50.187133077235366
-95.3887351709866
-151.58011707050355
-85.36958295563454
8.019998654770564
-10.264428668970254
390.2301879829738
116.16465829896515
140.16823658179965
177.66528496391766
-36.93936845394317
116.3858308274921
-97.73960165435165
68.55195339814964
-80.10890218432905
-226.45683954022206
-141.70244525022736
-141.3756869922854
-360.45322799682435
91.9918365444396
1.5761597275250097
-284.27654500327117
-159.3259733450377
-273.49849642217487
-40.95615581793021
-56.191461503247865
-15.439794492667488
-182.6813923562122
68.36565572307336
258.810936817983
-88.27309149403521
-59.22915727668442
-12.029354478438952
-183.4987608173742
91.83842179453313
-54.33193865466387
227.47190249413688
-156.752325935704
-92.83088013271663
110.89175770926954
27.255086737315196
-55.721634083595745
-82.24639971703436
12.798311523403754
32.737364503151184
-27.404078291212414
552.5885287829315
225.7581468032331
-107.90508122776555
-131.5883979258289
404.51479062634826
26.415356701070777
329.8687167144599
-74.60732819178065
-90.31639776732118
495.59188116909536
-61.52402440198324
136.56373724627701
1.8899800289374866
220.1575516537614
-44.836429062906035
-0.9384843777606875
-10.278459032613927
107.44708606553377
109.0735253102198
341.09116715466917
119.53600690990243
-77.7784850479693
53.93017600013809
-13.619040733816291
-53.65985816730856
-91.0603819789047
333.59460994510664
-74.22886469215462
-46.314479216914606
279.61264778221357
-20.17004833545787
70.77905819449052
-17.552476853735698
-251.06424350579528
-512.8324159679069
-12.020413747020086
9.611823679968438
-38.563515899273625
-102.10539769246952
-61.66464471301968
-175.3991749005654
-207.3034034014745
14.915958239265876
-214.22308502878332
-53.966746584037764
-72.75695028437062
-25.963574648977556
264.20995189951645
-43.11772257759247
-74.91912455265629
-490.600764241708
-99.39251717867228
-64.69060336556686
-74.74864315528028
-105.39039402785893
-38.19359062281194
-33.42593209317424
-113.74655854084904
-425.31282677418494
-42.86466646078065
-571.6409412005942
-0.8405732200133678
-348.4793202775545
-264.252014962718
-91.66758928799229
427.7312666753187
-61.604651784909905
-187.05632400107424
-266.2658408231928
-123.18720290699457
-136.5906917824168
-57.818143097526615
60.72812092045115
-164.35349831179337
86.56004593330908
-101.69582105781774
-77.42681859166623
-30.791772277036472
139.02628461031782
308.0861491083433
-54.04100155924607
-108.09649368450869
-49.39719542629793
-10.741742103193985
-2.7559128955863343
-18.418963422227762
-234.99040358047387
35.223306454461635
-27.046667558686295
-67.13772529989338
-69.36062428147895
-445.0189650994198
10.984158595482768
-37.3364074529818
-546.9523852517177
-233.39576793532706
582.5268652295836
-85.72237768222658
-71.32005797390539
-87.01395322413384
-17.652680782175594
-62.15225923202144
-34.64062376377342
-96.47308141880366
-144.8012028125977
-81.29440283975057
-93.28650343859408
-158.6560545406137
19.073934079583875
150.74319940594432
149.03612245897784
-374.2207970406789
157.60171668576368
231.56351677259408
398.8305867343206
270.5452866379619
-344.15656255543945
-53.413498549007016
-31.100678805816642
-29.089810033476137
-8.646230447212407
240.0664442662055
-132.2786126562687
-304.51890827653006
307.5404650683904
-107.39341970087283
-52.3975662022076
-47.6962646832435
297.0392370331865
-432.2458821484506
-93.8535803736408
-38.96696162308393
119.22637466173137
45.90414008859625
161.30260921738773
-146.22957753466744
149.39482174757723
-96.59767128954181
-303.6830899951383
86.89471051816872
-152.60934264542993
-87.00326061445472
-498.48124998456115
33.15774839277037
-48.569168313926454
-12.95465078646967
2.5922765893119504
-107.99656951712132
-41.06254833016101
-198.85316962062825
-2.170915602187222
97.62463120355096
12.420183287506916
-114.01905351205642
30.559329523218366
-51.188902609410434
93.79104048035515
-8.93881919721457
115.97038597192477
-4.504131343106565
9.657300240849224
-82.78680589151008
34.07696382933591
-253.06223472298007
49.09263601197733
9.748400473332367
-55.184692003666896
-34.53538864432994
-62.56655037365503
31.668392928184403
-179.197149358577
-36.887866820079466
-94.3297262551887
-73.4687179510679
-49.84023389855429
542.9655021356102
128.12593517637833
-43.32888231639727
-105.3837630126036
-58.52013439355774
-103.06174859535713
-363.559625744756
-49.3474615994651
-373.15354462133473
-473.4669837794372
-116.5393633352669
-58.22424106391524
-40.20558375737892
-42.743987140339414
-29.323992187738536
326.33264513983886
143.8915757984937
256.0311930079788
-131.9058479707819
-4.679681760009252
-45.08386310436251
-45.533821018804076
121.84914858530101
-39.42339229058098
132.3261241602795
236.15911178242095
-51.90492924279066
-82.497442429047
-227.5518932704781
104.34194965884126
-307.79428857776475
-114.41922204710136
-647.371400117574
-32.457208914043804
4.066484861434219
-424.1954575655018
-37.52657891972376
-104.70113202596647
-112.88026802003016
133.50921942207424
-85.29261694260987
-58.280342362086785
-61.90542965773602
-54.237927783668624
-383.34763403359284
-158.42439247259244
148.5063837703692
-41.30272054264606
37.90693338379424
-65.83427037058901
-52.17202868675552
81.59152616134907
-85.01429790812676
-185.54501278494718
-75.64609949259466
135.8017368760975
378.17659526875286
-408.7615725539954
-95.82384372605115
-53.116636371592904
-9.042625780373783
98.05994897370147
163.98186575565705
-179.17055304910718
578.8552259838634
-88.09407010309587
31.394269080838058
-230.65994857160422
60.89061105751739
-75.00738456405644
-81.88913789395883
-85.71794917054285
71.21019337347752
-33.60963506308577
-31.64699315098494
-568.1118353178863
-107.31471055213296
-345.1471801783755
-251.35813204594342
255.3293692646621
-14.948191455909448
10.678551199085632
-43.079341881512974
-665.0354759787497
-54.4584048184447
-61.15537337858996
-69.98167206668404
-382.03087900937135
-114.13868430926522
-87.11748257854362
-98.00791139838806
-96.38012639660656
-77.38853753491458
-308.6521012801295
-94.20313459447269
-29.804878790103512
130.6219021403158
-320.5650486404138
-12.090254587277286
37.79652339301407
-5.314294352236175
119.74217571599002
-333.8508930389271
-95.3184711065422
-29.953899170211407
25.43098340984011
65.12191740813205
-75.10710311795492
91.07541185835726
-130.65911837272688
480.1701831632636
124.42182543966555
-522.7467116432654
105.6387031066206
4.470366709021164
-26.273266505529364
-32.242593851264246
-51.409587081213594
41.494615495066114
89.32369193073646
-131.06476375151215
437.0864552411367
-122.49975647841893
90.28278935095682
-167.30941083972084
-41.08382496401981
-179.4287631158495
11.251807762716453
-414.39593388937647
-117.1994084036196
-66.71880588830908
-25.310510044217153
52.53414022054494
-57.86014172111936
-32.569401241647896
-36.17113485620507
-82.38516923180158
-122.9297250452812
-91.26425196523564
-129.0451788446444
-258.8556746089198
-79.72660726350811
12.621816719899016
-76.90504996533221
-78.31683584682227
-42.451236827725666
25.624865357185627
-77.57256681242394
-35.08695609710247
-4.829757341999084
-70.31039487454109
187.1763853834782
-91.39651870396324
-108.57883472001868
-23.122190995577057
-64.86661561767752
-369.6042011947138
-19.54645418823517
-118.14658452743788
-107.5489311044793
-101.56817330737454
228.85823981808971
-5.593006818419326
6.411935404878022
-68.74790060629567
30.10000275875086
113.2801194955448
-49.931654932359685
36.99064314993393
-75.70985951429496
325.4747378712091
296.49020931772793
391.63064253964694
99.69394029153773
46.280726775949915
-285.23300379490865
-40.49273283777393
35.61428416485069
-113.75553873067565
-85.16351595513152
-217.97724895839383
-213.51707963273293
-57.05762684705314
-157.95932371188974
-253.1465149578562
-2.9976789294869377
-20.35072545285402
75.32278160562544
4.178516979080996
163.0899240064491
-63.543149898193114
-68.77342163180572
-137.97585380076453
69.03716029313182
-599.7572351171239
-59.800894444286314
558.9317909933943
-58.713118973980706
-1.655801016118403
185.86957684213758
-62.6683505836468
-478.9553087260301
-119.80344328304797
0.8107939918572811
-230.35639133621953
246.44698536473516
-55.50313368044772
312.47402009957295
-13.55572554853444
-136.93928991260145
-68.77957412855358
-63.983073424597215
-30.53792422470542
-130.62240377037952
-231.60738876049254
-104.10763473305097
-67.6967356899375
-14.437884892006423
-56.49194015999274
237.04996313595984
55.48784224201336
-138.2532636595979
453.53470580529574
-24.14529542463242
-85.64946722664536
73.15096094620458
383.93303035717145
-65.49438028552154
-132.05962330080638
-21.058595889927005
-90.54648020054628
-164.60406411831627
-42.3037474949478
251.81672062899997
-58.6980752769432
37.05214126573014
-221.17532495720116
126.74982325791643
-13.971254858359856
-138.37159909131333
-89.40997299105766
-171.67889796058626
403.46780189575475
78.97516370137055
-19.096533125020592
-236.8087561813336
-404.36387785748957
-51.47065654609698
-63.31422763184043
-73.6811791562723
58.726189686453836
-14.662249842071105
39.90761537799017
68.53184193854122
-28.910438640585955
-34.07913687875542
50.033183638210176
85.86482311281907
11.58847552986117
-14.507959659432345
-279.6170554477794
-196.25065108465424
-200.0373628419129
36.0173306652332
-98.78577593985354
-182.06407642294653
-30.750965716936207
-208.53751713205384
-197.30852470050968
-84.25653239361861
-93.2419216877943
-40.72262255249672
-21.56620665154344
-51.96850727403026
-162.16082138157253
-60.74989903269605
-195.44864409633374
151.221441784769
-47.56647642282098
294.6178014232337
-35.52123326342917
329.2373358313871
45.211376558161646
-202.91534813753424
6.94045412252126
-66.12216315661439
-38.08435412150084
-94.85161881183093
-43.64950962864441
263.64718257784807
33.91808356795627
104.33254465949267
15.575251781796396
98.97056204498767
-5.859771606407321
121.40602298364865
-27.86856358724799
-87.74834227298507
135.09708662000958
-53.89645719384953
-5.69197278776528
183.4636569228387
-161.63901948694001
-50.21447600773092
-80.63124552192863
-395.33055847543073
-261.75821269667904
267.28540100602186
-44.72739599276247
158.68361877609186
-181.13145839142453
-68.7942779362098
-95.3126392880121
-22.218467628834333
71.67926494286257
-8.761554435668913
-31.784829110315286
199.0060036390969
-231.50309630298761
-339.505872915277
-51.61503825188257
52.66570946961292
-122.96640484735144
-35.31264120706601
35.948091455715144
-85.28034259805725
148.05714826594703
108.5994963353096
-47.47769821122759
66.83227143814838
-17.088845681066687
-221.96673349358207
-58.23989689090217
-63.279050795238284
45.11024973189478
-65.38589908644303
-87.3428931425542
-266.85311747930245
-14.983511679840376
320.2873656649017
-10.756739102779036
-111.67028279501756
128.67875466391888
-135.6471748392405
120.25029671709626
-573.8576132114285
-118.30746498761073
32.23847057133207
-19.97600427376301
-10.739017418070944
-91.66537637928013
-43.099573835987734
-51.000878378718596
-49.18868039805963
-2.173662678957953
-15.032275119803103
14.906309657303154
121.43203722237376
-33.16520382544864
-231.0533022066047
174.14352335714648
-95.89211107688061
88.6157103281621
57.85611254251444
-25.27471249064382
-80.59642441607684
-174.289548613835
-55.68305412686823
-69.33005482999579
-398.3340645886892
-58.046668478023946
-81.70694127480195
-74.63721768527671
-40.79365715404856
184.38105180056118
-45.72155334825639
-42.237552069631754
-67.92384372671134
-591.4417535476896
-82.75180666300457
-280.31022694977037
150.2857630731378
-56.182025398273424
72.87239149401103
-110.17225655059404
-417.6961234373457
-21.558798065312658
-34.00339400436769
-50.76354852182154
-396.84029308515164
-204.86981789765287
-3.105910254111273
250.8341822454022
-70.308229136117
-4.833752190063312
-58.41919634561522
32.80350476034573
-16.660748554388192
47.76115229919333
-108.92780983887832
18.9753972411022
33.08344937887534
-69.22258171565866
119.79442625777847
-102.47520788122723
-3.134739310209625
66.93705524780307
-59.093258131759
-6.092939266645772
133.31399932653403
-62.72771013416216
107.6580994429496
442.45487595838495
-26.302233418824827
-48.1535256057408
209.83387684970512
-65.21742752273167
-74.68368889645899
30.816714671368572
-77.71364875383827
11.179151599648321
-66.4844099584459
-31.199590725934286
-74.191366190497
-62.26546119994191
388.05840809610163
-1.8102895358224487
-55.75924334496539
-83.47090836481948
19.12230604079423
-83.76372529776017
-78.27640288375733
-79.02420382268065
-51.810157427676714
-88.05313722557912
191.09623231904425
-126.89521260462021
-82.98949311798242
321.49282467076955
-7.636127410252811
-14.120364433509964
93.4449389732763
-34.51755798423149
-78.74268938082432
88.9369909711686
-528.7143680375193
-13.117052923842733
72.73614322270441
155.65241985702232
-69.02337430578305
-107.91428019770865
51.62408274885911
-148.40687661591255
-51.955955903259955
-22.03174315933728
532.1121070223708
-52.949961796222766
-11.95814826956132
-82.62326698236757
369.1502695580093
-33.39427378686014
51.433577753341524
-142.95583059963064
-45.525978188616136
-190.72742584714615
-51.0235142544299
-34.5275021036141
3.2329823422539903
15.052483736482873
-38.22773898562082
-104.02361197576194
-197.89907718722316
-205.4715575806622
-73.27020891284276
-61.506353918013644
-59.014295757604366
-25.219694362143855
-93.27081949540467
16.04723162116079
-198.98992520586216
-84.3922319359225
-78.19297424948081
-49.330251641140876
-51.853568615983534
-286.7880554548801
2.1291228471363866
-50.34289448500385
-42.98072149223003
-24.431677466774282
74.97862606066337
-82.57994094701958
190.85285696863775
-73.69596729809031
-20.9022545703956
-77.50919430769306
-114.1168184475885
283.3299597305413
133.10785395094172
-38.954419708330654
-48.19285330378739
-115.24474831740099
-196.246682111072
17.97807859077875
149.22723573579242
-82.92462653481743
-1.8608489879321723
14.53207152781215
-54.8185696319222
33.518836544399164
127.48899826802153
152.92671307779165
187.17496486433265
111.76049863924163
-14.81990655777416
-48.22391600958116
-98.43418471357836
132.9188349067772
-62.70775780852273
4.4118659737205235
-205.69022281437947
-61.14981750972436
160.5852049545192
-64.13372335633588
284.11204477610045
-78.66810873270323
49.58747838819545
-123.94162121114823
-533.3008406778808
-40.979202141872975
-47.30210955097755
-65.8398474669375
322.76244091947046
55.65026814018438
-144.4757561118331
-49.59385755531761
-110.86816798868483
1.629567947727537
601.7597163204373
-72.38519509667051
-49.90279583208212
-471.694275511285
159.39248708721425
246.47630518131518
-232.5796063182297
90.22669143708481
-56.196491708728765
-44.000196303298594
-42.16463813514129
-568.0991744350231
-40.07102060588295
-38.90477176062086
-24.58405634195651
-228.25656461427843
145.2928161278778
-49.840111179478455
99.37643336673318
-238.96578586647593
85.41672571708204
-22.30239701130631
433.6417860036963
-30.8663657798787
7.181317888323974
13.86040780857992
111.13297409777806
-73.7974139263406
-46.58249057257293
-24.99034271534299
-1.9883323735137424
-215.39255946769117
144.66757288885128
-96.89832224298516
100.99354002805012
-13.81114890394474
-127.95972286350298
-41.8313825589278
12.502893622258853
68.20571088694487
-60.05812188423489
30.059701919121096
-244.32180744547986
-95.45826992359206
-433.3023421963899
-383.3770327886068
-80.0928850566533
-61.0220509723693
399.47491979711594
-12.860111987799428
-18.219847162867836
-320.5885671979777
-96.61297175865002
-141.0447937782319
96.29366765726536
-194.640811323663
38.152740855920456
55.93119349623157
58.38875292957937
-37.25075535582607
-42.871953062619205
-138.00294282619552
-66.51296012626526
-49.39370902173226
-60.68581192152562
-158.59519926476787
102.94415076563382
-24.073481832730977
-174.69811430176924
-115.38499546404276
-44.40133494627213
-371.47538556176005
-19.593135823719194
-109.45420726717134
-148.66594112233724
-31.813798636095946
0.7894036654271268
-32.47777276875422
104.34641674467275
129.61964790495404
444.10684423026214
-75.43128718004405
-88.10999831760145
-188.0517292728
32.52098913875852
317.9218235681219
-53.1476854342096
-93.59779760197911
-61.406154699954904
110.04024272639344
2.301185190146498
-67.69329764250338
-355.51707150794937
-73.45215923245163
-58.65134990225408
-203.799909290934
49.6457619400926
-279.7493375106851
-64.44782723587046
5.900175523751642
-20.912910714483587
-53.17718231643256
-62.92499236106709
33.76279924937262
3.6509464699101954
133.58511442180315
399.22383058862397
-138.97803600490988
-87.14773200558201
-481.2383736546326
-45.91240022142659
-29.68732089882974
42.17150754343129
-26.791111933532534
96.02419256203211
-617.5759855898832
520.0648905977923
19.762144249350968
-60.41801768641534
-95.71231805759999
-47.046344295827396
125.55718895649989
84.26366428064466
-499.7435953352924
-74.3787859896251
-49.66218550128765
-89.1696832394149
-66.64828146249238
-33.85623534716781
16.698699196337202
-102.61170791298416
-35.5833074803389
-249.75641677226486
-51.781744902379614
-588.2627737096955
-57.91701745498176
27.117091159406186
117.2611037489005
-226.9128184458914
11.702370257799885
-23.947304525112486
-374.69819236517105
-15.895848302082964
-27.013949163964753
-68.4478497975748
-60.5934830615888
-385.9329988324971
-354.8754897470808
559.6659136656854
-405.3693754279793
-18.492828866230045
-6.762732189351027
-42.37244579063554
21.583059554699048
5.476940823593395
-137.03707401074644
-48.530866466474535
-74.56738838990685
-48.852543718429644
-25.16914544457086
17.66454872829854
117.12663567998607
-35.67023264879437
-180.52809953629003
-43.938742975478036
170.49398326456867
-57.44687955375548
-95.6574276645365
-239.0707555267836
-131.36366559002818
-74.33849233484071
-121.5708997484071
24.431100321158738
-32.32229711131822
-36.47804577632087
65.23774099990806
-228.5290375924269
-562.2080473766237
-79.34659761915492
-73.94760772387781
207.2351969660067
-6.14250754411205
-58.8783030513423
-96.58937126388895
161.24801891794232
-32.94671308710713
-6.831367021159167
-20.994068481897557
-66.77905907953755
74.56914274656083
2.896976852510022
-92.94575520125363
-55.87543436235238
-99.58151563397587
-20.916970069265517
110.73050113939826
-74.43216289334553
-290.32697556109997
73.14666492937431
-53.77173139005873
-48.2810429135577
14.183742710501974
-156.72556976311898
-21.694012818661577
-293.47436587767334
49.98675178110898
-46.28047387804958
-91.01711643797724
-64.97700919215276
-49.62716437487961
-149.36618774638464
-54.624604420910956
-56.8791787888058
124.38301844423677
-96.40891483206985
-50.44974598823319
-3.9682500712752047
-119.04990077334224
25.26181687142889
-86.75995411500935
167.372852454213
-26.985407340376696
-139.59223754335835
26.81821991055699
381.1153424360491
11.414331002085419
-89.1503643401229
43.72958252843728
0.9030439453439411
-36.49413556257605
-87.66183605571473
-69.0712423481773
142.18793881211013
-207.28253164922717
-135.43057882100038
-277.3784887201182
-27.99863055895912
-109.37795382165496
4.3882396651133035
-23.908875284472742
-276.57228588595717
116.1544576333381
-21.838460836921975
-6.710960405641044
202.9771686677309
-22.907172924091554
-456.3965138732765
-24.258697777303052
-35.873614299483805
-52.651739615390625
-32.5875449419068
-34.318288199344124
-52.80212325483773
-336.51192234700284
-24.353618599088804
53.10779242821809
13.891339840765795
-159.72887468167391
-395.11543987937875
-17.57975498319138
-99.24426105403235
-75.1417833340256
31.07694996399789
-37.95865541164284
-38.912810963845274
-47.75497534428649
374.020258067505
-24.25990282797966
-141.00915877568968
-30.45045318425582
-5.037312229478005
37.345657809751835
-41.57863674035715
48.95842630936977
-81.99863698411718
-49.62075391726182
-71.55085028662961
-51.57658827665324
108.92507623462916
-50.555686188239086
46.85264356744574
-61.21957662773794
-72.11137226267783
582.3760602736638
-27.82284107709955
-94.0835144556025
312.9147985365835
173.1982102713573
-6.348133289130601
-104.5809706171658
-324.5212762731353
-141.22418734364328
-72.4951730181266
-13.177522534253512
-137.53339529333607
-31.127050469670394
-86.63150038414359
-15.760000210607359
-549.2681334690278
-83.99926298472838
-63.372914214904085
-96.78930419578137
-74.02317774169939
-69.9847047758376
84.37894051580588
99.4271507616154
-95.05861246982658
-307.9659218344368
-6.380041916432674
-68.69549476393324
-470.97410600123294
40.92415303393318
-48.61364842926481
-168.5565476261072
-18.634072635928987
-138.76191025151275
22.228124125510476
-187.82744690439358
40.92399174181537
-118.34041481557142
-62.4390875085428
-227.8059478390369
-215.5123300367395
-21.80656645696422
-32.686770792512405
26.279721699170295
61.36345806213012
-191.72803818938883
60.858351561812015
-72.5700725755596
-114.01651165255316
-62.45685039933047
40.45301868964816
-95.77046274601526
24.741520715893785
-254.41725304331703
-53.51200371507219
13.833214160903935
233.47048190922033
-68.94483290123094
-45.81413724402134
-51.703677389339646
-25.242305218315217
55.599080310832505
-55.53246424515448
-91.99026167139891
-72.40701654967779
-128.68585429359155
-41.34717543071597
337.23615952217006
-104.72451893249672
-82.57754185133672
-60.973162774293655
-29.492105318867935
-21.520092361972274
-62.11014943913506
4.856621786489768
-28.589085823371533
103.70751364968419
-22.228204994628754
-74.17320570591801
-231.46743047241034
-36.610706073234496
265.7578028065782
77.25195331852592
78.62914398838984
-55.067841979315546
108.98005491377808
134.93822312109114
516.5215820856247
68.6122773215493
17.79592227417197
-158.3550405682463
1.1174346028456057
-291.3846247568681
70.17398765071084
-49.346359434389655
-550.7733984890801
-93.95962934110594
-307.3455254271885
-198.2635302248582
12.46930269368113
-20.770538549372983
-533.0970389817558
-48.1305948268775
-297.80860586961717
-103.173001642479
-76.63561616103911
-34.48887311232207
-78.50372496717392
-303.35300529134474
-120.39255904362926
-109.75909013067066
-49.15284503240851
-69.02079946228385
250.83282472020073
-51.642966947003075
-22.55520654364591
128.5661669507881
54.78845663612765
-134.90812943359924
-70.92793862458862
79.5348739525466
-0.28888562048086897
-237.54973456015978
-99.23212085203637
29.14232539204238
30.807072252331636
-124.82313825962046
-344.5311590112833
-103.18502510285907
-53.66392396842165
12.524814241833155
-96.74737087909988
119.99667991149727
-108.1752403988412
-42.77427152766376
-37.31974684738998
120.79645117053042
-21.03379014959261
-17.074728476673055
73.521205833169
-3.2987611472904064
-72.25727047262808
-45.63541423442243
313.47871181846676
60.04746726833582
152.25909747167952
-486.73449939860257
-246.77136972481367
107.37521897863917
-157.35365338964857
-90.78453224709665
-76.80434835824781
130.007329761067
-171.65355657826876
28.70126078317844
-70.32649429251796
-10.081593507899015
-13.613994391929737
-227.77459168521727
-529.1165672322768
-59.29984392874849
131.81323677454384
-363.62380356745234
-101.82618918740627
-17.532636977715356
-64.87339919034285
-26.525240427049994
63.531435033133675
-173.12364065584097
-95.67567494677782
-78.96703149219213
-133.92944759075544
-5.924017741194348
-42.29478524222077
-344.54161948182264
-86.79867445325908
495.600323225186
-79.85057541435071
-8.619030926567369
-301.86767809140474
-61.51477606675045
-65.92601364768245
55.889189414481734
23.866763462103336
-30.978146117477763
-24.06343922728172
-65.93216305086516
-599.7212979295509
-464.2717327257469
-119.77290781519355
-72.79452009441866
-57.62840501238864
-289.36474446458305
-43.579809073535216
-129.29254682413747
128.4655400036936
-39.78372796718941
-149.08387116497943
-35.49354259584195
-56.99141824431808
-213.91047492520374
145.35257382491818
-62.53626861681688
-35.64325783163045
-145.5527117709471
-41.265527147217654
-48.61946286585931
41.200209976859696
-171.19985676550277
-248.81544654499157
31.813034568902367
-31.123967761639847
-67.65498483968489
-52.493031250764034
-535.9520942260388
-57.916468840981224
501.12005638064693
173.26280443366886
-50.88027197987452
192.84291824354113
-578.2578049623789
57.09485322968749
-71.43588539814664
40.81204031553716
-54.68584182248924
-286.0578050167478
-585.8807908020135
-159.36468756916838
-248.02592039911906
22.440850543898705
-243.6292258701069
-45.31280225708588
-26.493333130352198
-50.235265505839834
-93.07918933284057
74.5556657489833
-113.34846549126769
87.67195795638145
-31.96240717364708
-193.62603992597997
-161.37889469716538
-201.36072464421432
-5.051504454926499
68.74804105745352
-24.578089753304084
-5.197273226957577
-36.87045663614299
-51.91944810370982
-53.828220012146005
-55.35168776469803
-81.25101598112872
-11.071515642164488
274.3410171208434
76.81975739768131
-52.431659869947225
-81.51138612935257
-295.8575362945139
415.88073564817023
-53.91397430801444
-124.79060124552052
-63.788642717075504
-91.8995255092035
-54.480384469522505
-62.77928107537082
-37.33817357439506
425.3311451505615
62.65717796897479
46.91317452540579
-54.80656582552939
-168.66850748514025
-122.4015601548399
-21.50987209198785
358.669250522159
-73.78877639222875
-71.88781024546552
43.21043022432286
-74.56409626985214
-106.40332891900653
-343.18489524065626
-52.95447396048766
-134.389924011517
-29.627121418427123
-84.34605654428448
225.3973642420042
-63.2325199880197
-37.22486288880003
-595.6201465337954
-11.173264944565153
-230.5965584376845
-99.57298193121642
-97.93234682961092
-460.489926921573
119.55650271359991
-34.13077644487112
-72.58130772528177
-51.52957869642796
-73.81926355688411
-58.69261789379334
385.1217489401806
-96.74182682330037
-75.13652072045193
-81.44411193040872
117.18520705773972
102.3039929735296
325.623248170994
231.3309723401744
93.323022925636
-13.98118913336009
-47.50775760930537
60.34524296253949
-231.02643528961016
138.42260018831712
-20.989779631633958
-28.069666369515744
-122.06660390873775
-3.3752963638999063
-159.04633472266596
-180.06815658121013
19.302070837116542
119.73195704328373
-61.53829829269489
-17.181890458027453
-49.56159697832036
268.80362799306204
-63.954364494354195
-129.27025594993938
-257.7070708338251
-25.51945204906292
-50.19396189150436
-344.1885976602334
-45.69142265521779
-40.77059869010873
-16.94668635614768
-82.24292391100971
-23.481316873272736
-83.02611646938323
-61.81381470530323
-89.9957447172579
-341.26504905071306
21.096684417863855
-25.376816938404144
-96.05751731536039
-103.20279370477972
-180.66041583277365
61.10479558895395
-63.9808841125714
14.701319973768932
-44.6595362193641
16.276403838704937
121.8833794351358
-58.77033110692901
190.22120358440225
-28.23154985492738
-82.55036957505399
-102.50818576862717
-27.014006334517035
-475.342544479965
69.62686233192653
-79.58455009130233
-475.618217416858
46.76107310124121
-60.27474236365409
-45.89588073495139
-36.646673510293084
-1.112127506893374
6.2174163793970365
-175.98662848764343
-152.08107611886226
-19.980934486627575
-52.21388496971821
-62.00199789899375
-99.57846489755866
-51.675335228876065
1.7492631655160906
73.50626797976474
-71.17783034352878
130.27625413368332
-188.93638011075018
-23.11743623350705
-95.32970849520461
-228.166987515252
-75.01741645789434
-8.253184134180628
-87.82513727755577
94.71233399455741
-37.15568904224983
-83.62517236551048
124.98558668326586
382.7199562885289
118.88482338434005
-138.0200585694456
-80.70399349453146
-52.450827450747184
-54.23484543685754
33.14650856447042
-76.8628478497778
-54.67699347342706
-72.28238707980368
580.0905257851682
17.659288862678295
-195.66129214090142
-78.89117805569448
9.454162287335294
-104.86876409019169
-196.36009265873327
-80.26597373781834
-216.02437782944799
36.41015691430107
-81.53363335550148
13.377423962451303
40.13730513990595
-64.33121588007452
-18.458768187994792
-46.113067729100294
-94.39890259011753
-17.273639033734867
29.765970101236235
-9.241000338441097
-150.86292135642998
185.56731672573733
-88.44899303031255
-465.23126970347585
-133.24053695044768
-73.58350472896137
-13.537038787079041
-54.641030123651596
-82.70460570086783
-98.47417826592209
-7.148294205426851
207.91774581859136
-20.852303717233532
-7.3484070969425375
-38.07604895183431
74.27175029882164
46.16920551290377
-228.48983262257934
159.31756036740444
30.9016461301253
-365.37871034928867
37.26609198113238
-57.34185191930919
124.371620132325
58.405400145558815
461.2841688855424
-70.50856900821395
13.515174925153042
-63.14255802178013
-275.1671071353667
137.820905160665
29.269542201946933
-43.02889314893511
2.7197937576056574
-62.24719793196358
433.3050464865719
-83.28119295291022
-77.28215359878858
-73.49826702338845
-357.9400859728157
-27.383388268141715
-54.53036388683365
16.42408467299265
-124.18355978715408
-43.60804453609285
76.20518062162455
7.55664215095203
-30.794084659200507
-236.89790699566038
48.46698433824349
-67.86412916729043
-353.18134341584664
-64.23930996934982
6.160621877167273
-56.793587663944244
266.7960575226534
5.181433627923299
-89.7355482407995
-85.1249129266428
-231.90478457200516
-615.3005914666101
64.18078094348857
-24.432778644206337
-21.41326440050659
-42.19547692778154
110.22371183426003
105.28677327518767
-49.38189763938635
360.2151098941649
482.12060681842195
-68.83282198527604
32.06184375915444
108.01950377205867
-39.831101152403534
277.7702090580133
-363.2309073358829
-55.445699657005434
-22.037067193390612
-55.68919438001717
108.89603960073055
-248.94641431331365
-61.13057082468274
-43.658183306852145
126.03298001973417
77.5462176078845
93.66743302819486
-155.27730878973125
63.72780285758381
198.90594492573564
318.7709046645905
-91.22758061507143
-47.01243469621113
61.13830025906782
-40.944220457115705
5.891116814470226
12.048884518587556
-207.78864235488072
-33.69391539573303
-50.80273635971247
-68.95823156102328
-330.86423889453636
-230.3039707179105
-264.876621727195
-34.739000005259356
-200.49809068383001
-0.6637924505921546
46.36853007411082
-107.71473909136148
-451.2386393529614
369.79496040513004
464.4322987681244
-74.9570713273294
-76.96664112201464
-62.847950817428924
-55.77647510318669
92.25728895853536
-12.72736477566832
401.49243870840746
-34.93597033435708
-69.67811916887185
0.1161745276340298
-55.500389465632
-232.93029390244737
82.5266775839682
-20.144658125438582
17.67304997726967
-79.82771985205363
-56.60489231301554
-82.03058275146667
-66.73408737494672
-113.3115204483566
44.19976991403746
380.8757766430099
-224.28074426300736
-42.5293347445278
-33.0014686659388
34.42300300206262
-96.27346559704165
61.0446437636956
374.7063831832693
8.060618734293257
-330.6220385904944
-78.14380395357038
-152.08138725344543
65.579519096676
172.5256130870166
-23.48518779291606
515.060697777069
-18.144024290498237
-626.2878690277757
124.06357059808215
-90.69339834049781
86.71607679848785
-421.76496828072777
-276.36100718557464
-63.495474696390374
409.7999532456488
-323.93940366096103
-55.236310451106704
-10.589249733133784
447.25517110580677
-70.67269929979736
-65.906563962968
2.0042839757806163
71.23767180315645
-25.387346442909802
517.0421720866161
-57.3859329472553
87.94393510608325
-28.13380052868876
-175.41653461977512
-4.382493098235435
-34.025437933234116
-75.24701117936092
-21.27075014306755
-36.162323430728065
-19.69178684550525
-209.6989987633333
-33.53871703012737
78.60290949566843
-338.83217396383316
-23.767519581049783
271.15499677281514
-455.16456708534133
54.5135480823119
-124.78077792759568
-25.815309253122223
-83.00017693665215
301.0659263598682
194.9311964862968
13.70958477584847
141.22389803766055
-138.83965007553434
-46.91906792093505
-93.65659177025327
455.9441100731474
-55.890349237136824
-136.65479509755096
-11.63275133664182
-56.72986158177209
-567.9536140448254
-338.4513319105736
160.0130090965995
-79.02201698020777
524.0763649868022
355.2288324748861
78.34969764298694
-231.05451253748652
-8.19806144124027
-42.93926595317774
-291.3740502136625
-91.38625503849471
135.12274603999595
-66.28500814725248
-88.10949503909346
199.8077146433734
-28.02617990837234
-0.03489758342766436
-77.8228414589812
-11.554147211054442
-131.58742369956963
5.521553572008997
-92.11100471857799
456.8576507735852
-19.65475645726198
413.23705098712344
-29.070533553281166
-47.96036469693608
-38.064556950942915
-6.8989525926809065
-132.62702017842003
23.02864538782518
-77.0701078311981
-12.84601617050654
-109.31870421643362
-60.3436721459768
-84.05152963496766
-64.2301368932996
36.19761190634199
-9.633416201602813
-239.9536646589604
23.850912588568463
-179.04156956914449
-33.96601934681121
224.72626655875138
-145.6551830915705
-150.35890674777693
116.75393030562736
-50.505333795750545
-53.689327980647064
-88.18241539521296
185.08793841866463
-204.68273645651607
-144.44170975845373
-22.53865875124738
-385.01526931032095
-29.28666552408322
-203.72823632524705
-53.56879585002769
123.89380431964491
34.33329094732835
-35.24015027646237
-74.0736390260904
-96.73121346715925
-68.06418098753933
184.6252591707016
-469.59944898487265
74.02710524647773
79.07892211545368
13.20156126857707
-101.91792560295688
-48.59264297335015
-125.39445807538323
27.77007842212697
-54.44325956723151
-30.90146832094788
21.058134156375672
-90.52371154505909
4.558519314897694
-126.87799278324201
-52.030158235051765
-21.64058235354878
-5.662253316555962
-62.809399377031355
-386.8803768177968
14.498452709548019
78.37955909883794
-7.128094978606896
-111.48990373212746
-69.35686463219997
-149.95871752895073
-66.86280130284393
-86.77281065230272
-387.004871395764
59.18318003710556
54.75088980565852
-36.18760941305075
134.4858309607771
-84.35652040133346
-213.81777396527468
-69.9154633476909
-83.57376551863172
-60.99015665281315
0.517418780220396
-258.30539108517496
-226.6905813542635
-388.34131966912355
-81.45446506097505
461.95833368896456
35.69123193302039
56.3533155700552
-40.89548155049937
-378.7716335766181
86.02695778808766
-78.50002075930419
164.14535627235819
-12.288368439266378
-159.65057422124846
10.377714904914683
-82.50507137020563
74.51014199913152
-27.95079244226963
-61.24844960859052
-50.480668644459
122.96564213389502
53.05484513589181
-57.76598817109631
91.810617852816
-156.98086255662201
-15.978585066844971
-49.8609804719199
10.277110870687466
-89.15382890981616
-48.5502585173017
-228.30779323613933
-47.584293764522045
-592.4596204375539
418.8264485064392
12.047388172561568
-80.97181352621078
-594.26979567331
-77.77263098830453
257.0366705004835
-237.760719603295
-87.62312874386589
-76.69204416374123
-8.138315088426548
-61.46886735758402
109.31118727937292
166.1923027942412
30.56075820166552
-112.38568278011735
-2.362764590365714
84.51136321206832
-41.27455648142859
16.693385005782602
355.37538524649244
-39.33036084173471
-17.4023197733095
-118.78462110499686
-3.6766026396635425
-69.62736692464367
14.421624914910353
227.11542739513425
-98.2544938717248
37.61254457958876
-45.626614666565615
178.63587822377667
-358.90200698311673
-116.87280514948135
-24.517276459680776
-29.019975857467216
-67.55727758769994
-100.15972880435947
200.23042545360295
-99.29455539107617
-52.77908566219944
-424.815688196521
2.7101694230295834
17.076842646372825
-159.6808493533208
164.876637598446
9.093104270452386
-15.566927404425996
-43.53087034167291
-48.61221899068005
-199.28154710258787
173.45289837603377
-1.3360855911414546
263.02169112742376
-50.950783527916094
5.359747427010991
-16.978677678276775
25.29676573479992
-102.42266125790957
-59.46576178299307
-88.63281810656787
35.133308521280014
-30.185717240297194
-259.5597632683184
74.82962368099652
-55.15663633717206
-27.188754331134113
-26.871483010660086
58.60814758572451
-45.54659059702317
176.70907169864222
430.738174169438
-65.06129665569293
-44.52517151986351
-286.1224524573645
593.906805018978
-15.367709476822597
-79.33302077166582
-13.214755256970381
-145.14578907835858
2.464190634787883
-242.13020634898385
-33.25493668420313
-57.452299317285
-401.8875805713087
6.513836665516465
-80.95046330698707
-88.15254769929824
399.3986529741933
83.37512123268607
58.3621691895587
-70.77147485463047
-52.778947900092305
-55.179797907162275
17.51244602679617
-0.850542017461521
-15.148524914782683
-113.65929859716198
22.74253088341311
-138.5793198307174
-94.10088941642243
-94.1671260276447
-91.24046653597179
-45.03630867226724
-24.453188899155407
-112.98005621992776
-90.74519205173874
-339.59923045303367
-116.94119512134057
-201.3178991785485
-42.78556324027963
-53.15679024371059
-121.98905673639274
-51.010241265896184
-95.85684280850288
-136.32467566256764
73.65415636712896
-44.13338482776713
-17.247482996290273
42.37590212655368
-194.76805946265085
-317.62390572705226
-68.3148265292664
63.776511629157085
34.17661163368757
235.94148056866652
25.141287169337375
-85.42254870504809
38.96984252627408
-53.85887291812567
-59.05510641636283
294.0996534588612
229.54895234721698
-85.78023642160444
109.41366823992212
-47.13427023205211
43.90582439327045
-84.93599151453054
-93.0484027128241
-2.3333967121359365
-314.1141342747287
-127.17553840872102
-181.5433818123911
4.491794470357036
125.75763755066146
135.0433774070143
51.98946052924839
-42.209915374864295
-71.73886428800779
-121.10673440992399
-346.2073965992913
-577.8934992208451
283.381920584372
-292.91206508828236
-30.57696274967725
160.59176235722407
-60.52455278624075
403.2373744486067
-295.9504941626674
11.414225040506153
82.59839729083069
28.851686464455497
-36.84925519590465
-54.30971082723289
-65.26580561080746
-186.20346342741504
-4.801019640612065
-104.96420174581938
49.07010549154984
-47.44216929477989
-9.289179288002822
28.228207426587687
-123.4988116522909
-37.27587161987212
-47.92896272509092
-438.4132846093653
-190.166247646368
82.16228355481871
-339.81025466135725
39.060688550544
479.238484668811
-37.49157741712711
8.522495005885617
-93.0013194579542
-18.54213784402873
409.8670648853076
-9.772315541642456
24.886564696955247
-43.4724191251758
-89.45175147843155
54.10046342684336
16.76216244907846
-416.3812108232196
-76.50468848913823
306.1027347496274
47.99016891419524
-105.06044227545499
-259.2990698401736
243.35099318079847
-314.36319895862107
-180.68622079877514
-77.78427517802714
373.92838289775045
-24.53929826008789
-92.29043583838484
-11.368687019804725
-2.0598358342463143
-34.87721841198163
-81.18793716960954
-8.999760425849765
-272.83281428579176
-107.26883047147749
15.070247203718326
5.051656961941262
-58.3897340168638
-390.0127618471397
22.43868359494263
60.873984856287734
-53.33633614935047
-77.4833564990165
-124.59636328677334
-377.36884858334633
-120.02170068599676
-55.55953146360331
-49.03522795510588
281.3932169244308
-53.44143906688226
-138.54858973127193
-241.65557588570664
171.88897173386795
14.790081099776216
367.4586486834178
-50.21861567855012
130.8876926014491
-79.99315806325689
37.41678340363069
-45.452890555305714
-86.93968073945423
-84.28447022769797
-38.25179886379192
-127.72376858101597
-367.0615038104079
-229.45315440671402
-315.79701188099807
-36.303203956383186
-48.924762662436024
37.852434220314535
-22.54836519391074
31.715359605834237
-81.16481435393689
-42.66600964443772
-120.26265455387511
102.86539081853789
-51.875477530734315
-235.99155770417383
-27.672419683087934
-50.89102271158595
10.365198363198942
-94.5859732809533
-36.078401747490716
-177.9646406466618
-46.57537400666024
-85.47148970058564
194.67456890970334
-35.12778082868681
-94.6776456897496
106.44285376810785
-87.0563160430047
18.952783261780496
-13.783475834216006
-82.63297574321655
-19.830967355712346
-25.938247868932876
81.64322219057794
314.07203527308957
106.28405437268975
-6.307656779310004
-198.5905025598986
321.2027782246878
-52.45476890932332
-126.60394421272433
258.4208840575584
-28.34957250247162
90.64854041542822
85.15962799581257
-70.19438445054607
-95.98738433087097
-59.38742144483371
-98.93558800321236
10.100726992764066
-20.55717184469868
-150.42828706757064
26.68055586839455
-100.35179033587883
-14.135525759718803
-82.91332351633218
195.9331365617827
63.64687188777316
30.796245314024418
153.1475923541493
-93.5573136537707
-222.48928428692125
241.87223034795716
-43.339097762791454
-49.64824859686798
-275.60143796370994
-93.31072985799015
287.0553710028489
-71.31127405030804
-94.23062266402303
160.79132459840912
21.38395444675234
119.50551792089118
-63.76802895519128
-0.6380181910009274
-75.47687762267326
-49.423875195418304
-33.014575560877624
94.96761480189889
342.7664767929982
375.152996255154
52.79314159456317
-33.84079703232601
-88.55270709307273
1.2920671440624574
90.16301404295928
-81.52189739696405
-14.859718004778642
-228.7320429406991
-82.41730712675897
69.8502168463774
-105.13608159734709
-37.73418264507595
-82.95034039838038
198.90114747831103
-31.129605781885402
-51.40928841551158
-100.89169535870396
-20.506085658294978
-12.335499810631518
28.3978886774662
68.86636937337244
23.203987869615048
-361.3513647890977
169.844325696733
50.61840217775716
-94.87877797429498
-146.88191878699945
44.4656563242911
-42.18398284387458
475.5351249316045
337.8451358915354
-55.496695217414725
-84.14871914075047
44.60441677633935
-85.6199874096119
-18.585187902303655
-59.32421581855306
-415.0150347055205
-70.64466084185702
446.99740370585823
246.0924687810002
-88.429401098536
-501.65906157579775
-93.31901144349136
47.64875918039115
-93.84281040759736
-108.54073965990938
-12.769861241417857
-94.31070831588694
-220.91324608074228
-57.328830563220045
-61.2928185309631
-48.58685441604939
-48.82747702988536
-28.981243903246423
-109.71435615878691
288.6516487651188
-42.958768901564525
323.878642304242
252.1751682767117
71.3681517608693
-4.818716478785973
-180.0565959713913
-56.01339607923728
-102.64524493510001
161.63510461975602
-20.900132686279285
-22.181575487866155
-112.03091510244394
-68.96634969400341
-31.287517723908877
24.627429225698847
-37.135031466334596
-51.07071520653335
75.84461677665968
-99.44914893676372
-33.529852523205136
244.96307204379082
-107.0957521678356
-90.37616285546625
-95.30805370012045
19.90355012046348
-138.54305627206668
-17.229929039608123
-323.11015392919217
172.95642562677313
-89.49146393436968
-31.74638175364953
-118.11038898731567
29.225686761807083
-84.81329988552818
-86.62518374257161
-6.399468533565377
-31.16981672070051
-66.17938005265694
31.46785371314263
-66.53050285671816
-34.44794767648091
-145.78582770980574
73.77610859611195
-64.16620675020022
-456.49905919641606
71.03798560492828
-67.12996280512878
69.23354404593283
-68.66528589494757
407.11731630066606
71.51896454345842
-60.592574478593406
40.677629509765666
-78.75356334906792
100.1491464451392
-188.6085990163565
23.117316337517423
44.59352577176446
142.85883542109787
-143.167594069384
-126.50071607836662
-239.1707724413518
432.38731306559566
19.79354728007138
-126.51173539264528
-59.469427241513785
308.6622978436917
-78.78088128629065
-270.18528186180447
-159.0278252463413
59.12176582641314
-36.55187179761924
90.70579036768731
202.91802791246118
-62.36021529538698
-37.98884776753266
-48.499090009129986
-51.0682908703879
-619.5465486598423
101.3272925855099
53.66861549110217
-76.14921208051352
-131.0314836047164
-225.16891830413078
27.433565704412104
-149.36918753570353
90.66673784725754
-46.42946068189345
-345.21364173596703
-12.659112862027541
-42.997208386796075
-9.928095186471182
203.96307934183278
-84.04443232745507
-76.44262676053222
89.11816578835351
-5.215104150263471
-22.233411038532882
-165.72149572684611
105.12592407195007
304.2564484147988
-310.00686049010073
23.555781450573704
-310.87146800120627
-14.492183694494088
-36.36678624053214
-114.51628663648444
377.3117428934456
-175.03452192298573
257.8515770930917
-44.64411784612099
-504.96927837024305
-273.1095588171038
3.457362469262989
24.47086674973434
-138.42868015305248
-17.77992955078298
18.046116565062448
-31.894276450837424
55.8023558847749
-60.723239976594414
-82.0809203680281
-74.64388555508802
284.0427498022709
70.9456922879981
-31.93544461103079
-22.956292902415264
-147.96403308402842
-67.99533661904388
-79.46868629056702
-63.47034523858383
-98.6446133246809
-39.44751772363088
107.99531966679024
-69.50299855511975
19.48314996757881
78.82587645046806
-71.19707574593923
-431.55737574827435
-8.422555957775641
-301.64882644097816
171.34355002792472
-69.89271541922972
-45.49510246908949
-69.43174146736055
-104.96171862257324
95.61446489480477
89.02393049190323
77.43752264589375
29.18012399576037
-39.291182618341054
-45.320799414908834
-163.09777164286425
109.23939661332224
-43.32412371849179
142.77206252659926
-29.741419824870192
31.03355578780429
-96.2885456274636
-47.97753948883292
13.76911562857913
-64.11778590174428
-21.348102351891868
39.25552778316796
11.099054648351057
-414.51233408201006
-101.99543317973621
20.209318909080334
27.929392066801483
401.62944944859555
-35.80911166585916
-53.52612536696227
450.76389259876305
-16.423097984633387
109.5844771938564
-335.51064012449024
-65.73996579636434
-70.04841550360561
-155.57135713269054
141.61063107737573
149.96437180870498
61.43620573559201
-118.0109242493679
-219.81145682331226
124.93307624075351
47.986903326743686
-5.732730195931312
-25.71921432736201
200.83885423986294
-192.38668541828156
-309.65493157202764
15.046632332193463
542.6583663105084
253.15090726638482
-129.01215905700337
370.64857032343207
65.67120989166142
-21.242640599591766
-383.81634882967137
-54.011701058249855
-250.63340518456243
-17.21572938565805
386.15616318169305
-143.852271890255
-108.74276194729464
340.4357267264586
-8.836883774639546
-12.126593419446552
-70.45129243284964
-47.76773675526462
48.39176823952357
-44.704781735485085
418.81069948743425
-367.86724998495447
70.74151617064854
-23.568449431917134
-81.84123962757124
-95.64975236039474
-79.6187585795542
-35.95144920099165
-247.02877083942985
-51.69949822484318
-603.5559387378726
67.02927493612697
-330.06992702459866
368.1648997089087
-79.60488215045734
-130.67585504184808
-27.74261005599749
253.94719646055637
21.881330723938845
-92.83319426132756
-81.03353131621049
-53.063777987838634
262.6156843746394
-1.1734713156611178
-96.04495269706727
439.8612817341391
30.62595924244306
-77.23127292746548
-49.00863413972302
-15.599891561414921
187.33072020250802
92.89556524006593
-101.17245963176538
17.929461326878936
-63.58307870109031
108.36721172796388
47.345798885129625
74.92898000010723
-642.4168991956267
377.7898195167454
-49.952103488354595
-100.04323770394603
17.849751700647175
-23.552874474286
-44.32669081954373
-360.79975705657125
44.51222308231081
184.2668148840794
50.97724307838325
-83.14507465588213
290.1888177543915
103.08504695929332
-67.06096906320859
-66.84226485305827
-20.78242587141358
-59.25965532263568
470.53335863155917
-3.540364269368183
-404.21920836393656
55.75876770512514
-116.03606567881144
-5.978890787555883
123.6250321785974
-77.69155838519364
99.71214483635413
44.3954090218067
-20.261574362287547
-297.522682964609
50.64881025064642
-313.5598724032661
-104.8571493398922
135.11190956179098
354.9348559609498
-99.29019795137538
7.516936934945079
-249.9377147183186
-147.14827885058367
371.9165916719812
9.127379671896271
-39.736710653069075
175.05141976262894
116.92724950668025
-5.6714331574612515
-111.78015927717752
-236.31249376696542
-54.96524089949087
-434.9689705652527
43.1722942914314
-63.81002602491753
-112.61701924863345
-113.79373584820496
-101.47908758087215
139.1557226867826
334.7506174875325
79.2352993002878
282.7455346364259
4.749805148408086
-7.6941279237107665
-415.41051030908784
-63.58248790688305
79.02696194218242
50.25773334785117
29.989612028328338
-51.81606394172195
-58.099745091216846
60.022313850369756
-109.87763163533782
397.8521752772449
325.2883806986738
103.38568448517071
-39.32159485471129
-543.3648589579261
-59.62444592972474
36.66209526719149
-39.582389252092526
-59.119346776596416
-35.4416469795965
-201.4221021414578
-29.176453792889028
-23.99927379210402
-44.27227999945983
17.829253606496422
168.3853301278341
231.87439527473362
63.6998567334922
-153.6622409828724
80.0145107713106
-89.32939276119453
26.540814672120177
417.6412151860768
68.3428879206765
-50.56874025303006
-89.16663801339382
310.68571985673407
-24.400017020548148
-5.3020269680531555
-82.06422914625205
364.25462689683445
51.71965930668375
-101.19690008102407
140.22642205900047
-222.6279138657501
-24.818994556652342
-195.00015892348802
-176.39583007132023
-74.26659873258541
-133.80816116689078
298.63168344832593
332.92752544313043
-38.72414989914569
30.271649255435022
74.51856244548071
-296.9292730743982
-95.34095875235407
-138.52936866961863
-46.42227645480568
65.93379979253405
-31.653546622271165
-130.2730161277559
-40.25358870838788
-62.205841572875954
-40.93606982881465
398.7673882525705
-50.952135315970736
66.11810568158398
-26.483726902703836
29.832154704944514
-39.79864567007144
-111.09915788390153
286.45169178717697
-268.38570128402534
-548.0223075886042
-39.68984105546405
-10.0593274043149
-12.749616926397145
-77.3048732572306
-311.96677416154307
119.15008158064029
22.92658455960577
-53.01544352490955
-75.24915561424847
-234.5745831829572
-55.48206707276146
216.67555777628513
-12.472707330216455
11.186279003044547
-402.423826346263
-4.220905036567342
-60.642228640789696
-44.79112680727849
9.137134715147567
-2.3686811113081707
-70.90939875995403
-16.05984366434768
44.224930439901755
-49.257232031864156
44.35315863062897
-76.51910014495274
23.467465778004225
-26.666512504529273
361.3957424799064
-92.9967151532328
322.69856980605437
-62.38939009618597
-305.6479906250861
195.0050385710765
37.91035466094945
-60.40927934690245
-6.586958104136102
-57.21883623210488
-309.69622662898837
-30.895634175461964
13.492955388337123
-103.34705008151506
-276.18425578854203
310.24540978918776
354.8465350670049
99.9932100103797
-35.5578242790532
-0.41111724515928927
-42.93072518513952
-6.44513711832235
44.96642705695558
-65.22299059573038
-75.99025361736639
-77.24275149542882
-91.96151337566126
-228.1670945626929
217.54987301077017
-36.98245234496471
-88.33237197853046
-61.89438591897806
152.7064035457388
7.0832969307575695
54.313196988651725
-119.9009237689952
285.70085204562747
-45.5144948403743
-16.09333707400492
147.2188394979894
-74.74587850346538
-83.50505737118664
-119.61450564446704
-89.39959856986701
-81.98135173190258
-48.23911298080445
-70.85596360460477
-48.04724695451705
-83.44234764726579
317.6970453852373
-98.39736453358637
-286.8191165527969
549.7286679064619
29.776238620402637
-428.59054617054244
156.5592829110101
-86.78859595513222
-42.867430532415256
-177.7787780779072
-70.30057062492051
-58.816369777828825
-253.1104855955109
105.96933312294641
84.77553248442564
-41.45280489828838
-86.48052216277193
-36.11602006064891
411.991331026662
-29.75600359649593
-163.30723223467066
45.68132711490762
-506.1887591881932
105.61525105858072
96.8964149942185
79.84139993860663
-14.958416431567672
-382.2981069793177
-53.70467808818615
-83.40862610246222
-30.637526764417316
-48.88271681907099
-228.64225426400117
126.74437097083955
106.70036276487895
-31.86562588803963
46.09523559472473
-50.62161465138645
-6.915543447915192
-5.656137370201847
-10.661373597808051
-41.80050142014187
305.4386792451005
23.49814118649624
34.11400919667358
56.64044495575399
566.5014178298225
-39.74789426953173
-48.39408313832246
-39.59461127400382
-90.84155411419427
-429.3470406287488
-27.78065958047273
-170.5680121370915
-83.58723981859924
58.80561696848963
-16.038760193163398
-513.4191799022765
-80.23381579981032
-7.982320375547431
236.70379874876198
539.2879861598858
-93.6397966065352
-41.105646436542884
347.67774952447326
-10.74200840208141
9.844524182306246
-427.1976838820574
80.87801111201043
6.921493370653479
-41.264130534678884
-327.172362963076
76.13172228266194
35.35580204785174
-74.63067308435893
-38.95979457434687
-70.05117475975796
-7.059601536315313
8.33564854303495
-108.19116384881272
-40.443381250135985
126.18959698218896
-16.182232694977998
-78.42706939200505
-337.86498694015336
131.31195926875807
-63.10798237050057
-71.1884510167678
131.23401939586665
327.7038921653293
15.070773541084236
-260.564055596893
-95.9772034340664
-362.39028751275873
-164.96624565926186
-552.762232570707
72.36408413903905
359.16785938856265
-17.850730002181763
-151.90350568815302
20.167091774650544
-99.32810088278501
-38.83269692609906
408.99431387845107
-192.49383996910728
180.76439340399702
279.9626560174038
-78.8142489896604
-170.2051947509326
-219.7642308981558
94.45638774289455
-48.64813122307082
62.1419997289795
-27.473838814353428
-44.1784725804318
-101.48903208888684
-69.44307697496289
-55.6011555902943
-3.3188360254789586
-61.9749476299603
-158.4191182649829
88.82861989322919
-79.69031590649065
441.1998715050904
30.233788417166682
52.550170745920695
-34.95858562978901
-12.663718191294038
480.77439944954676
-60.0731016575825
-317.2968027976058
-59.70224160312682
-5.4488773655120895
-134.71035552226294
-386.18717529444075
-89.06089415984556
157.00181392382865
-19.140577379440725
-41.61370675601887
-88.89984426886117
-68.07811658559886
-70.87226729835179
-93.60839332302135
-83.5161929204212
15.155740185390698
-43.29282367330436
-347.03825328796665
-36.63910960698445
-274.6227799885437
-125.47813384213987
-150.39670297537123
-129.48587563225556
19.60547814751635
-26.213301128800822
-24.56623456440578
-200.66266589630686
19.95732783333756
35.61605217618228
-12.39371720564044
117.0531567623184
440.91331112247644
-206.09314050902503
-374.8558600699562
-23.862391692503635
-84.4299072025986
-65.90801945109405
-72.10299109659455
-98.48413673967843
-76.79925092583971
-98.77867732547156
40.795607268284584
275.476093491292
-104.13484321036776
-168.99300712873628
403.8650842681418
-28.00247713548033
227.03538758385184
-75.11537616648612
528.378791435247
-55.426709482873775
-179.52539909686857
-69.34278706527729
-335.19135748723056
-23.38644767178648
-86.47834796122393
12.533723303682564
-66.86219390631595
100.42348686122568
-65.21157862455948
17.643647646531917
397.1441263795441
-71.60562596824307
-129.88085658255517
13.045277130375325
33.518053420078104
-124.53354305644098
194.67543305698746
-100.28080729006619
-64.69864965467787
-49.92854590804927
89.25687507705061
-178.2354536634648
-10.49420003429168
-82.0891607798034
-83.63076957493682
-117.83702904304118
152.21915477462062
185.93880184727277
-48.53326273076141
-306.53742273943135
-382.6492718420541
102.81629869180142
11.908413366396417
66.1513547654813
158.61708370338783
-9.43334491980795
-14.769613687334726
-74.02322191581553
0.9523985890441198
-98.16738555045565
155.61341435910253
-10.531535527006781
-111.41883822489217
44.00702156560146
-183.78884924348677
33.39938328719836
104.20431954496325
-364.5996375531213
3.938315529443571
226.18912409762197
64.88276530586427
-33.084401278409224
-53.1352762304715
-60.00202525493114
-73.75626824025446
-565.897536514085
-174.63377074118216
-127.38676697586561
370.12410647723846
-29.89181719476437
63.80706306322827
-35.367416529514685
-25.114122821528326
-631.2716981279227
140.78598879017227
-48.46096733206113
-28.0490022358681
-68.29993944193272
74.74519730612883
278.5814289375048
-230.0945895421337
-88.65895726611006
36.09601458523139
-41.88243018000139
594.6083413282358
-72.91980668169163
-65.82789017864616
-57.73088177876616
-394.8489855891421
-76.45840076823589
382.31132111260376
54.50936926234863
-51.75226206679384
-11.900911935939803
-64.75321653080323
-238.26984171464755
-30.631620947449278
-12.912287213453737
-75.99488486716196
-55.78070732000178
-62.59236992934157
40.83930973464476
-83.931196124418
374.903837304254
-55.37497026277981
-121.53912167004
-28.264119292836313
19.611331743671883
-66.38032071895213
-43.37880296455421
-76.5140785434669
-106.39177243023005
-15.44730095280286
121.66412326891077
-51.442166282319434
110.26674715129775
-73.0258961027921
-1.9385072173409412
-52.227639699047735
-29.121098818044185
-29.814372621806342
14.118800523764548
-88.85844596937386
-87.7092634916804
-11.289401092720153
-6.378913173173714
86.90414358771159
350.27908667365045
368.57703135438715
-56.22378619816368
-18.832978369111554
-28.887175601474212
-61.78879911957082
-33.944118880195674
-18.450608351599612
500.27504414512623
-89.17395762211333
29.61909217634866
-42.669338358074555
79.51943531282359
-109.10784841470559
10.025309231898973
-69.14052399012255
-215.27970721908423
91.91600426911464
66.86983304040768
4.517207739833509
100.56193572428447
-63.67587956337476
-50.204068281886066
3.9237435082795855
-36.617406034245505
28.658252592656027
-93.82128523980218
375.89241533264703
-19.941031088966646
-79.95894978788834
-82.07394583931205
-94.74706945775668
-52.813670861599604
368.3966363523068
383.7249979518929
-62.402061618205195
-292.3204769676722
-87.2163664965783
0.6497679758163031
-500.2219419847279
-39.54707443373992
-60.60946284961392
-249.42333261288877
-152.23503875525967
-25.326575775900892
-233.6978529425087
402.6164519588401
-93.28713739528757
83.46255551884497
-23.597086235325396
61.90006235301007
-239.20282971424695
-247.9197212127092
-10.267770906615965
477.96077576259086
-193.45976712684023
-331.07587175076696
-62.90616158512379
69.3389608966263
8.051521355722798
44.37246941633839
-683.207762381704
-54.644280003094536
125.82998507273805
-57.0439225305945
-43.8313781702127
38.39572335159028
-48.657582342574734
-262.2338700602868
356.3247024147131
194.05167186348444
-97.9846267386074
-97.3969688443471
-289.7811290137106
-65.7192007010535
-76.91660167615282
-43.19157053344861
95.46891494055126
-34.27396446324565
-58.796363073337716
-13.877381298114813
-80.57174064670878
-39.66972202662873
-64.64992859273701
109.09593895350372
-375.14693300901126
19.302363193784913
305.16383108982154
569.8858238146204
-56.73871909315858
-116.32324570886885
-103.03361124176081
-36.19392862182451
-121.85442566704296
44.0436640357193
-98.05852354464514
-31.880043555838483
-9.142279726160591
-70.23308090955175
-27.65334313623498
-669.7675409806106
-106.40944905782999
112.2292683163987
-1.516428064836873
193.71488721201968
-40.2869823906244
-64.31934017374351
-44.99132743133458
-62.99643354033492
-6.653014488269946
-154.76847980624188
-28.21439577179791
-81.62317271039683
133.75845249404665
-169.1596450096822
-150.1066884888187
-56.24930844476165
13.268085093478874
-63.14356712632411
-39.559511578679576
-42.968028471444086
-45.605127131873786
103.54875242800608
-91.50804500444858
-61.31408438493054
44.10830397120844
79.60769167967351
-22.582286011011092
-106.8762690308696
-84.64351580903713
-36.652836789310584
-66.73643566213426
24.08449407099306
124.3626546188134
-4.188515209535808
-6.724031142753859
0.15165777551970905
2.360741032014506
74.65542537575993
-232.51523586813346
100.56592248834477
-353.7246059856898
-38.48038883340496
-61.621647537788306
-188.36900153479291
53.06471209719672
40.74646918846156
6.1132266702152265
-195.81645307861436
90.43116588756675
-260.35150710284506
79.58568831372395
160.04832872941188
372.1913219700564
24.859388398554074
-17.454132463553833
-87.85106715144636
-208.27345873396553
-135.2550848209221
-67.92380192578165
69.5633702595178
-448.9368379497355
70.54646281838905
-35.62393474681994
-3.7214109365660306
-107.67812853600526
-13.599335235310718
-144.24513488655975
-289.1841507172958
-130.44085906255555
-342.853906210712
-50.42137757010437
-60.25038646976467
-65.01722623619412
-81.87577162000588
18.30914090099759
-68.9311302109054
-68.55922729424992
-9.929298910195687
90.8104976264076
-29.72093601238554
-187.7492314440069
-107.56422984428082
-37.563832633751474
-236.65183642501688
-178.47680877639323
117.8009171665276
0.23649895765959172
220.47515260663204
4.2069666065688125
-62.08530572077949
138.3786404704406
16.836495251928216
-38.78073984115554
423.76086024552023
89.0452473831283
302.6376932295716
121.74466626045614
166.62444082226102
-6.599641021966818
-110.56834774558865
-21.46787404840478
-446.59026703592826
58.007893815544776
-22.373677218188902
78.93798149595568
-124.30060608243912
-38.332745634269884
-19.628998490340223
-163.622388208556
-55.26106614762375
14.81587494165069
-21.872642305510453
-169.80192590994557
-90.1299270846398
-54.15688847792626
1.5189750764257042
-7.122225147584686
-99.9927791772112
-281.3712501257669
-54.93174599424217
39.913348152914295
353.00749179144077
182.6116165256699
89.74796059799928
24.000383520109608
-90.79040388467229
-41.495054518480856
-31.198278996015688
10.459686094024109
13.37242801559023
-39.38888595340359
-196.61121633874063
-32.222179188629525
-101.70936356819948
561.827090959423
36.991305058391845
-202.59284148270672
-89.31175233518479
-263.1216526098051
79.34418553722026
81.96288768145041
-34.516178901062304
-371.7094181694756
42.84399187947565
-1.4459691343654413
-32.17258070302705
-82.61772562922928
24.30328596394247
-80.10353515050912
-37.530544413923906
-13.748942164833352
277.62127770961797
-265.9555656904213
-99.97067697654354
-41.30708373083024
47.313755903689525
-187.03755133464256
12.947362705019827
117.01615547582333
445.0702067936563
95.95782229270844
-9.151278530653144
-97.59516336109587
92.25940605135202
65.08889714361248
-71.7765221870282
-7.19789477128181
-16.83982607293376
-82.92489501563514
-12.278372688999752
-21.01375467380211
52.848573058192414
-123.16243191339345
-123.6654035887841
-83.53191025868273
-204.9548753394356
-73.91625765232587
16.231567595052184
-6.981285147800137
-427.4930088370711
-463.6197892751952
-23.81122688389413
-635.0865013995826
-68.5924108960583
61.78234082404197
-3.226388328860594
-101.13887812141365
82.17051092781003
-62.85001225367159
-3.2594861837860662
6.785525164485989
-94.69313212335715
50.294162687157495
-75.57396642389412
315.2589896628233
-46.91658703445671
-371.99430544872666
-197.14665027458432
-94.8148243250671
-321.74944912195497
-63.777724497247824
-90.21039726900167
50.8643806298187
82.54771002274356
-576.4201205531208
74.37162180213136
-37.39496048413639
-107.01584957921659
-64.38368405627838
-60.39834453136666
-39.71737795867273
60.717298293166095
-346.89837951144636
-532.0754844158364
10.894994410893105
-73.12431074681875
-76.25909362219139
-44.39725468367942
-217.3858941870658
-59.518355592154506
15.646653085083017
51.69606050512266
-40.36991336811927
-36.98348742426424
-16.01836866332603
-39.746177501711074
8.44012602252269
58.161863803794404
90.04941052624599
-78.52755832270158
-53.2192127942632
-44.68648877186888
-61.271397875639025
33.38512723496751
0.03564131809173432
-15.199329266801215
444.25224230259846
-475.10991984357315
454.2642107665379
-17.89363488390427
43.976580701128114
6.165203836817454
-88.48958918197829
-60.09846345586357
54.38382675732328
-50.837487213791974
-81.70322326279165
11.639056563248687
70.7658667607393
271.4558930405492
-3.5827017584687155
119.78914345026715
-79.45123314885092
-77.93152068194442
-75.28784669920424
-41.18543285071064
-9.837666926041493
-196.83843074259676
-70.73465458203903
121.06026980656134
3.328187433642597
-23.619225408052635
-48.41042313326448
241.95370452649877
-35.53867758649632
-103.89000124090012
-211.62996059580473
-40.84036993363634
498.8400464714341
-54.35567208191056
357.5456459827583
-63.04416984895748
-98.51896500248547
97.53832203273669
144.21470646074522
482.49770520061975
105.5443663991282
-12.966982129072338
91.56954989413862
93.3795264367186
-40.35490856912928
-123.12236519352336
214.909924195661
-197.7750706927709
170.45542124048006
-348.9928820065961
125.91122564641591
-79.7387821178761
-37.80337199507268
160.09756650054624
-91.68268897068576
133.45068402415745
11.992033990081836
-89.64529097372477
-106.17502680226485
-49.599586125123096
-83.78211812710228
-73.07472372743253
-21.642543539521284
-0.8136592326491154
-82.48790304367125
-83.34402384014363
-70.8887139722441
20.921278007521323
-491.2789737623025
-227.69610473242392
-34.699186333959915
-34.886182258240524
-53.74234194789824
-51.27916956444187
-71.90622404757912
198.46418578722478
-117.6333969126481
83.22531907742086
-49.98922201348341
-175.63125568472424
40.58790311928169
-258.5509359528678
143.0021454263151
-57.869652029214194
-48.254563695024146
174.7712986143415
-15.087397999043045
139.32432490816063
-86.67749211716563
-518.643126457966
-122.04170251938922
-83.05078212408262
-91.76493736002601
73.19704098075204
-138.08193184944503
-3.5268422460358124
-341.40543883108694
440.61339399557255
-77.98578046643331
29.98303211452412
113.34335013368036
-54.95378209225032
-173.1133518777442
4.960931572253969
-4.2895881878066575
41.263555684486164
361.1052669462406
-39.37930000619508
-319.9673180481077
45.53484973326886
6.350127872921566
-98.26513433412765
-419.4697929421236
59.309652228821506
-96.90731351218892
-53.99390958846287
-129.39205133826454
-206.74609884397796
-32.99669804137966
-132.66863771489443
-74.2371502734142
-14.004352663212558
-11.22478786603233
-28.121932734992242
-99.66853969848793
158.77718438890133
-127.4622659340261
153.61708328517489
151.9961722651842
-27.688905507902746
176.27766100859844
-119.60146484094548
-225.8198297888939
-32.448706958187536
-214.9108554690465
-71.17179925573002
-22.83799436647444
243.13545918091222
-24.495844436860125
-0.3309455441612954
-41.340183705995145
-45.171269975366826
-21.22074339343976
38.28967003836806
-98.12622778919967
-216.9481340270886
171.22812681702953
24.67582675229596
-1.6660527678534034
288.4105944762232
49.27723043259721
33.57115811780659
143.1241159040028
-144.53198881815933
-24.17422514686764
-210.04601413815453
-55.572675510025164
-92.02484681310004
-83.81588299893531
-36.67958825743699
-54.17697143181576
-82.28955129063979
-48.46802809220736
-20.279601426324007
-103.24157121734333
-29.343624550622764
234.4811382072876
-66.85640244313936
23.335862585087398
343.9970880875353
-26.136730677206288
75.6546785841565
-31.63835943608549
-81.7841862527057
13.944191527511066
-6.849712930154283
-31.45571424093805
-330.26160682162845
47.01627755915206
178.8376321843716
206.0576572167629
-58.8283083859967
-24.62350179631527
-46.61591880525203
272.50979597972037
-10.21496202593944
-74.8874152289367
149.59265960019547
-41.20298047658616
118.06924620575228
-94.8177498455025
-64.1646989790388
204.67147068764007
180.12318684242564
84.97814219033717
-366.43404384950736
-78.86499182403531
1.688887714244629
10.675238626497105
27.381371475390097
-44.19424066626652
-142.84942697784572
59.482846589897235
22.020836672040275
-66.25148241730167
-11.716570049560687
91.79964823250066
113.3943618814028
-307.9906530325925
128.11269169405477
-92.28467396639826
-55.92317808018383
-13.949816625814492
-82.41550760677359
172.47763638704055
260.9871388286301
-0.6555902381751366
-393.5417436808202
43.035835596968354
2.8162621013907483
-85.96991932259061
-0.6274839710386004
-60.1456330359401
138.21384196816325
31.197322739448282
-17.54610883940859
-172.67627559306857
-50.2541647856565
-83.02455838493512
-182.48954837901329
-178.57497794617666
-81.30997590755578
145.17318325508586
-82.72564931865759
-108.53763945603532
-12.852288584133703
-93.6758475293608
-58.93289450213888
-70.50212200322505
-79.88236935266845
-32.08459252332432
-101.02961989834378
5.0568601996429
27.057516626622373
336.39058144791306
-36.61696663899602
-16.508051470861965
-179.05344162868187
100.39276492740464
-43.95952079326253
-23.82866281315546
84.75413987607317
-25.93088130907579
-79.54004083740959
10.756488679322501
153.89232814729257
75.17746988082581
-351.3709993920147
-48.081523195860996
-76.73991748538393
309.4122479581638
54.25990598910539
-218.52937523702076
-269.57745282150063
-76.95390486388305
8.791536610603089
-28.90273947949754
-54.52384038349535
-138.2519539767145
-142.4037712210229
-74.96092137748315
-30.647091584811772
-57.02585081224288
45.00031164709344
-202.82086062819144
85.28251010735039
109.29270889729924
-34.41435016299829
-162.47408048194666
101.34119067965821
-345.1300217646076
283.3514977212344
-17.596735945219674
58.328699995054194
-209.05570023608016
77.26430593248188
32.21662436422503
-304.6535210804923
-92.30970092721537
-41.28348123053627
37.83236259300793
102.5211539972156
-22.425686580020248
-42.34649169428719
100.25003738707164
-4.243039627188523
114.93150336276449
-162.93832650772856
-24.84342106163149
-128.12896800561793
0.6289886904287414
10.517378918942256
25.02326278194596
111.73845564659132
20.260471721390786
-104.90679880946644
-139.07062389036037
496.6010513396395
-114.0297034837622
-70.55683852413313
-105.36170595030944
-92.72547725786441
-44.64035717689376
118.85399969110586
-81.5740806097383
-250.62371319617705
-9.921737582882997
-21.76299588807037
101.78125663561605
49.19624135975573
-72.41702037468936
163.02814046855747
-52.535907282309665
-49.50859943591058
182.9788979472778
-73.67069971140849
-192.66482053439722
314.80859057151247
168.18306355801633
-91.18672497955457
274.73606624688546
-197.99109807473178
-70.16625635150376
-68.49104861548949
157.93261381435696
-66.25896006161202
-29.308761599689312
119.95689843075161
77.39345683967804
-8.070071525620783
78.80685053709567
-28.769733144299607
-50.81998247823776
4.281759581945153
-4.965525984038322
13.503198869188504
-63.21067803481492
-118.6983011537377
35.2425165674249
50.57878288500706
-16.747935236853323
-58.07182365065091
-27.17522558903469
-102.07328721499289
38.82304290080219
127.16661422535981
-91.28645254339457
23.288701969000613
-104.80589696931531
-6.9540303090070665
-83.00287428871775
35.883837020972805
-54.116130682417804
111.49334854900371
-8.137474984182361
374.41740574288633
-157.12230016492686
-90.30825696600368
61.57118648791584
291.5454423089832
-169.40821794547264
-144.03190970791547
-0.35583682649036064
-29.95950861687578
-62.460185287852255
-175.03284925278604
-187.4072181399115
-79.58590281381612
347.39174065314
-8.585779272858417
-21.773744399070655
-27.60418623082712
-10.621546824166217
-55.39562427506241
-94.7836601982051
67.4799738005222
162.68408993055527
-44.02433938727913
-183.4297684460971
-61.9455145224766
-96.24677915625216
85.82178214118358
-81.09364556027474
118.42984378716392
-44.94181991199366
-20.048668470248685
274.1886528759105
-53.99694386360889
-228.53855080373796
-547.7762383952904
152.72537153632402
449.28172855773664
-35.04378494002049
108.54732406294352
-70.93630786632355
-9.477577981875584
32.129429545523635
-40.925133515085534
-13.629468757131137
-55.31611912267559
-114.07329058263167
90.60110012326186
73.40981745693716
-70.08126077387897
30.034300529229768
-58.91131847837448
-107.85135843338503
-56.72079895394927
-46.69596724059507
-70.9457348754936
-56.73006090166481
351.19836282669894
-115.06102784718769
-101.51160080195041
398.69100100930336
-29.257816362419625
-120.7347980653085
-81.17124232589015
-40.67215660284393
35.567070816712885
-81.31973813000877
-40.37798799395023
5.1162775067150505
57.63857891022417
-56.584897951729545
101.978045709242
18.415705252597256
-98.24332519766904
-39.563671040272844
-28.41514327824291
-80.26858107877126
-92.18856712665794
-8.009007168187395
-23.462363931858363
-47.59854362069882
19.113957807872794
28.70502564513663
-59.60286373433028
-186.5017916779725
73.87836651758607
-0.3669695988898024
-128.25811392776086
-108.09549665645682
-35.30329383977771
-81.53994986684117
15.06256555417258
457.4507158917804
-106.15348374383612
-93.0126524101976
-97.68085402979341
-306.37111598264346
-79.59688893157181
-6.08315262912447
-65.59586388220083
-10.31008070844382
28.952750488395395
-256.08346650398016
-70.87409430004482
-101.37712813469884
-101.24836520064305
-0.9001420791209966
0.8647549071193382
-107.68593006341965
-160.90958867108293
-173.7518317403883
-26.418437611250692
-188.9933509963148
44.49209140935636
-58.76929894870733
-56.63421026166222
323.4722047855412
-313.5651602968246
-35.660687776387306
-240.35542376852482
-116.1003084002059
-41.6231143202
-87.44250433317382
31.917652054709833
25.528496836852355
-580.4950167545467
-58.42245816026166
-41.34582475909548
-130.75780979087932
-73.81948865132176
4.362625252608268
33.23136820914806
-81.45133080936164
-17.904838935659427
42.38383405503555
-48.32500063790083
-46.04356127391817
-65.22645870860218
-47.690011548613256
-82.18360212447533
38.54382703477427
-12.325427652749568
-20.27893090273028
-324.15175040518625
-55.94448554984592
-62.30445900534687
-39.25856838597201
-302.977650262279
53.94214106046002
-125.07997640250869
-84.39708138802234
-20.178832593339393
-43.086028414615136
4.0772457940285065
-45.359944886109474
202.81854665116225
9.652019920164093
-9.496715522837803
-70.18585918997309
65.01557038417559
-260.4501282182582
-108.050223866956
83.32478186124172
-76.69470792344234
466.73753396891516
-48.77748405542843
272.4905601832961
-60.32795685087964
73.37588342601248
10.505847612654179
139.80089469023733
-56.43817348901254
-167.69962233683054
-94.18058095570592
-18.329520867854843
-18.019597520501456
358.2471803897279
-3.011820232435639
5.112535370651017
-75.46998111710559
-386.1807634926372
-62.75822366833745
-68.95406117804137
-26.321529968165123
-87.94442345028938
8.764266071035081
-249.83598616123163
43.60675302621712
161.9358517600631
-63.2358911461115
77.66794778997428
-74.21158168179984
-99.94945013772448
-70.79992496203874
-419.7567393650752
-249.02326838507724
-82.22238364158963
79.30760588041449
-119.39079284314903
41.79944261028868
-184.0622430552994
-82.30154927593321
439.05123619062215
-17.49908145796043
-118.74611784030276
-87.8751757527807
-86.9555732532408
-45.39356944636014
-48.82663131766917
-105.64729603416163
-295.22287790439805
-47.6154566103427
-39.241103322632135
-126.8880818437874
195.66300027455054
-283.2819814281256
-175.46661804903943
-34.92886705821593
333.07035471340714
-72.66733740295717
-82.1835435615958
-41.682304637522975
-20.432132861057994
-226.57057468554558
3.2334645504753516
392.7361528764577
-370.2011957447976
-134.03965997884916
-41.64520987927699
-66.36562472332146
16.195485252628714
124.43464478427995
-1.9975671606125616
29.147444991618613
-80.4338053489421
189.4458238914758
-121.29024278405556
314.8379630468917
-69.06993302259554
-20.373795672526185
-78.03945696111259
-5.257289696902262
42.285058287401625
-81.8505367080943
-59.420175570920236
498.59185828786576
61.2696742581993
-32.16387674231879
-203.2358370396214
-49.20649535905984
106.55289884084777
-35.568831252294956
21.922417619496628
-38.519831396191144
-55.12576299848877
-49.11559228684004
-55.21124775106546
101.01620997328246
-62.72707025204942
310.014576165383
28.348855342645038
7.19493366652739
-346.98205319387307
-58.90545289410761
-104.8398930535673
263.19512154314907
-195.73648471835804
32.61654539986216
-37.67131133875945
-39.770569166578156
-88.86577919930602
-71.75577981979929
191.19541532926087
-104.31893319758274
202.11422066744944
122.60936871188824
4.87974175619911
-360.2128532045317
-376.4066300288523
320.44810048002546
18.730427285670032
352.08446058407026
-142.15655163389238
-1.0036171475367155
12.096672677182141
-398.30920120177507
-29.149304316339013
-66.31427377465573
-491.541307640613
6.074902762911222
11.567185776073984
97.37393872891153
-117.2772624335471
77.19013940493642
-14.835482153528574
-10.455485217153182
19.195012991783926
-131.41471098307738
-10.407059508784187
-288.2810138888217
-82.43842562074315
-57.64357735353224
-77.18681465737377
-92.94801838496831
-93.14602686674334
-91.13649093276217
-45.839833260547636
-262.63275716184035
-66.70444266811391
-119.52801105333401
-7.2528348337315265
-108.98759624306012
-94.0701038769925
-93.85340268159052
-59.84662530205845
-44.51209738826765
-47.06653697260142
-71.66416510737008
69.88944647990184
-66.59189774392654
-52.80944072256214
8.5745739162885
-17.11155150612376
244.23570543667847
-51.98799011208376
347.1425845095364
-196.4967265361447
-223.36875621772197
-4.661918500645697
111.92326379251244
320.7310318987711
-15.660867156352765
95.63586536309413
-47.46481973698883
-154.38623337450372
-26.61424180074755
-27.164047579365615
19.963102972584615
124.07050001475727
-245.22382148048382
-102.61918523049098
52.08148011643243
18.403032459075348
-53.64360916034275
-33.627467470813414
233.56107409123615
-446.90827246022127
62.93949122160848
20.55229989319696
-394.0252386306129
-57.023693241778545
-57.59363843327901
-26.3456655417985
-89.27778814787906
-54.6796785293609
-292.0392641765029
-25.236845274910706
-196.0631307322128
6.447434978950696
-152.30362741771205
-73.93307214304455
176.07877652214484
-68.12880123182913
-118.64419906354487
-2.3042085749639227
154.42825750173142
-92.28625622077016
140.82093533919578
-17.265616464104824
363.40575656914916
-145.94802377746782
-151.2607109273158
-4.695402842282419
-13.540410772871837
-36.32134002324602
-541.2497878263621
-80.28651138734801
24.91763189926212
-10.780948092423841
-29.012804589923874
-82.06710735280103
-255.7740409224898
-62.019654505860515
-127.82899137213826
-311.04109492281896
-16.161673179092702
-72.73687446748079
-69.93033957835542
26.31063086332506
24.24207910860696
-20.402446976324708
94.39221055491362
-122.53764878064612
-190.9160756825204
17.14173172993378
-26.365898959856622
14.875401474447244
-337.1456150515296
-12.342523323424302
32.24074817553992
-88.90444354708416
-20.29341454507744
15.412859594427573
75.98298009921973
-32.54128720756201
-58.60926513465233
-52.29903088530591
-125.45526969003186
-128.84525608162403
38.60770621815891
-238.11575683060346
320.63207972455893
-58.66373122664663
-229.9180619846502
-146.54535978160038
150.1634255435656
125.93099362607973
-326.4318274121324
-29.698355916501832
-50.5097818974171
-24.394743007146985
-83.3956408356078
-79.19541516318787
76.17663621818247
189.26592771211654
-131.16611778523293
-28.844910416604762
162.7351436714889
-53.38596334366548
215.95215650023601
0.4038502516382323
-33.08388380143049
-98.202605309728
349.10575026929473
-95.49606250544262
-161.24353797710683
63.8904496397472
-41.8073649930656
5.641698491456417
-349.09016920227987
59.61945232292328
12.56613271372612
-18.73810954783039
-83.14357655347158
62.52584201488162
-86.636871448193
-248.80441259341933
-9.227293057752831
-42.20894388933141
-1.9617068931097492
48.680144997163325
116.3335254160902
-102.62547212829044
88.69437918334916
-164.6977911685599
-59.66195486259494
-86.30608483129026
641.657283310431
-25.996334208006374
-102.14322418369011
-134.3061006231128
-75.45708769909606
15.474581671607211
62.1101818884714
-17.903047025801968
-17.36765073524566
-315.2661768290709
-198.77412333765278
-62.79503984547905
-53.964435681110714
-415.15608644487656
19.43670755566598
79.59306833954452
-59.10958538719933
-19.313517445999707
-364.175792123493
-129.47548663239286
139.50945809314612
-38.76351779247125
21.523816456912755
69.07618430803814
-31.206573093163065
-79.24046537707454
-78.31208207455256
98.95244280126462
-66.04413803386177
-42.95246159410817
384.300630472615
-42.65199916747952
-72.91593024253598
-181.15722662767803
258.316906621234
152.6600250287902
-34.31140203088762
-35.80502583414
11.595950799099228
-26.012735190632156
-391.719645881396
44.197698854834925
-70.67959390282704
65.8698339016737
123.13266469391283
272.76505180585264
-47.731915915742036
-1.2674229499357352
2.846725566270976
-0.1223204747334421
-368.59535989497454
294.2644473477394
532.8649260160109
-102.88171024555996
-55.77251329863482
-61.77423456874385
-66.60391389740178
-232.21401136208806
-47.86935003560029
-167.528378328685
-107.18948248293572
5.8348911046683725
-191.4284265564711
-96.58838715391721
-136.97271820698916
-56.74503189464259
-35.6315027046694
-85.2129148285849
-20.80559474692734
-39.98250705374981
97.52007773145124
19.165424962751786
57.82884509721589
177.57845395457662
-123.22137408327217
-97.86050978420099
98.66277374923175
-514.5456449566882
-262.4681886952894
-230.02936176744697
-114.87934773631423
-45.74703367139115
-1.2906015150313976
-74.0537273876553
-27.930863486799353
-50.850579351821466
-20.236142499369862
-12.233955483725367
79.94496747666562
-102.88671934058203
-179.17908654721668
-50.63581343618671
-52.59789376487373
105.33738082900163
-44.61633035421245
-62.41595268883917
-13.90055236066911
-50.584376304506684
19.61991008050245
-347.88286804076597
-55.94638872089819
-252.86658632938816
-110.55948974648632
37.79931051559515
-282.57459213184666
24.110352157408215
-49.38413213059357
406.0340028521523
-66.13948522213215
-57.76581203970542
-249.1932809242062
-52.91544419381535
-74.74345343372693
192.94497042518014
-577.2878556294309
-130.5974890399034
-29.62359468107351
-9.12606536726924
162.21318393519869
106.65784776142755
251.43217337026
28.0634220414238
-3.870733935747962
27.95567952617057
-91.42719066682548
93.04493366384486
-52.220065143716056
-181.31068799426612
-353.4150080997715
34.37590148627942
-44.86308285827598
10.078477388253532
-297.16056026212937
-96.73330605536047
-17.574216356456418
-59.30569111838186
-57.485509313303474
127.20304765980836
-12.684669855744104
-93.75485654437354
-89.26186229076178
38.142103169655456
312.69354507521166
-42.21268365906373
-10.045343654222961
48.674171912856764
-425.7021066090292
130.55941447224723
14.62597654468982
16.255704694070005
442.1581159536072
-12.822642029765404
-161.05460828971627
61.46237663374632
28.427272786338563
-25.116349769013567
-66.93019131717465
8.483576181399258
13.398846251775467
-82.95951280826425
-34.44311300017853
125.58560135496191
42.437408266961484
78.25405393258006
-51.08657787206721
344.4476874973716
-160.42108352982177
360.1932490754116
120.14979300085861
-69.09516738481447
-129.74338966675828
-221.20522396738124
-168.711081724623
114.30091069553464
-56.41860875444445
-42.32673633667139
34.46367286345776
-106.31040218916314
-61.75606434444671
242.10964181516192
32.322207437611894
316.31539127353426
-51.531580677388774
-99.52551507082327
-101.04170826104296
-422.86451980740276
-88.33833515132756
-65.2172318092537
25.146368531124153
37.671312664228026
-21.86593536359277
-71.36191257637074
-49.601495604240654
-415.4756648481771
64.87245759573489
241.65202706119453
89.65315677630815
-35.583523438886914
-61.945316460484975
-132.23565338565186
319.79168006655163
-66.11432214170891
-65.9622402129457
-96.10728989594583
-95.16117910642265
-82.59769004648471
88.88085879608843
-86.84806987424508
290.510992614154
-51.08859114946081
-325.2039459880252
-68.77686135577986
-51.946332110445965
-28.656307983226725
354.42415824641466
129.14251371997852
-63.17169316876425
-235.06704116289438
-69.41110890846691
-46.296899627672246
-100.81635106640053
-24.378644196846345
-365.3218080831339
91.6153050936523
-99.33004750003757
-435.006646949123
232.54082206538078
4.971574029636047
-308.3957136277586
30.805108473012297
330.67573210892806
-81.41561712118579
94.27734798905612
-61.76409949807146
1.0252648518562637
-30.2985833178318
-2.463753255828092
-35.80870811347661
-64.29588015138506
40.795763994263325
-7.958598029628774
-65.11897020601296
220.48309323206195
-199.05089232719365
359.7629116590997
-145.66562425473694
-19.261780300269038
-56.06824416441312
-58.15366232916798
63.48500429834894
-118.88942466580556
-84.0184946640195
-70.30695870839781
-12.14339764709348
-118.84231930627539
-229.93993922586196
-234.3938207121264
-402.8652110297735
-121.2446890436022
-237.71779554580462
-143.30779431236078
3.712537156250464
-21.908185886116826
-97.24196694131933
-26.377756115009106
-7.812272935032524
38.10600992259788
28.731790279853385
41.616344311678404
220.13584045315474
-51.22164208362847
-50.782137974290585
-76.15584106142462
-42.45396982604598
-3.1324045375827154
-76.50643747916547
-78.02719958616758
106.35518874112859
65.52776173757593
-94.05223973703141
-57.69995825769348
36.24608112994247
-156.24675241145997
-51.20160945465062
-173.6847215491107
90.15349525667443
-120.20819769119933
-72.28400947606156
-112.12898050829102
-19.772952692278068
-235.916067744487
-71.30056753879086
-67.57104680916927
4.024871516015992
-45.07268504605195
-359.6542373820412
445.2195402567795
78.8268319572253
-81.12973143317731
-7.8862205901368725
-134.09278170457492
-108.62960701942393
-52.442530415251696
8.532745533439083
-52.332208641327156
179.47361120591268
-184.0499817250202
-45.533466819706064
-26.663355284513273
121.3740553530697
-43.28441519791197
-379.23600261546744
143.5852183660245
-58.172041483408506
-37.75777087617689
-68.84723989187073
-89.9053989693366
-47.162650326881675
-91.01099817054728
-55.53242386214765
99.01179351785686
-103.24316393785148
-9.374541973573741
-164.29038734114874
324.9026089595318
11.326368787944375
-378.68192245019236
-43.94304546784042
41.06329129050937
-62.50232569057334
-417.82159049371694
-292.5109260001336
-35.820131241420626
-25.239474784694288
-211.14127010665106
38.17947163142617
-36.92787027218765
214.48271318457955
-98.25092269691413
-10.642711340134099
220.8765902867508
-103.04151741554149
-98.12618795445205
-48.014165721273876
-8.678552561813376
-78.03278609730478
-77.13888696890172
294.80435858093915
107.04644069455571
96.09909838359272
-22.00561463963902
-36.25837626240907
-366.5906536376697
-42.26161579269145
-96.9254087284731
-12.588502361698758
-205.94471934726334
-79.50204310189599
196.54083440587965
236.94491310474223
130.69923935138013
-262.9119929674398
-66.54777628090504
-34.87863450570694
102.1151989580485
52.39443914148751
-93.89871753494903
-22.676651021697182
-62.186275062074856
-81.6372945686553
-111.49667585314414
90.95998639124264
-128.2445083782659
-8.990724068853524
-29.32821322661238
-81.175623758541
142.5612419086956
-326.85403384007986
64.98280532144054
-60.29860437255059
-21.311681117544936
48.915166954022425
231.86987395006872
2.370522764379217
304.8648736223149
-140.5917793957533
278.37445831431614
-129.33790713581766
-20.114743711925613
-8.77171618914071
-318.09046905669675
40.96170965225974
491.6295202551214
21.885190731291004
22.869289757772094
-17.713175811793917
265.7954382896696
-58.3417740852624
-70.57045308314189
-63.40968247791534
-314.26953638143095
-196.90227461380528
-42.207355221033595
-70.74017432239337
-35.227657219938365
224.30893117212145
7.04606657423119
119.14627644907705
-100.11805841376008
233.58415588280513
-61.18445693651478
10.869901793709687
179.6839439250498
-54.1524341143363
-49.025343108186775
-109.23395106487916
42.55380138132932
112.41420163375187
289.8778508730866
-358.2899736695399
-22.546570765678382
-112.95273044840386
6.38432004180504
-443.38554872831264
265.55009129762584
-17.831441694705706
-85.98680657433465
2.3421528496203337
-56.478684519561874
-97.245111765611
-20.727964614663733
-83.76387794900756
34.31523947784444
307.2639526739349
-286.08050281184387
-41.10598590037932
-8.118249684795956
-95.05960291559765
-12.314416302173413
-51.89332189730336
385.892354723901
-41.232580570545
45.657733826401454
63.05141883992928
-83.22006350206311
-10.209638216262647
303.6353553136614
14.672077177325434
5.578427017771901
-189.19342726100513
-323.9332642733352
13.343293782778801
-48.411706790200576
-138.34055948830974
449.82721997507906
-87.82020504156712
-21.476161630060375
-198.07534607093385
-118.9655301978011
407.385137886582
15.692677570457818
644.1522573079874
-74.93697299506312
-0.819010594113875
323.07447320803476
-45.8831779313623
-242.61431511012415
-2.5714832535832493
-30.382046606160657
-221.8804886868529
-34.75073862516102
-187.0718540839689
-207.1374735899608
-29.003168357015966
193.1874716606253
-422.61621647779793
-259.753415713747
-18.369780975642243
-200.13114126150867
-55.30530187831522
-102.83131171985406
-92.05296606821257
-37.76693230795297
-86.94421763100729
142.7549546522223
-82.30179588860709
-44.01747133673651
-23.929686076704456
114.37154720204671
-20.31945866775913
292.44415138670956
-110.22670655525083
-230.0502804241496
-21.16411897758462
82.7335484504456
-13.47895183877199
-46.784617858160345
39.63036388612795
20.74677474582859
-41.683084912019694
-52.15426972465602
-31.032324623517525
-25.002995535895934
-206.70340389793637
-14.207540507883095
152.06247472102405
-34.42977278606486
67.83024774672072
-562.7370601392231
-101.52246390354594
-595.9676073753035
323.45797481225236
-101.34258661424423
-118.64072943227802
3.2522356384233717
120.64907023127671
57.459942628918725
-103.97896127287555
-189.2706853296786
-6.840020295870545
-62.377795119501066
11.758218289680372
-79.71207633125418
150.39666618724095
-123.5800075828356
-280.16189382226
-65.13436727190776
34.25851358602449
-69.79850790410173
260.2176863087552
52.51072304216177
-59.161042035170304
-545.5259067510251
-150.65129587770753
261.99558017263917
175.79763554865895
-246.2509325309593
-105.17866615054179
-81.16787310733592
-24.353648780786898
-334.8497844209014
142.61834590897706
-81.08687260333272
38.11961844763255
71.25667528025815
-481.4698791386413
-23.953211677029877
-312.5207794332946
-91.33817009265218
-259.5991923135898
-209.43179309550032
8.602567228029784
90.12515276375734
-18.395794163676328
283.5936371918724
-3.5608508764898943
-6.783664189057163
-114.21523093090764
-80.01855899544323
-59.026438671478445
41.417502129732384
141.1869469585872
12.939727142952602
-55.86083041755916
-58.385628661419105
-33.448213416001636
233.333115378171
173.1702526496265
186.27409092360904
-78.74528400033705
461.56414630037034
-221.32622229845038
65.3067086750907
-58.1438030107921
14.831437925453429
64.08161927968149
-104.86089743533326
-42.49486839807787
-99.06941549482508
312.3298084080898
-30.921800600717688
-69.49251762789109
-576.2520295155373
76.69193675145652
-44.48145809492969
25.49709270220046
272.7132097075955
28.20588846487408
-180.7321480597584
-65.32431916293456
52.15100757053369
62.56873084302424
-49.40774175769625
-72.65187704623163
-426.8516750445433
-3.766303176706581
-493.0865066984552
1.4473825273803413
-63.90356045568986
25.971409484958713
-227.03688015255466
-565.8166270053207
-2.640699834434788
101.82203647605729
114.73444805593044
10.46752927811556
34.78793186155053
-45.36973337406218
52.68844776163951
-355.23474522374454
64.31432946425957
6.860145434518927
-517.4138268895967
-27.16973244540395
200.61294568714766
-64.43438991745148
75.22615099098039
-114.92721546346365
-58.55811212860143
-366.9413044245084
106.19940676753777
12.588690707473212
-90.05537696156625
46.54304446120477
-185.55149750543478
162.13443872115568
-14.13955526698599
310.82920023261613
262.09814045321036
151.90482474120472
357.2096771787201
-21.904102688540277
-0.9866086558443214
-38.857047142567076
370.4301877570597
-135.34668084047007
-54.98057409505648
-76.4396396052582
-80.87395530788308
452.82360979279474
-225.43489447043248
-80.27194747465732
96.98530095575734
269.46046873368505
-143.25297398594375
-70.42405844706866
-293.06649904021106
-64.15606533732728
-75.87329393449296
-168.74668814481902
41.26574338717546
-40.5376181217902
-40.553438105778476
-32.72781682757483
-63.51763894953563
-51.14810206796108
215.44426598809378
94.49473160333582
-85.16084607532457
268.04176543956964
-377.6940020495167
65.89779678329796
136.61148538429097
11.451021358633625
-88.28700332016297
-63.85827838488376
-31.37867632020425
-182.736668111168
-73.9578428215791
-141.1976379400112
35.4888512661737
529.3907626305672
-16.489351122028893
-128.29120668111864
-399.651119609699
88.47123038394238
-24.1648340193924
-58.57459941980243
128.46285715079284
-31.06553527805022
-62.23021583564878
134.8316894208092
107.92895089057947
-311.0296811961598
9.674284549077129
-44.3472186889494
-83.13285658464702
-180.3761723583666
213.27446687818883
3.02319600017654
-172.05990663721514
396.14847563989133
-50.209965974803104
121.67956548465918
69.46564180025689
-122.07794295591884
26.650651939156887
-21.849922592286703
-149.58873630442486
-32.3744293139805
-65.74832837494111
-113.76663519457183
-45.24083981398872
13.846768088396686
130.33932925735644
-66.35035349842565
-35.919926865558296
-44.50980125717728
-65.54805840778573
51.39432791451736
165.11459159199512
-2.8481421660762414
-93.77239490571644
-145.28720141021586
125.00619758828361
51.497171237777366
-83.45718387203146
-12.692624517827653
53.92311628741663
0.2754070257545056
8.533875398437885
-55.81805945490058
102.99460402613295
-157.9665289137629
-50.89785306754675
99.58210998914001
130.4779835344125
-3.341474412385651
-29.036054866262916
23.742584466114295
-465.57150732369337
-184.41959062641854
187.4882101692856
159.99694035385437
17.286062017055883
-67.06004399289213
154.81755316116914
-419.30648940474566
39.130964611842046
380.54021645868306
-52.09731082397039
-29.699678270073242
1.730208467661214
-30.7580112972596
-80.45989409141214
-111.38297524952077
-72.43236230502342
138.36778853125224
-10.022761484456169
-48.07334496638941
34.11080710603206
-19.59936840688173
43.01295211031811
-90.75202176302628
-69.93336191964394
223.75851837850314
-90.90252219561117
-23.939371481797636
-20.585375814089275
-89.5414709762972
-67.30968106494583
-49.42643936358945
-37.698110063426704
-78.99717069781937
-42.510812902689615
90.07318430031046
-47.15347404901249
-25.34398787261648
-153.58458802602036
-94.46934750619381
-22.38097376297719
-26.97284986229596
98.70278363403213
39.34402769060762
2.3465274852624134
58.773146886490395
-341.7232857483232
-73.75458055869512
-36.69767929397676
-8.840177495556247
-124.90508076170954
-29.894264573467034
-61.56745156464871
84.01076073406102
-14.709818001671636
23.9164329343007
-81.13530441531816
-6.836473830646355
78.4079953202654
-471.53288659965074
33.584013020968996
-42.56450333725661
-436.98237610015894
-203.19953118311423
-87.80860216090696
24.963402250113177
-51.302539036785674
8.577454820231651
-74.17402254471301
26.34728829994674
-390.024162560705
-38.08868209991397
-70.93098448079036
-388.0814415594905
151.1371610981496
59.56813097097904
-42.51425646627831
-379.12030480112116
-106.68188228781122
14.49969894204878
-185.36467673668994
-4.236625800888791
-67.53612478793565
21.21759771651614
-60.29695258960452
125.6189405304458
-54.52609091693559
59.234849985165056
-39.529573936645576
176.97352695393647
134.01348750183388
-79.23393526477619
-116.37425820333556
51.47911875192278
89.76620285754734
-326.4059703421626
35.49341913594162
-48.72188497168032
-321.12509398932525
-53.05260785541908
-89.69823940460869
-429.8935245270404
-226.78640013257882
-2.433901911653397
-457.09494936169085
-19.43069080379108
-66.22076156309117
-37.65721936228874
165.62921600953632
-72.81683211934035
-90.13224320865544
-59.85951737358398
14.164960560345207
-21.151998720361007
-209.82206007942295
16.743126549561566
83.1393984658589
129.58320088988648
-28.484164718284603
-17.570824295062074
-6.4013896522099465
-267.27625321823143
149.58849916029067
-39.92039758105514
-6.861198731112205
-70.41539526906065
-16.01008383985651
-3.3629956217719155
-76.35097111499559
-284.4357021544365
-207.3713802440725
-133.5128498173999
122.82396702476944
78.55906173649691
456.18482251018577
113.32995709875104
-202.9879808669557
-150.3894443021709
51.53946950746649
-70.56513550290401
370.15571065719087
-98.57672635747622
-179.44528919689947
-52.25495333056576
58.64289340693358
-86.63874782729272
-168.71387800158845
-43.59318746151367
-17.4231848595075
93.51381619763424
-100.78203205307229
-35.61361330710977
-198.15529162284838
-79.76485131036316
-423.7467342107193
334.22470429631176
-32.73195075037074
-60.21669168302833
129.02028483633148
109.65389524911461
-78.11502691044734
-41.979365418928914
-233.61289231357296
458.7487286622036
-124.5001348239457
-121.51060958459857
-51.005772725798806
424.0429668876095
3.3210403221523848
-47.647492576678815
21.14939552787291
-90.10198108230179
-41.42954356957862
-84.88289710071014
-34.494956681255644
-62.66878555761818
19.84402809513813
-71.43813007786075
-19.560449614678873
-65.10140817064499
298.68838132509336
-23.722409992407506
-57.46704134389163
-279.13505909773266
-118.68358549575896
-31.456973952451904
25.553388540076412
61.85247731249365
-103.61484232220573
-137.1650981814164
-28.67718188059473
243.4232048756021
-76.67008384943223
-61.858386393070276
-84.85967824842211
-305.77092230247035
-12.873288759617253
521.3290749564858
-89.4479763364487
-142.41335136387352
-85.00604720259079
-0.1688425154752622
271.2875033558539
-137.46116994484146
-0.5183729066298992
-93.58728810338619
13.77021143660022
119.99889012087897
-107.37059970683443
198.3993915608753
-107.33716669921012
296.7566240862907
66.52073488579117
-9.52140590463614
73.18386169368205
92.19653929255401
-63.77589909252189
-77.29554638229274
-49.29100008732797
11.762638540792523
-413.05614780040014
129.0410585695936
25.661561918763255
-57.7516414730835
-25.616196078511962
52.90682469530566
1.9243067953623267
-92.83080349954434
20.9746255881073
22.488578935279747
-37.99920703876446
-216.11162430023978
-57.845071992778685
477.52752528084056
-47.892093570063054
-252.05155278125312
-51.6857346307541
18.422642386882217
-392.4092031051332
12.483433574065202
-38.16795841171672
-53.00915748944931
-99.53324782473547
-97.58799481108508
51.35332207493775
-12.930407429768252
-43.80778351300454
-14.787095528015925
-33.833225625427076
277.06290708015877
25.85046367454015
-126.18706095083417
189.85486099347872
-16.836500067161296
-73.90332543208024
-47.66140953550567
-34.36046917059629
-132.00648730524154
-66.41349306486518
-247.25264566591432
-8.968296317038721
-259.1113015828996
16.087907877886295
-31.776591558099277
-185.07820637760778
107.6010577180241
358.70470201558055
15.50081446317563
276.66156754609074
-40.15726349649917
166.91094839102698
-37.38961146080874
-64.59345649660064
45.56433415528409
-134.39438049829369
-140.337332575883
-123.76889354430114
-13.805509497933599
59.99947849104228
-78.164479240602
-124.03507547801928
-171.9886390020456
91.89917097772195
-152.86906539639676
-74.66793641710694
42.77645348205988
-401.46598467155854
-73.98364553581105
-8.487022967882695
-104.1712791886257
65.5904047284339
-31.058673553017798
-118.93646974132375
-4.112773311486308
-111.64607350460756
-153.17325518261896
9.40076282875907
64.78232665971154
-95.646217270541
299.2032571739055
-78.3011428584914
-7.228495030576596
-35.99291307656313
-92.03979303062647
-153.93443906909124
-69.28149904673216
-18.535643356556648
-44.77075183130182
-35.482650856604266
-109.05052697672272
24.690521126399744
-18.915923902158738
-309.15427416891
-57.516122082903166
-92.52295463187092
-71.27652742523574
18.7216455565233
86.09484343364966
432.5090966326925
218.66251334539265
-90.33679798074219
-45.372022732480524
-30.362769877641412
290.39971246651476
-42.21430097034035
-217.9063881239781
-205.68889324405427
119.98927074420817
154.7837881402047
-72.72704720196829
239.47487857239685
-30.264366842404282
-95.83421550457388
226.83011588387126
29.375757584633902
138.28293429401128
60.777520725718205
148.69836570378175
-122.99786195232446
-118.62639071562558
-67.85253564028244
-76.82456951405335
-34.77771093554803
-24.684993081877792
412.80948706704476
-66.8005704673499
9.52158183005713
-84.66395414012459
-12.112728274939059
-65.11025960693769
11.859730562124241
-74.39123365119391
-146.3328512002936
-114.93070991845205
35.31437041131903
-101.49226574375876
339.1171320509093
156.3950686942644
-20.244901297642173
504.4034057599147
-21.372137637995138
15.377016043712501
-123.78490301341922
21.10680819556228
-13.173689061284676
-148.65539116581886
401.2200969850928
-90.39234879311395
-39.776461278941824
-474.0351194457926
33.620320775635264
-36.993156780350375
-89.84503261291229
39.57590225943568
61.14194357669203
-11.492789910451393
-134.85221906417428
66.68898914703777
175.57085340622507
-76.38706558834383
276.4631147666787
-40.62753505435103
-3.5282247938028113
81.61710947008396
-342.1243481355996
0.013033057608481613
-68.58145705224388
181.01286709541637
309.5717718575779
392.15280709238687
-132.67915977160555
237.6454254592336
212.82536243408686
-38.656822353388634
37.722414468174975
304.6899954771452
75.9325609726493
-22.789285119312485
-103.8266723969191
-36.07782868312461
-87.4992180524378
-119.2606009169202
-0.7450984028945161
23.093769653988602
41.781017129383144
-29.786435460608118
12.278718129852678
-111.27759116672468
-77.08527122993425
-38.986892851599805
-16.270220982993806
3.263387527485079
-31.441628593022642
-21.8456587133867
-38.25377690119558
-25.128902922002936
-108.83438775432478
12.002952200845812
-38.51322261428455
101.83687765979448
228.95714513846542
-72.29715807025725
28.77143950382623
-66.2837393677849
-64.4431791265888
-80.33091819540732
0.1519592102486058
-174.4410085204181
-78.76114038298851
-6.580765818956024
-475.02528096346396
-59.67343007274623
-36.7320223954448
-43.96257727822564
438.4965170615433
-366.37926366592956
235.83495862493874
-8.792058629493113
-11.769177743094392
272.8294483461359
22.12357474529017
-24.03201480485987
-154.49610290162673
-163.00810719120818
-55.21382300398727
265.0072189448283
-590.8323547670498
-27.267856431597394
137.45583159049238
172.5901907089533
-61.8927171520063
118.11853511578738
363.335429409226
8.583197183196262
-46.699539547512416
12.363796618333154
-166.63704759888788
92.27369414505301
-48.10084774430741
-195.48598406135534
-17.98632312936229
-121.96601718771126
-408.1300719792216
-190.8351757570963
-44.915800076286615
-62.351982936586865
16.262991933253545
-35.8073532265189
-184.39378292638867
117.64412887947401
-108.36272027441532
-62.44579566321569
-96.02302677079314
116.80447284488127
47.04920790342294
246.3252796223951
102.70191567540496
22.733272486365877
58.27404692769733
275.6175891860039
-34.654192091851655
276.2641730091955
9.822048014469146
-68.18459129350504
121.2051854248216
-39.53895292098485
-84.56039439816414
-119.23209315435315
-75.99008706547647
-67.90237751463428
-60.34956211057215
11.764372398468431
126.88644183208453
-66.5451776623413
-49.713128121257796
-87.93469075845314
-67.39046138199001
72.33470302065552
249.59197848228177
-150.85097656395556
178.4003527421437
-444.82598808576586
37.78878272289148
-206.57741030941133
-267.6574604605976
12.170198394542467
-105.96548368942746
122.58755182637469
-106.85877609442105
517.1332116229951
-27.05217881321164
142.7883986701827
347.69401656244736
-87.33639551974551
-61.73350902941445
-26.25883787714244
-45.999986592796006
-155.9781444273649
247.61869046495303
-38.5922605854048
-79.56789009379938
-34.7519207599093
-96.07711388224925
31.62253330731619
-27.699028973384916
110.43997152695374
-8.895111388741498
125.57933827655961
-96.95420656774867
-51.05760670321887
118.97581816052843
-206.69699391608629
-236.05589962832164
-4.374276213330631
171.3330940369924
-207.99929019289993
-81.78439867847983
-90.89145608749595
-93.21231510053151
125.39690422669719
89.2854807486683
-14.984438646897615
-17.13030700209323
98.54620643785711
-45.90103718299633
-48.35429041706493
2.995352002340951
-49.44087857209169
131.1670980687377
-79.02716068401207
-89.73495705501503
-43.54993331628725
-27.948004419210577
-70.46151889253733
-15.92410057296911
-89.43775153571539
-98.7027822713826
-93.57339344173488
93.0758762483656
-51.78650782215456
-204.12736782933825
-344.3705718830297
-60.43295411812636
-199.05416375927234
23.431562023768493
-100.36525870800031
-35.514843714934614
-44.93359233696992
161.5324637886779
-343.64884850141516
-52.18450990317433
-91.80433052397724
141.53693281694768
-134.08066671299457
-65.54655429862032
-402.831322828215
22.841447251609225
-172.02736053083663
-155.7947341846898
-55.30436053960138
-43.81719143853898
-92.720923790082
-98.1712525154043
-132.83470858588225
-48.243675535125305
-205.10710714956804
-50.38580436099624
173.10138843626737
121.83622721975735
-82.28004353644428
-50.0077563873092
-212.69434329627074
106.2052594361794
-144.2107997802823
-129.36757860586278
-33.27465088242889
190.63206308050212
64.08350558900383
-6.403098852546009
246.00097712224397
-394.24894678548117
-9.775636508702519
-198.863810857486
-120.34822599042673
36.872613952466054
-49.20288037452978
487.29588649196285
-29.81759531607036
-79.23269187411275
-44.33116489412875
-45.60773095513957
-53.37822936924772
-453.53246678126106
9.6455172976207
-98.46902957230213
-56.423809497837674
48.93745447430592
-55.08172872185696
-84.57119660819995
-110.68422554554127
-60.63396427783849
228.5509610686222
-278.7063785135324
82.22384485555813
-62.84663352812788
-82.50690829733674
-1.6835629420488658
-54.89427553755522
151.92486328922678
286.63445292049255
-75.85819906937793
-76.25163253524178
-327.9087002167307
-12.572495441217336
24.711862419158933
-116.11169926064304
-87.71457783722714
-43.96798994498681
-365.5941524220916
156.24899068554987
435.8926168102371
-17.870627030489572
-18.97252320433836
-240.74565037383036
-105.55465643633215
-75.38993917282914
29.673788752626933
12.016795268054466
-255.06282733598255
-75.83616219915537
-59.405122999224766
37.06164910298048
166.793414670346
-22.121517154940193
232.436172610438
-14.827772677700523
63.230238045907754
-35.71542758940814
-156.29026839524522
-100.03652288856746
-5.1285839897498136
-213.7681443018173
-89.94704740706675
-314.5694921552822
-49.75632939002648
-72.79875063697263
-70.02101888982656
110.58418391408668
-57.95649110713936
-47.805044842124744
-78.2956362708134
489.0228296338555
228.83833450033126
-17.77800930516878
-298.28006546827237
274.40734555332347
-18.9708893063181
88.62250345743087
69.82603372726135
-131.54100362832648
-258.85594194016267
124.67061989818103
104.61727177513058
-108.22091298571013
208.4752806880515
517.7983403829476
21.039306944707278
-90.98943714195048
188.2145869795986
-66.8955962205024
-279.9729251605977
-45.790482675513886
-50.76369673854151
-17.387693591828395
-64.30848318879741
-77.62200826432961
-325.8944697166171
17.76677096219376
-29.61819784321949
-61.38957925977593
354.28583117429116
416.97757212834586
9.2076521387487
-100.50098198810338
28.663658669967276
-73.2100880241959
143.0945822751437
-61.902640026395545
550.1112468939409
-192.77741579436952
109.74662641891155
-58.21334778319394
-7.862594371987484
-119.58026264341242
-61.09731483814658
-41.88230527555402
22.231249340753493
-25.1940304591285
-186.49965450679338
-58.80345652780852
-70.05179080567603
277.0249001552802
-18.307903296537546
383.77804761506013
-1.8785626791500363
-2.915215894360756
126.956363646299
-139.30780461007777
-24.082018133474946
-239.89343952043055
-168.26117377077935
-55.83410350309568
-17.118720009794743
70.43511293140364
-37.002644684242796
106.65928780835202
233.59022685576565
-141.26083345548614
132.97054407089854
-96.80134985544828
-27.998896990775393
34.578050487472865
-10.894351528397294
-335.39234801872044
143.82049324625223
530.2304852233192
-61.227392622966704
248.4729728799739
-197.82000648471058
191.22792194816384
91.55888034821874
-67.71222976488197
-61.822650663877376
417.56497156227306
146.78246360693993
-140.08372934934596
-368.1947698326476
-8.428324994370996
-27.653258248330076
-59.43015269095489
-90.13964147935145
-42.76295245430629
-45.7689644674216
-36.71428092355109
101.85219408329067
-222.4535709711763
-24.442069911949147
30.97278657788678
-86.00257961250033
-59.45459257518759
-94.23984310950621
286.4380352438184
-88.40080555364966
-95.7481933793625
-69.98084154156044
-8.097951733098398
49.06476639763059
24.7001692117492
29.37584938379223
19.520191910082758
-13.258775933064499
-163.42622397956438
-16.212022239161
-25.758810770595574
-241.02295917170886
-50.86956723284341
155.0328057984134
-84.42772022294957
100.22308662766409
-83.93221081913453
82.10247670994158
113.24060798347455
76.71218541306507
-48.1748080012203
440.80511850139374
-123.97961972386838
120.69287066631841
-68.06503573906699
-100.1495618078443
14.193070793566221
-148.4674906679047
-71.59096864192156
-129.76975594237774
31.36476255922389
-55.878282683298494
-101.0124776620487
-52.47565266669119
-111.31638570714495
-68.56092060031688
37.602741288133075
-136.97571045364384
239.64021036947906
-83.16923960154386
-8.824862171705835
-38.955429837255906
131.49800565088935
-12.81695766345365
-30.02464497664498
-14.61714680659391
2.4728359505298894
-106.05446707994633
-278.5978547437808
12.148522541740931
-36.67957492380265
-127.96040800068113
-151.32574276121068
78.90953408526184
406.1189779639717
87.10247407806855
-143.12391842286797
59.736927696600105
136.05091405244275
35.62223781639477
-62.660590107911936
-132.29971801504144
-116.3195149482417
-49.268611474015074
-10.913638250865006
-41.126870608277386
101.65320436624825
151.85359337050522
-64.15437181558264
-310.42311480889657
-35.76950133115531
76.39181723625188
506.6374958849374
-43.32729680721412
-144.62626302167337
-43.81461764010166
-214.80174427357815
98.98585285108129
-162.53778629122917
-101.54671699561804
-59.16016944028642
-114.44474667007125
-17.756020437720963
-79.78509543029811
-69.05350260790429
210.77905081747122
-315.46735844358227
61.24055410682104
431.61489795501984
-112.54725707180764
-38.98502679045396
231.62661241844944
-233.20813069573887
-325.5063080048076
-129.81703050774195
-89.55912435906706
-170.82974919446679
-48.89765048473237
-59.80686498336041
-39.471517382649836
179.11812157190252
-72.43667411840761
6.53936553183803
-50.738655467360246
-78.18100676290669
-269.83226276072673
444.9502405173498
-106.17762701380161
-196.03786658111676
-143.28844621106145
339.1429371618988
393.584499105973
-220.74055271379984
169.37666250577513
-328.13639129425974
-6.933606016033082
15.540091829115735
-102.28853094523947
-308.2546328843546
-79.8592692517741
95.99928085959118
92.57060515420926
239.11422001768915
-141.98102651441195
-75.13773739250246
213.4619415725956
131.94157552669094
-413.982412569856
266.0846582247905
-8.845032050938244
45.09057482848948
28.289165305022834
-111.29951267929573
-64.73236070465606
-80.4105031442872
34.77483138549769
-13.025190854816174
-158.03852298469792
15.903460544337577
-136.56883185801962
-139.24334732260832
-92.17237472304373
45.93081366257752
-212.06813592000435
-6.547110844903727
455.4107314455614
-221.2468612421544
-201.42401309507295
-90.75625758310679
29.11629989437607
-110.69401022901414
74.54266144547455
-25.932796667557778
386.1726453521078
-43.962286279705566
-84.49791197372724
119.85019741880933
-96.60478971126706
-77.35464035765582
-114.45158431366066
-93.00237484811657
-95.78693192983337
25.11381069760777
98.79703303113092
124.87058922122014
361.3078974035543
18.35502722010142
59.10444838750209
-287.73316559874
-473.59763805599505
361.40167051708886
177.12615153207662
49.78740313189826
-138.98042724995685
-21.853701756373994
-54.29259075177333
49.7939037227884
-73.81869838794455
-119.10587371454858
-63.16254206928943
18.62721465111281
-56.75148192480992
-88.12260243598439
-55.93855809723777
-97.71438641992972
-36.87312276297507
195.9277379106552
-6.914354747979814
14.62984832461916
-148.71609193296717
321.1873755353299
146.2697098577828
-18.786497500456107
107.09016630248334
138.7480867329923
20.5601429410508
205.8860586096771
-33.25637574853616
-460.4764648702094
-462.003741816412
-12.708622612739873
356.1726113257391
-59.84112569362033
-27.789786737400306
336.1724434237276
-8.480422727599944
90.32953821332012
-106.18093660803419
-10.47502132929037
9.073086857240924
-62.66549737928987
190.71590239723264
-63.61202639445629
-225.50491865816002
66.57353813387908
-11.693137922987376
35.74720758283547
-124.69553180909588
-80.88487137169903
-164.12456455478298
56.62318254397542
-61.33728965192677
153.88038628199865
-79.60647854961152
95.51890075158553
-52.92472944630313
15.878280831091956
-14.33252149261557
-23.34875020227173
-104.78710868635773
29.419167316987227
-74.32230580826518
41.4956775599735
9.196885602075355
-109.97465526881734
-100.867589549076
101.58952989419413
-37.14964317247723
237.61756285785304
-37.938481498755436
-96.75083886931834
-138.7701900678967
-7.318977711947809
-15.29128924500398
-52.68068926977867
354.11050220352445
-110.13486454785834
117.60525493080786
13.684196732598366
-49.71242277157239
-97.4818055461401
-107.19282185475186
147.25047467198237
17.782860590353266
93.97855174681229
52.310398306050956
-280.16174980772666
-88.9883517872987
18.851885888263514
-23.978053280825367
433.29194719741827
8.757864130955568
256.9720757984378
6.262833900007767
-108.31598316563408
-108.46865940865109
-15.455181192158364
26.596592013620466
-113.1876871288132
-49.41346054584129
-27.978474263637338
-84.46960047495577
375.18851423344404
-10.046114876295379
18.882158045393226
-84.30006583285183
29.170960630784975
-516.0742323194954
8.141229977883995
-65.6620044191922
-97.67499891608713
179.2946242712178
-268.8926052287934
-88.17337413783207
-492.62789003216676
-308.7643629050053
-54.14842953493462
-327.78635978979764
121.40232864219615
-16.40598614820511
-117.98291752733348
52.81797132032625
-68.39838693401083
467.20757732225684
76.39032248936564
-80.90720832849985
-281.7001108179502
-580.9611356458354
-84.36696301029632
-29.237876992226006
-295.02035619327944
324.94600744438503
-40.29594952559293
-97.57647385896564
-87.62817159538567
15.20744769817378
-28.902883268094826
268.9742769104796
-106.71238878115582
-54.6670521216879
-143.25882991154685
-97.60129471976875
-84.75274331230676
-121.49311315947286
-39.44476147057503
-89.65178832765599
50.7427295470261
-27.412162469066516
324.44010540380987
-72.73496940728472
424.0911515771386
-66.70744130825608
-56.112709364266266
617.1490971680887
-33.271129958060456
-111.47049207985108
-31.592828191971364
-59.2436135355438
107.96250762425643
-35.56004759839
-8.447373610973955
-176.69768848311105
-48.54160432610044
290.4375672958631
-139.80384114771505
-44.505969476791506
-95.20560942650334
-26.38558002837908
-57.246486039097995
-184.37655091486522
-126.29568297777405
53.00313241836648
382.487743564785
-309.4237943040798
-218.50339458424605
25.68645996463465
-21.934416489093564
-119.96597161665704
0.1824828324232044
-46.08199235067514
-62.523647518400026
-2.9770069401929504
250.17548888708006
-38.93193975323243
-613.0102105437436
-0.8197533009242761
-30.48352098244868
-73.69820428958337
-78.04618740087413
-49.501164570533064
27.24996633099363
-101.06722173067828
-114.50198571469991
-133.23910513428928
99.14237531720937
-22.562773445381765
-38.30980962452304
-49.83013779234062
-55.005351972281005
-124.2826572136837
89.2460472729631
76.971517529224
-36.00798540080524
-46.08114031930034
-332.81553281654305
95.66992326749278
43.49982907107187
29.80560258393689
185.3177248904376
150.90753982242677
-110.1674572066022
85.22948496899335
-24.242205762000594
165.16188579624577
-121.87607683568604
-284.2419153914989
96.8326502044747
11.756369584088134
-39.46561431579357
-33.157173247367155
-39.90901060721626
142.47579892759586
32.134198411331454
17.447708497776148
-632.3157320826576
116.9522669252201
-232.5921658335592
-48.08680466231999
-13.498873900466002
69.79097129585716
18.941896634218438
-55.04647830831329
-489.5573289817312
-85.66040838944652
331.49100874138276
-78.8860682039463
-56.43849067794929
53.980611767141454
312.054214099644
465.8269260156376
-29.98874005003788
-95.79642932522073
-32.83638490983077
-8.769449550140052
-46.627216929020506
-18.319072426896096
-77.43310385259225
13.851458636517407
-341.4610717624064
-142.83392822319456
-98.8758367790627
30.876537917079077
-17.89654597267306
-70.49889485583398
-82.43024351777785
-33.2736494548667
43.04363968057078
21.079117158149018
52.589423640027235
179.34599913689817
-148.5531966912804
-58.79434221983138
-37.6691680393673
-69.06871999908944
-30.56548495420344
-39.87145035220865
17.984199572478644
157.4931491044199
134.92961568033388
-79.70423467394704
-102.21750954482631
-196.37351030242826
-53.99136161659322
-11.701313739942634
343.6120329260448
-68.29087835754021
-74.69250186722924
-0.9320083075462549
-86.90776722673945
-158.08939501924942
119.14771486970767
132.75739933065233
206.4319053518957
-82.24605273139264
-113.25094041066413
34.53462543664182
123.71031898804131
1.723719165656803
2.2136414368205806
-88.35853902944245
56.22983052660493
-55.58476821263139
-113.15044115130695
-32.321064585665226
-82.0988561093856
-25.887944793259337
-13.232148138433331
16.41100586428138
-11.759350914617244
-5.031491607949306
-206.90471274741867
-49.33055939120698
93.17664749736468
-140.54710645623163
-48.50257223219213
13.891719626064514
7.967697536670585
-85.3217230001901
160.08245228926717
-25.477977518237115
190.88753992408556
39.6397058797711
-82.07654483040392
44.482000063916075
139.77091060301427
38.49596206035858
342.0354401329241
-302.4449914197812
-0.5356092943547992
-45.96730895979775
-379.45625150703563
-55.80135243238662
-91.82444925249979
-12.486919443430168
-79.5429395876381
-33.56622077419541
-183.77542184005597
-22.01041662529647
-48.61488677470561
-98.39825740736093
-654.7570237309592
-9.559282297100026
-100.83560170916141
-414.86830500496035
-69.2453194780228
-40.82438657232706
-171.1777689741566
-191.4694401138786
-400.77814447384117
-45.242741618577185
70.51968536759887
0.5391514448012913
-83.74634737429874
-97.98956331507725
-44.072665444998165
-122.66645697921194
-47.19620006478695
123.38243295994653
-137.90517884621931
354.0011916549611
-642.5221593826154
-447.62472779329073
-101.06009426558558
-152.36972013883224
-78.29376337454596
-99.53779299834402
-528.2928407861236
-294.153986008243
41.29026624940889
-38.85408898700456
-68.2881797520733
-16.814249938700538
-109.21045677559931
-335.0805765381756
-12.46296809443135
-16.812714995295835
-71.94700814741896
-192.61788223967778
-38.22794368390404
-48.871704823053555
-79.29431657710984
-74.87664570487073
94.12873700796035
-37.67858549314951
358.02506558205823
-47.156846364761364
7.729893933531375
55.990202786382724
14.52740614697359
-5.156194512223667
-142.14990507904986
10.734501968282984
-109.7313026788692
-39.839832747962824
-15.389791430121477
-71.7683914569734
-295.65076520452567
-255.98727403382054
-102.34808299271754
72.5716048626
7.077595950535397
-135.9131579532259
306.1559482637367
340.5098088599607
-84.4635551529025
-99.05770339787512
-45.87206460717329
-76.31217738883457
-75.88013734705783
66.26438015665917
32.41582729426318
-27.350684581639143
-40.56186773812897
-7.915469435059094
-11.435655780378056
62.142119085512604
-0.6729076295632694
39.22123260253443
-142.48784268713825
-68.15547951416909
-32.64945416474755
70.42943004930066
-14.084075382620862
-15.874923122189102
-32.88963720033601
-21.410223898382355
27.019542126595297
-103.81308920415388
218.8047886081422
-286.1457417248175
-17.852738261177365
-64.7814109752365
134.24258694619857
4.506573239537829
-80.55955945920977
57.89375940321588
475.87445958603894
-125.81288363084786
-68.86281738929938
-41.66688109905584
16.402153759228213
-86.92834289909023
-253.38876442609399
32.700593922991175
-35.035318953230586
-152.9107066580891
-60.85876333997284
-5.8049825361622425
-49.981951686359025
-186.2590215152295
-3.096438977789177
105.58670521960266
-4.776535582022007
-80.69962868918132
156.09413585938728
143.79964428767198
121.13106995109092
30.235849141615688
157.32008010553182
-191.12807726642677
-51.410551150896936
-91.87684024228292
10.6111154413029
-63.5521471714528
-190.1433844164958
-47.211151042074974
5.138052320101906
74.82609305170627
31.379494193090068
-34.111750479882176
19.324160625885796
253.71795580175421
128.4909166928519
-149.59265118514122
7.477545866910987
-2.888461600788105
-66.47705989124455
-265.08643455982565
-67.5510897266117
-216.41488662469783
-80.70073485554985
52.350030705893005
-235.32207796088005
34.936787300317974
-71.19422703444123
173.69633589180012
-173.21146546654927
-18.43753143311983
-56.56123581216889
-92.58415484126063
-61.1954466493035
-71.66333714761231
-73.63583179158164
-90.30135799858792
10.36658077273023
263.8843675787193
-3.1827083679463612
-228.0287833478178
-82.08698261853188
-153.87338264450045
215.28778493977734
-57.980291529008454
-33.29466979221252
-87.28642416632732
-72.04911264080874
-58.69912108238391
-20.023692971998912
-20.195317350886672
-75.70158056097551
-306.4160182382275
-4.545186672148308
-8.245774443548726
-38.42402878730559
-35.98096265836489
-57.84100827653536
-102.28791973158539
-0.4084263598638245
-69.41137024926925
28.530965767558882
-25.910023136239488
-96.9893280961435
-84.0478996493837
178.00898157924166
-227.60622962648085
-16.585061398829566
-66.98022218494322
-83.88101954666672
-16.87025060074983
-12.554487368911126
-126.34653937994699
-195.48997121414686
-83.79307866542149
-74.52045279575366
99.7188455152318
-2.350596405574568
-295.5842001338733
-87.20024324766588
-34.36204403684587
-38.69665335095924
439.1155970432428
-60.34530850789179
12.141552086733896
-174.57202634062924
-91.21698485642332
-126.34174457310746
38.157391675280905
-34.683655056699706
-2.733759523457593
-44.32153524550995
-208.30891140871245
52.12762043388602
108.17150067265266
159.15046523160845
-80.44515392510405
-35.96581135798806
-141.4866647056533
-204.49845190510314
-100.8212677477677
-159.11013593125608
-57.57904562855913
-214.77486851898175
-77.42118344727032
-0.32072633839561604
-80.2641410172314
-505.5896601005297
69.18917762123442
1.8163072037509664
11.515812609137356
68.15969058918563
-152.42052216024422
123.4005510523948
-64.55428048456633
-464.7754039283118
-117.4884633351503
129.40083662387633
339.97387298841204
-327.88783616102955
7.019031997441407
-81.83304190107917
-66.54076612970157
80.70711742441426
-57.181875640554644
21.55863313012742
65.86351608916812
-75.66092458503772
247.0344725785685
-149.382643811472
48.7355396063449
80.98412890181999
-180.9728461198465
-166.9556573711252
125.07268350635968
-17.91353823935151
-85.21629829323047
10.839228873171722
-52.66171286039389
-93.37632529339328
-13.24149282032896
-32.36517141599543
-174.3736956534649
-56.11477920965142
475.53241804520985
-75.60038294774313
2.4500720844926036
-23.900644724251833
-68.18802517250249
-83.38753268185154
115.23680908188726
-110.1295435681277
-35.55656616180113
2.2998027788769377
203.85604886478177
-56.51212212707967
-54.729911084035514
13.962230282615565
59.861736225253026
-256.1031017351579
-82.52965468067318
-564.3139964095753
-24.571994943818368
-44.56026488350839
-187.76402263849377
26.274343830233885
43.84826247366786
39.14170504564572
-47.16591713233791
38.183161326618574
237.44007251364746
-108.3374704486667
27.8359507029445
-73.70469349066231
-66.12389479925139
9.927426595002588
303.20243156592005
224.09056488267197
227.13876308057297
-69.32724290484971
-62.8746552307457
-16.965577401061637
577.0736772231012
-13.438306924063536
-34.73866454797377
-49.395121253184016
-68.31391223580722
-17.721585030230926
124.67370650610519
19.520682555801613
-181.55179939600202
-28.444481943814424
-80.01496201043813
-215.2655220029319
-70.23131640562703
94.353070569985
-37.73849278679336
-69.9012224005246
15.330271311641582
-127.6452196389173
-193.4246762946177
-55.02086838103192
25.704839101510515
-92.83856809518329
-77.86180179423809
-25.273243825296028
21.28922783109107
145.85221524858025
-60.53489576414987
284.0693338232886
-24.651967287677614
-18.956525178359698
82.86872998831541
-125.90273800232535
10.596683898756964
49.646395891193606
-7.784275585056823
49.05114979314749
-37.337633198933645
222.4780038483068
-52.80053826156844
-26.85256584651688
0.139409500483076
-70.89231583954356
27.422163987037493
-61.87681622597684
-25.049973922043137
-73.05763255469584
-454.58937971608066
-75.97874279918415
-131.2167874690458
-33.18822520523563
-96.1406029361487
14.968565523106918
-66.96822089646957
25.88762325759899
-78.28248463205409
-5.837703599742895
17.02511947520361
-87.54004486825579
-502.3517640627797
-150.60293719556375
-94.65700899152125
-82.17561509881857
-69.24692814574479
-43.26342954953179
-50.062656178542646
-63.591851728358506
-212.7232736817332
-47.06055517057282
-106.85862571094549
-12.701212386758737
-3.8010499218372615
-222.68651866175423
347.3185999663183
-59.351908958056015
-48.84203910861666
-12.928420200852678
-262.60314831219694
-32.32392523019195
19.90878011114546
-74.48298140810766
-34.747963849346775
-125.00165386458139
226.82297154133994
-221.54806543377936
-56.77388463745501
-260.8926275264166
-51.557935939721574
-80.73855482288022
-152.59375766048106
-43.294787434569784
-46.08084455042808
45.830757270106915
72.86244322159018
-47.67232176319703
101.16669604243361
87.12265196802764
6.250124411172692
16.86803188446129
-72.24537686217641
-49.114441844140075
-53.238898497051196
-274.91940699486986
-2.6605604764665713
-63.595346055720256
15.639391020144103
36.67162046380554
-548.0675853360208
-457.2212206281729
82.547337657159
474.33124230479007
-244.6295820310861
-30.043022570714136
2.3388549271446664
-22.10673146145723
-424.80835188727315
-32.60380617880469
-60.93797012480665
50.7714962122418
-24.245749766943845
-36.30384614163038
9.66168938015062
194.52510273328699
-67.29305047067058
5.832234418109692
-90.46434021366622
97.62508765767234
17.333418060910788
342.5123297131904
-5.019465658959234
-151.72126027802005
-55.35353683791743
305.4722087807713
-94.83837861791369
-135.88855205436994
-86.39668455102482
-68.09415377210098
-80.15013610857397
-107.72190903821684
96.31321193844087
-48.42174582678228
-77.2337902704221
-36.46662551507094
-76.38476190823175
-479.5403743963561
-53.30177061900213
-363.7255369237482
-26.933285107104478
-102.29340615054207
12.40007753053942
124.59816816964667
21.84770930425202
12.804786237690678
-67.91889083239039
26.56996503290219
287.8497400127435
50.40347136483024
-77.76393492777743
-3.6369173330338356
-103.56211797783352
-468.447086352171
-2.9148954718748428
-83.80380217947986
73.16257900877872
-175.12385164146872
-11.47368219298005
27.2789265265136
77.79662083366566
-43.189859457788636
-2.490652208512529
94.03723623713904
-54.59976440875289
-67.34919796695075
-82.40098362402387
-21.848621026086562
-98.94422761032511
149.37214663051236
502.9506183274425
1.4628533782905464
-112.74872913964624
-12.353273100762266
-107.16675701900698
-57.17309147410366
-40.35161002366371
-68.37967607903806
-438.7363228563445
-111.74726308719761
224.60067212909962
-35.48142581058528
-176.4955808240702
-32.13479354131357
-593.7556838902401
-56.297483092947296
-21.61907599991173
490.0833921018602
207.91532374544386
-206.847929306261
-33.0404227634117
-65.87762531474522
-64.25202003032224
236.24840263735678
65.45185874493927
-79.92317484703017
-17.52060681221144
-29.957144572885284
-36.720261843765
81.98446373845945
16.472850549071154
-75.2756278643883
-79.1144852194692
366.07139446844667
-220.36667809140636
-168.57578418910634
-78.08512899365087
-19.52312422712609
342.8974421729672
20.515086582156073
72.13001289278873
-186.99840385742573
-29.692794225524267
4.564888364111084
-1.2206942759126702
-74.89147091344695
239.70558116420762
539.8879137634449
-101.08636175219621
175.59356128942272
-72.01555139747214
-126.96394865775892
88.46850552046999
-50.169981738516455
131.5246361540012
-73.85546931921853
-88.20038224512791
-102.0019469355284
-27.825615021144642
53.868415732074936
57.979173764914776
14.24199756060625
-62.54642026315145
63.285600950342996
-34.62140155442891
438.00879432908187
-15.796909998422052
-89.34214228715246
-18.146975325658786
90.67802392757949
-12.469451611833847
-59.59297590216986
7.813443120495556
-27.337040535767827
-260.0510912638383
62.71606282254561
-36.54807141209693
-76.42925458848508
-83.7929141317436
-11.881078782377699
-47.775216258748294
-151.27374300290103
-246.5425059431018
-8.42238130629471
-70.24625094949991
-98.30325385498145
26.33308590273373
-82.04719458638306
-63.88559312827403
17.940649461182147
-129.16810848338764
-267.84910859241427
-70.80159037549505
-63.80870196400065
52.37651577988436
-14.60826387115958
-222.62494354889714
-8.281571934485328
-96.51695355341337
379.3782384903825
-74.93312155234275
-49.3434292144957
-24.740192566397695
-288.46087527863347
-36.659208851667884
-1.7134027594383952
-370.98735910044707
-57.08736091116725
-48.52187280408156
-36.5958989741946
-315.16300633019273
134.00850434295353
-53.74974474789633
-77.67688437259676
-188.05771785904835
-296.413299751046
86.78816762124188
114.23359431243489
-174.84580191242276
-188.60403127549034
-50.643586731336654
-7.369327770757991
5.607701445412431
-87.66918409002756
354.03649218154897
20.516515978828465
-266.04250422469704
-19.924313015957523
-91.13071470625073
-32.27455637213681
-70.01360843827769
36.464671406781235
-360.66518994828766
8.76519011215214
-241.04672467808814
-8.93761497120613
-11.831134507624938
80.36240706553463
-27.254875150176304
-115.08518526836914
-8.023798086674105
-232.7343566103118
520.7950831635153
-197.41206662230252
-18.94642101970385
-18.376700127568256
42.70474278303118
-230.93348726382646
-48.33510478364245
-76.72673748005039
-19.502605148389648
-8.854456918458709
116.0415430035655
-19.500766310089602
5.5524259024077764
-165.9811023502325
36.6812456798325
-27.35970054988229
368.8923062329213
-31.569526094596625
-255.9882977982761
-78.6478143909948
-9.30165029656827
41.22867710292394
-77.78189394396227
-82.13921369541276
-64.59711702839532
103.72831235950616
-26.7544925454863
175.78491923062074
-101.80026135363086
-82.855866358726
-109.9031107523715
-139.33369623443286
-44.49921670662114
-7.85575443338621
94.5679221028604
17.87994926758074
-65.53299760996487
-63.511917631024026
-62.99560341316891
-90.84420055928422
25.856108752698674
190.63233780068367
-265.286400394426
-74.81641759258112
-97.06770231214614
151.3496850619813
-66.14628899374088
-59.76714346587998
-52.23870973555222
459.25460238092455
-43.08483499371869
86.06527342690424
157.02622916244582
-116.18166818218617
106.59250169236293
-4.645010011139675
59.9438794611051
-0.6436268393376492
-171.87320557402927
-40.819153710001046
417.92544829034523
21.099138390277176
-203.2376297516439
3.5428397213970015
115.98998424943693
-247.45855607683916
162.55389228518106
-52.93266323137746
-30.167964511776887
-186.33383141279592
-113.83734248795137
-364.1521636385205
50.298852293164146
-119.77560317943707
58.451874471995325
-21.44625824471086
-92.35731892754012
-298.42246928679197
-446.3865506851398
-35.70804603743092
-306.73475754631454
-171.43090769092396
-93.95406354026046
-26.175047590109898
-113.16900505952253
-86.26498863478282
-8.837564231256692
136.86018582157158
-9.493705941499073
-185.25259449309397
18.227788420208014
-31.216511777645014
-328.8717473620309
-127.12778164258816
35.26818382090664
24.210111886937284
-64.18223380861815
171.437621729694
-57.98762242980092
-37.69117718443735
1.1534674463705414
-312.0483340293431
-74.32964618531304
-254.13522942191412
-179.87928317164005
-114.30245538626332
-1.4881126177367356
83.90859064372489
-43.931165161367
-129.93128403583069
-2.6525351782477173
-105.48363299033736
-40.331133548274465
-54.411990329814216
-57.21122100922284
212.177891056097
-170.69147185724978
-390.85753132310674
-62.155528055338436
-116.93201723600305
-109.9898548794386
-80.29479340444665
-65.77853113481642
-14.6120871931289
16.306339298367675
-14.046318341193
21.452418713098268
-93.51903837787866
-32.533595920302105
75.78097631725245
-250.44907925465486
419.1741685623583
251.75305569565717
-57.25299817729562
-208.8353668663358
26.992544460794306
-26.85092475505462
-130.4146549810066
-448.26682168645493
-206.25520359807524
-19.57471506752256
-38.72687921534771
-178.77337024599728
60.47251848703036
-45.51584333962546
63.333017831710094
-53.66591522732989
135.7125099030709
-55.82326916345979
-18.871260373995028
-9.068066416535544
-86.57459914529863
-59.02121996888309
64.38231431379427
-109.45406911670958
386.1401735022755
-149.29426052095914
-72.0701878219254
-65.1342128975959
19.66105634528958
-80.34035119469809
-443.17193137920003
-76.75866234769273
-75.58155097383732
-111.5756309216049
-153.11654842175494
-76.41927385758754
341.9186206122031
-6.565336958280568
125.45447704662365
623.1792679635091
20.00694862033788
7.617828493586785
-32.78787573767295
-146.6691393162655
-546.3101478890057
50.80764978010393
-269.2876167978793
-204.14719197136492
303.2449896153357
-56.8211956382864
131.35243740536998
-75.24602909864669
-84.49200170208292
-42.45398417351407
-67.57285653272743
48.673917079320745
-222.68125642523955
-22.85992351879304
-72.88330770950915
-60.5893528871979
-90.6868673457053
-22.356199456095965
-301.8767836942261
-93.83148564190014
-44.882599069777
-108.37654818172632
-126.01402166509706
136.00231558782662
-11.117951352151072
-18.918234287973455
-121.661700051758
-38.89054094177579
-151.05974954749036
6.337577544122723
-25.946944331778013
-92.84197381804734
-67.08774114437072
-30.38022791169169
71.73498104371993
13.552597634041376
-16.392155362199446
-56.036691166980745
129.69288325844536
-138.06031274226734
64.71268887128326
-552.163820422661
-63.68352214436345
-37.96624140941151
-89.38409027474154
-7.147108402495633
-58.121539812788676
-39.62822012834997
-161.9196817569209
-56.537755815782475
-32.20587720595659
-90.06188181070138
44.88466578356565
53.79308644315324
57.64336266373448
180.8073794959655
-47.41208914954041
361.05625858823805
-19.903986978915942
-182.0175549939977
-33.28451619038242
-445.81891017451744
-26.717340592545725
279.95548070839686
-21.70222341091548
-254.37442494584684
-48.89811842917662
446.6218463972614
137.11359216613164
-15.190243380940416
-29.80674645763338
-407.9221015165076
-7.07511619628969
-417.7833103176945
117.86736216988311
-1.0542883876707947
-97.38155120252486
-78.09320257212244
-40.60741923545879
232.87617803017565
-55.866260273322915
-52.23474327753228
395.8436942091248
196.70296927596792
-197.38335722168176
-146.86266285460624
-24.231745113015513
-15.924784863665991
-16.84902335186962
191.34376574215457
-23.970318726059986
-91.8439664525049
38.34576527653371
-134.61548786128878
106.0841208802558
-134.82856254409126
-339.97643318655173
-69.97200959236943
19.357770297607203
-53.13446994009837
-343.7060103096519
-25.538579917187917
-0.6494081633536553
-391.6238743988215
-122.53990271083421
-69.0280004373817
-92.35730821445031
385.08530632997645
-132.1572769114182
-59.2400980225666
167.3114893091024
-266.77931666643144
-391.4238414882302
-119.43561043126647
-71.45396158525546
-39.02226158487672
-65.04933063270686
-9.26405294042183
-32.91161254311601
-7.280608576542363
-48.8726197199976
-32.48602378350103
26.24721441816655
-142.62259145834832
-45.269964717322324
-213.40130234292246
-72.2915374587439
-291.702483637986
60.452793321228455
83.67697407775086
-15.412638784439423
-89.7129727525184
51.789932063277774
109.65623969651097
20.87382320921006
-293.0220785087422
-2.0862001575047877
-56.77699256757927
-223.1358907864742
-82.27969787509801
-25.103045682238644
114.34917018464148
25.603261608353023
-51.836762344738716
192.515329952319
-165.77786698317777
-134.30508146799548
-171.22696862626435
-33.54325393993986
57.59448647984209
-284.0892743741124
33.29360982001708
-233.4314338466429
-95.35261253446389
-78.08470629087905
-92.13781142758128
-6.050478662425803
-95.77853883803903
105.57708246665061
-442.25829818834245
-31.32938779923012
36.35154585164673
-25.841857981336943
-172.10000099847093
82.64283209655969
-59.6615787310761
53.009836612884556
-29.967016168735825
45.362451389174566
-170.86894813229083
-179.093606698636
60.03970305431358
9.535131477448886
-9.581010313311708
-26.533106125864606
346.65805312028715
-382.8974025404668
-21.604179286912768
-84.43119809798827
-152.9726479914316
-17.698579439566288
-169.10630747349933
218.00640918103272
245.50151108829232
-323.69683170868666
-96.77941334001092
-63.49462818779887
-51.775577686191696
-82.01370346183745
-87.69071250147992
-46.40706437389781
191.03001144997506
193.4683899268748
-138.1831945248996
-79.08250115188093
34.98585327208093
-11.347087225176438
-58.88618157152291
-443.0576966104463
-13.574328423558256
-25.02052715375885
-22.72614914467971
41.95840935324668
-35.00465618934423
393.7651984774029
-65.04042438384317
-6.323336753906915
-14.247590515350453
218.36293915224815
-33.963075428485354
12.24734593586254
-154.42781681877204
-20.16138704631834
-71.31653223764806
-81.70517593799363
-11.294054743731465
-69.87392654078019
-5.421071962070791
28.71924785964893
33.62738951155097
95.22972681116516
-49.896853497908396
360.8699348705795
-51.8396895809401
-17.550534607076543
455.8288006913099
5.6771124919397
186.17035411248344
221.4356957642285
-28.909607968982527
388.31030557649683
-43.39890667202433
-63.915265795826826
-83.40200990649316
-371.95907190850266
-82.08999492746838
62.20677401254579
-167.3680317057533
197.89871253107412
-210.54372692365678
-9.244610385146444
8.613836113289494
-125.99964141648842
275.9427243516657
-128.7705670796313
-71.38211461039108
80.57632437766824
-22.55005459343556
-171.7692451201292
-131.90503909395375
97.24594055481066
-463.5611655551493
97.03728185421096
-406.1364103327978
-82.57480096252948
134.09850315114363
19.6646777857477
443.9064194714083
-88.95173393201003
152.29322715325543
147.53790977673816
65.38484683206798
301.19866520086543
14.212737266166585
-142.07598184963354
-30.24704898654379
31.70703304282688
-54.199278624244116
-80.28096260402504
-81.04140895768069
86.74722417664907
-84.7091378182259
-57.92864069905151
49.19270847626649
-43.603882961957424
-528.4365944372621
-21.856190665710756
65.98446497735858
-12.798405008594273
-231.49111614086905
-293.44414092199804
-70.68509547479516
-228.49652907577
-50.26711318452083
-66.82799475960019
309.50556833008704
344.46200485214285
15.832077542996558
-1.5168998191056744
-0.5054243426504854
-64.00918038998628
-84.27089612763848
-36.872866116523
-11.39260670042222
-7.839512845213903
291.0215272073656
48.60950818206675
302.53322018918334
-119.45479228469965
50.96009897170552
-31.505022321909514
-90.18074615668853
-147.451309481281
-45.86917061498963
-102.74951199741008
-308.6683921778531
-34.85572618886363
-73.73224473109985
-53.39392071971278
134.61021782116222
-225.48857977414445
-67.8813228918946
-38.60393765616868
-93.85162511835279
-16.83730094902785
1.422167525572604
-96.0541716475804
41.3868060606801
-108.3433740443661
45.11988438021581
70.85819727106309
-82.78311797011438
-101.66224172797092
-296.7976432921314
90.28476894729602
-38.95601792044113
-40.20496079236909
376.37154983172877
-105.63064922944704
-125.99817136676211
-82.85736696620799
-47.34078381137306
-303.44198360210976
-85.1131656829938
-69.0757058240456
-78.17096698766879
303.5864271331502
-119.47664478458235
-82.10865417478713
-10.556240867365489
-196.83362965067136
-615.1024396267399
-26.967568977223067
-51.620839889771055
340.5219065304482
21.180722560122376
-16.688900985383953
-156.95876049614952
339.546123405602
-52.15183303183549
9.352114574702455
360.79369018338184
-41.34278832047835
151.65167629394455
-128.14109246568114
-43.137816132347325
-44.754296522178436
-4.479380093111104
-86.65962639627847
34.46716189799736
-34.843623292585974
-24.274029482448896
5.820067195017561
-87.64745504748907
-125.26999327925932
-124.88024108909303
-13.063450323699726
-171.77264939805536
35.91079039824672
-21.610252049882547
-63.56896434460555
-81.98365699177087
-37.946593393840885
48.785674744822245
-10.69064534276913
-106.91176902680459
-44.90031711045688
170.5367305073214
-63.21594057743903
222.57343139455224
-62.96946229690813
-45.61811402155763
-433.2164740087537
128.62791989900506
312.3163078529251
-104.71020720276344
-27.438027162464255
-101.46066025403161
-20.622991250075756
-54.422795193003104
21.706610057796297
-370.806316002946
-54.87126762807971
-63.063808328980826
-180.37377926052613
-41.49622574225444
-105.78503728075157
-72.48328465058424
-119.73687393790806
-23.141125092847233
-40.139294625259836
-128.5879137921038
-301.4720661864085
-64.42330736690423
-26.006916861348145
117.77445768251346
-149.8745951211422
-22.502974956419045
-281.8488484708723
24.671107342150208
76.24675695729456
-75.51910318424052
-15.107731694811548
-31.342377300488806
-640.610738387335
-75.52745074603925
-178.53023817081703
-99.06328595081291
-95.92766488108828
-219.69581356832168
81.54172157652465
-68.0918632019384
-66.9017865117172
-78.96243570723855
-102.27877705427407
50.47213313453176
-21.266124417610285
-50.05440467176451
-12.198593359616579
-203.505937108961
-67.19256779146349
-6.643096505393942
-150.17943753866348
6.44142600012492
260.9319795728661
-52.53674249519535
207.66075577657284
-0.18852502481122702
-66.8785826138431
-56.53288032463206
-254.6814147372179
31.176466516691576
17.817797258384644
-152.4930644853157
-72.92615319743474
161.8122570306823
-90.264991477275
40.50708340484289
-175.38184449434902
-395.788671021548
67.05297770101151
-118.4196995482207
1.4788230444337387
86.48340581116008
-3.30754320647072
-50.857166808818874
10.642723867622863
-26.65522737018182
-79.3782272657373
-68.31845410855341
291.37723683998047
89.4790040815551
-43.05348506744864
-52.88498275959654
19.1773843550327
6.222418950172141
48.389866286175675
-160.86531604958145
25.042124421736844
-27.06238659308474
-70.67953559768524
-137.11335450406932
194.4563778388715
80.14420177859574
-22.83224642998437
-189.54485440557528
-188.69512594823027
74.66466655879049
-34.33110490063024
500.5870802001991
-6.376072763767716
47.81007388645412
-18.300377939709506
-66.10597775130191
-35.9405581455429
-211.26399235212193
-14.087706389621076
-45.114552008630085
-32.82064754705425
-171.75502899154344
-43.2161606355902
463.30711504706596
-175.55839120438395
-81.63711476983966
389.6987037226372
-76.55624173061942
-38.70036595325655
240.10350365749218
-249.52361308421587
-108.90733835561998
-83.07520121321397
35.00901049107233
-228.78543582646398
7.478867444659727
58.5122361985359
18.356736367111807
-75.56323159167707
-47.808883722892475
-107.81999509167942
216.2031214721883
113.41829294589115
-63.26988156366042
20.886462579768704
-40.90542351229897
-102.85862167877349
-82.41415542456161
-22.828889463644984
-124.45035751293929
-2.779246639987093
-76.32670930102864
421.61088551705325
-11.506917166025232
-212.69865225783724
-20.02293874412253
-51.17337757626214
-4.796653343237267
-69.02310074640293
-51.64202983448918
-25.664505870532594
99.72956861922103
64.12505394356322
-5.007716529973777
34.694691893841764
18.01109694177103
-59.90938285431173
68.79353529207765
-279.3057191234693
-18.72441355321098
-416.54494941854136
186.31214925797212
-55.52628049765008
-18.60190709226481
-193.67716131261113
-44.45592384201541
-62.25520752018889
12.252865694998036
-111.76500986501064
-64.44113390287566
-38.717786983362295
-22.80408778063429
-138.08104906092376
-27.84128316391616
91.37505548929744
-39.67418815345991
-4.651624830048604
52.88874099642089
-11.091295175547884
-143.55839364691474
-8.068681887438098
-77.55911890724221
8.323954241895535
-61.13196519169924
-56.52013628620989
-106.88361031357627
-71.1224384411529
-72.73083452156247
-92.4060122691917
198.47962018097132
-144.75206908325254
-84.9237953333299
-57.22936750190456
-63.15282747637923
-1.87655504507984
4.320182946851863
-96.67946038180503
-124.15671186824511
46.48112808620317
-57.7692315977547
-25.30236858763419
-85.15809243142817
30.934251758793835
-13.564231872777782
-91.29951199208153
-83.59160749705512
-37.342809530231534
16.14085466405413
174.39035359712125
18.931178475799243
115.67470452353518
-300.4527611679978
-128.78710990061882
-86.26730937779575
-66.93613976245615
-257.1051737477874
39.76163156247793
-70.4121638033048
211.1742170194866
-130.10553530059178
-15.06105822198711
-351.4113743069229
51.7480288062647
-90.13729725842131
234.43385876069942
-72.46236640815542
260.44625267703304
-65.04810093903683
-124.57867352781341
-25.97569351979473
122.19836248018146
84.68097968914844
312.21228160666396
93.02102496758198
91.37774343099227
-167.16149275631142
-20.471574712932224
327.2410048730362
-12.553842514326561
31.462895991398
-76.19544899105995
-74.93389042498767
-651.2247524951199
31.9309701054608
141.3539711001522
-228.61313188647637
-622.8230447922888
-133.2406379669781
-87.77058049867219
6.705119393154746
-69.8147998306927
347.94883067757473
-23.531958214087798
-140.5281639485529
183.91347051576304
-65.41056008417951
187.60614474953763
-67.62802224387205
-38.996307066749615
-99.32442302874915
-37.065900858846916
18.078404197165582
100.7657460272776
-94.6281639284498
-1.5391062268695634
72.48376832902704
-214.37136252863638
54.6536649593113
-72.06661716074814
30.998126456854152
78.33000517821347
-39.660601124740424
118.0953936327096
99.85108321744883
328.2314694688139
-120.74021948511836
257.112514930448
-181.12804683314425
502.0937751584952
-62.658344993914774
-130.7738636442632
-229.93149063617784
-79.28729790582838
-143.77936839901486
-141.93479011363524
56.790454980266304
140.53170410071016
-26.143944032843137
-39.51100286461423
-276.0516805178213
-127.46702254886077
117.68502463822733
266.78155619952304
299.6089566331493
-381.7378038215338
-168.92562606479441
128.90628897261195
-114.68530107928746
-32.70254206090158
-167.25344819199563
-0.003994723932919442
-51.109885959995786
-70.73053633212734
-80.2492832240199
-51.7509938862704
-26.174900677729966
117.26006053651872
91.63536771750114
152.12524268752895
-131.6712059153324
-38.32200325051167
-61.34568981107827
133.67951053978322
333.5668306193493
77.2067110194148
14.070140080409601
-24.807461259845695
-110.10748084730403
122.68245266505983
21.915914501518273
-71.09361134445815
206.4096104244909
-87.96220100427486
-60.4955942544766
17.844211516562154
-73.32126688864975
47.896178085153224
-50.56114901753793
2.0787912449422947
-97.86102250765816
59.29274833129057
-59.34367087776935
-66.49693302171738
-73.69798664740175
14.99743268906218
15.14147456201431
-53.39719624612387
-90.44371502881073
-36.28160463693348
339.2889808988384
102.47931770125479
-42.78319593251945
-16.670806544184757
392.7613610147655
-402.2876526861164
-70.895787858728
7.815264557540559
-86.71466889809294
271.5043998252677
128.46753812246106
-206.87718934243276
-114.33650865229139
488.519679705807
-75.02678936052712
-64.89540317406203
-77.86336579682757
-72.85983271557234
192.45860324030582
-127.50080428012882
370.83522318813084
-351.4294309002016
79.02258179902674
-208.3571897036618
192.95520345157092
-98.30393829803441
97.98839027054282
-119.09297365685966
-107.4257008381278
-39.93324336035221
100.9859286181445
109.02245579882947
129.5682318712843
-74.78260801860961
-5.883229026958361
152.97009168978002
-40.13456528720076
-25.50633566003171
-90.15601240906322
234.3588154170975
78.71913238981688
-83.82523553001602
-20.882080541723454
-39.95726921493008
-72.9854199083403
202.40226016502857
121.91056086208118
35.58353422158325
-177.870645887695
-73.21379764708676
-99.8612446659382
-30.14720779723119
71.09029934925047
-28.9669051424506
126.64171260792864
-42.680170248819955
141.62989261301118
-40.82283729083561
-65.35660329227449
-46.75393932740553
-42.01698160457292
-38.51279927229734
-57.02856176800004
-81.46246794770886
-93.18318847717637
70.14175536223956
16.880627884504065
155.56748112373953
-10.728569595612498
69.0225566243439
-125.2330436825712
-78.90159132898043
-219.58357354254986
55.07612051340311
-266.8454209009815
189.49101451501338
-33.57380906660705
30.735923084447677
93.78500653176707
-22.25123540824739
-317.0867854146909
40.020883094462235
361.3485542058661
-55.63290619495362
457.4909333471005
-79.45519208482924
350.2672004341912
-89.70085056072458
-169.63640791613943
-97.85591650859925
-67.36208087518004
-0.2646243158615107
-111.12047394240605
30.766079599108707
42.8097707910365
-97.80627376325756
-59.80778765784271
-82.52491069882655
387.45132047210427
-250.30793868203727
-338.867381820779
-179.3142585657697
-85.87339808356978
-89.21084185822198
-53.744698325879824
-25.144239092488196
-83.2222974820088
-36.089870862953745
346.8557518476591
-93.77628689868122
-232.48455893810024
-6.563999319831282
8.36453931833239
86.28133842021452
17.992474324644718
-361.87151912851914
127.95409237579406
-55.67451897080074
27.34616245751272
-291.5998783787545
71.98118368822679
-117.21328399125377
-22.139927796521533
-257.0075721829562
-317.67618215362745
-141.1082599590427
-44.345245570297266
99.67652143727491
-4.85817285207122
-71.3615431712733
-42.62353304511726
-44.78318439975595
-175.96497745871966
87.06860489472456
389.80578142207196
81.01244923371632
-37.41566332039861
-104.76518509983443
38.25973223976871
-53.26266704415113
142.44569704791502
143.8463297440394
52.41650852074599
-71.87663268456384
-5.21842797896753
-47.846994538840505
-165.57050866808186
48.23262831656575
152.5310883006223
-161.7013391055134
96.05891569296182
396.8096702665207
-198.00272374363158
-254.1671370822687
113.19118833005632
-199.29461126495335
312.0302265304017
13.776608864645823
-77.86131469916312
193.4517785847911
-24.674551376638192
66.07735240289912
-133.97987721685604
-34.08060147195698
276.4916170535662
-42.86106716857429
-77.15950926803046
308.23924088554486
-48.71611065927573
-7.182825045471418
-98.14521557929811
19.48176911707924
-34.53131409171761
-320.2091318982202
-146.25880094176136
169.6298710687197
298.25100649422893
-409.351329883837
80.14019096662742
-25.5783863346619
225.16726225230377
35.152309169998375
-36.64128885827631
376.09683635238434
-6.653157523838339
-83.20636542759522
-88.0723758415661
-273.0762353765276
18.17961813206057
-268.91234476244244
-42.506306089881036
62.18451192311977
32.90110252646309
16.937010355223112
-221.06929136963117
-46.70647961597955
-40.44561221163737
-25.47972091235036
-153.42642621761297
417.3431334246143
-183.47033182068435
-2.179700337757822
-58.2168856057609
50.48857386858481
-66.32094656016608
37.19015697703276
190.16311393146498
-171.97291971363484
-150.262582644109
2.151329215358544
-124.69989423807979
-4.1526310462137985
-163.28571129414195
-179.37819812141788
262.0641191957866
-68.79740199512707
-59.46552784137387
-65.46341197754334
2.704519671334083
-58.168772888336825
-87.0826616766341
-46.52783349393758
-75.49472110676311
454.14182691060523
-86.03010351975297
-35.400762303883155
36.13805037134557
111.58379205684832
-10.339833250372692
-1.4856424317507047
-53.20137560984647
-53.65322338350269
-84.70421247712162
-24.538610975222582
74.60578473668693
-141.87800599414368
18.914762836066245
132.89380684717253
0.06583811338299173
-38.2103726944878
14.797840964889474
-98.33152521634312
-94.12908555109607
-53.946436185956486
0.03654592410384794
-97.4067946184604
148.20783469503658
-51.91186060073292
-52.691777984944565
-339.6060769053238
-12.038878702077
271.12939946918505
-44.33341996348447
139.12210293816952
-19.44168804556648
-67.69880422091288
-12.779665505179164
-35.406783438972525
-57.51468543078917
-16.931032718113556
32.709600663703895
-33.29438421566556
-39.829027364552985
22.426725142451687
-177.0300729745195
-1.560680868480972
18.237018541742145
-73.04443857866136
-110.14305813765858
-146.08434370497162
7.159553904475442
-113.13339088798602
-187.7728143806571
-50.38152002967752
-57.81834802045299
-58.830077159957
-55.05921125546047
58.25739168242217
-321.46600409358143
-538.002521237795
31.54932668536776
3.5767990268359426
254.46324653121337
7.094587217507069
-107.90080560453134
-88.40450211147527
3.2762624254228285
-41.88863272114122
-382.5720227446618
143.64522229648128
-95.84147947296422
60.75976259732124
30.336381648059614
-87.11460667523352
411.0161459091232
331.7794442439299
-14.830538787742626
-27.873187242433232
-5.1419855637019225
-29.64082504655744
173.5835265331225
-58.787868939714826
37.38758507586681
105.64998776839639
56.67497850264954
-376.93829252341857
-238.46889462538002
67.92241458545959
-121.78640113810434
286.66840353036787
74.04257727360164
-44.019567345483544
349.00475450059184
16.487929597276434
15.235053312533466
-93.59969238778461
90.44901654656405
-96.81334272394102
-47.019428148871725
-56.586856586783476
13.571061678426304
-75.87192038387835
407.86852626379914
217.0587341769351
-64.71642732299927
42.818168779940606
0.6901564238787614
-44.51768232135146
-64.83261781459532
447.1278416061041
-77.55181903454847
-0.7702217458590894
-61.28031392463187
-82.07931108794219
107.9915799825958
44.17726097247123
-432.98440422315434
-50.02101583235876
-86.61553021236978
-29.554371408850784
-78.01651366170921
-367.1630379763956
-34.82267795622806
222.59434417052762
-63.518580541785724
155.49146965854015
67.03942972935874
-72.91357678609124
388.14127554459265
384.5395539443489
-191.60160722712135
11.813080469007936
-111.01104439222763
146.4520320794636
65.69113616752747
102.58318421353397
-10.32579432081016
-8.724980520057898
-58.8334768847707
-66.87386526430782
-18.55031847763985
-69.58438721939274
-103.05573188669041
-92.31546201994206
20.26647530558057
-110.63757634744769
-74.46074962386848
57.80649498693083
-3.933377567685966
34.79489567353994
67.35534596539856
-57.721341670088805
-85.05236053247427
-166.95832121259627
41.34382984986814
-17.57876598871826
-70.65344206348766
-37.79475515691166
-32.832429568469706
-52.09214221383587
-52.64698325497277
-41.11590343029593
-67.25382356318005
18.88179893905658
-96.83687495968843
-87.8049455811931
-490.15427045739216
-51.34249913561291
-31.35510330887991
-112.68651731571082
286.60695555873826
-73.20225738742843
-161.15146025012473
-95.74148171844763
43.656786539717814
109.22935258677171
-90.55443123945042
518.1159974703678
-78.65050427248116
-125.01486626449332
-136.8190520705557
-332.0279849549279
-99.7566611762295
-188.6521733646532
-88.57544733662127
-380.9722994134372
-47.10715568664647
-65.24335116333896
-113.21733312454307
-23.61167388645117
-159.68341198339658
-14.848226243369936
-120.47921107373259
-148.04682456860246
-154.1556832173137
-289.2121123180332
-256.0448511822142
12.22005703179957
-88.68618768573904
-76.11623493054059
-53.189239480924925
-57.96626087792431
-87.30994727252255
-64.71271388291206
-107.9299328091547
388.8641277527895
-323.42345315204875
-162.55624141664157
-31.551291251722773
-169.81760116594887
-179.57659610396058
209.7935397995043
5.330460385428523
43.30379587569951
-47.08517453076496
228.19374506568602
-53.89258233853268
-114.75112028898002
70.01231482846379
-65.33449814366577
11.048226855835537
-73.34014494152689
-53.342890576624995
19.24019726814913
-77.8577291204565
-109.14975145179051
-12.016506769304556
-345.1892368707395
48.46025742617758
-30.298364880733175
61.22628381039431
-223.2418573717805
-60.87506780967465
7.226237449474866
-92.54645650640713
-4.80198065726851
-47.77353772122453
-69.79038405665743
26.61883939548079
-57.70775405580536
20.89271811897879
-370.04585217795466
6.775123039340314
-82.23367699318896
487.2285726450791
176.42050486722474
29.076459877313027
96.22668150689287
-7.534235155498209
-75.15742364688862
-33.46398347497461
-63.05178196722083
28.759937245547462
133.1722534085693
19.139290137120042
199.43793304566498
-79.8696324817721
-239.5058564455976
-55.57159575788793
139.27762846303813
-271.0952370541504
-44.850719778058874
1.4889964993803915
-81.11990230958345
3.804067845303962
-36.88490357470437
-54.12575984678127
144.08224637854983
-89.99855819963454
-52.998700890754165
22.722355668931414
-34.90713535856517
378.5265563742123
-63.571750201700695
55.02448846662446
400.3115108427992
31.40880586417552
-391.5924943559803
-80.43379207778707
19.64459093307498
-43.819198981587846
432.8751669875619
18.074469796316407
-103.83183943691378
305.9828562759735
-67.83202616259149
-68.16297971715736
-283.5177237373464
82.62496097286203
-38.783648312839055
-24.665748696006826
193.83412130410034
172.35611796210105
-360.04268922568735
-55.68984934599503
-210.04548836145477
-261.4852155328754
-65.335295958464
-111.99748897797872
-171.8875106320229
-226.05971935411253
-100.21559904913211
2.7547022188919073
-42.130024439737156
-136.643350311846
8.321732153333812
-0.4418738699532696
-78.56337093086768
258.3772321571487
370.45974014278
-453.5344251288752
75.05867929267333
-143.6149407003204
-92.82861264611509
23.527620226993804
-56.44807400791433
-100.05922146380078
-77.30621719501505
-153.24505697501445
213.9133543614007
-75.24992529421615
24.059919888853074
-26.840142265835908
-80.77029618542345
-338.4116327664942
-23.844177175908044
-35.67428028180294
-140.56048567661855
-65.65541404670739
27.995326875356113
-91.28357991114262
-173.34297507608426
-37.09275167208381
-68.90530875165132
101.37776401920382
-81.79427613495224
44.75907626846492
6.737120315879764
-59.42727106273014
-84.6182900730837
-68.24737274219183
3.064254996208547
-257.36186510584776
214.09736131371756
-47.16615087830183
-17.68860236969873
-88.0559693051648
-66.20294653946075
-529.1856786096814
85.96649529456408
15.575037994720333
41.30133501862156
-22.578175225664637
-277.3723072740722
-4.015169225468981
-12.613555118588351
381.8979833745416
0.1139102514471233
52.46457141034239
50.696226743579246
-131.667975114927
-66.71868165291873
-45.36465301378807
-439.11456624310813
-39.45270188563957
-38.85582809225423
-29.74236426544485
-56.101404648146165
-60.321372221524925
-158.8586308723934
200.71405128082552
72.81646017494677
-476.9530181893224
169.86199494553512
-30.898567049376652
-43.5238636085168
-75.62622237334654
440.73619937375224
-65.43445228848813
-88.11527849760569
-20.350280053930167
-93.57185488134076
55.905271914276
-7.195934577570284
-83.28546328180073
-156.78165626882765
-42.207648161475845
413.4105008418719
-134.083940393386
-213.56895874519068
-43.53928957936387
114.67205604522132
-5.915540779127696
-291.52141480987484
-89.58979428429302
112.61203978203048
86.78596340743343
-134.09768471206007
14.671487610762597
153.90903770322984
-137.20807932165553
-43.15349423972839
-79.75195411560851
-26.011379051229596
78.9079835389548
-101.66866838371335
-61.6599419895565
26.630724751950765
-171.3618730681119
-472.5253335424968
-10.822917289591828
29.839188979023675
-43.6904700108039
-56.60543906926924
-171.64814283732449
456.3884884568615
-89.61513688417949
-101.18411679743502
457.59833705545316
-42.05388908917964
-87.99992301133
-44.55873863965654
12.48274627122646
-11.95485642453447
133.33362972143914
-374.9982182300646
-193.4330632944002
-72.78297169775807
-68.51459985981325
-25.371265320228645
-145.24870850230036
-76.78582672614489
-81.99115934460497
-82.3194943495099
275.6501404016326
-198.0897463457477
-18.01344238347292
-87.66756997433731
-84.553683599328
73.01256152250608
-65.87659336747092
-84.2407337368216
310.78451569860954
390.00100135961384
-84.35098099233755
338.15969178427986
-92.27407564873135
-147.51751103869947
-116.34796696339436
92.00982847055275
-185.38973681641892
-255.0316059787392
84.34777244760517
13.951337342222587
-401.7731049761078
145.6848645974278
-76.33730578543327
21.364326082326443
-126.94424787796332
101.32921553583037
-90.14646991629525
-142.8377165295915
-9.033238011214053
378.0768583092886
64.12646472236247
-77.20830095290523
-26.491156261301512
-54.70289187212438
35.131024870075635
-7.374573763305307
-15.681085913316963
339.26227742114315
309.34546697143196
-91.45869946176501
-220.42861058670132
-48.76809474868391
-49.078864789080455
-171.90451975407632
-221.1226399709176
161.95799607925255
84.99228034443377
-12.999362147485044
42.612277071944845
221.15249570824017
-75.03740279172015
-101.99603727951427
120.60546271022395
106.77250568083218
7.116315732899579
-95.85416499416169
308.89528020123544
-45.917057607137956
384.7777592190814
19.059971737120577
189.32508407591922
-192.27514808758133
-47.82904271971165
-46.65794030668667
-86.08514330596154
-48.567291274320894
-296.24732056208177
44.515421132608026
-57.852401738535264
-40.89147421755126
-49.45223445227247
-221.3182394067171
-131.67882669140454
-119.78343442317464
-133.82263185548254
-246.12324793394873
-10.663988408031633
-97.04933294161383
-8.425468926112444
-121.92989585286917
-56.5395018421635
-72.92934585336806
-187.58547900103986
-31.42713203558378
-57.473051082894955
-168.36975745737072
-55.821281877298055
286.88524137170316
60.692404132377305
61.00971158788616
-10.002416686544166
143.33048756572498
-574.5149730298272
204.30625294521087
105.19179238640027
-63.656656141807616
-143.03619358257492
-102.65888528386806
-48.44777216290876
26.375688840827934
-27.82347880212319
-73.22001308278804
-22.109853939362893
405.7291108573172
-324.4670394159439
-58.950869801242334
120.24735070954921
52.228638931283285
-91.47939401093208
97.79739343659685
-459.3876026767375
107.22734085370757
317.4765342533783
-30.87872356511889
126.76515944178936
48.66076221429148
119.50881066236434
-40.316702995029004
25.98367964692079
-22.74048272928212
-51.79446744918758
-260.6270872513669
181.66072978530792
-426.249586547292
65.60648697125362
16.65832459374178
-342.281311931094
-47.870125537437545
-129.41117685112113
105.18057722728372
-106.43012810800178
-59.807683165207266
-107.52566730103717
-72.25067725335145
268.5659427748651
35.261876258483426
280.55768686896954
-261.5036540086876
-51.74792257197623
-299.3804129446253
-73.49114739377183
4.4861444473081065
-109.23458071327451
-27.69981498726247
-420.27999793477284
-53.44353869133237
-69.93706176392675
-77.59411043234729
337.5710260080832
-98.60778675009533
-102.73261653433283
122.45654390346999
-72.14229042309985
-163.86837486478908
-55.76134741964334
-3.065286121572094
63.403107932637795
132.60239547043875
-45.82048622049457
-125.11657953610302
-21.529760141945644
-84.50056676847494
-237.52384957633512
51.44355643165818
248.21236458740168
-119.91258575165193
-57.36897907041975
-74.51680067457892
2.6868538723897473
-594.162113583794
410.6201555087828
-3.549722832192856
-54.6623497663174
-221.37983356858058
147.19438562642245
367.9549529228607
-19.708244258367927
-56.37604602969293
-96.8677479133742
-167.43548308646496
49.51097034035956
395.4614733182134
-27.536096491165154
-111.56887748925237
122.17696011092085
-30.08911941943188
20.096377051911986
24.873529033809973
-66.29496805642445
-14.021433998508627
283.8491555418241
-118.71790606477225
-18.44673641813221
-7.481778807123524
24.780800126423856
102.4109219653983
-173.9602953297608
-65.8455659400638
-47.06916525860515
155.8524852001765
648.4829717686971
18.147220271857805
-37.072575250310024
74.6603734930195
-22.35658410497581
427.31944084136194
50.74538974684447
-29.258902103015544
-69.28382487714725
-88.86046331308525
-23.606526077925423
17.889560925579644
-123.88440538077026
-126.34680409983866
-183.95047257931765
-58.865124371362334
609.518761582558
-353.67754298489854
-68.67879591996254
30.17073962383074
-289.92309598252905
128.6525239862931
-55.864209223127546
14.22227708377541
-110.40742446682452
257.89757795251353
2.601581850905859
-84.3852275760132
-14.97575090423561
-51.34900757216745
365.66083408863415
-98.10895639306545
75.96245896099731
159.5059476115075
-46.19058878946311
-95.98233494061998
-58.000967818459685
-56.81664317068862
-104.0863918597875
58.341275310222045
-294.12657440002295
257.3388212142763
-36.89260981520812
-237.59201130168094
-117.0294300074429
-401.83702265711145
-94.9055084745531
-33.73741264125147
-47.859380257142
18.646052440460608
347.75957665765236
-207.2781975994203
-111.97966745840131
-98.15718320352737
497.5902556583478
-6.932388029056483
198.34508655231184
194.57349724673531
-69.18191366269308
96.73350671619028
-80.10165733474551
498.98023152556925
-8.467704754401712
233.74072783385418
-7.927893871316769
-23.64877087207998
109.952406793514
-106.11490290669242
-72.26936976172858
-75.19233227625227
-72.57546239079795
-22.550722735559248
-402.1547429804341
5.716764278051414
148.68065539002782
-202.62206837171107
121.57654471065689
-290.8873159417799
106.53792382958272
-150.6188988569994
148.16198815914686
102.78023625534297
286.6118270986972
-2.5065473463837407
16.55652423124411
-59.84059814763532
15.653800250334825
310.3266945747491
352.9925734981607
22.688108732620094
275.51447589292184
-14.646408205417288
3.115845312115198
298.6209524116093
-90.04511276567246
0.7176208943528763
-38.713535334234656
-104.09587718640614
-81.09153543632874
-47.437521081875154
114.90484016376286
-100.24698253549141
102.58118142752573
64.75849766160195
45.982650278050414
-67.15599930751104
30.6092838857312
-91.3896665682021
10.858279777167372
-90.32386615102324
-294.53448534071595
118.68769580441221
-378.5471747405463
-61.46344895222413
415.9091559055378
-297.5169709628717
-78.06342729683979
-188.43297199806148
67.71187612544054
85.5757029204201
-18.827303677382588
-46.29265125292841
-99.00863072633092
471.862263899302
52.23968910009614
-182.14732341928357
-44.968715337028044
-52.57995132737476
-158.45432086765413
-95.4615362432685
-153.19889127766692
24.931338752408465
37.17860694803301
278.6310460704917
104.0139701246203
-38.645237824863074
-241.57409099323013
265.76429180706145
-424.2606122172547
-81.64789457227945
-93.82272904539786
-79.34639207635048
-53.0390735954489
25.650838860216027
-61.54055256597088
-82.83155626512678
-83.63215730112461
-104.61882794238772
-346.5374021811913
-59.42649742723188
-102.25025922880013
26.569101089198284
-55.09154793427247
76.61488669894607
-53.919858082435965
81.37235261560454
-52.79673954722848
155.51779463177627
12.159678120814704
-43.10473884363304
190.5202488010891
-69.27428524621155
-94.70527482467611
59.4029740578776
24.071001218445417
-17.02772484319439
-74.91935941956524
-87.14287415173784
431.17508874005216
-57.24460779351263
194.4800553625755
197.50059029465774
-63.65496383850768
-26.537619059781264
-51.79289625643651
-59.92326061656057
-45.78164441062245
219.26426355534932
3.274051592032663
-157.8611723079157
-75.2614502942306
-92.92622245452651
-26.25475291051292
-223.10478462091487
20.264812235003774
-44.78660877866366
-18.92881960423389
145.6161432570443
-12.245954169126207
-67.97868137226145
197.9579555815344
-65.38424216315252
-32.33809493479566
350.41324917589736
-15.46573939226073
71.38342883880796
-123.8548231460718
88.45915155206058
-66.81863263165906
-61.26834089065596
-95.95720457361125
-108.74127006902654
-49.656289462316636
-126.37655121392709
-106.62137749375324
-251.5457520370146
-344.1120031180144
-51.48046886996332
96.03686523051874
-43.23010815168254
-195.64870257625444
-93.26486005801911
-191.1064259548366
-94.13924666822095
220.63842796355084
-63.45270020597314
-57.70216044840045
-105.57181853199687
-80.30468580620642
311.5898418511824
-199.28415725342347
-50.190213145516516
21.291095442174036
-312.63736690376027
327.6942672598216
39.41603655780091
21.80661838594915
-69.75735357814665
-36.682785262382026
-1.2861607091954568
-47.898797687119355
-164.7161701604564
272.4471312814803
2.1855199583461626
-118.00844362547264
-45.559200798502104
-317.5029657568193
-81.13565429828759
-114.86584706692156
20.52952226929625
105.56686955217265
-22.549495390894663
377.0214341911942
-17.608920957929513
5.050109399741359
495.9522604299018
160.15944592977394
9.161572108321707
-113.42758046072777
-105.591336994779
-136.96827113937184
48.806473475295206
-366.01728244485184
47.68893829279432
-73.0117037381165
26.66531146950547
-25.78702968838843
-237.51059309057564
-62.31287028254701
12.552953628355908
-48.291431503025414
78.28380680051669
9.455274731493773
-61.265060150624834
89.74783798008866
-66.30751410436905
-25.3319731054803
-28.90676249355147
-32.29004898831408
-30.268032440042493
-126.22527888641162
-62.46153547329595
-30.04784325282526
-90.00242060428081
41.22952052116125
-351.0857204786662
-27.940987450892862
-93.06070923862353
-44.633235890771196
-43.01074601336086
-145.04596247634618
150.43504264826697
-28.047476502897553
-13.135545387138638
-60.617993199783086
-132.7098368915522
36.31484171903867
33.97996090119068
-70.56380704274966
24.5283267806617
15.797407335432581
-7.510598675812462
-306.53058545064414
-53.354839071553215
-93.13276757086838
76.17219671705766
-48.57597630906548
-92.59139944998424
-230.54877413158283
-90.41198259984958
-34.79842968951971
-62.51273243429782
-616.7887929483022
-74.58024535342474
-47.75334060149298
93.34148702398625
-283.6703486846927
-207.50949951555958
-25.508441890353424
-7.123840057785742
-74.45087796344534
-4.917069644998264
66.89876037147951
97.76081000429258
-187.34157530533776
-289.409478230471
-530.1684255455166
-75.62559461178489
-239.17042061642042
-331.8128602319375
5.596152470206221
-48.40939156921861
-49.0581211639894
-0.0890984734878657
-16.120737028355506
39.52210738122267
116.46839597184226
56.999862233309614
46.020192382699406
-67.6589887031123
6.387561256993649
-53.28477457611493
114.81951737340387
-85.67056291294216
-37.78356447730596
-21.384192509565764
-36.141618202985256
-256.35394685842766
-53.098056643703785
-54.88789275329282
-619.0576116310185
322.28865273314295
15.49744419259514
-70.95461695260747
-93.63807110645047
-308.61312244214605
-224.34318753445586
-76.30881281660378
-74.42480001183941
-91.52135629088843
-52.33148915589938
-59.448654595642864
-156.96395342066717
-66.13661937425695
-13.171274239205559
-129.3575051009484
51.16736792518326
9.85011933883834
239.5361290738847
-84.35862511218382
56.30768374357967
-54.5327380279211
-347.18947694274175
-106.26283190368747
-92.83567810031653
-604.8811805996229
-178.41622455396464
-24.340271983306593
326.3679446885635
-100.75441819659227
56.39466249414181
64.07275456323487
493.1309635988673
132.11748735424226
-281.1219701276059
-72.28963484555092
-42.85967839253746
-330.87274685722423
413.40750481995747
-325.3109088054498
-110.378483570571
-28.106199827256205
119.2785495549142
-63.56076291099754
-42.60913952667761
36.141361633599445
-300.10772343249664
13.602058711893278
72.61604110166263
27.31788545576451
-70.95773224554694
-63.65004517202177
166.4758323749429
-124.05528604406936
-88.6182211695741
-98.43729867874663
-83.8252933790579
118.74635931893317
501.05702499692234
154.7053138333613
-495.57922130208135
6.534430607734521
160.02662165683432
-65.66188300486856
-363.5558849525023
-35.26434765880153
-165.35765468558748
-87.58242455103752
62.79485172308705
-35.80553609075196
-105.266052092238
106.40143466537484
-80.18704272009745
-82.03810861032889
-91.99170722538975
-100.35289828610436
-313.5281557043054
-107.3886866602615
45.80790024139952
-448.62710969202817
299.72718028607596
42.403007615989736
16.31618685781359
-83.65012047266919
-89.87961246571285
23.033085827611103
-12.606117797228187
187.399871023199
-38.89884499863365
468.4490656593498
6.880850954069501
21.39704632390749
-75.97120962788267
133.72093014445636
-154.77935392139835
-30.546414053046647
155.1767501209324
-74.8164484160925
280.54871609964357
-52.46967445432142
-196.03696464784207
-164.4694580915675
-226.71774543238644
43.16455657842562
-62.749242477538196
49.65222986126582
-24.506373645386702
-56.19824636070672
99.19435875301497
-260.14846730762383
-83.67809780216339
-111.73381516189758
234.41141794771647
-53.81711885178811
127.99261535833102
-26.87007072040069
-16.13668872673088
334.809301393178
56.24427591434505
-224.4250713412075
8.10127220954503
116.89403530982054
-10.891309584279952
-60.888626685436705
178.7524828089936
-45.665737725104464
54.10744098980649
-75.72859490192423
-34.855161427740335
-106.7703944089658
-49.22959920179801
-69.31103923059737
136.42034361533297
-87.55359052725031
-78.01072927076193
-61.82750574650196
263.0911038497052
-82.26261142935402
46.199199470669555
-50.01367083961304
-104.4296208369251
369.736814889
-22.12796615763267
425.9277075627688
-42.868010219208344
-53.6001918579484
-62.864351851028374
-152.0254159795004
-229.71182443749422
-33.62258838229765
-371.2588872582837
9.794667963304164
-268.37338720611115
226.7729703228879
65.90800251617475
-173.33270167151932
-87.7460493939831
-24.5957908157161
-64.44222028499667
-168.82409833622023
-9.18456519537881
15.076375261440262
-16.081436177610613
80.91572775478016
-386.4450191167616
78.12105097584572
89.78289156547726
-28.363956194220464
61.51034063755287
-71.4717025037171
77.41647224678309
120.81315026779521
-120.20545422593841
-117.83534336858247
29.88126965101037
-49.5969187924518
-52.36765294666111
-51.51410864593417
29.391753431955294
192.99511059122415
-220.9750349821461
-270.12042477686555
0.07707408702117391
-31.73136906111722
98.1169413180869
-70.63710969724788
-110.34116446760304
381.1673044124909
13.095130434754537
-432.7328898792821
-32.500138878634615
-86.7544773167613
-82.95921354714348
-112.52923665770959
-84.77879271802607
-58.29451371645189
7.090986336222544
-54.98148852973918
-50.68055130869673
-139.81432242294795
-13.049571877289054
-253.16134091348613
-120.61721311772159
-107.26438351997422
-61.134239465238124
1.363057600256525
-84.84223518691913
-95.79102474942488
-9.834586513528848
-192.85368380364162
-92.11926024824709
324.0128791099305
-562.6693343376428
-61.239388016900165
-32.14466837515233
-5.645904476955366
82.22484866956802
380.5114522622098
-38.01986530919112
-44.93995843184075
-72.52602380354256
-66.18166878818556
-312.3693313142976
508.6652173700786
-198.77472596560438
247.89688430913702
-94.73310879863055
-364.9863817679161
-358.2023028219555
240.99465065305867
229.0179886886508
102.5280748635746
-33.267402875810376
-30.671576733460824
-56.4839679325093
30.312052437646344
175.4869937338226
-38.933918640817865
156.69398223074313
-113.26912934290158
4.357990672536005
109.07443429053365
-48.11646963706335
-278.44284426586455
-277.5889472428071
122.5490743106584
-158.13853329292124
-208.42274334726972
-103.1306794338989
-56.311997643887025
-8.370283642996583
36.35094208873306
-63.692099152469666
309.66225353536174
-60.81478677350667
64.47014604821766
75.8361353246346
125.18168874317416
-23.9425492554401
83.16628942053376
-201.57399503757915
4.2841038551305815
40.898325975767875
-31.951575039965242
-108.76217933835414
-21.091293970576316
-333.2663178521252
-342.0094514799248
-242.60150316098043
28.661565257251823
65.60332403616576
-42.47162689504218
17.620918097451067
-34.39364266703377
-29.01288219739763
21.63595938483354
30.33046103965694
-226.90904493530252
218.5366443107814
17.937483318422892
-82.41660759332854
3.545709699033978
-64.37574160039443
-211.81412023244593
114.23826268446919
-46.09601654983582
89.99046404014007
-378.4185224646062
-32.145976492860314
-45.165155452699764
-87.14924701943715
239.14651034132476
-3.224837774152377
-107.5464998483967
-15.281463545026782
535.0792329843407
56.51566268851457
-68.34801387778302
-66.23386650444435
-76.65200846735297
383.56880796757105
-132.79218155217313
-130.4306007735886
-95.70096425980877
436.8743387180002
12.387913749671952
65.0410104856328
-32.54688510858432
-13.692166872257985
-113.32662430667278
5.273217798840051
-103.32941442193714
-364.84272088405305
-82.33496268061208
-40.76041140799498
59.110858094607465
-17.32491128170477
-0.29343042428416766
-63.03685619437988
109.30658219275028
-608.1609319258077
-102.9928221184723
2.0808363156497762
54.86281379660613
63.089290928732225
-212.0288952565843
-61.5089795085687
-57.84924303902707
47.42923404827479
-36.08067369966284
332.3029190417801
51.13539081426825
-372.7464223211555
-144.71287034196212
140.98207577827816
-300.2792162755286
-4.9846481772891025
-114.40368701266198
-52.74457663539761
-2.4628463750450464
59.48167289501589
-68.10315448806614
10.565331781559507
-87.70598925485865
101.93852573656113
-247.61207264596487
-13.087846522077598
-39.53636771606398
-70.51724112188732
-41.33370318723482
-33.00676043456224
54.990072901173335
-330.0636216447592
399.3579041260118
-10.655156854183815
-43.01887446587996
-155.16155053266448
-79.2986244358742
-196.55400759944496
-64.76889131143253
-50.21298741150258
48.27328043484067
63.3912830173299
-22.995247343458317
-152.9084895880551
-17.16063328621385
-31.406837826926505
-50.1362880674852
7.717539704776282
-64.90573704519393
-231.0287069374026
-55.94346779638957
-117.7628651461655
77.4536136280094
-180.5177048870264
-82.27375172141531
553.3540182934539
238.8053112293819
70.51451349381932
6.145936929699758
-202.90690760600955
-0.2939140334201511
151.26388486871474
-67.25394907913505
-240.90942826689206
-55.88309222295442
93.46779361499466
-27.616787330497445
-11.94700399401836
69.78360991428963
54.69021382907704
396.7211330100745
-33.70795791004457
-201.99497885601886
-67.8300663829175
-14.58373121001705
-6.119015922480401
21.304917088236767
-28.608895405548537
63.18804671232169
-300.95404807209707
-86.47519295394474
-102.43331426165787
-141.46663852080496
0.9859200188702744
-40.716413448902586
91.73725663752157
-12.524105846940074
-381.3675334657837
78.49382008885368
-23.894579947570236
224.29051646123844
4.8103953399804595
-268.6555395367395
-93.9678294544931
-245.03561207743132
-106.92456067947751
368.5921198267788
-117.31121241891461
-67.36533676105961
-148.0283234563376
45.30399678125832
-116.16133085774709
-97.67686268581095
-52.99544967879094
-35.04712788105007
17.5215390852336
-1.2406107208917092
-305.1829023439459
-50.425691398819254
-53.4906419626285
369.40957593883104
326.8647125098414
0.49245422049352783
-55.25677630500286
-160.26228481907674
-301.09011781825757
-302.62874178741913
28.17359136647974
43.0110091403285
-35.72740094418441
28.03318406528342
-33.17434528599307
255.50538534011866
-82.91941742121708
-30.431625179379036
409.6181575818464
0.09897203890250239
123.40547868396243
-73.5838078340578
-232.87667665611843
-53.56755474148804
-73.27147294167935
-105.67218876427198
-185.213352659026
2.881574058230399
-37.9909782473614
-32.27701666247782
-96.46934255014428
31.109720382190062
-4.039785060434667
-32.18389074519174
-41.58011758581465
-582.7538300085689
-102.40712518816508
-103.0299934437787
233.84300813546542
-58.539274146018215
-40.12430772619435
-99.83194146191973
-41.321751603942175
-22.12525372121751
-40.33329255175488
-617.8153489962278
1.3584457115016448
-105.09454234213392
-191.23222796658047
-45.1056116185581
-28.283945401808523
0.09648551576931519
-43.44979580349825
-27.4026529248417
-71.10905425038585
200.28795042695674
-91.13446780017681
-28.82428442809487
-91.13556221267068
-42.29545783175672
-36.03696836260792
-124.56749362608025
47.0627960410402
472.9618356843239
-63.93397494148286
-180.69428114967013
-126.50395083309468
-21.47087071981514
-271.99153427216515
-83.17071621734158
-49.91617648222854
-61.48056320341635
9.65576281526154
-38.13176567449136
-30.791912916555304
-58.86553271797038
-77.72956027012883
160.63867106231828
-90.41028856600506
-49.421538403334395
-64.7497005237085
-37.468643835503826
-72.63106085221531
-87.85979977729883
-25.22628938583796
-147.58391100773042
-71.08304841118351
-24.00696004664402
-71.3616169660791
-62.30866145431537
43.346524813303404
-73.43479564393333
-20.889071266329324
-7.184476003502482
-58.1526810211526
-52.408562302428116
-241.34035787858738
-125.1734291959765
-194.59498703574172
-29.697298729923205
-48.23849146309658
-42.22538461113247
-14.257871799161741
-49.462973079551375
-73.7873654132054
-307.69311600924993
-122.90264201241916
25.89113395414097
31.775151220203952
-77.86680684778003
-30.824299075702584
-79.30261165723823
-51.73102855489274
-151.85012902910603
-14.984754365411334
-60.141923423830264
-68.71258006316523
-90.4044017073858
-12.698289378478876
-36.75753319383222
-12.315100733864995
64.89204735605108
-60.049035527521035
-43.884443493467415
29.63347790339492
-46.640984802121196
15.682913102780134
-14.067110427651642
67.34955211706801
104.94380896616985
-188.7068710688618
66.80844238454301
-197.66598860067097
167.07673858606358
5.526324154086467
-18.340300143404534
-51.774128553220834
-58.8611529271393
77.2902530469446
95.86037595695598
35.844547907763626
37.02565986200807
117.83749836721745
-168.46335591735806
53.75208603917156
-79.85858666104528
-56.95206046709791
46.26454861707498
-175.81621895280477
-46.327543274769596
159.90974418299993
-118.52327917302019
-96.47694416904041
39.044079199942644
75.24267162130081
135.568685917091
-59.83585104226495
-48.52853729509533
-22.36879402445436
-86.33925940252514
-65.28995556042688
-39.85331461309738
95.99004933460856
54.68944468232212
26.878904217997842
-66.81761557457321
-86.83585810685693
-394.0747708907584
-71.19938697683588
-20.23449487321104
-575.4806410373822
-60.90976296891027
163.5161372139246
244.1001627797741
9.601707059184378
-77.94217818587714
43.60617274249489
28.204502401828904
-12.373583193706509
387.108632374393
136.79974240447518
-49.456289997529495
340.2645742373734
-239.690192524572
5.74346811000305
-203.79960760695758
-60.907354970948944
-124.62982718909188
49.52823517557954
13.89979056840366
-87.6550672539583
110.95141688928015
-115.48846251563009
-30.840318628898505
-28.51608897569625
-24.04257141495691
-69.83920249157319
-39.33484581254356
1.303478724005572
132.09547831837153
-26.273974390561175
-37.400868667099466
50.05871569997839
-529.2389630534472
-73.68636488042648
-11.044234504470806
-68.38661070129456
-60.64282086509775
58.2252206417279
-64.29019062783965
377.92097247985294
-51.85864718026337
384.45953623655987
-21.653992566496548
-59.00544640549791
-34.80165838484936
232.08235148266613
-185.52302092937134
19.736038876328166
-52.029332020051015
-16.031346496820674
-78.11641321130729
-58.93001088600579
-40.47287973709303
349.4741813590481
-49.55639811854945
-271.3422771031601
-17.96033824555161
-45.81549303945053
452.0150232901742
92.31401689453196
-94.09462307090757
-80.17288756824269
69.25126325348674
-156.6190256728205
-39.55235183727826
-95.10230003580183
16.685273245462668
15.971250354959144
-300.31328490582837
-158.99596966371064
-156.73155835408943
-55.74337823197533
-27.758057611349102
-95.4667902312546
21.21278611002024
-72.82953366095899
-78.8337991105891
92.00197394576935
-49.73987625228883
-23.147080027539147
-47.158511595912245
-402.4190775116549
-99.29587065640087
-83.07784637126133
-76.12173342856087
-35.47902903424574
-60.61602102028401
-42.6214448357332
-53.89345019530856
-111.16261488617056
-74.74742572275164
-22.822488497577922
312.5772134714316
-63.68304421023272
-47.78721119921465
-54.73816257361862
-160.66316696509784
14.980175932632449
-203.98579848212103
18.0768570971298
-60.472657705180836
126.12220422848895
-204.25804302991673
-101.034752966067
-65.74430159163202
-81.11382534750597
32.889851947374154
138.29558377417106
-53.59108995259885
-41.046738484240365
368.1745418624596
-50.04054288891066
27.22040454143462
-68.53922917571066
-73.53172172072118
-147.52124381396698
-42.04714629651149
-77.4172610950104
-174.92702054029724
-99.20814054535913
-51.094246121673834
-300.59989278457306
-97.8847069632772
-55.07306682589501
538.8329891567373
-86.14189573803317
-178.44269591842385
-61.15157349052513
2.537497782434002
-6.09676151133317
-23.36326810250793
-41.63053455631663
19.10439505027989
-67.81090459002112
-73.759937313797
-286.7349099298517
-16.1402427491157
-44.964754672564794
-61.77402674339664
-41.958253409734134
-30.76358595838317
-59.46064275958285
18.96790491176762
-220.74726092752098
-148.60432205004668
194.91602995283938
31.340096757077845
214.77283930421072
-86.07549542976119
30.110215118131464
-27.772026404192374
161.07681963148116
-75.13810709321439
-43.468794919195304
-65.31505561599994
-70.82459336708722
-25.65167238483741
-90.73070743694643
-69.61633612145665
67.64611949972277
-59.168904873342726
-46.67058516510133
-95.14048549660326
-317.2802162357075
-0.7768044154490781
295.24995736081837
-107.74122480393453
-108.37750418390115
10.205059473466463
-437.7005835877171
85.7061419902061
39.46805671012498
-130.89586611675315
206.85561136418983
337.81476485244457
-28.853910132781948
-226.68616694840784
-93.87925392714533
69.03932508281832
-56.619770935836904
2.6579779520343436
202.6762586531063
483.3650693608306
-21.30383472826179
20.220924042542233
32.69746690499778
2.3329127799206617
490.1255394595264
-178.98730242036072
-104.31512229749023
-24.229333361904764
-48.83677413090576
-1.0491715196349105
-140.69678587506124
-166.45560509542702
152.89177332132385
-25.178543440485555
-595.6492446695302
-65.67739703971702
-36.013932714478074
-22.039141587171798
46.72973021970529
78.31294173248989
-169.33277227012422
-501.5727089116517
276.23106116679264
441.43228660822024
-210.1972113064221
-40.201710981280215
-123.77720632765795
-19.211420558082438
-157.84465369329882
-169.4427205897391
-134.0436094034495
14.131837143613666
-32.752113361764614
-50.46062583227649
254.4824427452986
-51.34748830478202
-189.46243861307812
-520.1279560573967
-31.222635758253094
-32.00341742269805
-32.360447591967386
-235.2773205231515
-9.535289932983318
-300.50058249589165
-28.70594382146038
-202.1179943100151
37.94328559975782
-112.34586610174165
-100.78206948384559
-26.883230429541072
457.3019145927574
42.22648323321664
51.48778584376123
-92.41327907579283
-16.75050431391935
28.55319212102313
-342.16574113533716
-13.301569031675172
-18.478353345009452
-49.96821384628571
-145.08064549678056
214.97216616825517
-82.71520685391364
-21.498362984637424
-22.139816526654613
80.06992788533353
56.48010470584495
-183.9941286797357
-115.88427217852404
25.352993452930946
47.54195394685303
-123.00861214359429
-237.66478551170803
142.83254922971628
-26.306898953659584
-203.60288746397055
190.24775930603937
101.33765452638045
-54.45992290471065
-109.47614146841423
-69.99928952247592
-100.51549749292184
-16.993701353976803
-57.76287802382785
141.64985471333603
-75.3159197788031
-82.92746181641473
361.6664857670203
569.8426846292696
38.77710839384599
-99.86952056766563
163.69449537986293
132.12041537681853
-502.35812643202553
-49.654105620130125
-146.65062275998216
-213.83175258548908
-83.95910133140396
375.27082396911464
-46.2121217023232
-68.9322889997867
-55.72529859862487
-226.26222617383246
-47.74784374025694
-81.85559036782308
-94.09423783190141
9.845195965868697
-76.5466752707199
-125.90064514976257
-593.2167434059174
-37.75331569059426
36.81253282581383
-56.446944759964644
133.45013497969558
-26.903220281945266
104.87946460791682
-18.78956955310241
-187.59848643269652
-1.5042245635263498
-52.29341576724073
-124.41915509662431
293.2774966471752
-119.87206595872124
-60.95326071262835
-30.679702892915046
159.659954955785
429.55491926009563
378.9033973342921
229.9826700992926
-115.44489416200486
2.977223590562062
41.73275633740559
-84.91748183105676
-185.79323832273258
-320.93730878241877
-3.3657452225140787
-28.938361035839876
-77.41344329619423
-45.69620791902562
-40.33248442088325
-194.30508112872303
-96.18240596006035
-18.651025517443145
-3.323475368770687
-46.03405915765154
19.6828233261258
-460.24525698538855
-106.97870767674976
-86.55334977197724
30.216244588518748
-51.962852036973686
35.16387233610229
-18.51032775573998
-17.127994408576342
-128.56834132392123
386.778183311897
-543.3805570261502
6.30830383391185
-40.77865636798448
-217.276166128574
119.41965886377739
21.318923650046145
-53.25452364708326
-80.35974709281423
-49.59360819733047
63.63660925588192
-36.76748261001259
-29.013880551233854
12.938039613783985
-93.56175576482087
-225.7670234778161
-69.59054949358293
-68.40577256278993
-233.98564034422816
-25.880053248149125
-8.458059984182485
247.39512480274607
-101.58752696589875
-57.02160793427686
8.854086582352465
-88.96604189353798
225.7101271174306
186.0434142440081
-52.640631339196894
-144.98588008829392
-96.0754331897515
24.16183535723303
20.190496558891823
208.5911751666572
-149.67052448336653
-145.32634962360135
-53.56110544308649
156.02368603880495
-91.81256411364666
-124.7428542600428
-6.5010487550483065
282.51449736952236
80.65304915997694
7.5933465095654356
23.1065324674164
-22.5463459309849
-80.70147127396915
-263.825218912928
-104.34605560702998
-43.7245714531
-108.28886467254051
-120.66339328051981
-11.67299396215276
143.11395538159923
290.40109196677986
-36.74060983375932
14.009929743771181
-104.9024151615813
-11.79279190145644
-147.67986497052516
-78.49227911229421
-89.4162123583933
-255.7722596621461
-116.86188937640375
-67.4680220680394
25.30608230598955
-85.0809350421444
2.0724809775930453
-53.415381491906
-59.36331296480563
-46.69912029549427
-47.50555090788839
-166.61722204626403
204.0496236885956
-292.9576632633043
-75.46790532793602
-316.6178808041568
-106.29192929597927
-52.40554671463951
184.92492114200923
-70.72311806936236
350.4940060311892
-230.91471867944074
293.9809825386692
-250.45437013406536
-77.25667296979157
57.603941163901254
7.864220455522627
-28.305646894199526
258.8955192152598
-75.35289846511503
-106.83764750843147
-261.2316507838059
-20.86463549837481
-81.72209727093481
-32.433108271754236
407.7936227926202
-141.56824654013326
-3.893367886118938
331.7302571047312
46.02818934055085
-57.17116266887374
-54.03843004185843
-62.415298288504346
93.45572265478131
52.35623667569598
73.68190447971938
-52.46743570726617
-49.377604952647744
-149.2593083970296
-79.3423259361852
-52.82764367800447
-191.6854987415063
337.82678201704584
-159.25694451680465
-30.889890099967033
-51.87414339329283
68.01883919497152
-53.756280978774164
-140.06944714084602
-38.79509705019291
-74.82631387156886
540.2912705170111
179.95947501550108
-73.56484800710511
-34.411352033162075
-67.35178771245567
-100.02769235684536
-81.7398652619313
-43.77455244308899
72.01140390154796
-86.54314462416414
16.05565880859467
63.17426457571901
-102.2788235870139
136.30296784398888
-23.201519754886462
-35.318987210898456
-49.30820076461316
-280.21613446609445
-330.2530697372931
-85.11105890277398
-107.19880160205275
261.52322542563525
-90.86561695202401
133.73914143946422
-523.5012201193676
-156.40171408761307
-26.42021491711057
-60.4305245899604
20.33369075743849
-65.47855598810384
-81.72516081479625
-58.17970844708907
147.30288429017855
-83.01670220797405
284.14711427677685
-59.89059088419095
332.3405943353391
-31.370345886049677
79.72986750998825
-53.01226772273539
-85.0086947617383
47.01429213533265
180.01845433071503
-108.68084307289136
-74.69770514901687
-160.03343616356688
281.72600267151574
-0.9833279493104783
-98.74985167235647
-28.441133988115325
-263.49233038456805
-105.54831576005863
110.8021849809802
57.73456383115081
13.396556292725148
-73.77954098973852
34.24958513506499
-188.56511832131036
134.79334692686825
344.8847429628786
-57.04788259073875
-19.129536367557193
3.003432276274907
-268.6089382780556
7.117061011188639
168.4815405739646
-115.31236026686292
21.919329194830652
-102.71473066094586
42.42917732752721
-58.12546669711077
313.539801093375
30.273537698687505
-26.770717520021208
-27.867631750819424
-101.94252864459426
-56.90600986224187
-0.8660505835005097
-82.15953610335873
-34.04303300031461
-116.24304541662696
-385.90620951831534
-13.83875132976732
-7.880605239355646
-25.64947016747992
-78.6380159894079
-3.937336790208974
-77.00316678132731
-97.99163892410996
-195.90124901529998
-34.37586751555096
-63.558214400219185
-357.11813149770205
23.104349576045934
43.51188830379351
342.0331944232239
556.244341380554
-1.7272792915650825
302.72341363954547
97.31125953106857
-30.435826112998257
-18.586826585927156
63.133021240846574
-251.35066075531722
-3.197400683162016
-56.53555334064367
-124.75425882552736
123.35157836908002
-421.31731352587303
167.50352652052425
45.83377754204156
152.4405244925947
-94.04087001580046
-488.46953859614405
-41.4956252764486
142.86965042294105
-239.90787310193082
18.53966934836899
5.983461358247041
-49.65683027760588
-61.52106373410077
155.69292377546844
-101.99810987182475
-9.200546423319338
-42.22466519843303
-260.6430058529386
-205.58949336745536
-219.79635923931164
-55.02134576109165
-25.62439251804244
-96.17284647224398
391.85529371079065
38.42101529493448
-29.53577368603328
-78.15837664216997
-60.30937893209176
54.8670088883282
24.97039390930695
142.05994019146692
-6.070678526071562
-471.87852051723166
-54.81072558414053
4.572246906676469
-55.44733140878452
-33.02815976630973
131.6272956844805
-144.49409685696264
-34.292231498991754
-50.23496030138631
-85.18348128343014
23.411961245610655
-36.12191781716848
-209.33296139853883
-364.98400342308923
-106.57379213151192
-308.54932339629886
-29.51168487560517
-43.39106194137253
87.86416757239931
-176.31879339164698
-17.018440437591153
-37.104042149389045
-17.32925998862106
-58.4001181215076
-401.9375656191987
-75.69667528790228
-53.834737988586994
96.8403136179113
-37.89914288993338
-90.23988688628837
-5.519640923313318
263.13283911604003
112.30100556066873
81.66525363729261
80.6516089738243
-96.43263666811299
-49.4253409583554
-83.69762435915754
387.2161785362332
-529.5807911822558
94.9562723906256
-64.66527009609854
-93.10934479048876
-44.61402387909618
-16.03869262194604
-245.35823667719706
-17.06649650612644
-74.46315642736405
-346.72789390019534
19.07911216370553
-6.858388689730873
122.91440619330388
5.668862263406481
-96.65626777734174
-71.46377579212233
-103.07050665486773
-95.10268523082267
-73.6909036559909
13.573454718561862
-108.03796499914915
-27.71336072839489
47.211454584981766
-25.474397873561614
62.13381432981441
65.5208347899079
-59.269465246786325
-211.27069750224473
45.539330183724815
-66.95680746407663
-14.553392741472635
-274.3107404255061
-361.5621992278029
87.44795571156374
-61.95857845196542
-71.76215624337058
-78.49590900404411
-78.96691675367728
-40.95048815656915
-9.78797060870238
13.269244069889282
-67.61507756866719
159.92830224995305
-57.72923445293745
-100.66319262452544
136.20947543524562
192.74437655155998
304.9834507409196
207.0994427764108
-45.18032443781935
-22.95231842880412
27.479646779916948
12.019732733843284
-460.0938408399288
-115.94058350379419
-201.64305554118255
369.98560782529785
2.9791354234694154
-82.46234301645222
-253.15450552546463
-76.45592617903074
-37.570101179866015
-62.10522370392482
142.4046778122065
-80.57794190611185
-131.44476927021879
222.27433160454257
-45.61774253880503
-97.14926529497825
-62.7481494875211
102.16099014386236
58.33367104909212
-180.68832597828077
-80.97323742795574
-364.28990522221284
51.41509116626821
-96.94804316977874
232.46026420942871
-2.568634406998626
-248.76028130261875
-163.75334767716413
9.2551411941899
-72.93697946413158
-67.11147292565657
-92.58511768463163
-43.372553083906666
460.48837677120173
-78.4753423807715
372.9767120661436
-112.62857536999763
-78.15918692521687
516.6261761717715
-95.82720811136703
-290.2595513016131
-69.07683850060134
-191.66510333015322
148.26526704418757
-108.89148685403846
-117.95720614310267
-70.10288330521053
54.29514225395542
-107.07186345837272
-264.87720857388285
-159.15010155497384
183.37930151797536
-13.732505879264068
31.50985200570466
1.5546022539866442
-348.23593193249144
-57.53110852883651
-130.34998976496354
32.809119861299905
-75.35421751961803
11.587304571941445
174.15885151321163
-33.31816240465264
8.098951138577831
-42.83748446056234
-12.361519490778846
-76.00917223154754
-411.74976356311436
22.50785300987627
96.88687212475634
-165.40076685565964
-71.10186126439658
-67.6690789625303
-415.6980684023856
-149.21273382959768
-82.23597338848332
-64.27458329808087
0.16545845973809037
-25.956491600217305
-100.6485713478248
97.54074220634175
-235.56748571201388
68.43478092738542
-47.02319131037817
-232.3612513397602
-102.05748058722747
14.78796680498716
-78.14826429576661
-80.37520162790622
-81.54462152817905
-82.54847729695891
122.71218553786548
-346.81523522750285
72.43561205357173
65.02457150392684
17.519669718099976
258.5315982790635
-288.5696029105493
36.77173578731072
-25.146848187985142
-176.45659325523593
-88.86650218308205
-40.357676382736294
-169.1557837076616
-22.43112505338074
-57.27536598057709
1.704729926226264
179.50838834826573
-41.20417385331439
134.69610370518967
-36.66729152242826
94.67418300641293
-295.56818303844375
-55.84959904662719
-101.20200878019023
-372.7771196052545
45.15344380120223
-45.758391854881886
-53.254970792671884
-178.0509799598167
-76.50939644267507
-80.85876373904674
-88.94572664089566
-97.60075528316884
-86.64107005420556
-21.972119350833907
-177.18484585222177
-250.71593989622306
29.54672420400675
-54.609058705603815
9.08771557943328
-63.25560553760732
-98.34360750550954
-213.0026009225312
-181.65343257383756
-26.331083915433737
214.12137984249284
2.664928208022957
26.62029821664146
-27.097732606889025
-96.00440534461268
-350.0600612555536
-8.261633455627134
-63.754027300784685
-11.009138816405574
121.02395723938571
-38.79969579963881
-3.442307887108827
-80.99560901481891
99.7054561421337
-149.02506034472202
-36.907657680400355
16.73874378317214
28.424172083018334
-168.72158798685632
-59.96026823990093
11.981980050884886
45.7979469278398
-100.7363797712132
21.588549495789266
2.7141849115969308
369.3887440388262
-59.0442000590413
309.48502127984284
-11.568447938611218
-263.04651446915705
177.9647433837672
36.174370388333045
-54.5609091638039
-74.90380967820087
-110.5244621107231
59.13337491843595
-77.24158184676101
12.978608925463009
-93.11878537729426
-143.65795336018164
19.969234304990096
274.7413137024505
-54.0555302151879
-11.50531467944893
-63.11012524971673
-19.3385320798234
507.3941382324874
-381.0646683625837
25.996329724054704
-11.95142293232675
-139.55434002571565
100.98052379784758
349.2886321732494
156.79215407891206
-83.11043839014383
-89.43842313432833
24.69142397122505
311.41294364302667
-86.69896452242392
-32.59831476473505
401.48184873076207
-97.9796755267198
311.0665539754482
-68.57306814192634
214.6956389390325
509.9365372679913
-76.92799690096847
162.98219215275276
23.248101948067415
-9.693975522440269
-41.99783147520611
-58.93035073575027
-82.28502073885848
56.05872638434903
-239.2850557089114
-71.1226687058188
-70.13355001774289
-92.55935738060941
15.532271986438445
-101.23913485462435
22.338246617140612
4.630456575964331
-12.115779002926502
-26.235038550668257
-95.37633907426607
17.622201321084503
-29.424711939784636
-90.5333084487841
32.06307983208717
87.6407351564003
-146.3131356091435
-48.09997473712216
-60.360453577487334
115.72383131345214
-12.06247877135138
-7.5261330197226926
-120.98276684209486
-14.78894980743803
-66.03542093203791
285.8676862379216
-59.59097113403328
127.79707285530549
109.89269572424564
-314.51612774831483
-30.316580958641225
-83.00025877802338
393.00100872358234
-58.38312285146958
-91.12506871301481
-52.00017542101523
26.365454740591304
-64.06628539816484
-78.47114739615881
19.893819190643626
87.13246849869483
-93.35371037208824
-36.949922459139955
-89.13778805919506
-276.508095316467
-109.06154756566502
-33.68918299157518
-39.49585432420382
16.205374787366736
25.71927464467217
73.20378790722134
-124.3955420047132
-10.37052678082182
-39.27615228640724
-175.73285477379068
-26.756704119868573
-79.27558838692903
-48.76896123722545
-16.12492708824942
-43.71753172841832
46.53448479505823
-201.99167246268553
-59.47515553640837
-94.50636963772291
-58.71515018449827
-48.18219452680864
25.516733984037273
-37.439162517536175
-90.76276236246866
-192.73703898084204
405.83386036932643
272.0951042082015
-133.14953438780202
-22.2370489525792
51.32356375888958
-178.9883277129111
-96.46847572307797
-44.289658902792716
351.9795605018935
-425.87534702959874
11.749617771114572
-40.78423512186819
-81.94902483831306
-25.259522545322397
293.49080677618804
24.8358204170072
-62.98930255854248
-2.383039323196499
36.03472561061244
-139.90388759241978
-36.71249930491649
-115.90283034075219
-6.425064321775778
-471.572652904184
98.43909734245608
-125.53098268201393
8.031256382437732
-10.975741861993583
-69.23678918536052
-15.90039360411356
-64.4901490392258
49.1224078817595
-99.66465990442428
-43.05055180387693
-364.7393524004183
-24.52331884409432
-3.404243685378333
-67.8170846711783
-279.0661857926734
-28.131675099914446
3.4518482783714717
-89.6864744714633
-47.14837952843072
-386.0383141219463
-135.7070477923662
258.0535241263369
252.57769863714566
-101.71896068993793
-47.882474060622016
-79.81231499040314
137.04665831009152
-52.68520448215202
13.033523041603075
-80.53624318419315
-40.47734356602268
281.26417287552977
-17.23354191767794
-51.64630151655888
-65.78846593616846
-1.4610090493436674
493.4442583021555
-65.16885473795315
-74.37575496556849
-218.3958028249017
-145.9874840755965
-154.5588419972064
-62.22583685384269
130.96871797883432
-78.30128456091353
93.68896519131886
-152.99386616940774
-11.353396907062006
129.09742776896746
-31.35683939039245
-124.78654452422597
-189.79596892880727
74.6171846556881
-209.15241616938874
6.70822872501077
-137.72110076968966
183.5139654091381
-44.19324667475492
-16.043172868870784
103.44474751637608
-102.59840622540378
-469.1761000066381
-280.9217986695967
-51.30744550082929
56.550212878522416
72.11449765040561
387.0921730431728
-4.225418488663017
-17.64869721850041
-99.6033361509772
-70.17114827491059
75.83663581155588
-42.6530677552289
452.17111002510865
39.521102621216414
-67.9894543587255
-30.353527374741063
-27.623904357690066
23.458250217477143
-28.87642650125599
31.35278424514945
-219.6495051433858
28.41393540014178
-140.30078199714
-88.05586172700367
-11.899410001125943
-80.0963352668532
369.34005270056696
76.1878853111557
89.43323900385076
-48.15174728969039
-115.56616829125778
-38.495924034813264
49.61290759172243
-27.389097652550674
-113.86000074812546
-45.90365146284381
-61.84989368392576
-39.70360733498526
49.70855596056026
-58.303262133586664
-310.5374959267283
-262.8746163104115
-95.13858167560268
-78.57593082815492
32.611158117843225
-2.557181242220649
-67.23656503740843
88.02011645312086
-525.2606649348509
47.24727307442299
117.65049529303951
-184.64111376819437
-52.86766657403314
-40.31653087729637
204.29440575284298
-74.95835862919193
6.3230952571273065
-72.55613985790714
-57.03328567373919
523.350514308675
-58.853125916500076
-387.1140346542088
69.37511667116632
-14.959352188636615
16.393404705431294
401.88634226026807
-161.59733260213397
-225.4984295836448
-64.88921172919699
-89.06643129790862
-18.7282946916547
-125.9677022004762
9.212355958462467
-174.21883441174396
0.541218369766284
-52.38260663330559
-63.39445380520374
-95.14723313525246
18.87003953976091
-7.084767148471656
54.67119882591578
40.39975901693833
-54.30527363812655
0.7989318616760102
-96.74803993756814
-22.391782495830356
-24.900723101491167
-7.150466685343616
-64.10222240356143
108.93850710985316
408.0710467191093
-22.16867609859918
78.23708004224767
-67.59177439411724
-263.4730470587838
-75.6268421780569
-40.248626500574424
145.68278673744135
-7.898012055761413
-8.94052265313303
-61.545584800958046
-525.5147226297067
17.319596879039636
-111.31696653948161
-22.25046706778403
84.25614642655364
-24.71613965454472
-46.96437860529659
-15.000978202215107
2.2761412024841547
128.60441269990224
-160.12176271976386
-546.6068905979919
-44.99816797486951
-118.926237702256
380.76998291540986
-31.00097520438327
-31.27234987564582
381.5268784941363
-217.29434564800977
-54.15374191169661
-82.88302625537794
27.708875726299993
-58.24474199551578
-72.30330426053479
-64.61453030913219
-35.08518214557597
13.999632103791827
-47.007436841551595
-78.25456035339562
-84.49761226371083
80.26726945736573
-73.80185398985356
12.899689755769941
-14.875432502975173
-311.73718990785255
22.190321898839784
-48.567299612640554
8.269538583891801
40.43522465589285
-66.54506738532001
-21.029887203740998
27.947486157589992
-54.254699308967794
105.39775145749809
17.323665739675562
-56.033386870237344
-358.66041877821226
-122.24278700872512
-173.35462999595256
-136.99849339500815
-224.91859413816928
-123.16970218660208
-180.13679370419595
161.2022433572638
-58.34296706158193
-348.8537072783929
35.67073288381653
-31.981228881006246
-44.85382879853484
75.05875406228006
-142.28487595507795
-293.0206734657495
338.3144194287361
184.23825850932099
93.52899477810843
307.3066083546364
-137.69157526363546
116.19628945208933
-334.5035852231176
-109.66690081541338
16.303377229510033
-19.29311007678363
462.7318781817394
244.83381448238742
-140.6213038651349
-359.3590716521812
-140.6985182915364
-25.550034654219417
211.36551100593715
-9.383906105859232
-67.92432885029096
-29.884284841410075
-266.1292915742906
-294.2526746458143
15.243948520958583
-10.70250786596398
-66.05049046356967
13.975962580225314
-69.75916318596856
-84.93836989753257
-28.604418272143448
32.010509544980266
-349.0769073967713
327.1257749065917
-34.32292768998445
56.50999508360451
-72.14206626196108
-77.3228032668244
21.52406076607963
-242.6781598769794
-461.0186048310952
376.0228377903077
-53.65181795203307
-27.79466713373367
96.90732070644435
-65.6008955539528
-80.2837448133655
-69.05391715463895
-94.1440213985933
414.59907827528514
-59.76134072564521
-24.471143194440554
-60.7735605234011
59.64634429446632
-80.93988926051091
-95.7642793372098
96.66018226782762
-36.894429530682565
-383.0170454038598
-167.64853842554658
16.7400558598938
89.1727988824864
237.7847382879736
-91.7047239023898
-108.22608913443219
-96.02722709629606
13.866138660176148
80.28500009139862
-75.21451355605518
-3.6848884004430147
-124.71351609970225
-63.1390568210486
-233.5283669996261
-2.5626583350013403
-40.56060908655646
-6.530125854725023
59.68103624160358
-110.49354324542583
81.05046297123408
-60.012280642318665
-35.05354323458096
-47.805259268917325
367.1211994262485
-161.60580465906423
65.0060250908682
-29.10874628520105
-8.332645956227969
135.27887997404468
-65.32150089043364
-152.5306956843615
5.565576207731834
29.01297434028129
-68.38953084487906
-128.77416076591908
-65.03620620994434
-24.301905106155118
-15.71642977956241
-84.57858951486413
-36.2810133143714
75.91456474732513
6.97417616468374
-600.5914923506953
-16.272637121308293
434.51310179890606
419.05333321508624
8.754327221659423
-90.7717051577547
-143.80585723066906
-167.44349391318065
-51.88866352570767
-95.65295961518656
11.160308663979777
-34.41896330470081
-18.224550536561537
-146.20815338978355
-103.43824647149063
-22.70120944309123
171.22643305336896
-4.662439804680616
-1.1375716568409189
-76.4279847390562
-331.7479328683112
98.37739991714761
-29.450572659671366
-33.16939285702766
-65.36976390858331
-104.20944081362722
-102.68344961042084
-47.94913833503455
33.94155047527056
-80.93720781099108
407.01682428735876
56.49022551935332
228.36029161091392
206.80221846668974
-53.36861611150753
87.56583930370653
513.6686029858938
-142.60411873966405
22.693919691993642
-564.6266445026795
-61.26108974470348
-75.52396808434241
-37.25764757347315
-105.72862571937549
-92.35292243577203
-101.90062814312304
-6.528552598036185
110.15965420324756
11.60212451407684
-51.47120173367961
-18.259405296336354
-52.65577094578813
511.7946570128788
-65.22464535617512
-485.1832442765044
-62.53463935729087
47.67425854521207
-120.56265657806398
177.79414180466938
-26.29978345102245
-330.1061903633763
-35.23925590563276
44.25713228640598
19.177972997138568
20.77423514504153
-77.49649197811742
-47.18089051528892
1.736005118844787
-57.80356570520367
-37.7010444917816
-17.962954672773208
-128.6647096418401
-1.3006861448975542
60.47097421918079
-74.92365684589473
-158.04635533160217
26.402496141085066
-72.02457918190872
-61.86822434975055
24.63988888873655
76.6884450342659
118.7675313712607
-77.1552676118192
124.44489140935548
-65.5148878788221
259.3891499547426
19.73026093822955
27.290815514412316
-163.44417112434894
-199.75958379395888
-387.9759609324865
-46.90186377460245
-194.5086721900061
-40.92672085154112
49.153023642738845
-53.7149937320155
108.27254057279606
-30.603041959153416
-86.95100065512179
139.3020026150789
-57.67334104849702
-102.32504370018069
105.74013614576506
-8.75198672273109
-178.7575288279877
-72.17561108484887
-139.04145726748357
-671.1392716580358
1.9397013880393388
-59.40419159688099
-379.67875077783447
-62.2915493137439
-210.68805281758523
-370.2522998678014
-107.98458694461968
-62.87891450844165
-63.50168366511276
-365.1059029781245
-312.1490369964231
-76.84543647324847
-80.74842154711769
-28.3763302640381
196.42865469827575
-77.76171718115178
101.75382922163772
-44.503361828167925
7.039530316154924
14.366499931146791
148.01096062771285
-350.52111134701954
-73.89991311928952
-156.89184370115254
-41.56814834127335
-40.93139310393599
-126.88282782252827
-33.98004555171087
-15.907970501467888
96.94229598825677
-133.9234314005771
-277.95035496461605
39.89616438383291
-111.93722120645043
-98.67600537213184
-30.898908356212104
-30.0960116305705
-194.71758983762084
-106.24716515339333
-228.40814318205048
-82.26336553452893
195.97533173612646
13.978033165132729
-70.33502382741813
-51.540464683031615
-50.51531291691572
-23.941251040162342
109.74158571560292
-14.896062833458927
-494.0148955299701
43.77079212618446
-4.642132627313913
-240.17696383769362
-69.75526247725487
-354.76673575468703
-71.14095136696778
-441.33243094671343
70.97293830913623
-97.50161398354157
-24.08892310061072
-40.10578589678884
61.024826797664446
-5.4827499535949675
-7.419745033077959
209.04128632383254
47.07680329092295
-19.397145843295675
67.61026355279682
-172.15702465782488
337.25586681344794
-96.51571811206475
382.83629141081656
-101.90920080415344
54.79868046381671
-240.32468618671555
31.26474631634119
-84.31173468995966
-8.961026431014034
-19.973165264573254
-547.0027709363894
-14.476536168103848
-37.05710639978133
-587.5106636480687
-61.93415921506389
-84.19893855253878
-81.39599261892191
-314.1648841895476
457.0773910777625
-33.258553754846425
-83.93559500002142
42.46915952715017
-17.18677689940432
-10.0085996921498
-85.01078727743402
-342.3026107358164
-78.96094623248155
-39.46146702665055
-12.047649429614694
-63.41481364052743
-50.35624996585739
-158.5452161461517
-15.517458772710143
-133.08080053234335
42.04780495237628
-65.5360419223307
33.604330670188574
413.3442181206992
411.3876215771925
75.8360621173033
94.02542920646101
-23.472787123292377
-11.579450171231656
312.2962513732764
-139.2439464421841
-299.4181006337167
-36.585979807810276
-68.51923469103167
455.5986463271438
-111.53273448908112
-42.77694463391795
-69.78507717440016
-14.794040551854721
-56.56557481586162
-45.6653334583943
-81.62564927301923
-79.35982752794482
-195.60856859061641
44.89638081129897
-62.11168916495661
-17.309337241669937
-33.79515348016258
-84.12123295791207
-105.761910305524
-1.2791405523967114
-82.72689685732576
-50.29751063767117
-41.666192527733074
60.612903132947395
-87.87657044518143
-57.510693015669155
123.39712426107872
-5.790544786442002
-65.76985656782654
-28.444267349613483
-94.57991266199133
-95.41546779581459
-138.4733802157898
-1.6617548843971122
-71.02979550009324
24.328516806855987
51.56145225785076
-190.84008969569186
241.66010810517582
165.528431989027
-46.62567131302277
-8.190301690030186
155.62807368792528
-313.6597270331081
-73.76674595084634
418.0725498934007
54.26039001953359
-65.50280316851547
-82.09565746928885
78.78512078362837
95.12778961294453
223.22449338606566
14.577478839450123
24.055202134447484
155.50644396461985
12.400641227532043
117.00955870733469
-41.909923379454995
-441.00331100569383
0.023327575300754688
-28.454564513428522
-69.55741014894193
40.12444351651288
32.269085380483375
33.67236438798864
139.42401962643453
-44.50419364104767
-43.509150231711146
-188.8509709915188
190.09494921133592
-406.17006218707866
12.61382697973255
204.0458758478053
-34.44612778471236
30.26279455827398
-225.01697762251933
-9.821152267188836
335.34798221409073
94.50212273055195
17.979733791045874
344.13029640369496
-309.55881410798065
-20.9346523492317
-412.5831171862046
-14.921258647754883
-70.99408677812515
-66.98600787397595
17.353270575091
-70.98544573783185
-79.00438105055537
4.326055575716964
246.0848454490988
-92.35901517413308
-4.615666835954471
163.52094320386095
-364.730463277283
-26.18977150843375
-151.1262877060417
-259.1871241447461
-176.11317961144232
-57.622789582153246
-282.0919104578088
22.517554510646278
41.95671020855116
-103.57145499766648
-191.78390975233378
-473.7436358688892
-78.61051300206782
-78.93183471550128
-88.11041495520112
18.947950380958446
-91.37750385386948
-49.763126190408
-236.74832281842646
-49.60074611605423
-396.13733413558293
106.21624553480524
41.338555459491545
-380.08918478027226
-78.39156516847015
-59.87386096376204
238.71022510800685
-26.462190633289335
216.4159699446668
-81.92554047436029
-433.77978109017204
-262.4580216964605
-48.92517177691887
17.32676917061508
-49.08869697462126
69.91615095918314
189.38403518221276
-14.074213650852471
-144.06018780590537
-64.15987955940511
59.28099253321352
-73.36786290925374
-166.70424394253223
-61.60365797690241
91.84604849869356
-13.882813398926373
-109.9310894383907
-85.7479170885588
61.72489761214342
14.451613357985934
-111.96882025339379
-34.94132192713789
34.804162616735994
-50.59642913652169
-63.30799088425965
-681.2218908175273
80.52258079635249
-53.30010370812488
-103.34571354996439
-53.21154681866016
16.51531168448946
-167.35891642859315
176.26350650739369
-84.96197335262877
-169.68471412489998
-75.29201910896643
5.602204303473627
-91.13019308018809
-108.29139295301383
-45.09716745672631
-85.82153975117507
-60.176300173166965
247.27428525639334
391.90436968060567
161.03504146886007
3.98346610522443
29.621345304368255
49.421078138344456
87.66398943120294
-139.5620730109531
-571.9570644776741
-137.75959512891404
-87.90530214350561
32.14858570454635
-75.1123521753616
96.68894256487874
-136.01970632762277
70.63616203200036
-77.2680283798536
-48.849664420582485
156.9259751112695
27.219616601927555
-89.86278563083374
-342.47942625591895
-107.00353994265608
-71.47504793330882
8.781290718053697
-132.39067546024853
-63.618039855460665
-16.36694141183034
-21.343004122268155
-89.88721851055561
154.88017406971449
-17.593389731011484
85.65315712938536
301.85286556383653
-58.61213947453281
-45.6396179252024
-63.145321373798296
14.653668852985675
-79.92070688462479
-110.67139615639235
-0.5342185105638038
-100.54233612076496
-5.151358453531429
45.06655246518312
-65.10613300879318
-213.6383349121752
-145.18293637586976
2.673966524180287
33.30255834953981
-62.97919038682834
-68.04104252410926
-420.19926868308903
-344.05613318492215
149.27791705555865
-41.54185985878394
-124.60660854146954
84.79166615140684
-2.9012159484718723
75.68946592973953
103.11096333078058
-7.88152023647126
181.96011658903626
259.5402535882149
22.285817933416183
-60.64175912021715
-21.20772982215658
28.723669962353597
25.67500952124101
-321.5171729648064
-94.63719456533636
-25.58916083375925
379.0406971548782
81.47427414352023
-274.41393421561224
95.957330356885
130.3489973309388
-65.5405127268469
-5.528081083631845
-130.34317788774933
-134.4553981771569
-92.5292877948923
-55.725348425490665
-177.48765824106886
-112.41951728927364
68.97456408055223
109.53700574560753
36.86321364329797
-47.9242407115471
20.99434600887571
-30.448013771606497
35.55685141487265
61.580125874445
-47.90527388503142
-48.241066427498964
98.55581378551324
-445.55234949933947
32.389368037211625
46.063519545816234
-113.75187951561747
122.60652832292726
195.2662801276174
-174.8559198390676
-6.287270886395163
-183.54069598366914
85.9630045189042
20.647715240711477
108.80239304958923
60.15737545175307
-78.35173011996812
-52.724326484012785
-12.137228574754317
-147.500605591993
-93.90748264381
334.36608837860877
-17.522736215037366
-368.4275499360683
-14.719782558180668
-94.5020300276571
-264.4799022341722
118.67744272302934
-111.19301433216697
-70.49851368192782
-14.54779589294241
-77.90643187299304
-37.490069396895024
9.21493302741328
-108.96997287494924
-134.1656792951492
-212.76565366744035
3.273685289950663
-69.94031229150278
72.1076120055518
338.6880899502776
436.25374126417046
15.635242423880072
-21.827458715506054
-154.41823417636624
576.1356557958516
-24.208664500552914
-84.15512706175468
-43.664318120505804
-146.89760567544727
-61.21798349488386
-28.61117355272174
-108.75245622336978
-2.2741356036203797
-39.85204352757955
-12.452323890990556
348.3377740549786
-97.60200414863903
-69.76959267212987
-265.44071108085336
65.57289876960385
-64.44579938034015
-7.437578389757618
-26.448862573587576
-97.95606881319512
-89.46798886364562
-94.90620839555815
-214.44499377525153
-62.20231650685673
-141.5927440486812
-209.7748049931888
-39.251796025910124
-170.5501628790953
-235.360152463114
-480.6589032993161
-65.26100885452156
-22.042695784749412
-88.0147105555075
-286.80481112046436
-34.91031563128877
-243.8693092852518
-0.19870655915661928
92.34841428875734
-304.9049762963368
-0.9173175550931774
-164.6536173477116
55.60855531968764
-98.15074271459719
-37.196663104865195
-211.83342538725447
-29.6433865482268
284.6660351351384
-81.83310299476452
-73.62461212634035
114.47508390336225
159.06094966252203
-7.494029592069246
-80.64644800012675
-280.407296270836
37.88016251513727
-51.34265862927951
-262.92641994387486
-51.46487133768642
-72.11181432664011
-308.69132891802474
-34.090887698474035
-53.634481792862104
-18.78617595662854
13.061311758110605
-81.96631861824821
-14.562541669259478
-77.44348739103711
-43.05978728386208
47.27968458376745
-26.511843672576106
-59.71790459745599
9.040336918895264
14.360654169937334
25.674871424138463
-67.16599599345864
40.74720132746779
528.7251898476025
154.70919278191832
96.14424136933849
18.45183697210382
-51.09403369448559
-187.12963163859422
80.35756428600234
85.3376161131946
-88.42329135016371
-77.32005128992004
7.082755538414403
-73.08668029897208
32.819863806452986
-142.08627204505865
-35.168342167296885
-108.48271707354166
-19.47973498416343
91.51547385708182
-88.0144604422353
-49.869364618243864
-84.98641576723361
383.90763148422593
-1.7402255323377176
-29.822922217421365
-7.473700188633302
-14.704054067404286
101.91642788451827
-63.041060872035814
-8.75697274409822
-48.87654929062592
-0.11059442891746585
25.532635261195992
-79.59151760395446
-308.47575805759334
393.5975886779306
-60.52822537663922
-27.343189813818963
378.48854012002266
-37.96607838489672
396.7829680517161
-34.46577469653312
-73.73827670038827
3.6315497920382427
341.78882054240785
-33.98232235163215
-56.21413233859657
132.82355485315202
115.07162915503113
110.8783024191016
-45.37531729233282
67.02158295710797
67.71182923688866
456.59534176225316
-89.7901531477801
82.67192661424087
-112.29034150676125
93.88485991917105
170.88948418947666
-75.0909085383572
-385.8920662279361
-497.1499182125499
-7.146800932592669
-37.13263271121423
27.80959460192662
-37.044825580513134
15.134116104235432
-6.607959235903692
-51.93410446918443
-17.881376531026035
-100.79860482659842
106.68145851791178
-5.223919808756705
-322.7070680603538
86.01145012176676
-67.20631866389108
-13.581452375660092
6.982773503465978
-26.60909467284887
-144.39043388450955
-106.27931522041763
-85.19987928124192
-75.48739908599237
17.191058053486813
-5.204774350728258
-61.639720482803554
-50.58977106401835
-45.59953251879014
-39.233973887288585
-65.27231894356953
-194.0679008609377
0.5971114158514186
-44.16212257207462
31.24095641785425
-92.85678472389009
-62.83460984220894
147.828240618981
-57.9426251010173
150.64478294462424
-32.17367137020301
19.239538105575775
180.98181456890416
-584.8706592018007
326.361504915174
9.743987951042072
22.28986890831402
-103.89006029139273
17.567886915475206
-32.12667870476332
-56.783509754330225
-88.28962180935002
-44.30905152128071
-98.95336275683985
67.80132037025214
-90.89502582947505
-136.36414585573402
-108.41721171826612
-37.971934142035934
89.12766080373785
-87.4407038922653
2.3808609986748834
-34.787478965152346
260.9570586430955
-123.89067149272705
75.07476033974308
-69.40729217511227
-112.81861602868594
3.0530072660867518
-390.3170125528777
113.73474098740189
85.77537871790537
264.8811448480046
266.98522982449686
-30.96498639613378
-31.295803015410115
-89.96311295726991
-76.76110315466576
-23.1200685872509
54.100952644468634
-64.50808238375066
618.7886948974174
192.88287852944723
-96.43935230001237
6.748620592683437
-109.1369242826182
-112.17528280449915
42.22728758908215
-55.20673030884791
-496.4191191645532
74.13808953911757
84.48930249202203
-56.8056890616472
-38.979219959406684
28.879673075045503
37.863098940444615
-16.107527888397044
189.0350343817281
-46.752302529142696
-163.98831802452332
-102.2033095577699
103.6646131830139
274.1607698670632
-272.91396270726545
-27.149051052331373
-27.8777557168326
-76.60425541826758
286.95642567700634
-82.16533158469865
213.08946177751568
-391.8722739314253
-110.72688323374227
-242.09142242022062
99.47009483393413
22.710208809188714
-9.696051346709519
-193.31319117395833
117.92537002935842
-101.00836851727094
-253.32384982122403
-291.81064144897937
-41.698361338649875
28.5918367891058
-96.35241442228698
-214.2304295092017
84.8062052803707
-71.6989732299262
-61.608767954828465
-113.708905530918
-202.0711326870778
6.009864514096989
69.10738588404365
-25.406811410301998
-65.95222828461145
-12.736581890214893
-2.3028971007634027
-71.641845837128
-347.80772246813467
-149.27576976651108
-154.500551414847
-94.3212067149907
-89.55527050684245
68.24323744346839
-172.29708826079423
-88.80666674812706
-10.62898086496591
-58.14910477714294
-29.441748758565268
-23.028332259814896
-91.25773918439438
-84.64793113729975
-1.6709371919750993
173.8858845881823
-14.158977728519858
50.73615690999395
261.9400451397014
79.86860611950942
180.86521745884966
175.11250478128204
263.4248216283686
-56.145331442434895
-73.20158875996549
-125.70142391096124
-64.07570255889729
-105.44319138174761
-101.15808691621233
-82.02945960522084
94.52013277026981
13.245265882542903
218.01050174636111
362.6625367038705
-39.53246712472706
25.70271157731986
-33.099907421718626
-399.6257794388803
-495.38526709441066
298.4985521953531
-348.4471738860648
-63.391001969038825
64.24224111069907
-85.43166194581127
29.731675130800795
-309.88319912325096
-10.830805758038196
15.246667075285586
315.45229539573666
536.982653168001
-145.22136987791146
-194.30477927983702
-53.84399204508421
47.41937545033488
93.37465596855691
-238.39224715772434
233.05461003011078
7.05965306124768
-0.8456018762844906
82.13068408347272
-448.5943420741187
56.533555565843926
-588.1970575744035
176.44969479472184
-154.6249177863865
188.32808420417678
-174.01113874820385
-75.56487487174809
-612.622262628669
-241.89255599669377
-132.03748873334644
35.41007203975278
-123.73243117497245
34.13610494462591
-88.33801903185997
110.04333345554369
-9.050870891709565
95.55731733763832
343.19445162708325
-78.32631106912291
9.07564895169969
-53.213168281819776
-221.2112374914068
240.923255393207
-38.58468713511172
-173.8827018168522
-6.344548593802756
-100.77439131074061
-49.184759255638596
-140.67165964839387
-41.688572142015566
188.4496655608309
84.83590463275868
-56.51273634559281
-154.40114338421517
-12.881154696297926
149.92921769028908
-31.12232387748685
213.7743788600219
29.377111230269293
69.00567082543057
12.335278241445849
-113.98677505987871
2.060019873849064
145.63997548625957
108.02012274348817
-137.13065141553852
-16.08247608941747
2.7455684901578934
96.39584276385449
-48.900371280326
269.4008331231571
-73.96590992963502
0.007829188511550456
37.830217093766805
-62.970786780259004
356.9441038169098
-54.164117516639635
-106.64678180783812
58.9047306037246
-169.6724712766354
208.9076949656319
-59.685437629553235
-40.98985130327344
-40.609535096239405
-185.94077481231943
32.10951980947175
-59.740636246996395
-148.66289412567858
-104.71744637047098
-119.69932595360206
-195.5661568200867
-131.81356471310073
249.9668782099925
-79.85215222778291
-139.65909103875128
-99.45600654443524
-57.37448506434839
48.161112813529144
25.84010460015861
-103.90333203098089
-81.41110603831443
-408.7643907579204
269.76649730735335
-225.37255732361155
101.31968731354391
-28.23171478916622
-47.955241422425615
143.8087928128607
-87.04254603521044
-54.183194938739916
-144.71830518562092
-62.49174106530861
-88.57470432926112
-32.42349042643066
-87.56802484083232
41.88421753094099
147.19869008735668
-70.22220196362075
3.1397607045931437
-69.21707263592361
-90.93533774648904
6.663320380538153
-76.25244780548863
123.64603438235099
-130.66297685962672
217.5919962599928
-48.708893872490336
-0.3648588474816279
-62.37550134485441
-70.75156983340138
337.4655270663279
-639.394535407575
-48.78214471073603
21.933588842613972
218.22509035915027
71.08795147589444
-79.14104826049152
-3.8179307449644275
-55.36538157336908
-57.88473038322434
54.431515546619266
-84.6573717862992
-54.29753141813242
-58.09699052730889
2.5636632242742077
-60.473784813629436
-14.005177655710213
-282.9436547812729
-114.02954990380762
79.67264129243085
-80.96930259779269
-1.241057200883688
-126.13265700647298
-29.46142345332464
432.03808877412666
188.0712122579289
399.5366392516553
-65.55204264991607
-48.02742225570446
-91.5763147656252
40.676087227111566
-42.08036665558848
-33.66694341299177
26.315967350169444
198.33868360132328
44.21612177111365
58.800804634058295
195.30843685456557
-89.62473216564649
-293.6139731698413
-9.575376727225375
40.60657389838889
16.99081845325071
40.350758646443865
-216.20934143830345
448.9428312867185
55.86311632381694
-66.85264528002791
-6.324536537626955
3.446358806188607
341.4127213326283
-3.9851695454171034
-74.72685411709628
65.90399438864733
80.36429506871264
5.348876134913553
-72.44402208415158
320.6295809746316
-54.06789629374665
-164.86608713529859
302.58034295382095
-37.92997665208895
-49.43455936174905
-103.04227516133291
-71.1753117463039
-44.43562507871502
15.493073906138306
-135.5561306823629
-40.86934994524682
-28.461515724749006
-109.3643078286716
-61.9264958083317
-477.51778485220984
-428.4402632441197
-88.10583715290159
-35.57146040132445
-48.67695557579714
310.3412044148754
164.1554284050353
-49.68654516985862
-100.45067908097349
-417.85923723791893
-356.17174419708863
86.86428711770714
-51.497294016176966
-52.80630128961522
118.0063731068517
114.48671503176047
39.124885592982764
-95.11731172124055
229.25018247095431
-26.04609071553773
14.698579382847583
-46.510288781480995
-74.32709426446469
51.848138853693854
-390.4954798654362
-28.39954974246939
144.53093002369678
8.322091612067645
-331.95048930336543
-74.79352525695217
-80.58911365374843
13.466564617590848
-54.44074808892765
-13.22001621831987
62.829825093571344
-68.6728834075642
-84.5319582650373
-71.70701142741018
-71.56459836913815
-392.78356149138017
-71.79630546320004
-47.286572549717675
361.78358218653193
-23.82407297881582
25.488466410688943
-101.62627042898177
35.42912012389752
-140.39260997874953
-83.22327925887294
-21.134321934844593
-190.61945176871995
-106.08420699654198
-87.6409465091192
63.807069688790534
-57.31704050455714
-36.84829575959883
45.14988359850031
-109.83695259501604
-18.687969773862733
336.8088497047647
32.58028114760509
28.9550756555293
-85.43412086840773
90.15839621197165
265.25456787899384
124.70819394144564
-438.36209365786453
-85.17590275612707
25.052498318733342
-83.32768201763409
-286.63734376298453
-64.74202877067728
-106.26231155892856
-33.17957186384564
-429.9388554231882
-174.07715619523879
-29.800768782559317
-122.80139609444632
-34.34003235116379
91.15255913383044
-0.8107342514682614
-337.04717763212466
331.2892955427269
425.22313891288104
-12.845500750980136
-115.76536762243813
-74.56214145011654
-124.55751306704497
-49.332702162882924
-70.11534409202757
-45.90282036650984
-66.56562926092192
-187.87492751054015
-64.58848130816779
-24.992287090106288
-92.23211139172552
47.17608666230444
509.5836847475366
-233.62448744179528
-144.99097050285854
12.614964098926066
-49.385448857742304
83.4366475496347
-193.6012372630339
-32.88759794936357
18.204690845817822
82.12084174702795
-71.71151064650634
-376.01790993797204
-264.89303626271067
-96.14917701745088
-1.774954444354672
149.32695318273727
-222.36079625380899
-158.2912717543404
295.9068699100735
24.90084978795892
-20.321117904233844
-86.0042776419723
-244.64119573313837
-7.474315091873905
-454.10982053682346
-104.23815043807554
-6.4551316815195605
-58.44659533329332
5.089050555175163
-78.31384304854942
-22.17441217627129
-16.773088091595127
-40.3331699624338
243.86014238040298
-67.02924851823025
149.49709742163213
12.611594098552814
-35.58422820069427
-40.80368737886238
-118.67788019642104
-76.76482960070462
-22.29223574764268
-17.307260261135525
-43.81647320371467
-88.03703569520985
187.81654001000788
11.06532697167183
-31.17637098990963
-32.538378727485
-63.924902826899455
-68.06866594555237
-164.4407689511645
-113.43699356335401
-119.43078959525573
-317.38478527089956
-96.79738192211018
-28.172637236484974
47.95341671113238
-353.6992341367204
123.28428479341346
562.6629937424623
36.92876448295556
-104.18950413120547
-41.07453574541762
-111.55803769249968
1.5782837237222793
-36.86309311894374
242.06004763941382
57.743891953481125
-128.4491362701583
-83.7163687224833
-373.2124344759486
434.4615318020824
102.66607328987538
364.3021842687085
294.1713755191795
-84.74201842771436
-225.359201444242
-28.235669398605296
-113.08487737524592
347.8855647342625
-119.95417012178677
-113.37928216083128
-71.94163639774706
-25.61060964416538
-76.04498562862136
-18.14706648609149
-6.358117402003018
17.67584326034421
-97.69360878764434
-31.42395315074595
-79.99765118396105
-161.42240712451257
53.10968139440956
-33.421265046532206
-38.39160539572042
-49.291303643909266
-392.06988734379775
-117.51156548824838
-378.5201343890567
-456.6060726976539
193.3339963703329
-28.166455734346414
-58.51579884990353
-69.37975994056978
204.30875857316096
-15.387270654126764
38.35028005343884
-92.74501771761607
-94.37277725289215
-114.95271469760974
-32.40184468240318
-73.04446366068987
-60.05304579533299
-62.1369336080264
-206.7793431418795
-26.77371615213235
-33.97099877720575
-6.018444656011525
-120.45309434154115
-39.97182133659831
1.6343195913289037
126.09565292817524
31.748524260598515
308.7265102622805
0.45542103806837986
-70.35239292032293
150.85674081165598
-98.22760000389371
-70.72428966821462
-75.14436080685317
-14.956574981988524
-452.3315713520078
-78.75264897224804
-198.48594636697726
-390.9789610427106
519.6425641500791
190.45222555555483
21.62550307456513
79.58446162761538
110.62961930487654
-26.86567838299067
-90.90048049142024
-48.13627965316891
-33.02220794674031
-22.05178497605675
-145.2478644374769
-59.26934060313252
275.81158306792713
-91.30804543565819
-40.30940465416279
31.267303948953213
-364.4836456846606
425.8552118934367
-26.776307498461392
68.23339047668787
-465.93258058216816
-49.78730736521297
0.18389176353139192
20.544276664671997
99.5306570745256
-29.952867637078725
-174.8195063311632
-90.23866538691725
-327.0282676891293
-70.16025894507908
-82.47639793708368
-5.537365292457828
-343.3133690857412
-70.9619640474985
-58.32192987094342
-48.54748233079487
-52.46728190361029
18.13700788613056
17.818291550387617
-138.99943069343317
-139.16426379859695
149.35465884531368
-43.31942864585844
-34.68946718772531
-85.24932850728224
-19.56915926486363
-32.72909141174788
-144.31860690912254
289.4670520561849
28.19812486671708
-11.752935472372256
-91.22950479774408
349.8878393233117
17.008878075164375
-46.1817183630006
56.47511723273419
-39.23618797662857
0.9450397654666176
26.763081637800497
-134.453233712602
473.43643001075543
71.28019600264997
-37.25150776738667
6.371147221057981
342.71865614278977
-248.6277465635194
152.58042886503426
11.84268902109227
-16.23605852068431
297.9625214784228
-575.432284466191
-91.72176487851092
78.68883742770413
73.71141926736709
235.78355883935546
-80.61392226648667
-107.1147911947417
-10.442270017620245
70.57745834332854
-91.57399905257185
74.93475290255265
-155.50071921065864
-149.01084794480448
-128.52766750788578
-37.183571005954946
-90.4721035171118
-323.81462241571353
1.7351607506996263
-76.83760649113577
321.49365717321416
183.58446660347727
-91.94643387204881
43.419003952494904
20.557189564590544
22.550630691263905
-117.75638536187125
71.22048336995908
91.25463016258163
144.93965714439946
-49.91021780737651
-316.14872177476946
-338.7263291209656
51.19411997986208
-119.88719787937771
8.780767091505368
-52.53765975816855
-57.72532262405002
-72.89714732115148
-57.62349206815
-39.222868387744796
-74.33053181358082
-47.70793065971657
-98.25494298347257
-75.25005570969552
-94.62438874275722
84.87474945111671
-69.47783089038477
55.6734951051003
0.6264077122875408
50.32848842238491
-61.22718710935078
-29.557764047598187
70.87926792989401
325.51365632650413
-96.94807246733762
104.62638145992514
-3.104418654138641
-45.94436809410763
-61.51916297765744
-45.17089177563005
-211.9323208944661
231.00587013224686
-38.4945557991382
-4.626633834564927
-59.309754440397995
-99.10489778606825
-82.01247061968745
140.32942486038883
-110.18441883872129
-78.82921478731929
35.13696836492181
-40.30040522051786
-44.34146683505696
-54.16698984815494
1.8931728107725299
-95.68689050200919
81.62408739364218
-20.008658369280333
-37.019667271009894
-67.64242411398118
-188.62960752298568
-28.10728067295895
183.25579877718883
469.0619460982398
-109.68734704124512
50.422216113360264
-81.76290833184866
14.542711788246379
8.776316945803522
146.03582536976228
-273.92741601745365
-22.762307423967506
-4.712504943611921
12.840918391041214
-309.704857799059
-38.32828245292512
-64.85029592360192
19.83914114756044
-27.475037229416458
-61.48773381214261
-71.53429904563058
301.94782080790173
-397.53765158212445
-434.52427892506967
-229.17818397257724
-10.20677470895862
-8.050365363764286
250.43517065670312
42.15945867762275
18.939946241433518
-66.13805564463746
-56.15838060572593
-102.8411451572756
-94.665180097335
-41.267590474459894
-91.89372726515717
-22.042967374802174
289.799573563736
-97.62502712518119
-91.63320098785493
-49.297984120627454
-57.56692673923703
-209.3801269078067
-212.5616945670281
-28.166693431717647
-114.53559085394521
-33.093426581174434
-204.1859301988552
-26.635444520406963
-51.46708726129691
-56.32559173643502
-82.10230738744576
-68.84600995285963
99.08878196265869
-419.1580194205799
-74.78197357863974
51.1461640019038
-43.78145443960591
-313.35451922763787
-14.922910164612645
-134.5228524846225
31.60116743418439
-260.2943731255291
-56.60796688981355
37.28017404734601
-73.15048674948123
-475.77175827513383
37.77181280865443
-87.30107293210312
-19.661619891100912
-60.84265688662236
-149.9013694074947
-69.18619363867147
-47.859954311422015
-104.86061139876489
-144.4134989186543
-157.89444019927123
-266.84918728835873
35.991552910341966
29.913163625625657
-75.8069021977899
-39.50942133317501
9.062560464301612
184.02626139459335
298.6786946885477
-8.03686354186857
-223.41488722258873
-332.91946624483717
-93.07017981425815
-203.78319413357713
24.730793744731272
-177.02133410923125
-7.592938670527019
26.226182906969825
-60.01210787779268
-271.60423687727234
-79.48973473077604
-38.59578285749376
-14.242819172434544
309.31406393461293
20.6118558583712
116.73406859420948
25.066450716852614
-44.30134355292921
-16.986563554850363
-516.2913639554336
-32.5555191347181
-190.45327139051187
-393.57754959697013
130.93337194188825
-82.57962981265155
38.31379173122059
18.157370084644754
-27.195726044379626
251.03029540385978
479.7135973050499
-22.19488032667323
54.3443255051061
-18.17370048763894
-116.3271678443034
237.15386250150186
64.35897366274912
-465.568338916828
-99.82643478337013
6.426433767517665
-80.98706083700898
-33.77923866373385
-58.87432894403173
328.1334853632525
90.40688843914722
-7.909496832926875
-36.690189427808455
-76.14786100855599
-58.41136476851978
301.3633217828192
-65.53364861120104
-456.7495062763319
-99.35257267298903
-64.1356530306744
-204.77747911591632
-217.30974625900672
-321.34669354606194
61.40525879519737
19.626272118946872
-256.2457544083027
-92.52129019778295
81.82349766724838
-53.11622039019133
331.80596648426217
102.48457799485323
-110.1400160025221
-72.1051957591694
6.518414585512939
-45.36894459019595
-40.88943413233392
-201.35393080725225
-140.90370652103985
220.4129311407105
26.769276093673398
-16.323939655867264
-3.709318731049734
516.2775381243482
351.02359915876514
-67.95481679619843
-7.433894548668832
-47.02099252761765
-10.273608608307313
119.23165570051242
14.185758437010463
551.8334901767666
-456.28927585707424
-16.132765805057716
-344.54648947597343
-62.097350235197155
-84.23827681968942
22.36604584358429
-319.5785574732563
-389.4696758795799
-99.11355052275758
-147.76154394719924
-56.0057250035127
302.8346322489142
325.764380469167
-75.75589615368608
-146.97342990242032
-22.554746411228834
15.875597756756179
115.84290051323478
-64.57102494167327
5.833911853142126
-291.7333922303733
305.7526693064083
97.28776461734742
-214.1812569885742
-174.9089668536826
57.980448189113304
-109.85800193527211
64.03468342138149
-103.83004708666886
-240.46217914362387
-62.7460392277156
-66.46184534210443
2.8681080523001583
-75.15592861102687
229.20245819439515
-45.181518414892565
-115.3985653925065
-83.85773547128429
-176.21927244582548
40.25938393130582
94.46241406100489
157.02831253215845
-270.9419267361209
-66.09926770634253
-89.17633655825648
-94.65024917623622
-46.080873845962444
-44.17430873871238
22.28413427400028
8.693472311284495
-584.9666738352516
-36.6222584737303
118.13230768727271
-87.40126968432014
-502.8714998774285
-86.69651134868764
191.52128263034865
-180.0506077610571
111.84364764022848
-123.23414811607836
-28.518044060086247
-51.42917038285202
-100.8517376539694
-40.424488047701566
26.25206663826748
-259.7440195529889
-82.74060744909184
172.3554963736351
-262.0509739534773
-17.31010384105676
-78.84262046620745
89.3396469729214
-14.632479758166124
-191.3870508707605
-12.707077211961291
-62.00913784693512
-66.51426630741344
-86.70896659112671
18.168539178113008
-51.84416209848746
-71.66186976066274
16.92302971192322
-61.98820768576699
-12.394805367150212
-30.02682326231033
-40.446405006480234
-533.4616501392702
173.41051391401015
-41.89806470472929
123.86948263093655
56.571357948721015
-47.505160154985035
-121.92196592129221
-65.24421480177121
-68.03589303941787
-62.72610274067557
59.486488483038556
-60.76923786710706
-86.73801185871584
-43.94032390621396
63.4867475549745
-221.1111991508751
-30.302244936792434
-100.10177267625113
-42.106496433689244
141.4493002531044
-593.5491984475884
-46.51569542999987
134.05393219781217
-43.40372885858199
-86.91974101867345
-94.98049732458102
481.3026464630766
242.0589252860791
-59.77127789323614
33.860467213536594
170.78955950917225
-0.3429609096554742
281.05938732456525
34.351356993724494
-33.496107750000476
-37.25577549475387
60.166620800531746
-16.365436905812885
-405.4801924170315
-97.86365174269758
0.0580656584843382
-121.72803813265091
-77.82031693274867
14.46154098898296
-76.4288626228187
-138.52928280011838
-27.55136074343531
-134.75884313356073
62.402656606700475
-123.89208650567161
-44.05218708733628
122.43651881303958
-90.04407385097547
-20.517705195714598
342.53177746520305
-88.13878547470019
261.0699062650674
61.8085372152068
-94.54561588877323
-31.16076684916129
226.63917760483628
311.0663548374796
-154.33127103421884
-53.64123150940031
92.13227393296984
-93.37890573746854
-65.81056445611182
13.793362816615627
-46.79504997406499
-104.98308043485785
-74.58559455921358
-75.20774263362136
-247.6407516065883
-67.10627150981952
-89.8931600358003
168.30420964650148
-34.22788412613454
168.27971350887674
-190.74429337874062
162.2221772397961
-139.58442992245767
-338.4607502658855
-66.29408646399436
-73.03476430439878
-506.1388578530132
-371.3068130054635
-82.81018468728871
-84.6160553152531
-169.58968924702458
-148.59775134174288
33.285428308401606
-56.30886893388463
-88.20710413896752
-388.05422597033066
-85.64015562538383
-81.88363249206668
-70.0279803792746
137.55923499091114
-535.1201287765653
12.374533275021463
-327.9566440793824
-78.63491108118868
160.454029700084
-48.71680011316508
-41.60753313443296
-44.2269328409987
129.39343940408435
-63.5684126514401
-32.381064769046134
-33.353301454372
351.1238754382048
-92.92707738517582
-2.468747948698365
138.80557097254678
-42.93942040341426
195.87995047274535
-68.70479833667963
-127.93730941179456
-4.670024304857577
-408.5935918524683
-566.5464515503245
-133.88706007715882
-54.00083955210832
316.45551807710945
64.7580948357654
29.868872591592663
-58.1817638915536
-34.51349226284765
48.659054585612466
41.82550610485282
40.712401681253596
-103.54216137871546
-70.54369199721808
-79.67351759876706
-41.21143676837054
-419.13438679125284
-0.1424591418063521
-46.81256687487283
49.14269365104519
-23.066610515602186
96.03961927969794
-38.264786846801144
-125.58678410383982
204.64074472473703
-118.36433311083238
-60.09259723129139
-24.11555554386723
-69.90228600738556
381.0867695321049
-352.984500227989
313.8497509255303
134.3675200953221
349.6433812339801
-166.96731047366666
-56.51141227865537
-39.43500146261795
66.42165338097385
51.37005020517972
16.168640072627795
-325.37027930757176
366.1884862039369
51.1966162587687
-75.22000492708108
-86.4103652588417
-212.5264419720006
-103.99677034944762
63.67343692421309
98.01390103291851
8.250504962301875
-14.94902153310693
-93.18595686870704
-98.78019703811549
-68.3366429628486
101.94549833609835
-135.53407868986505
-22.33732737469248
160.13412482215608
-67.39632241531763
241.45125670283778
-264.8479562097382
-47.13070606840226
-132.8360943709249
-47.2799144406833
327.32204652634755
18.930039666448533
-72.2385508419593
37.524296722647705
-78.91611311517408
-54.435505110521575
-36.7782958683365
23.875969775947738
-149.04651292948256
39.9721591539128
-38.31000106557201
-53.521410583688166
-9.107790243671843
-279.95140826451825
-504.5794661158143
-9.888503017511539
-52.105603933956864
-80.11756754654624
-148.7988985516895
-74.37571765099892
40.78749247209453
-74.15173799025703
-65.26099260547223
-46.37700630841573
-22.641452058498963
33.197470926444396
11.448274953406326
-268.8656603801892
-29.359322027215143
-164.1243700840696
40.65029369194599
-94.01364173719412
-24.258770856415595
-47.62540380385121
110.63354757849629
290.35515042396764
-27.225534642889215
-346.0314011683449
-63.62761221458754
-86.16331572068223
-83.83849660801752
-68.23391958143199
129.45303158370461
-44.64251916115983
-106.55358410007146
-110.03496416141667
-64.70789729239914
-17.53431580035245
76.72027656074215
-1.0663809622581084
200.05234392482816
-66.87317435142427
-86.6267579700143
-33.74793930600208
-239.3545574047821
22.321623469023507
-398.2532064257721
-32.26150706584485
68.26705530228173
113.60505780310632
111.33242819315683
42.350845855386524
-51.09282765343247
-113.83433149280836
-15.417709093200301
325.6215307670536
-118.8500337718815
-15.699247123813768
199.51213960496352
-61.22514729012493
45.24725624587859
-98.66122187649216
-61.20591606461028
-33.89490597080328
26.629448619962204
-38.153275756094956
1.7192115794291567
-69.05632835093225
-18.442850872303097
-3.9373595283595932
2.685937266417568
71.85721934715912
-66.84745207569823
-44.67296256593909
-22.716307347278804
63.70226579976179
-83.37883570048359
50.24233351242401
-31.57019561925111
-75.6323370466016
-47.537514661257575
-38.40791656500568
-92.64687702432936
447.840916886129
9.184483516422656
-46.777196251082934
188.60525826899539
-96.94034167193334
3.5157830558218848
-77.94366389929259
-68.70181032969958
-58.48883626788856
90.38151347320127
42.17342634542729
-73.27030809793736
-61.85190980559855
126.35664984066989
-175.5848327781241
-63.719913962247105
-247.93535369110577
-75.44093940938001
-12.768822653921234
-34.88724740994261
-68.21495826364273
-98.86089080416968
-32.38428253294478
-69.09813761413444
23.551975096917886
16.882791451742378
-179.9263304909764
-61.80772626497001
-240.824866883273
-122.55426125424856
-39.224332550279144
94.15778667802624
16.223190917993406
-277.18836184145766
-2.9042488172553718
-279.0396253216477
233.8759394332701
40.789708450477065
3.5636445655067632
-20.010045134144068
48.12129487974926
-88.79266321335423
-54.7983623923494
122.21962128282576
157.0975038112283
-83.57754906272726
-63.69394562877069
-91.11591908506531
-94.33449638316057
284.37130540994804
-74.52637752124247
-223.15329507425304
-122.30363316233888
323.27458862515414
193.12934325073275
-68.4465767701915
143.3801088063501
80.44398424260544
14.012212397793519
6.642213388100572
152.97559682450265
-449.0144846478979
59.96534528783536
-220.73579580201022
115.1417298131887
-6.456176065918953
21.30045990834151
-105.82930508142454
-198.4494449435897
-514.0349826525071
-26.96751089803365
-64.24561482269746
-63.03907065637362
-5.953836743133473
-63.36883297591521
-92.28605128249146
3.8801346066484257
-42.81461215490947
110.68269778827926
-108.04888148035059
-107.94493377893014
-111.33753539900863
-85.85632903235637
-27.86825823314586
-664.6146432610913
49.180796105719764
-58.668859205547506
74.44103485885125
-173.09124658182554
-37.585129523123186
-132.59335756335804
187.23466397021912
323.1204714305077
-247.75403904972882
-319.6831562427633
-433.971282530194
59.52920865217584
-73.97439521682828
-68.13057685390413
-85.45921421317004
-70.8120217606394
-222.74898846121687
-106.7167887819266
-195.87483232186787
420.19577656808724
-78.29121412141788
-102.64662197119516
-110.4426847682189
-25.29862923059335
-64.88284477425748
-383.0571194245349
-99.92249258843731
-148.96539656588902
73.24234098346409
51.99778077941528
-151.12060215266865
-102.16171206871877
371.10349544935707
-376.2831005109656
-63.56663062094776
-4.897730309089866
-30.971577827000146
-20.757050376542566
-11.823853758881341
-503.5080330921992
130.08569291840104
-68.43450408673561
-95.87875085699555
-116.58642077570039
47.85050812346526
-44.884507018933846
-52.92637154330538
66.86826946565725
356.29046070319055
-48.540686800418044
-11.149040162219421
3.723641460951285
-124.2677762933296
-83.91319712476889
-82.67446233979065
-0.7091291572451155
-57.48365937516297
-49.455436727763804
127.56871107848747
113.70703328880882
-243.83302955118234
-54.6347197667388
-298.8270273398248
11.841251907519108
-80.18012961107073
250.3520864803595
-6.488420385378731
-228.75961431220276
-308.27673706672704
-67.27536591333623
-292.992974817309
-182.27146450226064
28.692351863592194
487.30351497187985
-53.50374749623734
47.873971729503864
-32.56294566755378
-2.024614837979398
-130.926169393709
-336.9017246268304
35.6277431929193
19.70225850668612
-69.77927058235547
-151.96917798813774
337.415859388203
-22.78079660410367
-32.59350578394492
-95.82072854391446
-17.850653544210573
9.436075251561594
-67.51690251062956
-149.41888120507247
-266.7329592560418
-286.253363007645
309.6946283328616
86.46621239497927
-29.576678587555563
-317.9773724035076
94.88368723822714
-67.55993191604557
1.6857967522552428
79.97640627325518
97.1050188296108
-59.383723348758195
-107.77714664076609
-86.84482471650973
-444.825110370537
-51.35712917865368
-8.874448913938744
-73.44408071932548
-111.45636586144246
-141.7506738133452
340.532287098531
-65.23656797674549
-79.21794777114178
413.199214534312
-5.4221924140456395
-46.80201089757065
-133.6744928918033
-39.81591695432303
56.05261027925508
106.38404340033776
-87.30068076409589
-66.83323280900186
10.044553201954841
149.9233709521841
26.29714073976038
-69.53217887177875
151.12302747058493
405.28936627247094
-72.73817884067103
-57.41142127101102
11.876985004957946
65.26193212126782
-73.83859600479076
7.733021190339249
428.9107362153445
-337.0737951852716
-53.757750163662415
-93.98999847232722
-76.1309161217111
18.99458388636822
-30.37318338595469
-65.56110659975093
-180.22944434175952
-37.255301978689104
-101.42764907083892
-55.78445750358412
59.95260734078147
155.96549490274992
-593.8851269111419
-130.33100887629917
-214.7319804348881
-41.79763843547106
242.57118413242097
1.494646015918599
-73.03535684026055
20.6640208773224
53.950296516064554
367.2844602653349
260.1165888685118
-35.706705217889976
77.17848864385473
-74.59303790649051
30.83910033160646
2.345956115492048
-57.11158856048314
489.15478896884815
-60.981689105175974
-52.46039600045654
-55.65354072188134
-61.53372666711073
36.76198284868224
218.1994795992432
40.53819635425816
32.039740982431795
-91.2132889463683
59.94846343822428
-207.39078380402498
523.5234406480267
-147.2172278279868
-36.946951402323975
410.13545971871554
-39.0927888759631
98.18656712482334
75.87917782780278
-11.277090783928728
31.623500617221453
-105.02848833406642
-440.3114746625197
34.421210111224354
191.34675883822092
451.7738308609878
52.45615894983348
72.13404002237439
-206.9932208279606
-16.315194228305664
-56.389278339904536
-96.08552315338238
-110.63189556755606
-37.9821518015583
-58.69875358561694
-52.06203480570561
-281.8727054081446
-58.95820634592585
487.95073295387374
-1.4487741450629983
210.806584467834
28.87880069958328
-21.805953457340365
-478.5835625018335
22.7019224131336
367.71009586274704
39.13097713964089
-102.66726302606867
-117.78365924547639
-39.2767222639424
-64.21228787563462
-86.82696949221089
83.23664575930525
-66.31899771819577
18.54560279721931
101.80954023743107
96.08666393546446
-99.25725056814318
-104.5599403600961
49.21474476121648
28.056980929354722
-61.595675927708726
-9.290972235166919
87.70574670016322
58.374170809645875
-32.63002533839244
98.38170054024704
32.46361730960416
6.176116152399118
-253.72463896837507
47.270370315182845
-62.11702432081347
-253.81841319359773
38.20659653091025
-115.32939222413916
-6.695913521656621
-73.29903075907714
-129.83870576055415
-84.32204243323577
-39.083802544770606
-172.1612833835752
-99.57787545976771
-185.68943096241674
-46.64150124948135
129.8403668952178
-91.71561583356161
-37.00138980546851
-130.7203836918561
92.19520468724386
-76.72080243816097
-66.17574251413892
-15.679019400578909
10.936818917718085
184.70643689696772
-319.5009508840649
80.04700697305611
-106.69119212890291
-511.878014797323
-99.13967549291604
-302.21210344255815
-82.91503303418118
-76.3022661232491
-108.1613553881889
-63.430715755944746
68.64586413306279
0.013662883396705183
8.147854034254124
254.66062093883738
-95.40142353540772
208.95481823883802
55.11705123138972
-53.3856823922124
55.27756093361313
-204.53165968137364
-80.48151634670772
68.56872181321387
-138.3359003220903
-10.2656944186474
-213.06874101214817
78.53038587063566
-56.7761678373427
-24.089038312109384
589.5437851790703
-29.647501798071403
-88.51976411670512
28.258433621193717
-11.202370017136019
6.9303919965432215
-13.599130614190472
-32.8656933203838
-243.56608501254595
-68.98697272149707
-80.19891124257663
-26.171321102088832
-331.8097040757839
-63.06973745817318
362.8768017579023
-50.04698521187363
-376.49476305426833
-112.23430025695986
65.16548998101825
-63.54490583626429
-12.393495237847148
-87.24378383337631
-190.76954923649646
-17.697200364301363
355.33093704596104
169.5989911921879
1.9072036097886667
144.7519803519208
349.14412241999435
-8.762354203912764
-36.83713517071986
-67.8937492874611
-153.9739573815532
-232.2983565477134
-227.987975677328
25.378259047365646
-43.64568236329686
-94.0922202411466
-167.47124849056308
-152.94058726055482
-97.54238162194633
-320.31129736901767
-3.2276190758257144
-49.39225853261884
-252.34931048849285
-57.24851957656665
59.76567919495392
381.72283142043307
0.47219077404133714
-55.33735776625872
-69.40065240182601
-268.653800272381
-57.04177127564326
-28.819713829287593
10.928112764761863
113.07897313077592
90.91522408548917
99.45394635280354
-58.3467948789978
203.847940218644
1.5854504420258877
111.01586625783966
-89.9352239781331
-7.514683400740523
-38.415674123221834
412.571023897528
-148.07021390088812
12.999910499544058
25.77736945050856
-55.03485864643585
-99.66904109860785
-18.22256350440398
-16.780181343912545
97.4440576464558
-46.04655641449108
-62.23035651339668
-49.50958351791106
66.41961778956556
18.19314145067176
-74.7101003292566
-81.04458502695867
-54.84565248668241
-87.94657346925948
-169.25708353513892
-137.24806221493418
-92.5602765743111
-70.33057509856548
-53.57373244455588
-80.36167748056702
113.6272553667286
-133.84603364731265
61.62893995128434
-17.999930801939627
258.44579170220777
-679.2558840104539
-27.422688638624553
-218.09195668707252
394.9024558626825
79.08569074631987
44.834191594518416
-344.85365750193887
-104.70099758406835
-76.13706527585825
-1.1551655590124028
113.93832531185035
72.35929455516089
-159.34854600305425
79.61223760900612
-386.947100023408
-51.53879716626261
13.32836392633632
60.834011705682315
-106.92547402935992
-149.61020425904826
-107.01523981892716
-32.00633061145632
-69.73368164543615
190.15772242496314
6.388705438092984
-60.01444972617513
-110.81004063333967
-27.07815642445901
-194.26490270551585
17.63899093119926
133.48531563350298
-10.23242311059381
38.58403367246024
-48.5053791499796
-51.537273225031754
-99.5677434258414
-21.6279647230607
43.405520001593686
390.921412071737
130.00534265414535
-34.364126314935326
-88.53298820087912
-197.83255200302028
26.825553998571195
-301.97040409727197
-10.924720630909516
-246.89129598915497
97.04948067399482
-29.88895445772505
-112.87530363501173
291.41423292858417
147.78849557472677
-42.69746406662125
38.331970268491204
-201.44420963069388
-67.78112939384118
-30.843960850903386
0.636134540056446
168.8642028393042
-91.16966740179305
84.76635166445521
-86.60948859829165
-129.30758825246176
-64.5332798191386
8.316823553470744
-47.47983903710656
-10.807663243030674
-57.235614279689386
-89.97135796464671
58.14384410173943
-140.96834885328644
-57.34006470776414
-22.83772864983257
-18.02180698880875
-17.044900091028012
-274.4802508736029
35.25946334318087
5.586824340653038
-27.335559505634137
363.93485165021775
-18.371281273573345
-74.96591219516576
-51.00151672883534
-100.3601584891021
-55.178857749871156
-32.32405528169453
4.8866888072769825
78.21666602422374
-137.87423772407692
-121.86380210011703
217.86232377541546
350.54925383202135
-104.92274553506468
298.8662324108991
115.6029532184084
-548.855562486684
-119.27176020422485
376.58298697220926
340.1650912097448
-45.46723129550742
-245.49505602720274
-20.80996370306525
-23.509202993413638
-215.74793161644538
-43.76791237137331
22.38508339137752
-96.76254253927074
-77.26765939293736
89.4225512353205
-140.37487838805282
-74.74189959004681
-461.608887160206
-87.18036095414573
-109.76287447570442
-96.53518494273136
18.957658398837793
-2.448571491085204
455.9244814049962
-38.00378565346364
50.44838379854582
-96.44640737341584
-60.83165647179976
380.18910708058866
87.86412466640286
-85.278149766833
-81.64515513272086
110.77540110429072
-173.285180905154
79.61114858257133
311.42028632420806
-97.06113199990519
-101.01270768748026
-37.164414119294776
-69.67538445468927
-43.58651521236991
-176.0519621493222
-34.03803611665736
-22.016949263160882
-165.93620386416114
446.4921488209893
20.812123367707045
-83.89332524739348
-279.48370856566544
-0.9004433918380528
-11.169304630849524
-291.58683658510563
-15.763549016171964
-51.453349352854275
-26.413410065642438
283.478722733189
-29.260967829476314
-7.141409209063454
304.9352349053697
100.96446823610131
87.298313462632
-75.9943836334769
92.34394664700994
45.13342301329976
61.415072559742214
-119.60251575691454
-327.16439429800084
-14.518744234109818
-68.58733360103405
101.30835185850265
-14.953700881237982
22.43341291714478
411.1071384602983
23.069661423836806
295.03306406763295
603.6557681828181
76.53464384385052
-50.61976097012075
-316.5400369401741
-275.5334333994397
-196.8863902488938
-75.23707339967851
-218.89164135697865
-314.7046242126271
35.971675822440375
-306.42487600684035
-4.858063194571519
-76.21426574263168
-25.680251255488372
11.802855340697533
-46.88083128296006
-76.23028783179545
210.08652415269898
61.02036393043636
-270.39966849601115
-227.66038690084497
-48.2865864114267
16.0119381342995
147.31608608586612
-8.283591050154428
66.77894765129349
-37.49629224700732
-461.040955043607
-20.635044326559978
230.71253021680968
-164.91499984477605
-103.66430721766756
-96.3869318353524
-42.55748601618707
-24.289528238927232
300.64398614439233
-40.437027079625366
-8.315425610207255
38.96634775613575
21.350195205067394
623.5806102969163
-205.85721225912312
-125.31832119948922
-30.235703275436663
-54.69023251186826
-3.1899652348705
-116.44426943886663
-21.034076964652503
-140.93074757428258
-70.35055002099568
-174.5036528153596
-85.28354457426215
-3.8648656083676087
17.12764366563151
-35.91763619960551
-248.71175857617345
-129.96636960508113
-197.43892814214087
158.19068918868288
-54.20013427436396
-57.08241281141454
-7.731589191665989
-268.0350124558008
-5.475703381718631
478.52705884097304
341.4109165878508
289.79495890541693
178.37194881377218
55.145620026331926
-2.5296879483290695
-24.826887852642813
-18.48753534906973
136.78390249620134
-37.79309935917411
-34.267210368892066
-54.23838018600954
-127.73733712311514
-170.9849421639501
6.509182089679143
-129.0152822728554
-234.9996008080052
-99.7059027124642
77.68462386437204
-34.323556643336815
-41.9890103969301
-62.059387405795704
-45.7181018572428
7.699960742253552
-156.7941145951918
-72.02350606964932
-35.050263733863176
-25.783619252060817
-70.83518684300816
-66.46899754592232
-78.65820235531314
33.40283224571749
80.78825233079715
-86.91257974738842
-78.41262909279581
-41.86737405311314
-512.6297646970906
-48.12245134017231
452.972787494391
352.9905872946001
-68.30606479656848
162.15251837577853
-65.61571252163613
-80.73200341111672
-161.78796731422335
-220.1609778395068
-56.82608066894965
-348.7320630846707
132.07413975460804
119.59015783193536
-97.07896840691501
-38.860952833179454
-122.65038370392904
-20.772597544757954
-51.80912949503529
-24.694933418897563
100.18024369310842
75.17728890936496
-198.13092453006539
28.031862404697677
44.09636633641276
-3.037294698703775
30.45658327277897
37.18422692427748
-140.66750787698874
-125.96172926536747
-83.374610718085
117.58268616537498
33.39473452446782
-99.66645596375247
-50.926600768882324
-179.18182510866245
-177.89221889903274
25.340388296927813
-88.70711612021393
237.81246310541064
205.6580841947598
-28.963396891941557
45.487502690508336
40.03157996647997
47.435240562725085
12.602347887276665
-52.39599816106238
-32.17308696864373
10.223335421174852
-67.22722246040058
-102.3441062560224
-49.97600151701408
-223.69676235187762
-75.98434790009787
6.352539308678388
-8.856916300733246
-103.34888368280008
-338.98636222319874
0.9738513514621445
31.39782622122584
-55.77553172952021
-124.98319550335873
-507.34258227447754
-12.389994162730545
386.2117764122286
15.974399951634041
12.896619600321742
536.7634304318944
-141.72742286631365
-140.86325368569487
-32.224740075670525
-202.8735852539612
156.53644576219085
-133.9596807896305
-182.75670106587495
76.6768102430915
-39.398195062669856
-66.2505445277671
-32.39407111776609
-100.93207054853337
-75.79167782874332
46.55082978703422
101.34181689923389
-166.14571002822777
-109.40899350266045
-43.74165959905076
413.65471577097014
-61.342359316162856
102.48497577302987
-81.89403139830301
37.18548940193068
-6.407474482033649
-19.780782581858148
-8.431219797093036
-115.68520106215328
-18.770866040509645
-57.78672123755746
35.99044748941105
-166.50407752709543
190.97820564558424
-66.84750664163644
-84.00143961858885
-214.1488184553309
-104.17862322006972
-65.10319549164367
91.13708364374429
-141.18764860753072
-93.33037568090913
286.73971249746864
-38.584804964324576
32.037740549395494
-98.7837534031678
-64.91642915107036
-258.84075289154225
-33.275322418537264
-39.10828055285651
-24.641826457345815
-154.14072902207408
-22.522499297789636
112.24588017387941
6.80507978850892
-22.68789194277968
-60.04262885124042
223.02748103073463
-50.68812981350722
-102.73785577111579
98.59323675502401
-95.22346601648397
-309.2411929095924
39.20609058380978
-183.6875858761341
-62.37136822184766
-113.9959198431734
-60.197564306875336
83.73148072665481
-35.07653964687506
-68.0487460336737
-196.49999794391624
2.635352240960856
149.18514198533012
-109.26602790261767
95.97622788428089
-0.6150062630422326
287.33878435456154
-76.79261189277986
-25.433598241559594
-50.451152259899445
-55.372507090269664
-166.1882044277263
-25.25795246342068
-48.493833533137646
-89.09458713586537
-530.5383475330818
-119.31073738465169
-69.65215181567874
-11.036452024286064
13.283486466764316
-55.74166811256288
371.39005881200137
-90.34497476670731
-1.150902103901899
-284.9479331629318
316.7336614697833
-24.783748397452968
-171.0757812588854
49.54059775548194
-135.8195868150924
-290.89462171000923
95.50351834275898
-385.9407083412407
-345.7716165295442
33.496865868111854
-63.65734596767295
-182.72414416250467
-553.8493864002521
51.295408600160954
91.3408022136573
-146.98701540272486
-47.8253526592016
182.42407114998787
-27.859215871620535
-3.0198833770423334
-163.3716448719315
-174.95089854639446
-48.45199956244113
80.17955937904753
-56.43347354595984
117.70180149426233
-127.06652406497233
-283.77482484056236
15.764112439100472
163.43417589163073
-16.201958287287198
-12.225781687315248
-49.64495376078082
-26.917710858433566
86.44018864467034
-70.16026914150484
-88.65846514525492
-14.406471878509365
-42.586414192475786
-280.3655280191324
-15.287698151299992
-38.03454670071369
-24.87562859237023
-69.37338283439567
-138.19129556055123
63.679726576811845
-146.89614884088405
-66.21110471678973
-88.55456944686966
-77.39934224233355
4.828718770012642
-95.55972913528603
-398.1595671951127
-25.784407887205816
-201.69745364071423
127.18111319982654
-80.88468704903443
-96.85983599177624
426.3680973296541
-66.55000890183481
-56.4667923145048
-15.080654421184251
-62.634695359374746
-399.378805096052
-78.74690767759986
366.9884139760634
-70.23325103877592
-257.4098508711577
-61.00329944942132
9.867407537548388
133.98644195424458
-82.21281314154658
65.61773648888266
-102.02436793767752
-31.21232539342418
-75.80895069203686
29.068942557283663
-17.23591468995164
-83.83290834504714
-70.47410302686627
-11.301075568779083
-109.26977471979171
-106.10579010716629
-250.6762947217776
2.28113713684688
108.22901908895619
-33.636955552924974
-62.341573063488205
-36.17216717375777
-182.04193969655898
-12.675311970472649
-59.98682519954991
26.998059351265056
-27.31030797938456
-45.920000595345634
-223.11809346685914
13.06504983319337
18.710677412840596
20.09773677417479
14.203742662970853
-18.984815166741384
7.11878010403052
-68.77638061192374
162.9829794342013
-80.04413625038224
-41.06049551128697
-111.30055023522196
-143.5441917155631
166.86311910179938
253.33320902096057
-387.23661807988174
-251.6614711815746
0.9435063561941206
-81.95493097705912
-103.18619547493935
436.3352084488033
336.3200756711003
-180.4817192309165
-28.26810675042327
-130.06159878649305
-242.52035414683633
-71.20194031236676
-102.37175357846218
27.736945900003775
-20.05504273208885
106.07311803016455
-55.06811526381757
-117.65721621707326
-72.67385867586451
-146.0941022415118
-30.350326912566743
2.836899536710348
44.64239788568011
-170.45068087551408
-236.47823998509557
-448.765329783615
-39.57030621112973
-61.95972316544703
-66.39414893932053
-108.1250313419805
-29.848173627323376
-67.29216236865796
-80.83449989919681
-174.34385034267143
-64.11445694746148
-41.55225521596731
-34.21488932847387
-356.8061868646455
-5.684042050363246
117.62646223735828
-116.69663263873372
73.66973838512797
-213.24045559819206
-131.32692892863423
-8.998896043845889
-52.25854387464034
43.833908520040495
83.0139345037278
-58.31396596597915
26.90822581836437
-74.82454665230205
262.983794740554
121.77630983502695
72.94742179270361
-88.18030952607734
-39.35855692363293
-52.63968416391354
-443.2476309924714
-72.02546274148463
118.95479169497594
-210.4716705179453
-45.29449051454861
-38.37732632090187
-0.9510405351675217
-33.09930453974357
-8.142118255839705
272.35993086696544
-30.589407865429166
-147.85077574114985
-296.0397971550774
-41.83428664759663
-7.651286515151696
37.212805843282695
-346.76191862509586
-4.5719045531423035
-280.63936526222096
-258.9860689272682
-13.619969439659371
315.72216226871933
-258.12965462112334
314.9618994466837
113.84264859751784
-37.7406960261809
-66.68180758228254
-88.76128015309541
2.060103853590915
-59.2449486780158
-134.4282257034527
-1.659015747387457
109.06530345971805
-186.60846635525013
-507.1929179949475
-170.93066339019424
-233.81672356730633
-194.74276308796107
81.55337238227594
-53.10957716137462
95.32125666874526
-42.572701086818284
-1.4363755114572996
315.9404391781736
10.551215724242866
-86.38497196703652
-60.36847283444354
95.09540073813059
77.29906322652641
-217.23691981982074
-47.16844044026038
111.85166691410632
-5.6155964539921115
-18.398366888791543
-109.3932139896454
-50.35206112970445
-25.516292817128488
-115.01844824474483
180.18846531329837
133.93412004745005
-53.9058168009573
-74.96985178528143
-11.278937096379877
-91.2637632089245
-272.87396430153603
-78.88058753235322
-77.13920743542826
88.03803631927804
134.02138992497385
50.918661150739354
-23.173509601155615
-52.7171384437867
-70.8878703227565
-5.614038597137444
414.5289104501826
-385.71898530944236
-419.44860366368266
-164.2228253868925
166.38108435731556
-39.952747276710554
57.12074725049115
-122.27783979675041
-85.41333299112557
79.36031420434665
-46.0419270821385
140.05681145130256
93.91637142264881
-84.33614886512063
113.99162003229685
28.54746889132184
-33.972577850166516
-5.2370509588142795
-252.16201983188057
240.01790483321565
-38.73947635196967
24.202431775125206
33.23198359915477
9.241040686394626
-115.94618542038606
-270.63297647549007
-67.36466750429133
-39.03170332704747
-18.069468607913223
-79.80057672025781
-77.13397946046001
153.77723708324766
19.866634648189574
186.61591752508093
-37.209608341718194
-40.14440929178528
-9.417216644251312
-130.39258105775207
213.68063514895948
-75.87759455406177
-63.85902750078167
-50.421349125521374
-62.30926347167406
-114.74762362576288
137.61983205064462
-20.43731635863064
-46.35221674899037
-114.08749385755436
-70.56212744309272
-354.1951336436632
-39.290970320381746
-65.48695316249635
9.618517918041107
-111.20034400246053
32.86190904704927
8.196755747960651
-23.730346614303016
-56.40102408680534
-87.38327569400879
-165.96636725235658
-1.4962499436664984
-33.91825192247961
-66.51690476855332
-210.63696736747988
-22.882072739370415
-39.49402670162843
-212.33333302499886
-41.54550873113658
-100.46666194562647
-177.09951602106958
3.1303271153985373
47.253199645996574
-72.2350333581348
-291.95643792619467
-141.8496917303146
-10.936140690193952
232.87557794477834
-56.773290001610235
363.5394324700392
-66.5401152468603
-83.8166033123634
13.155371990591448
-62.47761800299851
-96.4296348329182
-60.50624342208909
-94.80061698553523
-84.35633177141783
40.91766288260442
191.66346095892914
-85.25938586896986
-84.62645923275826
-34.846076509379145
-185.63890268219984
-17.056747078710032
458.925144318624
104.5338453735967
-90.63686579447408
-187.11595682306324
-3.706251894026423
-605.6557509840877
-90.34189884653456
-39.27634006574589
14.072047159110127
-201.57619527126735
134.28952787377057
-85.86569908617142
17.675715868413135
-80.5227098358618
-286.66522005455226
-78.39928373372986
-35.57320239279261
165.896024162299
-109.8908389159275
58.55545472074982
-70.50785658083275
141.38815068000667
-512.063220512513
-194.7969892022902
-422.5619920436384
-62.259092917395066
-447.5662061733401
48.15103006536083
58.92781065574218
15.676925457937841
-47.5297724642478
-51.94524163129005
-48.99148715216425
211.43698265060993
-81.2893580044256
6.046149694421729
-15.40720165892617
13.282821691167555
269.82485726936284
26.935069386559917
-609.0934748264262
-62.378298815225776
-48.26062822978656
43.51374962878572
-227.82331431831517
-76.26021292858655
342.4381128271925
-72.58637664658272
43.05994571240626
-51.469206473817394
-247.88158429029681
-15.75687125440345
230.23878786971363
19.90601743840775
51.41848814854848
-121.443998699433
-53.63727675581504
-107.51284336416639
-18.337996140519067
397.88788524888696
-90.42647578843042
-41.27217382197932
10.485522127015457
121.7311501857912
-139.69235716715775
-95.00257471400525
16.845786552436948
-76.55850263782986
66.25600646349267
-39.707536037189904
46.179566863602474
200.46449904270548
-125.7548935277664
196.2868485574072
-572.6173891208582
2.7082692814838083
-265.64851320992784
-62.03020256139553
-95.80879705832228
17.462920024365303
-44.86943595120704
-78.53659753543572
-61.25858608922023
-414.57406455021555
-61.86758122229003
-34.677583424757486
-25.513629533088533
-20.270426270070743
430.4607353614647
98.115916755738
16.474798454566553
161.26238981517417
-94.15239638257844
254.8914075328339
-59.753950180009724
8.589130063802031
-20.651685707061915
-135.0290052474702
-20.585181055536395
-18.992734483015738
-272.82055298347586
-96.54832916780651
140.52540388411035
-72.41629529456077
334.50723304315034
-307.3295971467287
-55.22202903817812
-320.8140849038591
31.783755976772227
24.087741379290946
-121.30750401432852
-77.61202103159208
-22.83745054147064
148.39948844422315
136.8216029470277
13.164597747010873
-96.0739824527783
-58.93873183332403
-95.16065447355132
-71.09656081933602
-43.71537779386824
-66.00455251950163
-170.15310266547294
-16.964369879299767
-35.53804877890616
-28.565461974775758
-163.84242479717977
-57.1727628943121
-6.717349812092834
56.31399069294457
443.09912936777437
-103.20617386732101
-65.11712602811724
14.332095975525379
277.8029547990136
-49.123076917003345
138.69703123604813
-57.642013154350934
33.71871912755796
-56.61254079363994
180.07433035588838
58.40711776704302
343.0123544394428
-113.89873709892527
-71.34616897754061
-85.36678532574663
-82.39335767556922
49.57689226787625
-106.65516780637564
-15.691130743732458
-67.79897562150681
126.44095772192486
-64.44456716023096
-67.72416368150047
22.054709219873985
269.6445275225451
-165.16320519612054
-50.59011531867327
133.87150543719463
66.19611996230014
-46.74901629063739
-67.17433311160403
235.47699193650624
-24.46603213876915
-31.151065349460623
-89.5800009228642
-38.36545317301034
-11.560225643136931
-90.36687653185618
-84.26366299174902
22.201188646267838
-66.22336400556378
-74.16350212088196
-18.05032683474908
-64.4832446302082
-139.92315842696735
-72.1962942306871
-74.64248803776266
-43.802741318713814
-58.01351822975848
132.98184415836113
304.51222284943833
-242.78543216274193
259.20307196391514
-170.1074621798216
-106.97747179201589
-65.96218022337348
99.83148864617942
-74.68266604003108
2.7271672585738997
94.59008484773949
-35.98639923525357
-40.96805264331795
-68.52478687511828
-6.932868956707457
-356.64347090176125
-59.468053125090364
-19.937840996648447
190.52937169093548
10.627230336471712
-78.78454456032432
-17.90682707100183
136.78978218694465
-134.8161131005636
-9.630824421833495
-159.24856146043203
-135.13685306087427
-43.652310466670116
-129.8108619816976
-42.20814536552825
-97.93747028918278
150.1403112016069
12.677082501779296
-96.71315655668755
36.88830519197677
-14.549277090321858
-155.53016361709888
-205.10325353212193
-443.3644241898746
45.651232084774165
-256.7677788394958
131.24829193683036
-75.15902791439304
-158.64955969019138
-54.32773696913222
-19.60417798761518
4.42910658257223
-81.42381674763341
26.380676368718014
60.58917774573638
-118.16750236182213
54.43120063428978
348.85116829087383
-592.3742124294822
-123.94040343171582
-42.75065788428037
2.354188037268353
-48.14920150114975
281.27749520566886
-364.12813925406044
46.164706370358545
-48.91520461887697
86.6882834556327
-215.34936276987173
23.829840641497867
-296.1550499034802
-161.7277510314625
-140.35868206125178
4.940161528420504
-222.40714000310527
-17.555539789671155
-180.4321012834098
-105.96601942348934
12.70917073963028
-184.4816365327306
-15.957339681912686
-76.07829794497685
-282.97662411179226
161.81259963749562
-106.55397394652027
48.28299034533211
67.5488223524444
-64.78982786906523
-23.431054022361423
32.62623129962503
287.86186630673546
44.8132468014237
-64.46585808899503
-115.24696924590717
27.488210448654172
-24.363228857508716
-6.738190108030361
51.8936345782065
52.421812399201826
-132.75171049073106
-93.14569354669585
-63.84033804975289
41.83330416181445
-29.62711767968574
-50.86015532620331
-53.330952565944244
-44.98882005836458
-124.1681238938636
-82.8565081100941
-84.53219427237609
130.1331538362465
11.882369731069021
-94.59501204646858
-54.44019867877668
85.199523489282
-93.37118537463198
-128.56054744455832
-78.84963684587728
-95.27726791026609
411.61645498011603
169.92367667589133
1.005469218316989
-56.1585881497679
-210.43993168673296
241.82522001610596
17.235920116173475
-50.082539545394596
-73.52884879723946
21.052238458223655
114.76852941994002
-83.29631407301827
-97.8794381865485
-585.8802753565451
-38.59760837269075
-49.666315797210395
-78.29023524456447
-93.2943078324679
-5.536535560999255
79.9525997209571
-246.35102057828772
-68.99704612988731
-111.92905115563553
-89.57046783529924
-114.59418949000519
-33.50205214884198
-81.50315489982036
-32.07948032089513
-198.92562166839798
66.68969230897119
31.472249278940126
-32.492202484948095
364.3377406175605
-142.62142746284917
-169.74401450235837
-52.29179970684892
-256.37246359649544
42.95835359971488
-263.8217073316773
-124.38896112056318
-9.428958227614883
50.49727095630851
-420.77289240982464
258.02898595214356
-55.07495282116285
-21.609532822280016
-102.57771743973862
26.729332309088022
-132.04255993860988
-9.618087008283055
-41.9239392523185
-32.9909599681474
-36.2437851241466
-21.257499070775793
-51.4691898150013
-40.216629300337445
-64.22758414031387
-291.5861117872437
-83.21323488025337
-15.263061433601433
210.99239931562443
-88.87879760327785
-7.1868455170214816
67.15323851414223
-62.11636744492568
-81.15253698614791
1.161926987397237
-37.65470537685888
227.21056878968193
-41.86653059834896
36.8881460461198
29.659060659629176
-98.53230583583718
-484.0739758660784
-40.64239019938077
-65.64367210732894
-43.24188954073361
-62.42912039925087
-79.97143661429982
-385.2804437692412
448.1289916673577
376.75270603966055
-208.39504412128645
279.34007740634297
16.133934353349105
-32.72999359645712
-38.75652915538425
423.41084097537714
-25.674456048947402
-24.46826775675072
-177.58500211986575
-474.96053177525937
-129.37311656183738
3.243352828831121
-9.91351143530045
-28.16613754091577
114.49021333977544
-32.86178375335817
17.05696909980628
140.1848716293639
302.53074932759046
-75.75533688344944
-101.89293932363398
-138.2760779075452
374.75500213323903
194.71374276321694
-366.76539774802404
555.4530611987257
-16.134395691619304
95.48603084257957
-69.27942466380709
-57.08875609045003
173.53320254650316
6.437070519792542
111.22247314650122
-83.75847561262935
-310.41061357373474
130.81122864212284
-44.56238495731952
-70.29836978193534
25.577905011743496
82.48123874597013
-51.025437715813865
-158.23965641190807
19.024847837212292
-49.23084388040206
-104.14822809973703
22.96693798424364
-37.9409548675316
-37.84232022301334
59.333085889889844
-127.60441320589416
-68.15818786506942
-74.44137492723738
-107.3154424613731
-18.29494855626433
97.60295192836656
-242.98533073967337
7.448657041455249
171.51332342656315
-76.10383078036534
124.53702006007188
-35.32503629001087
-61.676401282897515
-170.29591815956337
-38.61418728051636
-255.66779495882656
15.86790190872307
-59.702684447496424
127.96722057127226
-462.1462380876146
-18.275356370584404
-294.35803341489736
-93.94486110885471
-84.95932815761626
-486.4176074143106
-360.2047964621961
-13.000751680452083
-3.489536619032151
-72.68527857065472
-33.26840845560582
66.74371761923612
-582.0376257313528
-33.08181913757926
-459.8823802668885
-383.90872660400237
215.09675446339497
487.84792617594394
-205.25295840099716
-131.5265154471108
-36.87021922785834
-130.86144818014327
-118.37801457008965
167.8471579807774
-68.52877673470852
444.5947439023839
-65.3074228043397
-60.8716455142129
44.45462745550685
260.05556953408995
-85.93516134059597
215.7680243814939
-93.89157586123201
-35.820832415744576
-122.96719917047449
-21.850492581003436
119.39712012099335
-107.39771883036063
-35.463152748741294
-34.32102198144685
-76.4865787773706
-16.734008821575845
-14.48015581700895
-112.41302408938282
-113.97987424978419
27.980680141746234
145.77495702518536
-7.39696770837768
-87.63768127244657
-64.12494556795188
300.35251251152295
-78.71433983286758
-244.458007820891
-92.84168331852581
17.549715271316018
-186.21478945232593
18.39480350773374
246.02511343195874
-9.198419799429757
-2.5966027158973475
-32.08513084422163
-333.5379641846084
546.1808596616165
-524.7103531744342
26.335991516404647
-76.1254243613123
174.27182062028805
38.78785482348758
15.203422430658975
-87.57395830292717
318.2428706758892
289.57347567187935
398.0977428286824
4.9347950607643725
59.72277546393525
-24.856721011366563
-73.39721941544477
-84.17923916114967
411.10747644269213
-280.4027725132437
112.03366342556183
125.21093652955096
65.98838367919097
-115.11197737011935
216.05599122878994
88.28181860679706
427.7953224920675
337.0588465804394
64.37640091267713
-68.38794513714983
-8.222478096609848
-135.61903825526133
88.98829568660949
132.70181136208748
-200.3245376670875
-30.748199172250224
104.17947501477283
-389.30555095466116
-122.06263182667466
139.64111705960022
-49.704333087003874
166.79059211867934
-116.34900935699079
-44.269090372765845
318.0158750078317
38.14633004040661
-104.55219420520788
-52.961786280951856
-102.679825659314
-224.7909772488456
-102.45352074341645
-15.36531484981532
174.33325631866137
-55.15715676029686
-315.4207710584633
33.684777110480354
-376.6545315906369
-312.1397605576785
-74.07057205696401
15.070071138079584
-353.0234662704306
249.90366231337066
-179.24140274820456
-9.800933241718667
62.33966229406724
-78.04270950909813
-157.24651472436926
-133.0658807665286
69.56572770067214
-274.5755326478702
-160.20620706410955
-35.168490630949236
-27.814548596644062
2.6700353236979026
-282.1417231322039
-1.1657389404264684
2.6189237124294777
-319.668922915027
-113.57157738858123
18.633473165888063
-79.14212018881064
-20.373514067190627
-28.306729952785645
-30.173532404402977
-82.03667742983839
-433.9479585748086
-48.364251690469246
21.161235452498204
-81.19376209035342
-424.3069837243984
58.740391866818754
-467.07192359356304
-74.28751538097951
-49.270776950881555
110.48791577042721
-18.759473482086662
-244.98594898825468
-35.975380531844486
317.53094318223884
6.050462361371956
-400.48694481856
24.646119340191945
-114.90872111821834
45.492417175416904
-185.84583836796264
46.08668415552768
-190.33613527771377
-511.7055038439148
17.246896664215456
-8.744657877166901
2.0515414973083352
-107.41413876846391
36.383577326900195
-63.23230581080238
-366.6665219213319
-214.1383252526939
161.56476459806618
-67.96338610588646
-99.65957715628099
-307.670935815584
118.43204063949088
49.583527244772995
-50.20895800951547
-41.09013314720994
-112.3306315035562
-75.09848731083514
-47.33736948614488
-322.0088252341393
-411.4558807168728
242.71073339750546
-36.97273783059427
34.70541195905025
228.1354188391415
-340.5088950990794
-9.313228008734768
-75.885291897634
-59.690902801610704
-348.08105539643657
25.54547046399057
286.54413975718126
-405.9153456689264
-69.47832676940932
-34.48975130927647
-131.26377599923217
-23.384086097204545
12.663937829356655
-104.6691620791158
-56.84432109214913
112.2234959215275
-37.456742154546895
27.642758325974683
-39.430858164740016
-46.573673943995345
-47.176472211819075
-44.71130519966255
-6.972111580252918
404.4135394369587
-4.825355841627243
-46.28413479696064
-479.8073026209895
-54.50103700727777
-73.0726982399608
19.002424551259537
-37.54382620561259
315.32372794030016
67.811046844256
-32.462530353795756
-3.941895727599558
-87.01581515724915
-107.03207070907774
-25.19909186955107
84.16233119793469
139.87418385578712
-29.907945583713627
171.4930151707904
54.5307997776431
65.42912264634288
-29.371750212210827
-44.84716080832732
35.58689521541419
3.0601798881630202
-85.81774354031015
-24.436779627100805
-112.68544129205299
-111.74002569417598
-265.44801985943377
-51.79006017669235
80.87343001064801
-17.149630507145048
-368.9158440521878
-147.88469221394644
-364.82222053300575
-201.01375058473332
231.95759086681846
-55.888452310047796
-11.8241386432328
-11.118106768644793
127.2159185103119
123.71538286022496
-216.10051439612835
-25.978768992553338
-93.68426063052539
-37.811519728225946
-22.373548483239837
-42.5634249028081
529.2381941467761
-74.92635445575436
58.08328032383179
-88.13847157624059
46.199743149143615
-152.1959728233469
-60.049323675808715
108.79112448808519
-59.09880191819486
128.78397135948217
326.0376751132735
524.436634038515
-53.681565919106106
-151.6595153824219
-40.56548906013563
-166.19837187755365
-114.95271284293631
102.40707426902736
-71.18565740192162
-59.51439586646479
-558.8702825846376
95.00195311768584
-41.541503304355956
-187.09963387831704
141.96102308451736
-208.42950947111422
-373.89254098590936
-106.26201859573666
-30.050174022509115
-54.20639498236402
-70.23766773335062
-4.950292047357607
-493.4862216414567
253.37227962864563
-185.8974884524032
53.48475597386516
-105.0674872863568
-110.83064193082646
-17.608141053365216
-62.30844168585877
-11.096857407421908
-59.394474655662634
7.224916553435873
-76.40851020619277
58.295226735245706
-66.7196841492455
-10.550016262964164
341.5118515288523
-332.44905057397773
265.50820717255556
13.983494684118796
177.38558220448067
-47.13867421613774
0.4711169207328112
-77.79795800962218
111.91890422723372
0.48675934336574755
318.7460100901517
-144.59275245326717
-80.78289094232673
-353.6926101885365
30.588654426752328
-0.4571405530041375
217.8613707128443
60.35329772604564
-52.35776826025178
-140.35782030276823
-83.67109150575048
-215.12261885375483
34.74626311965676
-9.074280188848945
-60.43260300946713
126.14513144683406
-5.251939914151018
160.8843972368859
15.855289170704054
-79.18485645006695
-86.74949957767603
-90.76190890699581
7.838847879635068
-157.24592185699294
518.3501884481848
-34.53081537237449
-85.63248897844824
-60.596168784844934
-32.547544737179734
-102.24723589531459
100.96543728815186
-7.987786347010115
133.55005652111277
-67.9045955047759
-127.92885576172375
-32.148954555617095
-82.0913944496915
167.58919870381942
-251.8052640089545
-80.2465246290377
-48.72417206361204
-90.763768745145
-55.00820893044845
66.94006709903624
28.402802479600723
-48.125185834334104
-98.34341192730346
-72.98605311841426
-41.55719200249243
-183.3205554418255
-91.041705664873
147.52630693365063
-60.01796794895216
9.007589668424771
-58.46788653473469
456.3241019414454
-40.566630673662075
56.89203947210626
-318.7533632753566
-147.99153805731476
-146.61899968557373
-150.61999097037005
45.97263254393147
277.95021730639746
-45.972914931606795
-29.17887244423244
240.4726911537382
104.24696116386167
36.02649807425223
-104.75766080772996
-81.16111881642865
46.07591116829644
35.41978838133218
-60.37203098250393
-78.67507467851829
-153.90361159330132
-107.92026077296032
-91.96267307865753
-188.7171146619412
1.599723790675223
-21.040360763586705
-20.319579748751494
-426.723765329627
-13.574793343746933
-69.72382966246795
-186.3325361628613
-34.44176037281814
78.59251429608275
-55.66702288617198
-30.451434157896074
-88.68363062517955
-76.79535087205932
-402.56655993558525
-80.81970700922284
60.10862317818919
-61.44977455284862
-96.84449486619985
-95.62074522486273
-94.3492237070135
26.822297740422528
-69.739118337185
-164.3815082168021
-16.87259626980733
158.909336450728
116.620204712548
-72.77449117218515
-182.4640114411941
-80.25312220174318
-74.86730267546409
38.42462967931442
-74.73936931600227
0.13522930477392947
-72.03227129688713
343.7370332379014
-42.31582545154453
-164.36377084656124
134.72155802307316
-167.8614018842968
-85.74407580665184
184.6939647978802
243.94801399735843
-27.12341044739112
6.681573739959276
84.49522571806892
-357.44674251114157
6.107348405292214
92.48998270200673
-209.37891963150196
-10.65841913538543
-22.890050021684146
-311.7806103010553
76.23849686616359
-180.48431413903108
-18.585747918655134
-144.01181799036476
-24.147413376096786
-211.22472468731394
0.047206207887938945
-30.838674823221268
12.884872408176108
-79.30801826968778
-198.7236618367897
-159.74908245550796
-82.59709171909526
-59.72380333129877
-69.51258915446746
51.45131259176742
7.6994617699438095
-218.67502010845055
-0.7147849557804875
-30.989808327842184
-276.8977195779571
5.766720763511842
348.7593647405356
-96.44225666386811
-50.21602418491962
-88.26849312472223
80.27917667421252
105.65902637142335
-101.89298858369875
-74.02275796727704
-30.174411710228533
-58.07408513924704
218.58862796421636
-25.799360957296813
-143.29376278398377
-66.47821193592866
-71.66265312671749
-561.8642298568266
101.04351397241953
-43.438855661981506
-3.945296407913702
112.1492910734978
-54.06119135509512
203.26107779001632
42.17343745531434
-24.95170931583516
15.931672989469629
-82.0588332188745
-194.7169178897202
12.475819149982271
-173.01033261149314
121.74980217885786
364.3584695313266
-9.36648487322691
-12.82003386370477
-120.3114724258121
-46.07417782549686
164.87616549788254
129.5287910064908
45.664157438523944
-99.24867414560721
-52.42767167202692
-27.828077501756525
71.66764340726968
11.788521573614823
45.539234620072875
119.74801357366414
-2.663993735509223
37.54311727676577
-27.35318505068608
-23.140962498154863
-59.67080313994802
-39.0795667304792
80.96345750450746
71.02775612252663
87.2912563290829
-287.17207816663085
16.219024458852118
-59.94140788321353
-374.6922862957108
-70.92597317413856
-63.53077207615269
-54.53943836722047
22.214886051575377
638.0566930152545
-35.959049283855634
-105.80497850251939
-28.029659613310287
-155.27463828702275
156.4851609427933
-27.50587066457865
382.46701109577043
-34.48225310682574
-46.298170950322
-94.1904567732017
743.4053287391034
37.35021028111305
-6.411773028773723
73.51023544605778
47.58409974689084
-101.81897034197937
41.9854172303958
114.88982625806875
-111.29390710105326
-235.01860967739412
-49.54230055068033
120.5512928403914
-72.10803665805906
-17.979245999906198
-66.87954350849213
2.868418591395084
0.8292566356571255
-44.16613748542159
-266.2122272526958
-221.93606832014484
285.13636103677527
-207.3966297802308
105.28913495054258
-119.61765157982873
38.478474333456234
-22.084873307199302
-122.26039181430933
-89.05203498243645
-41.623381191137014
172.09058689836093
-204.1440148736001
-86.08118526331405
-49.820406473481874
-165.36579712848834
-27.592823543607665
-20.00500272887723
90.8142225667234
-104.33244513373417
-44.85252179980125
210.37224151454393
348.4360147593361
-36.075715546742686
-87.80127909884241
-50.242982763795226
-77.07796444468646
-9.870167056558392
-217.0971259537837
-2.1441911818403696
82.41790186024446
400.58771191133883
150.8107727237857
-47.288250959829384
574.621033226369
-70.39566769910103
-20.749228165823297
15.740660770175054
-50.318808081181075
-43.92102965141712
201.16557082163308
-265.0531824270247
-94.91040621775937
-25.250069621079092
-98.48190538438212
287.0815433473781
-95.2365098713799
-87.5607397627843
454.6039137036678
67.90236831029142
288.69930613879114
-127.0510526520593
133.52286079059604
373.58235846440584
-20.574421634961936
-197.38737293114173
-149.62105476423676
1.8464327323354155
-471.1081167719294
-497.0975466068994
257.5914328781
-44.20073555794029
-64.45919487187332
-86.90964235606162
-36.59511623727982
-21.781512316611042
-87.87444855200056
-60.06105310369776
0.14751656847192862
-68.52509545120012
-89.04022783013058
280.04293580221656
60.06345918691568
0.6187091217943816
-248.15851842206757
-524.7018991707082
-80.54586089295363
-90.37008712919891
10.300944972137813
-80.50168144090073
-55.18599407708574
-294.4110363000582
-105.97786134243916
-121.58739413061542
245.99174057431628
-88.00955148983414
-52.994542389071285
56.082582910961264
-48.41835034751239
326.8577318036969
-80.59788514070337
122.14126326274891
-185.96339566161805
53.03108892649834
-182.5415539901769
106.88265781705695
-134.55692743555937
-219.07668360410116
-152.05903824964025
19.139046110429874
17.441347969404887
-58.813037055074346
-95.0812393330566
-246.58964962722348
62.679346188830095
-80.40198206647284
65.31041083675336
111.57033066398162
-79.00433811967741
-202.23017777302084
-28.060238066996057
4.242053932423914
59.53704771631419
-57.44649453558122
5.006888029053584
-17.815258794459282
-69.66810224885637
-59.57734413523849
119.56463578961484
-8.022741816376083
-14.54386614445582
-106.13349004960179
-0.5712830819512078
-37.60544331179907
-212.35600688708473
20.97376698910739
70.10110898856328
-19.510261803623507
94.0579324826515
199.12761625912208
16.977755996462918
76.45005421680162
-60.65377063734468
-68.88543955672392
-89.08305589477823
14.39638830585136
101.26520248506313
-40.086245489601396
-110.89387742675575
48.636194159704246
-162.5161705863411
-76.81690210606686
16.08254727890653
-40.315366499002025
-75.70557304122303
51.26481606476955
-51.099152113838954
25.359321477890717
44.91032333979501
-83.99923199085465
-94.06230793918367
151.49263780162983
-142.436895389028
86.70901750185112
18.783714380672336
-216.01557072556352
-75.04669166580732
325.6038811241888
12.930580029207988
16.530366995578788
52.48673613026767
-81.17704721076501
99.47339355123586
-73.5339581344692
313.8363856444048
-50.510666448399945
70.51828838362962
-33.981695573373756
-16.802791743164722
215.3148290955769
-58.35807597036546
-88.17818741879455
47.17034121668621
-62.96411457499547
-88.28160730844775
-17.28134504235095
-63.73097559427788
-84.37044958372826
-87.53341180741013
187.95234867458385
-80.99632488042636
57.786750292696524
-7.251497303837823
-99.27871785013068
-121.27216206173364
109.39269960343154
-54.04988441127867
56.558225777351254
-35.415498262276515
46.82107463163493
66.3280947027597
-73.25607113630736
416.99324195814006
232.58005991072605
-64.70567177006986
-68.44678255142301
-63.8745554716984
-78.70265760369237
-36.267045894328476
42.15468541982773
-25.32765670034661
-57.26103801927695
25.969690921868732
-63.09092012613513
-186.3528102614364
-29.611209718239337
-161.51599061529487
-130.91112852968064
-234.39436020680114
408.9734033610448
-134.24245588079975
162.31466286590512
-27.559916324746155
20.932159446838796
-184.98750426447077
65.89881277945824
7.101827067634275
434.77843341877815
29.50914889471369
-170.41501612363572
158.04365225527272
-45.3373962244068
-16.531500228347795
140.13242929877197
-0.34249908455612177
-11.34468482120883
402.7671878998226
-71.64745530520474
-179.523669991725
33.72275963720426
-190.7446365752221
-106.49582454882147
-39.10453704989784
65.73964889596209
-36.33360767899684
-53.05957432578671
85.62372764774409
-62.12430315866235
-69.172372062797
0.3229333397521259
142.4739796863596
-4.222383256957903
-47.07800975748334
-42.20326896071856
0.9544428206708062
-34.015506615828
-278.2382413098094
-53.67563920612619
-43.87588526528907
-80.0167550647209
96.27232309346073
-50.154959889876665
-91.9313878332598
-32.064108498616775
-23.118793979990247
-21.35637526218861
-34.45415291705535
-57.44925017570131
-87.99516758895606
-87.37449716224128
57.265219452288875
57.34272253322342
-67.2971020679505
274.93496956109993
-59.03627617435168
-95.40311651672792
-294.81543319389857
-115.9032377008516
-259.9819723161909
62.17198994712635
-300.74140968140455
-110.16868226252518
-101.02361160096734
-42.44513387972097
-88.62580790863487
-33.92650219506322
-23.101033835274453
29.87909674578877
-274.59122564975405
201.69981574761732
-77.94339614453878
-30.502169382429656
65.62172194622042
-51.07066494540255
42.2347656141319
192.2281946223302
-48.05816901358856
-5.6832530136334185
-57.57330816087481
27.90475257726939
-32.052165880539576
-3.4662096147767443
-20.094444655062432
123.96743234264977
-68.47090773510503
-63.65249291974172
-147.29322235436848
329.3564902274884
-47.20235912696808
-15.247285818255687
-40.59302982055382
356.70252948148845
-287.4673388038609
-167.97915784267752
-65.87599213130125
250.02876497574653
-129.64388856278129
41.279768136535495
-70.73411843009126
180.96467638494505
394.1918222050663
-606.7250642242416
163.40050090193654
-157.04779883293486
-17.013517978408316
-73.38952979142778
29.85298096774204
23.63583054283572
-45.9054033369448
-29.31074548945253
-82.44096087704487
-122.13697046444759
-59.12412352044543
349.60056046824866
4.107928882928718
-583.6122818293898
-30.712568340956295
-65.58682476838672
-387.52442482342667
-78.36839197341259
31.615281630833124
-55.13532367561404
-7.810200644107681
46.54340684357021
-11.89863860828973
-42.073739824954814
-49.06643631454426
-80.60692257049804
-20.461970566702558
15.151354693742178
-130.1978789277864
170.43929813101022
-88.55011993075634
-364.50320764867683
-14.761001670445866
-78.49528183519115
281.5302911197118
-61.005176838530716
-87.06412266129428
-13.011494172877065
14.469734455942671
-51.0252359547584
-121.30992792763998
-24.660514782104656
-51.14725722685125
-84.50491591773789
90.18618352889644
-51.844532575728174
3.0085491126528154
-74.99449802422966
-138.74477010576265
-95.52986026968976
-32.58191555763551
100.80005394717773
-96.87928337629803
54.025466617382335
-18.800480085505114
57.9724746871284
-33.759180576765154
-97.16084472580197
100.10901196489772
-112.42346452699985
-25.36491987161753
54.58235366214694
-76.44428231193021
304.06786964852836
-59.71325116940625
-100.05762093659247
-50.38755552890325
-383.18589354231335
-94.8130225173273
-60.39146638614329
-90.07825457197454
-20.721768073623082
144.56573139717875
-27.5690846793359
-67.33298585549201
-415.30706269107213
-70.98567091508266
-48.15345872675766
234.56236227453155
-70.08599908428732
-58.877826303999456
33.877323795748
16.917318019477534
-54.28661149187244
-35.88452532812698
255.44943282716667
-79.33048677005591
62.50679830607078
189.11363193445868
49.838023079785444
-24.571175516178755
-92.3103861416304
-99.16252934497818
-9.621071682935053
59.416502631415824
-59.00137655762597
-96.91234443960275
-274.1018390008776
-107.87390730934203
84.92003298337113
38.63822444111247
-52.296121867102734
-61.69527563800039
-196.22632815760426
-24.22008882660139
112.62922990920924
101.61387036423912
-68.15213196344394
-302.7140649793964
-25.911197513110892
40.39841585531667
-9.677849461791993
-40.79194176477904
-410.12096360905707
53.38706377005201
60.27967052548047
243.21347938764484
110.91913984220173
-262.6924495144867
-97.14809928325946
-86.59083965049831
256.3765097816995
-474.85968496137866
-127.49364529142258
-31.29601547134289
-496.87857961450754
-80.63045105240599
-39.08920693236093
113.32715001110228
376.46334299577575
-75.76691070466914
-60.3293265713799
60.78166430944566
-253.3649346966031
-85.05321333320747
-40.25217432569116
-65.4156098020274
-139.0984026244023
-86.18060510274682
-122.43308821157916
35.36405082721831
-48.32090138189302
-58.40450450737061
-68.66824830600429
71.23627909272363
-13.385860581894095
-185.11472257372498
-56.39549546443948
-83.55401446134728
-77.20111922746518
187.3784970216393
35.31601139615441
111.03535336855384
411.3692288867187
-47.74929813800039
-5.350770528790646
-40.03989049420488
7.504549080031211
-69.56083333626384
137.5350502014153
19.57964967481348
-31.547016125157704
138.98491612678845
-66.3482234752381
-416.70441496542844
-58.438948451541364
-77.02138459394274
-37.351312944887596
-11.21936728029737
261.30200538071585
-4.486178837803072
16.159675022856902
-6.5212397226879375
-53.461007730038546
-36.65469861623658
-23.835371216297062
4.906037775133724
38.38793846932458
-46.92228192947641
190.98942546430408
-155.92904720558727
-32.695749767141024
-182.160392437283
-8.98125225121521
420.27085992500724
-32.883049628162595
-41.26142171740503
-87.21685389890277
-34.95109895101086
-387.903940406095
-180.29340358035188
-146.66799979585267
86.04391496313838
-369.9013486149197
125.11271556168367
196.2959905065045
-45.89144734963801
316.5353693989382
-7.59016010052801
53.36296367060095
-365.9226728489357
-5.828604211040289
-173.89942324354797
-482.840942038898
-46.935237906617445
-369.6400861852908
91.22715674945539
-40.01016867990016
7.188468198508417
-411.9187935644841
-53.54990097024529
-63.256924590011714
-67.1273649564662
11.722149560125217
-91.72159447086828
-55.83576295168998
-159.42342795486366
-305.8280222357844
-56.930887890742014
-50.17572014839537
8.48592158080806
-18.482770262964436
-15.136800308438183
111.93057095649783
-60.50199237874842
-51.22677256523957
-103.69762332461396
-325.91472659410465
-55.366357672136004
-53.15373769101774
-244.8370884483411
119.63894398346747
-43.03004312991715
-80.7679998610415
-10.7897882809375
-57.62290250441498
-101.00792929615454
8.850243101733895
280.5565563600867
-170.76152406773417
-78.35147826166548
-21.863384002657803
60.999245735035856
185.36789571814552
-101.18111785638212
-64.50668352015934
-176.3278769228873
-71.65518593098918
338.1643161573047
-24.464131759825705
158.0446958945081
-30.382546504339793
-23.541909904557542
-280.5262769662859
65.60418403339554
100.66055480947853
-227.16446236927186
59.21576361679581
-53.666653247335475
-22.961029119290835
-340.38624957194224
50.37196884933837
150.0012764770545
-1.2492067230260488
76.46165997465323
9.836645808231879
-20.454706398100825
-225.1738084649187
18.72707141157389
336.5860082195941
356.7013125768535
103.89602928285785
-58.166565229892726
-77.80561949174924
-240.0850163107134
-82.70966755732212
-90.96906455268054
97.50788675111926
-558.8803809332403
-85.37617953681001
-55.914926962319505
-0.693273631080956
-83.7334281005063
-82.3372988322711
-109.96342194473073
475.6056566041243
-21.740198083107998
-91.27751330921664
393.4201102066254
-51.88047009193906
15.855657413649169
251.91273337323037
-42.209831803943246
-162.36962860418862
387.9454823531596
-102.99166189430252
14.900133093065051
76.85226490976493
43.000510540686264
-356.3844194412559
-129.54316182922867
-86.7934696159855
-55.14216684654457
-256.27444038358317
-77.77573531792632
53.15011409522049
20.89362783857905
-127.41150885359639
-246.8246354218336
326.7596443791117
-51.86224425754517
95.60793337652103
176.3825991392987
-78.77325375107696
-545.962283657147
-56.033593246083825
-20.20701296811453
27.31067951514342
-249.69929878384755
-74.35818445580293
68.11499543993978
52.69336274180387
40.96119034889125
-93.15563527319274
131.89813119468818
58.99888471721533
309.45209591361436
193.99785346460158
-118.6094924768513
-83.3978761494803
-15.669425735514324
93.65946991805686
453.65251999864904
71.8626958105342
-30.458621457562913
-18.980327084701912
475.22135501685807
67.95330538692906
-1.9710633678687373
1.1472922662035205
-103.37223430551094
-43.557793212743036
-52.4009714186808
-18.51791788218452
28.68920535215875
-76.29110913834847
297.7449770201274
-84.05503460333762
358.22010616995976
-25.403855672574537
320.8757280071168
-22.807076513932202
-82.39522702803697
41.49826025606308
-48.950964350006075
-26.910258449905207
-454.1540219837734
8.181363024367784
152.41379537061948
-9.44207099881449
-131.74831817384256
176.27123620162638
26.263913028997194
-51.505583235417134
-75.36750470397783
-91.16345863103743
84.94838577681958
88.74619383204936
42.886379866145035
-24.302704309313725
-117.03836030488492
118.69677522334678
-33.18665610264268
7.072198565338567
-46.83098111295842
-46.82267648500874
-67.54787916714474
-88.67302971586287
-31.643905693528158
-366.3631591689318
-65.2575463997756
-49.09261647560925
-32.59349239416957
480.91929593225905
38.189713520681835
580.847051900917
-65.1992173946655
125.64585995827565
-48.86517021303537
5.4145416898938565
18.29707468590823
16.370860144668473
-33.45883279073132
62.940405894741616
10.579707340273899
2.1425741315906635
15.36222037279856
-35.3180652063852
54.33903586344604
-49.841677492360816
4.496360427101133
-119.26815593809178
-53.91963116727197
-163.63688580758753
135.42497931300204
-101.99311631081328
-108.77523621195026
-105.54754819226218
-452.8277332666221
-104.98971800087293
-107.82473235008001
-24.03760560145747
-41.016406912991215
-92.08707671233879
2.3425606065502507
-75.64291814142858
-80.57956223297697
91.11686691792056
-98.42298229315945
6.941732228987348
-168.76897074375847
289.55580781559365
0.8729974551843043
-67.27744694811602
395.51827107870304
-111.97129160878103
-52.829352531874974
-1.640404522775043
-68.25522885580135
-32.9546310845235
-36.325264396982675
-6.109589852342651
-6.148258429462203
93.57817780919868
-56.23643495780389
-612.2464241837461
-104.00684015570005
91.08530007002264
-60.12809569714318
-50.77481067618994
-417.5231658193625
126.8341322606575
-33.419254526578136
439.561322339674
276.8850732677947
184.1016420513406
-87.16469571042217
-92.50786445982766
6.6878013668713985
-51.06417153043549
-316.84418943743003
472.1562376884385
-20.42709000778723
-22.453021291277764
-17.34480779979755
278.1508947419388
-81.13807345366786
683.2559058085894
118.06208600553146
-210.07930128738462
-70.71410326048681
-20.45438235351203
-39.5172903431703
106.1150277014276
-96.49957519785175
-87.60031047117745
-121.84079286987841
-99.6433782121249
-162.41572491603984
59.223073951272454
-313.49419049662174
-50.3889967132893
232.1252260122501
-60.93177947058209
-52.19267340758745
388.804936120403
210.02616851231505
-433.30569242467755
-267.3565721586656
-87.18815508957232
-116.92255311235749
-37.794829314691455
31.89584819465199
-175.4238519261562
1.6142711549091473
-184.05813219624451
-117.79847101890762
-74.53890933475734
-188.52021181543387
-13.673072877505547
-83.88473664975572
-107.56612668019831
-44.94342629762069
-5.052254441447076
-57.63375727268317
278.0243283726759
14.11409665339852
-67.14290588885706
-37.071448249766036
-10.806896114635947
-126.25169425127024
-304.5793302325801
-99.91769878599692
-1.2738219475781989
104.37499426146178
-335.3242687651664
463.78010704501685
-449.57631374913217
-47.69958429025428
-189.95487544949356
-89.7625079679051
-67.16584631567912
158.48984917742928
260.64455722127605
-398.89649105554054
-61.90351776260468
263.74125912074305
-52.71844669785502
-222.38867600698904
-42.891167099189715
28.352255275529387
-32.90047641814073
-44.8287700045799
-348.1299909143072
-114.77865251584444
-81.39255964861617
-22.745806753608154
-353.20832748193607
26.560725514162186
-17.357692194693612
204.14284336076707
-202.89185825945424
13.84098025711046
-122.87146623776789
-78.7915682486746
-74.30803317687707
-205.81909289631403
-338.2679420744407
28.49085243203844
-379.1566981530377
-23.47354921464691
-28.115883850907128
130.40930464470284
-77.46030118619183
-70.40712098056702
-11.246215381681054
-178.32496132651067
-19.00446227592147
-12.17121172082443
-27.290660775182012
-97.13977355211458
-43.4639549211729
-15.159571048171301
-69.26474006832053
216.08785318344053
217.32649885591854
-104.68508198556185
-274.0685180392811
324.59379846572847
296.3887280565832
-98.22963102354151
-25.189472222214135
-334.45272786216265
-74.89527954567583
-289.15351386256043
-79.2872422465789
-8.55445942218093
87.43921226141265
-121.54489619479136
-30.13795542828358
97.5434110236838
179.52422148760343
-157.47851052648184
-94.522147013
434.36381746579536
157.99089614772856
-75.08383310530824
-472.6105942626473
-89.35879982217477
-38.012168079965676
-16.341949622754115
-65.70445839242072
26.398929146451337
-409.34782397313575
47.26203462800004
128.08040191912914
-53.99132129813927
97.63699976409953
-66.85361400270101
10.698160899297932
160.96630333192297
50.24799925543903
-68.62365415923247
-44.15153514504999
-60.93273339035057
-167.29672654000206
-124.75314804045107
-356.42268157958324
195.88229447922095
-114.59197625205161
361.82610885248687
42.94049901785911
-64.92317670259403
-49.79332863625005
-41.59022636252137
-85.77373376330252
58.81829178016778
-84.20966407214543
307.87612587732656
-42.58621843915923
52.4792359228868
21.07966719525575
-259.4312397576996
-392.69317253852205
-184.80691892661343
-59.034224478184115
-143.45113889696017
-95.88335103773137
-27.72119075184367
-48.36549310890723
-183.52462475569519
-13.067641413342244
14.378710448339916
-97.46446960587946
-10.214292901686937
118.76867559011043
27.196757718493245
-79.45097456985968
-102.75160794759545
-86.54808291368806
-112.41125113746966
-161.03813710195755
75.57478244509912
-160.59081199253887
3.546842721532812
-62.73166018753086
-32.95273869200173
7.455225540877109
-102.38343228416124
-107.2517144243593
-56.73924675566923
-115.6943534989129
-82.50312956938666
351.12332785601393
-136.95170677613532
0.7399077346171907
-46.671001266079884
56.933623517623346
61.75311563736432
-19.21757608543544
19.728237941996667
-22.09480893717773
-39.21391040108962
-412.0335272278535
-59.32809665704796
336.3857066165074
-41.077285431951104
-45.4211990955406
-99.17533305299531
101.96041079823863
-320.7696308825307
-81.01573174213445
1.0305021172844135
139.9250962068527
320.973405774861
-141.3363833995736
60.36045612478847
-93.11863624780744
-23.41076998533981
-113.54192334763684
-169.79958801891553
-10.437776369892163
-15.50786827792399
-173.92391108241463
-26.42736572001195
-293.8455154977037
-46.05589628093537
52.661160478935926
-146.12489866609394
-57.575111902577305
-8.735532262444366
-213.80610137328767
158.43724940429274
-13.770712531099111
-68.19509976575421
127.87739303893795
-76.98765304321627
-18.84439369117041
-56.80226215798166
-76.0146766043099
76.4171936248822
-443.22000919919446
121.40841771878877
-136.66466834724815
-87.54145152457009
-448.7294972958498
-22.976796610794736
-21.402857827636467
21.05646880641683
64.21707933226207
-256.0662537662038
-102.32172077791802
657.6075853853345
-158.67047939745134
-159.1886438476704
-149.28662621152034
-82.19973920735737
-95.03606303633559
39.96062844250446
-42.490693563271634
-55.04438528525407
-59.366826159300146
-19.444796768337287
184.9005891478273
-51.56291234911492
51.781545095967886
-78.10688499871412
-84.73075123600574
24.742076656590832
-81.50021328394041
-46.460173435637444
-17.695464916667788
-240.18502408029235
-45.1596930662839
108.05160052352403
-133.64097126680463
-70.61906862418769
-53.232778191258994
354.46686969824805
-190.25509187682746
-50.388377681531665
-135.09927051519298
4.24660033219493
-34.503374332757176
99.67097374952755
-97.75565495868295
277.6307522949119
-99.51017091936956
77.3847719404248
-133.80834536986913
-33.27551709817362
-28.892231160407817
-67.99754299883443
-73.91779729321861
455.49028729998645
-226.47094750394626
74.46357591778042
-208.0433423542172
-11.208002528226643
491.36323124034607
-36.874598978004386
-319.53490578146193
-165.14882158440014
-2.834485979046349
82.120299250485
58.296270449791336
54.34098198361971
-66.3556956150951
-478.5841170468757
100.96602907002944
4.217534089217224
47.0467532337243
-213.54113523869637
-47.75675663286018
94.75053573259083
112.28482612316475
-462.17954257994097
-46.20596269735688
-249.6342782642805
-28.654242493313916
-82.21560338914774
-19.97295187289863
78.67233217794274
417.11986308039377
119.81406847928247
-169.57219660544433
21.530572430378015
381.73599559755166
-92.89501432458201
-414.7267228993769
-127.6437783923393
-67.05263834239094
-63.574101073823066
413.45596355619637
11.898801076120435
-79.45545645996071
99.41899884128179
-64.97469987577665
-43.89078342228561
108.39987418419787
-84.84345204999318
-6.384174893848622
-48.93142308961905
-49.9354845712005
-98.84629806941057
190.85864724551584
-350.06765270489177
158.57788199766037
-668.9843810858783
-92.87130116301894
-15.704989589892648
-100.59249990211174
-537.3737125832104
26.44675199284211
-278.4730928234658
152.5549233263573
-178.05286012677516
-101.56680965070518
-196.5095870533096
46.56682835137326
64.54710288023352
2.7135228591814666
-187.30136275981204
-87.66124112457669
-54.08884220074198
-26.375531522465394
131.8662207039797
-70.41571318547749
-57.39514717314887
66.20314395371133
-45.24682144852068
29.788564088341445
2.790586549514501
192.72650108333437
43.25193579293227
39.23653746442869
-109.13726378894694
-94.48878129235713
132.39195381543777
233.7645228586498
-88.71543558835765
-18.393724662222667
-38.51015652714341
335.3139737431047
-165.63611844615207
-376.1784037210564
493.0025196209608
-223.87202452340716
-53.69528211595389
105.33358611520634
-120.98862965230683
119.88739258860869
197.77168745776544
-85.80626806390683
-78.16997577510483
-100.97890857178027
-1.9447569726899019
48.193042509522456
-46.256907555868565
158.53015388528547
-121.89172328487075
101.60180091188522
-97.20695421968244
-20.578242764306196
-88.60668982442166
84.38429082571383
-72.21513142470297
-135.1926710327134
23.92897466606837
34.94534485763961
177.61139889769584
-18.85456909037241
-95.14487076263134
56.21215228253459
-94.77312173932862
-52.03829227483283
3.6451480929213176
397.09081729373065
-81.28408352622995
-42.67437699671018
-467.6459529573058
-40.185377460982636
419.3097416144137
-33.731783037796276
-5.324692131503298
-69.57533552583945
-145.51892491444596
-52.509591220410584
112.83825206107758
232.444129216281
388.13768721678935
-53.496254857021825
50.578593462545996
-36.86694069892434
145.81755361402247
132.10562425420312
-260.21031816452887
149.1999090196532
-96.90643179867944
317.1801984766098
-421.9526468082722
-71.30171738323577
-93.7475410850584
-76.57510142451429
63.586587969555694
245.25990691413608
-35.47122762448453
-63.531752953677824
-72.00168294562678
14.316269065488996
-267.21469171119315
-70.67304920497372
-230.7851986465903
152.19504546329154
-73.30389827124814
36.66324744744952
-372.1718475082034
-30.865143361846805
-386.80409401204815
-39.88387377965444
-27.02425739400016
172.0140668888762
-65.11336867255802
-47.27494702858911
58.818796914323684
-362.2621398739975
50.2263152098576
2.9043245665156974
-73.59171731456291
6.543044599409313
131.1571114068447
95.50535235432653
-20.18788446851812
286.33283318848225
-46.01865805402167
35.848050199697354
-317.84500133043
-74.63631989121865
-143.84666574728726
-22.695611725088895
-397.3096297989996
-82.0241912490892
-67.09426089746557
-69.53105524944739
66.74296369792683
-269.9515486459568
329.1120601591065
-77.34526026895783
-66.57930043034321
-25.309877023834815
-92.82834498925149
312.0344344302812
-61.93599645137292
-251.3369189112491
-33.434745044051624
-88.24604064160863
-173.19937520289477
-140.80034531519868
417.5059794843819
-44.84701226544166
-17.065809531664755
-19.692248214795313
-138.88794554653396
64.14660425847433
18.178763889164657
-201.02530351964742
-55.04638817051057
1.0710705511737615
-18.296180761323285
-34.839909630339434
13.598409008745932
-484.6726087820298
-250.85577878728145
42.58850093271758
77.91257095251603
103.35184432538699
-81.54888914922324
325.4623675527437
360.91359930763065
24.807334119630468
16.280822264372546
-60.43813753767269
-33.83864905176779
370.5974961869215
-20.162899329721995
-67.96462527121172
-48.676051677103345
12.544784606132453
-8.361139290499978
83.17796978713886
-81.18315329027867
-54.41293305357311
-115.2517028815655
-15.25409950098156
-274.4188057515694
-83.81671094130763
-90.68725107833538
48.86643488588743
54.2381587308937
-94.23538352762239
11.594663641409966
-27.949856931092878
-168.7229843074506
-55.69590724864793
-30.534955348966378
32.78375514290747
18.079155040035403
-52.48400976121869
-81.10968385718657
-104.28319026457694
-75.7349526256603
-64.59931018232889
329.40526198922544
22.974859898098657
-339.35319970000273
-91.0277801051589
-53.464960657836855
-27.279096869274326
-68.20089922477425
-54.089857407618986
9.481210129423971
-31.051841875549304
-54.54612618657757
-53.57323565647579
-109.77738101056293
-94.52429796126671
-161.9421902435788
-536.8181191695858
-119.20060728731733
-82.53985652283441
-12.796970344467127
-56.12154454526626
-36.81563078448312
210.3094909604515
9.896300531579413
-62.32359506497406
136.3352855254634
-371.09755229536313
-144.66222675597965
-70.58460620266321
-85.12909405097707
-85.57682313130658
-48.30511359893427
-40.76812988389
-54.26052799665558
40.268628174522746
130.98936782697365
-48.75844164889713
53.7579405874576
-77.36022319012116
-258.14434855293257
-41.697640732718696
84.18910594985755
-359.6105457697704
175.79401003005023
7.673128225216715
-65.72751153001809
365.9352335769345
-90.27461353934606
-89.5048970958868
-71.62844914719426
-78.91062314757718
-83.92636347848276
-91.10512958961601
82.99815681380824
156.14977899270343
71.8567909069368
-30.029355363316398
-13.967440299325972
14.316232940361033
14.666242694479479
17.241403391937638
-281.53338796506523
-95.89596373369298
-105.42618826683429
-77.24393084476264
-32.33279391383894
-22.10805438128554
-275.2428331915962
227.9182544262767
28.252071937945857
0.9949158054048439
-127.81268788478718
-45.62703620640636
-75.80765099522296
-132.78058762652108
117.21770806268978
-60.35132989672093
180.31614306343863
-85.6926869990034
-54.371166962289074
-49.1643445460968
-185.79358242290527
-75.59231331746204
339.56615753622464
-38.905194647001856
364.73978343627095
16.571261778561166
-51.043497419084716
-84.24475559044268
-9.6201484099347
-413.50933420479487
63.38229053518262
-49.910614142493614
-222.63636742621566
402.563639993401
-47.71585842253017
198.49305896563237
-69.06003553369555
-73.84909288423069
-127.1185958658807
99.24614813616063
-68.68050109589149
50.18543098939881
286.87688693473046
-16.76650511545995
-19.188313941456116
416.20205164881736
13.901806304753336
-76.45483994389991
-42.2397170995074
103.66274527290807
-54.63482294300033
-9.193272783367775
-12.256975236243306
-36.69769645559063
-31.839958455345823
15.854130547757904
-92.90408824215959
23.898313450856676
60.86254371896939
-35.7442478267767
-234.53458024667816
-381.90247933551836
-175.36164073337932
-32.17453544422244
-116.43960884074659
134.41169604196148
215.5054295658192
44.78382176951163
10.239192797280195
-19.533434665643426
282.86272391348484
-21.55042102697007
43.62148334739322
-100.45633931502223
21.556637697584847
69.83264673998019
-137.11739532570755
-504.81818563427987
401.76141466987974
-76.63034732891055
42.53954475464252
195.03197956253007
74.48226300406895
77.0021477609298
-11.266138776700245
-94.43075997118586
7.114887270297643
-39.87150707096225
15.136811843265605
-185.74890531186975
44.114235363571424
-73.67816450873397
87.49556704389852
164.4750531167665
28.035489191504894
26.398340519945464
-11.575462858895593
-60.16203752454184
-77.84114179861899
-48.117128368660424
-11.114420263804277
27.36240506000854
-51.943960286030375
-59.42129053123075
-72.55341669637671
-47.41399102549167
39.648029737561025
-50.18161074240578
-113.22829711324752
-64.69659481007699
-20.390560291194447
-105.34325384743806
-41.675001940134855
112.16409169680082
32.94331327608597
130.66479353616842
-40.704389664982955
-1.2627439751540805
203.61745727890275
-292.4400450909625
-25.048220662873973
-34.78546813856428
357.2717292135585
-234.5124783136016
-56.324900720807854
111.10533455190034
-325.4755923676257
58.1239938357221
-4.72156598993854
-59.34231128294573
-72.12322442148934
-19.406208208654547
102.31894369675683
-393.08897987175806
-40.453362126145976
-65.79523090208917
-81.9486274991782
-30.828017772793828
-22.79251014969083
-83.86045135335735
75.37560997444234
68.33231369846726
-94.40450427769565
180.03684245101613
12.376498359742072
-84.47531302398922
52.350345301032576
-189.47750778159207
-2.6194627134723496
-208.76643344751938
-114.6062703072973
-70.47601503843725
107.00336961649373
121.86505758814201
-51.166334267794596
-134.49362670672963
-414.0148252257259
-28.940033590956375
-457.25296664919824
114.87323139907312
31.901576299249882
-38.44387851902013
-84.34099119063703
-81.41096060823524
13.245415232657251
-163.4452326214232
-28.158275323010002
-37.10951029391887
-65.29101551442578
71.85598137278976
-43.668594275533906
-185.51373181853887
-169.4644466267655
-92.19681529431442
-177.45436823329328
0.6523321455081259
-55.11622168076428
-311.67396276067484
492.90236747204654
-64.07970422307228
-49.87628509146829
-100.10122197610508
-37.2848303962237
-213.98502538417233
-225.10708491424157
-75.90529246833921
-91.28283684472902
22.53921764549932
77.26135567135861
53.177195356665834
-9.445309198960445
-141.49594773910667
-10.994380424217528
-15.876500961397237
-75.16046967128337
-401.6566844135177
-43.70554332797383
332.7460065078012
-156.9042884379778
-222.17095607257033
107.54886279952552
36.88500453139932
-36.91780673609355
100.1250228505487
-81.239076914713
369.89820426801634
-90.73664472921837
-107.34599264184848
127.8511639503431
-73.01590619713305
-99.50132781013363
15.145605236195479
-44.58228846321525
-104.41818349818277
-9.212222791959618
-32.421344630076305
-21.335251635327495
160.08782790845726
37.05770005753766
340.4824567599662
41.61287352471754
-297.28384585733875
-15.530840368993724
-222.38973243877535
-32.77335206811281
-87.61212721560696
-48.67921807253697
505.34558319642747
5.3054655110853135
273.49277830504343
-226.68228784762687
-78.97879154680851
161.0906589643073
-7.802487041061812
5.425838963451416
42.26342354957842
397.5475042397611
-57.105883187789274
-281.894080367887
-27.637994375878634
47.11224388804385
162.8554849563916
76.20291298151824
227.30261552521551
44.01048388876961
148.35155597546873
-50.17423573343061
-44.20753499222519
-49.13036100853239
310.67399916810245
-18.881384748357505
-71.40145583372143
-52.95102887088848
169.19650089022525
25.44981215734103
33.318225894503485
97.53640748345788
-136.7384010075457
-60.81088259075469
58.1631939106619
-78.63769931364443
310.3705092265982
-182.10197452339708
-54.01054439160484
-61.77307654222659
-125.93069055991855
-120.82084572464555
-64.21154928006919
-100.20209668443385
7.308242982504908
-41.2395227274983
-39.33803979882069
-43.12383094032746
-3.0412019074297114
502.1650754065631
129.0222270654167
-31.56709329716824
-70.55372503605156
-84.23647420632962
80.45958670018808
96.69353700884858
-36.4577553782414
75.91138722806636
-37.92981091061096
-558.959146964753
-164.72846688107893
1.5153427017667291
-2.710566252028002
-29.166953588237448
21.401112106462733
56.507080687695634
-390.2605333016418
389.9482187569811
-7.443696555753149
-85.85520476367454
115.16527487229723
-480.63841571501143
24.14151428051082
-69.91533963296388
-334.8554023750776
498.1895487565598
-94.2216122471371
47.06403221575238
-29.41155179694033
-66.84307419236399
-31.769677411910294
-63.6517631177918
90.49192740417493
480.86659374907777
-548.9887002328633
-215.32655771772897
-204.11785101267924
-65.32101334006529
472.480413329833
144.96443339172038
-120.0207962335603
15.00395824787514
71.53747336272318
-86.64621673978768
-76.2779704552647
350.4347863664116
9.599401078130583
34.925055092347975
102.92988179100712
-85.06661515110136
-41.807599739611305
-15.489711077587003
-57.36957669713729
104.56048575520254
-46.75575324511328
-27.639060908258216
-93.39210676637549
-107.69629819465445
34.05661711307221
-25.33356011688646
174.31718256701242
239.80551092754104
-124.23267982279503
-0.773288822487143
263.8546786239913
-237.00589130491517
-106.69860144983613
-84.82753161553572
84.49614076305807
-472.9435225782163
328.64360691348884
127.15040385876819
-36.51417753109854
-67.34555979497964
97.21754067923894
121.42762006407065
-60.480205608504214
-85.09220913464122
-23.34161093005787
-55.18894399923174
-52.49376968326942
-32.574384216018416
-429.74971825015473
-232.01344318940755
19.366953278564324
79.79495906870943
-71.98978509597434
85.818431687474
-39.23202319442498
-75.23302757439195
-86.83596428145756
54.34438353581572
29.27650469584978
-46.66493582620751
76.65056013201502
53.22707060818357
-75.50172657536669
-379.75540597205145
29.861674345116626
73.24963994680547
-114.96773465054139
498.8381128048295
68.24306694940242
-188.31048983626806
-58.14737755617534
41.80614280670284
-76.3401081375946
3.0428404527909834
-30.934331934615557
-73.69797965082302
-196.84357192730386
190.75624963133123
-74.73086276154322
66.08654329286037
-322.2301197177494
6.215240995968543
-100.8702021222764
-279.33106440690517
292.6341561280333
24.86248454806264
-41.77471529315753
-31.653744367693456
-71.48888261989028
-256.9033634031166
96.50208576538535
-126.14357676282634
-50.84754393812791
-73.93552530567649
-113.8565106612748
-60.634694749798655
37.78624134725396
-41.96030361555995
362.4857821997339
-64.71989075319289
-81.28667051916818
-357.17994961059594
15.926201468580876
-114.30991826586342
146.5786028512266
13.012936651558448
-38.35612101896447
-50.87606339314971
222.11840922156807
-46.5273718099008
9.38923931757256
36.132022005715044
-12.744967499185492
-285.8370861546209
-87.45046599087384
-174.21765125889397
-46.67086283052903
-1.9994270873794449
67.17271537980196
49.8214953034676
13.639435752284953
91.03616907444302
-90.89381293675076
88.75793538086691
-112.98106186706305
-0.3081435416734166
-252.96198445639493
-3.0278723222911594
-161.46203520568906
-70.0638071202975
96.05990138884408
152.5041631862896
76.1360709103792
-68.40128395305783
4.259901443785566
-47.41042321862642
-0.19195515642647365
121.03664940688759
-57.07007539807012
-88.62943250984972
-207.61277564171542
-205.91667517384485
-76.60176745013632
-49.43093344622639
-4.139401414062377
-51.254658542635255
-33.93459825987884
246.98896764488927
-66.57576907348718
242.00116900876856
-57.56697439573095
-359.1156561130647
-120.27501826390291
36.600233512581326
-435.25103042105184
-10.163481912940256
41.534206935240945
-105.71261120996581
-114.29093642303269
-78.65218616840652
-39.30418811901109
-308.3334779846591
12.907206013037921
-5.946049160303119
-66.21149512545344
-29.0592980200206
-139.37771118298406
18.945532166222847
-185.37859429226773
-114.70041969772974
-154.55381478601066
-101.5885651053555
105.66561524330973
-54.93925813569342
-383.0094815772045
-60.91013917701611
-115.59592718466229
-7.869532758258503
-21.251005577109346
54.51233850821268
-80.17332940385923
373.4804677995562
137.8908702091585
-47.03064889847201
64.76865933218005
292.3741993437925
-36.099342409477686
-45.823435568459
11.186074718485626
-114.27207590163562
151.21364289393023
-115.06531145071312
78.12255500095307
-255.95151267515394
150.66352228615688
177.4093646829915
-391.01754441103185
23.69628207961233
-10.71877881425582
233.86253263674917
-103.1674310438575
-30.072980448138424
-48.450884009554166
502.8237663694472
28.346603235623512
-130.04122060481677
1.4500952009113917
-70.64280488644782
-13.835453252875027
81.45353248073025
-12.92313136301891
-85.80019288842414
-44.74029596757737
-53.64491046437878
-65.60625390562245
-36.051796563736616
-252.95711956142077
77.59730967219548
-1.8272261993272423
36.523927291618065
-31.261730771600813
-83.91134685794205
-18.2342464950907
43.790811010410835
-48.83163423746373
-29.04253618301613
193.3470210056821
-46.05331163019764
-102.8028294719661
-48.55112534008369
410.36846638509087
9.012855937214226
-1.7578575273691968
-69.60303405331888
7.5719194234914085
-17.976903747432516
54.625641051203274
-84.67292328450031
196.84954259002734
-19.133875323690518
-87.34246444895871
-94.78318874070051
255.07199962607046
55.21369823887608
-59.66746026805811
-72.71885528607588
-58.79627780883098
-412.0292777471768
-196.73057537606837
-441.43648935109377
91.3030008893486
-43.158535468298396
-45.404196759784554
-144.9927118499254
-69.45735544633992
-74.5612620584816
-82.5809502697943
-60.678286888707376
58.726374583275174
-30.122717900766474
-75.6447838805152
-84.46617670011126
-13.192569519898825
-47.60587509306001
559.7547384530335
-73.35077714320516
-508.05295675813613
-151.14986492648222
-74.40293396728703
61.03603083106384
-405.22804323246055
-190.88873886743204
-22.56285276284143
175.5282262562814
-21.456169188891465
-35.015598560403305
-44.833319064402076
-75.71677256991734
-105.0024241605423
73.33362986582688
8.592185403404073
38.02545199154338
-63.97936100073275
133.55063825002435
-400.1737929655101
-61.52069972050754
-232.4856899546994
-79.22902824043143
-193.62466145366125
-149.67705784249938
-218.5790568367829
53.44061009080542
-3.577999429087967
1.8801379623648138
-34.55690978686143
73.89615860978847
213.23248773231535
169.31116066708728
117.7526291498798
-203.07228893776664
-30.00293901623362
-91.0947875582468
35.12267701519954
-110.66432629235078
-38.21588010526506
-14.245117709580882
-91.2614288687073
-113.92344696419968
-66.96415578092962
-127.80816588132257
-99.72613533136257
9.36656520957763
-7.346784662091977
-86.97958011625906
53.874900101006915
121.00447094008359
-337.0749601592688
21.21358363568139
-26.454661609665067
-19.221511060458397
-112.61994966828206
-75.01619367095464
-19.470729643530852
33.77465699499193
-113.54470002075868
147.98628569624816
-74.60729290077067
-149.85444475371878
64.49834739485595
13.981877177691786
379.123376358255
218.0286063687372
-42.40315345191482
-79.70827198863496
-240.1885742723989
189.97470828195037
-135.5252068604641
-119.62300252083514
-49.7599515695033
-57.0785276683429
-121.74137588642134
-160.7236571629528
48.17513269716869
-110.00681376679363
38.22450079737973
-48.55595001334408
-655.5945908181857
-1.9433504767980594
99.40120099178421
321.30401069850814
297.71108496950546
9.661423802290642
-34.54388544998428
-58.94767543915077
54.02388506983698
-57.646408967226876
-20.505565806191953
-83.65245295137797
-72.85950208045034
-476.0222227118393
-49.23302124545822
-83.57993397131635
-50.56744868398068
-30.11225311310629
-82.3034856768054
-58.12505582983795
22.741585741056497
-334.43330372179025
151.9623956435571
44.2795867785137
234.23553353715033
-394.50140649323475
-142.16175478792138
-16.971081631031666
18.302089869941796
13.490031711292431
-195.5244661315428
-109.8256423121759
39.16011173811785
6.605670440769245
-185.64409527778753
-290.41785686664844
-54.91646128183006
-10.969873469370754
-469.73202048292296
-36.01693790036683
-57.94986151906153
305.30618083705485
110.52927932210332
-82.86650850656952
413.83982982595626
77.7850989526687
-113.89625898923805
-94.92743329798522
-83.97437657460071
-76.05181933092172
-36.413240758144156
31.142690340837362
-401.6959468109035
-57.119500103468454
-57.61906591526085
110.99059255887641
85.10098643697631
-113.68952954295855
-259.59607391417467
-117.9303225076892
74.82523392568237
94.19763864828838
62.013010124324865
-150.3685923092071
-95.1311330025951
-46.230441071891164
-51.84268897998663
-68.14478584971296
16.27278135708525
39.37487936320622
81.09714121014622
-11.998670275955726
5.9153348593420105
-243.69839885869442
14.22657103389065
-78.48223478422585
-86.75282165539647
122.68478644853712
-335.3388520423814
-64.76130048338612
-67.29891858627343
-100.70205504992548
-82.73561027559198
-0.019544400920608496
-190.32226901923605
-38.6278748919695
-94.60309408229114
348.20462493235664
20.95908784536914
-82.15054738056824
378.5957464398125
-341.04195738757517
-298.83856842279965
-198.17351990871157
-34.00780764996489
274.7470098628437
-13.2195195762286
70.89947278725685
-120.33347636558983
-38.87511465919158
-173.31100591103223
-71.30723437438112
-495.5410806719374
-209.97393374235253
11.778021127142893
249.6620726424262
521.6110904805246
-264.85563585129785
-36.45729220696988
154.3986482282453
-69.5199802588877
-43.40046759393101
-101.83488655476734
-81.88350723827632
-53.98468701920774
28.556205465683888
-114.6411872144689
-94.88510568025413
95.89139295877249
-109.01025363293047
-189.36692790940833
147.7843840437754
-33.74683170076667
-27.91182507565935
-11.135395658682828
86.01453659426755
-31.33592712430186
-14.339550844076712
-60.39541573226052
-85.11477739345355
0.9215616701866338
-103.65437936511317
-262.86884559705686
-102.28880269254938
-54.05734000166922
-86.27513120401643
-40.333427329167684
35.97390484651987
-79.93469359063982
28.46760366995477
-76.84332315031679
-112.6617079895459
77.14545897037533
16.403805514317355
-18.604978307371027
-121.95074684386327
-45.286496699572126
-75.03605742424486
-161.56516232052672
-58.64488850530809
-136.59530152174514
-113.83598841793537
-72.44191447414376
-39.802929599100025
-56.87592380623272
54.86730600259216
-28.71494176085355
-65.06637182973165
-14.57389624339612
-7.156667639198531
44.322748029420836
24.226465126663243
-66.94034307874972
-95.06764431768063
-22.739596378404382
-84.02335456011713
-100.58126578029271
-93.47482943911035
-57.857526528520204
-39.519767899870565
-92.31666721177501
-55.79442988929266
-42.94795790838725
-70.28799693476321
449.89964531901023
64.67265920440695
-79.49976477038196
18.913112797571785
143.33830049938297
280.82053043562337
-215.48502415234725
-98.42814289021953
-157.00114300022233
-65.97804482152983
-37.62880812019284
-159.08962165668527
-106.01060596504323
-101.70391737644123
-55.998562316131256
-195.2366514642763
-79.18042252185597
-33.33312131160204
-53.08402495440831
-373.51673361241956
-33.33915161171461
-62.44979270358817
-40.9834883157431
-400.73682273538
-79.43717912596503
70.50060451717945
168.59423252206034
83.89283557875751
200.4518444451278
114.1563892293234
164.89879379118065
-17.132413707008254
-125.51855451554911
46.249393211137544
-137.25638183805222
-235.6273301076526
149.0618086749928
416.46400156922573
-32.23896745593629
19.846955029147964
-102.81066941507292
-57.006415639080785
-228.12611211659532
133.7815118636463
-221.3653929469201
-54.17234918405376
-100.80082468020785
-100.87523928453811
-52.01779779964134
-55.40552506268614
-58.78444416392692
-54.27842769956822
-166.67842002782913
-12.089595262596163
-107.80349210692144
468.67891773714655
-94.11113555103111
177.08949500705603
-43.748422825062335
-243.13795534811106
-307.2469023032518
267.1798068227172
-184.4668842990577
-56.06463958886508
47.57380185464899
-72.69076582379421
-77.80038234868903
486.9998692035915
-97.21957269668655
-98.39803329712618
-245.62827604704216
-66.33745077808044
-50.387456819358704
424.8812699059272
341.8541120154605
-11.105259969843246
-87.04836270923624
-46.346657604153734
-86.88247408672389
-225.2051637650893
30.596361606232676
218.2179704184623
282.4482208316749
-111.84184700685182
-79.76681878221237
-65.38089241578263
-23.831760447585566
-147.96550202708386
-12.937087051717603
-12.77478908464488
-57.85315174335629
-452.8145102914914
-27.861281910977997
-342.544943307028
197.50032665305116
-94.43694358460802
-72.62638071342127
-107.57898532171099
-207.61095304923765
1.3906665686936321
-70.32890393640285
-393.7986626148122
-105.96984022060786
172.9557286244708
268.3524884016333
-18.010443236895675
-24.96323456139089
31.513010135045988
-52.42652983532619
-5.552487543939407
-85.73739231188344
-344.78589733987064
87.09573062626941
3.2299862688460053
530.2123463468652
118.06739513888078
-47.18471748739956
-59.36680828240326
-107.04672816614604
-33.572165642669006
-66.04061736328163
-3.564997087350548
178.79060410948478
-90.00649730659957
-55.10955004239828
76.69248815531864
-125.69284743362732
-443.4767719356032
-24.52733291910755
12.404024889885477
-20.44295620011917
148.75374299458963
-29.61020508277779
-82.16556274442246
-108.55842263751674
-676.9884703984517
-1.2249733394282885
-388.54916223460896
-55.935613490506235
-165.3029121227737
-18.77754026343473
-35.71291456948121
-56.31736961822796
-110.20249895036613
486.6045183933111
-52.395123054654334
-311.96959076988423
-103.86300341010643
36.26124517496146
-43.28115496680606
-155.04551162271218
252.1425373180682
-100.17085537403909
-571.3634235524642
15.90627459746338
166.14942664451155
-2.773856329748014
-114.1089167167138
-112.66902317659041
-33.473689042912156
142.06129763705758
78.69203638630415
-81.97591090529176
392.36538856322295
-107.5369434178192
-16.314992119270432
-127.33845643735185
-441.8572192868505
-18.718649435157204
27.41396591240624
-67.91811390334546
-40.25281472097413
-6.116475880435701
-525.2580074481757
-93.87885703152544
38.74600968913069
-406.1036100679539
-38.4563103558412
12.543931437090842
-94.7113942494421
-19.56739430835484
-222.58034406433035
-105.0647876196781
-45.89434674111726
48.64348145246004
-215.19331398921167
440.49671694383323
100.21934385166423
-93.11164001265621
-87.94333281330819
-401.550602475465
-78.23830624381557
65.15003240526585
117.58170472065603
17.95308917550112
37.73414776433674
24.736242195498562
-71.2946246049999
-57.670034013514154
17.945262096815895
214.4334657970685
-22.11537535602034
61.887952579420016
-36.114382235076846
-139.70047960523152
38.32570627069799
13.510525688693104
53.28482331032865
-85.41978488883395
-109.14492469627658
290.54581400054485
-28.17247010834126
100.82748478944268
-65.70170207100892
-321.1148875231138
98.19727228058946
-93.33671902791485
242.3608896201822
-65.80396062382847
-21.08392215927097
171.73568284797648
33.08546787830255
263.7301893892309
5.497012100127904
-285.98661244368304
-60.27722009902209
-27.376238637270944
-80.0863244246284
-74.2826775732114
164.52679119231652
-118.8718611808381
-56.80805803272483
-199.2068103981983
-51.303320064258514
296.0046028718443
429.9945847257968
-195.2798287831065
-258.1637131474163
373.3874657856559
-8.278163056224003
-180.44400766204672
41.19693338979414
-127.64147385324213
-46.4824242315035
-63.53763048667949
91.33224395034904
506.5593755213213
-56.02339156927334
-8.765326083834267
24.759421986327652
-52.002275125784536
30.022485217139206
-190.04121891358773
-78.57123276780574
-28.412743590555408
-160.75626656370514
-186.72666760747052
-79.09433788419031
-165.9162946499291
-40.97149771151879
-112.401604114446
-41.451841032594075
-168.82012326135373
-26.795218179159786
-31.17678626045163
16.57337098460448
-49.944123724857405
264.76275892015747
261.94094043017685
71.28684985079417
-45.81867857469297
-500.91253923093245
207.63953575925916
-81.9259454120147
-89.13401391833395
-4.871574885293997
-43.54415609207217
-36.696296566127785
427.01463224279723
-12.635516730031668
338.86506488184386
-96.70115685949304
-54.72587863500206
-222.69200935726985
92.85237612164315
34.15775455265975
-35.4765968466707
525.5253301983466
-299.6763541302398
-59.50861890859095
16.31113825355169
-18.15994827078465
-109.12463189218438
-24.44614530597718
-98.07167288538551
16.08724879139845
-87.00416270803319
-198.99303696788047
-68.96073648505437
38.7592403323506
98.16238692386969
-76.18861444342474
-30.460548128742175
-57.23307826558403
-88.4023168061176
-22.31588836582887
-304.9487788603101
6.879580506539952
-19.70189712275078
148.31553270991026
-211.95103475459746
-23.29065906063255
-9.260393701641114
3.343147962636067
-269.6861945373312
428.0243165664451
-94.64469200660402
-12.506877877867737
27.50587029405324
-48.55051918423
-112.74934355844184
-78.46753204677043
-51.88296083110254
14.957132550089227
-132.33769530502468
-61.80296127358562
18.431744749848804
221.02016934979292
58.836546704213106
-40.88115341127195
188.24297670315718
-38.83459092385435
-78.95751756860183
20.72064002597199
-95.2416228595821
-72.55749499811009
-93.10246238942091
-30.482321646411947
-56.668550021131814
-2.0168053008713804
297.27213804449093
470.7755729172095
-87.33228915557817
286.4285137134211
277.42327204654976
-52.72269078423136
-67.89241040118142
411.09755911655884
36.49862627303946
-16.66163856712109
-142.87101049908597
-516.7192168656784
272.8971858390896
-66.7198870658578
-20.168251394632534
34.71390780641286
-270.3965151336288
-51.450693688678285
-108.4558976878343
-74.68431005102866
-41.30969980699774
-13.86883092644075
1.9037679967545038
-154.65327340703516
225.83588488387977
37.6096112856103
-155.91212693734724
-114.7375942688815
-25.320530403475438
-221.43149655934576
-87.79784433334135
-0.8098722436971002
-46.172308827435245
-9.057048555165409
-47.85634667377326
36.95913974010864
-168.73823459180585
15.647351828767569
-46.133925910952286
-44.24120410764772
3.434804534796058
-20.203562577229548
-88.64552565611939
27.21777488341786
-65.88188399191594
-99.03609871042417
-112.11315300778188
-18.65645913584376
1.341177666958215
201.370535511016
-31.165368842218133
-59.48803293821487
-25.42465954936846
-309.41344759328786
22.710563974196305
-71.21757297085
-126.7169285591126
-195.522992707316
-17.096759383923654
-69.12335988879022
142.79966556718682
8.425052915064953
-65.80482054488479
-242.26666296651638
128.04348631333596
-37.11399867797991
-120.15723584861892
-53.457485250557454
-76.45254336396408
-33.68173400388696
101.36020762610042
-7.845958276196143
404.3172353092996
-35.85499819920187
-181.4187490673703
15.689188221897894
-414.10370541907105
452.3316911784441
48.32457324344159
-498.57211138536695
329.73505596681025
-140.28690684765206
-73.47365778538278
-37.18316458297051
45.006162224054606
-121.36618587217527
72.54294308743374
-193.69572357333163
-80.54130314237729
-57.120106119347426
67.22988503756824
-106.58857240265942
-254.369998203646
-57.471228900026
-102.91567603073617
-340.4311724214622
7.478875205773875
-5.651582379026422
-92.42374816310357
-96.10160325817678
-149.62131000563204
-180.09720701521655
-3.727005208617811
-29.099188687066533
378.299378727379
59.98246108860985
-292.3400267736324
150.6504602203895
-138.16680395123512
60.615382018662785
-3.035878332457287
312.2706211015211
-0.800488402863266
-65.35429524323354
-71.11720024111509
34.57509243273307
158.74040416030948
-0.05640693151860887
-91.36673067429547
-8.331200604469814
-90.74666789114235
71.5281020050229
-282.12391000084153
-39.50742908937991
114.0181801845647
-52.55496438286764
-43.14600497209358
-60.87858264541421
1.530556888989281
-365.4947122469566
81.50775956303187
-201.53147056742364
504.17919502215227
-29.17307352060334
-2.045668111597479
-76.48534486727081
-207.8199513888485
344.3386954393827
-78.84995478452493
-80.15853575398114
-223.5036756160971
-91.80648534756801
-19.11464197465648
432.31136734195024
-61.860205172801955
22.35954830384435
416.7149618632757
-22.11042077562024
-120.8246384684835
3.3503593539618635
-14.863112060239416
-8.398630217554455
-147.04608485020526
19.570576618828454
-92.483362211578
88.06882401453731
-65.54526405014622
445.50591645922395
329.65200696271313
15.467330992023562
-535.8120107498216
-327.28165849256584
-530.7472804964436
369.669070036598
-67.3047805036725
122.69787954652656
-59.902682861232655
246.3308519410275
-54.20365670705132
19.6071269800064
17.029990549578542
-66.35954778381529
-279.67980673247075
-95.28646477378243
-54.93373522588037
-65.36430312879216
193.97966703867496
-71.96095118818721
-68.67950876030456
-125.95418972335652
-151.8857943886578
-431.9688894507508
-35.641251675393505
26.901227470454614
-80.052557836913
-367.67637012546766
-27.452364316581225
428.283983022704
-51.713012534265225
-504.44134729049983
-110.18827839195183
-52.2337565274438
6.92270205729983
-75.39161370601848
22.162443123479534
66.01163683314189
2.7184450949916936
-90.14823779763881
-60.13703281380978
-83.50345441537166
274.97109513648957
-96.65472132719341
-81.97702291069055
-61.14188034092007
-95.81714936008302
-176.6661927823825
-20.070870974814802
-87.6962038126112
-90.58551721058717
98.30259454123006
-66.23987774983698
-18.36129912489773
-82.07061435312033
-87.90957854057615
137.5955438129222
-36.70292458498159
324.1186791344826
413.6072025675021
133.70437357387164
11.490169813119309
211.50158026885765
-35.3904767117566
-113.99948827411208
-254.12655667041327
-3.306729980937803
-35.62397582334113
18.55469464476937
3.094703626059072
-25.188744397626294
-80.24733238689805
79.08457698770872
-327.5103410531101
-141.07764487012355
12.386435972324762
-301.2797871724015
-19.79577671818879
-62.59601007143072
-44.481788586848324
-176.63958052750786
-33.374355575409936
-85.36591854404121
42.938694763961394
13.581050569881427
-91.56744771414378
-38.37222702997724
152.7793216134287
36.87549547022354
-374.02925602544747
-40.13234339001566
192.2631083996548
-8.464721686839766
79.76015299321807
-35.702876934163214
-245.54599366102138
-1.3703039565011716
-149.52112072633463
-172.80737648977538
-44.71908821758069
-123.42520162916276
-121.58326750406458
60.277180067943846
-76.23163779122115
412.2982269431268
44.14874098701512
126.561311775793
-19.445929525003606
-82.99842842134149
-16.008305465272315
-38.28366754301578
-1.5869676570018783
232.4097873397477
109.10315457107936
-47.05702829085203
-65.71786713429836
-4.997204812306515
-105.04547153589833
-72.63230756880041
-44.887150621960615
-69.93736554706993
-124.67251155770055
-105.8912536880481
49.2039685112793
-34.53033468142099
-37.79469899287699
-273.94075641870586
140.16486523478488
-82.52378841678728
-207.69606477645175
-94.03760012697421
133.9710639592522
-55.77972515705707
-473.3806545136176
338.0043240712821
-25.42156394567843
-60.89120825284773
19.728437018630018
-124.6890024572399
23.387475662904762
-44.447309198431974
141.30890279577216
36.43686547320749
-64.09209610409428
-133.90747477591867
48.072066488266046
-18.86577509016726
-92.77796662881005
103.6271579898671
-218.514115229852
-242.4975362058849
173.53152441325437
422.1534597224945
-110.16690137758815
-33.167377540270024
-31.987342453245667
18.035533064383344
-51.88463665664828
-30.999862012995266
-98.26848925285776
202.91184328113013
-4.451548194956558
269.10432162941106
22.316728204039464
-600.615361016191
-319.4376554160099
-28.854005887197822
-28.96114379701612
-26.443347398181327
-289.6686464878294
-52.597923958784435
7.722794648038814
15.322669496037634
33.47245908221521
-3.5223402545116187
-342.9320825743871
-112.93574795628638
-73.44500677529828
90.1241394845888
365.6077240225186
-87.79099521312855
417.77579397786576
-273.69526237924947
-65.92564432131181
18.177455994185948
-73.70872791240981
-67.15530008161916
-44.23531783293879
51.96119366974017
150.9920988261456
-78.84054706346433
-76.094869608954
-48.65969426793282
-65.69886783771753
-334.6846981359977
309.02859707559946
-433.06311918663596
-419.7549664168291
-89.34470940625033
5.446377224323442
-66.76069057629482
2.326407830875496
-54.708346295525594
-20.338433355187885
354.239878309485
-263.9507968031703
-64.7930465997415
29.896423894173495
-155.81251832843054
66.34569679304332
-21.87940683600209
71.394757236435
85.24536563039874
-74.38300890016686
-98.73037030741281
-307.2895857546155
-93.52532852698278
-72.43610480518682
303.19884501408706
-65.29374498307588
-90.91571918095906
-63.78354979543033
-65.08187712618542
121.4025597823238
-15.935092622406046
-448.85258697775316
-16.14460165186506
-169.26028182455047
246.5490404150696
-30.9292790547291
-270.518343586491
-19.44183700085523
-194.02235397489858
-47.46529641098094
-33.20679117193393
431.9042390275645
-44.089814701105425
188.72144480243878
-179.57723388071008
-33.33717537323452
-79.3033158093101
78.35739527811529
-11.664824570267228
-70.22335756757498
1.8659812656915165
-235.36662854130554
-215.57722337084851
-55.505395324352776
-60.7861823277799
53.696668467448035
-22.34215474793229
1.046930481527852
-20.829227454396328
1.6686496184921609
-87.69280336167786
206.38024985373295
-24.10730511686228
-83.68533832074755
-40.84352262310572
-211.21558952239866
-163.51216397009375
87.63216501180295
-227.19782207003573
303.1773568464687
149.54444006379163
-94.2458505044946
-202.85965891709293
-26.81764273501267
1.4750715343961929
-45.06686864476474
-112.78574933657092
-147.6041370838284
-150.59386983605873
-34.70516391896029
-96.00902906244644
43.19000312922708
-66.21521239172762
-49.292875555620626
-45.8964211285585
261.26481286022863
390.7652622378646
-24.79926825878647
-2.0479055194404303
-578.8816439607072
-39.91376110446208
75.44316456167871
191.7928962756714
-59.53959601117572
61.917492943214256
76.52365125417919
-96.24701276654741
4.479539910078529
-203.1645590626158
-41.46340711343207
-85.71866330193603
-21.343980747391015
-380.62777997061494
467.69586068070566
3.575900055522652
523.9238606635572
-26.017637989600985
-68.10534330729024
-44.16904601543865
73.41901018925637
-74.8468580941917
-24.25237017213476
-80.1833717520094
-181.2092644377817
-125.79160985342423
90.61800882739954
-99.03333514787052
-78.83042703105892
-126.46611088288955
-142.59327679456783
-44.15996516595816
53.47496801425041
-351.8265529264463
-100.84715057317102
-254.99763868668742
3.5066893446062246
-136.97298539329157
317.00266850582557
370.347951222122
-43.851436742921415
-30.844063958864353
43.25193717491038
58.104783258946554
-267.02716273977785
-55.15722169081732
-194.67287077033507
-76.91272694954633
-156.3246703935256
-88.01436331454653
-123.17093793195045
-31.363656038895783
-327.3458842564596
49.81599272363928
104.35633785715072
-110.44031308933518
-122.17199857258854
22.303641087750293
307.43762083561705
-35.52303168592525
36.76913121099048
-15.952732380926761
-198.0757474611337
323.280587999232
-54.04120467145913
-169.6360039335741
98.46042909619973
8.060699391467324
42.947099435299606
-221.22105334537628
-0.6686806329153114
-79.86129740661724
21.010526576425946
121.1695651341488
-58.877749858797664
-33.40960476652981
462.7735397844135
358.34330215477166
-322.9104176284545
-7.484729191675115
170.13514475778356
-11.233035163085049
-91.33764110138907
-275.055662061317
-28.987565000247955
23.859101915800693
-117.66237367524445
77.92014504624603
-98.36582453364827
-14.183184789848863
305.2429360462402
-157.01701084919296
5.3756303958944045
170.249225334941
-93.15252825477819
107.23397716495674
-380.80611604727346
-85.50185435641176
51.52715213237161
-27.645585322999978
-18.305526566517074
-105.5293028484939
-3.68960798636499
-11.279226284927802
-250.41914274009832
42.441913430174736
-56.29338379308889
-62.4305019803972
-8.981292672571726
8.408434797203789
186.79088496702934
156.12636239380663
46.28501424415845
46.374400345745926
-73.88768712903857
137.85929904765362
-63.61609154831058
358.0656007914404
-36.82472570436312
-17.212576257165097
131.2539261598813
-94.4893304605997
-21.03366167076183
178.0131098485149
-99.45071042124086
-93.77645996956198
95.23308456091763
-71.23759529923154
-339.1810494569181
-22.484264604346663
-350.51715586656974
-220.25967974460036
-93.726485644087
-334.4402054718357
109.71596929048428
-26.640091574779035
-14.92341048138735
-52.61240820433591
12.580112599230688
229.41523282120033
-180.56251524751133
-43.43819569568254
-36.721137191564594
7.1817787307418826
17.345755154930885
-47.67066331958006
-65.39110857988953
188.38434963440432
169.53116697445876
-4.278616225263215
-116.87424438255584
-78.79270817334643
-44.2352089412671
-53.59853525555553
28.66480691638037
453.41647685690805
-15.995794213433783
282.0393992889458
-3.9268275033646205
-7.382742715130214
-52.44855111648667
-0.7635477201281731
212.93819184221138
-25.90144036275524
-27.160339187474392
-275.3888841121152
-27.19760866512661
203.23531084029491
-57.64870657767038
38.70756655533114
-120.87621726693214
-144.7960808020689
-224.75785897348214
341.1936085798643
-430.356869062829
-100.64812873349857
-84.28644388012026
-530.6340356658402
318.28991553425294
10.548372109640695
2.0144412339986957
-133.16048395660073
-56.25094427994732
45.31694599093544
-88.12887296199321
-171.20874606926554
-43.274901924884034
-60.89757768958768
-90.46032850731439
21.16558159837041
-25.137238902200433
-224.9227382788613
87.33342196254489
-25.418283942684866
25.86253020510867
124.70458055269819
54.05054897531272
-111.88041492759203
-229.97272092863022
-96.42310048627041
-75.66201698696909
-122.22191928168269
-68.53945473884046
-42.70930037672581
-76.42281006353035
-116.39073227611154
-48.00758503533234
178.28577635052352
-70.35547140038263
15.072885268739654
20.27851871203211
7.258275254761429
-156.9113687421634
-137.40183447839445
71.63808738747684
-62.320648719149816
78.37852650914101
-61.1175766354354
-70.35903725636399
-19.71018516539894
-49.56057397627774
-36.21494537507781
-78.80387963894424
511.0728596054196
186.51060623670674
-63.18392631625914
10.490182192795146
1.606392591974327
-46.717755583412725
-19.744908681337733
-64.99642607018009
11.927746001952244
-74.47504041238649
-71.86285938883528
-64.08134824586887
-39.82058740659545
243.48128943426673
108.58035473524069
-12.738647690708149
-271.0378705402745
-295.86005383845077
65.93917216641421
-577.1505852131668
501.8713781905535
-62.11738196809074
-96.8034059207348
-69.41585038330807
-111.1615297219223
132.3293893076616
-161.32341956970413
216.2027493521873
-357.9643722449655
0.37545825013421563
-76.83815379441911
-10.895865080852673
-24.663587847892074
87.47055064046344
-82.60853096419123
-51.42480226767299
-376.20248912011266
394.6409974548733
-35.81600943422285
-167.648981202683
-4.258282052080631
-59.64209648831103
-51.619271859879525
-12.952092356061257
-31.123987773679506
-98.72672012205112
-81.10985397423428
181.04268047545702
317.3970894896793
330.54368934676313
71.87872750373981
-332.0852041024318
-86.93933145575228
-637.6529759186178
-23.800401549486367
105.67971203064735
-67.8839632140422
-77.78874780444039
83.79439277555139
-61.904543428439865
-97.92437214127136
80.69552950211687
-125.7481117713196
-130.42825032076962
-162.87269899529383
-103.13565394140366
136.2640738713999
-85.74426417522521
-57.076239380274274
236.10535228813387
-157.86720862461698
314.86926687021514
-0.05654361296365096
-344.29038340272837
61.387041374619
0.47959898158268294
362.39143119106484
104.41949802271756
19.840735050873718
99.94294757986154
115.51820675883391
-66.32338899665983
475.57515561968466
-350.8193190017064
-54.3082426768661
-2.090693000197689
81.81403182704935
109.78141832777419
1.5236736820024817
-104.15285363478597
19.75807962653198
-28.05634281728522
-89.68097241891033
362.0189031185073
194.1340230781243
-131.79701237201
37.50509544813636
405.3831309815323
-63.74155841181296
-29.75171670916461
82.00009199638043
45.119757651473265
12.816205275998072
-647.6718890816919
43.641596617901996
183.89780728723554
-50.669528563186844
94.94242178957757
-100.44306769580417
-72.91553921731919
-18.474163071880866
-94.5463384973882
-70.5047998376356
47.14497905511416
-4.018869291556257
-54.798558679443275
160.24487011344354
-382.57260858168684
-131.6357303949626
-14.496211418106068
6.615623343196603
175.93339064229986
95.83227447300305
-118.9147035452047
16.275198841607033
91.07542299891611
-232.38764324921067
183.06367990001763
-312.73991947325703
131.88697488541766
242.71986315569302
139.0313033309085
-6.897724985323293
-124.0806764734898
-63.79881568019505
-145.6088243754566
-33.67663686177263
-282.94269062383773
-107.26102251286716
-41.37439793666272
-333.4895031556607
-75.58478322583794
-74.2210552601716
-2.0407257892741804
-149.38480748760048
-23.002463392659593
-50.814975499290085
136.4046801878767
-58.961889887258636
25.8453766847706
86.69720581395086
-586.667840876873
-75.26480567264372
-90.47081412609457
58.87282302143103
204.7749941639322
-119.67704244966865
44.462276432192084
-13.352399094161228
-47.07755961286614
78.98716389232595
-18.01061910572522
-87.11233805627525
23.722751761774816
260.528344079863
380.3318585320285
-206.1307030101798
-8.094467695830417
-40.869323497003464
71.56053855742539
-45.87931748912342
-44.510339340547
-81.46703968414113
-91.64321935220691
-37.083514298651394
-90.6359640690298
-343.5084171210128
-103.93572158429144
8.97444114587779
-76.88733484295699
-21.255025820855735
12.941183651714502
-85.4555956025988
169.97106347324006
280.776546004603
-44.186074268692664
-180.38769019567735
-316.794065822196
-85.13108740743924
104.63736822060491
-48.39968631469924
-104.06318704404202
-141.9253897656199
-63.75976472568415
57.44567821920418
8.390445026842826
-638.497282822058
-62.061812468344094
-71.04330076947349
-384.4685442486607
363.62733299392676
76.67279216405586
-15.679700463613244
191.74948897031845
7.594566156612927
-340.5946429988089
-75.09436229416121
-76.57712291032917
-217.04632322016187
-131.93380721663289
-9.865708796434298
-30.19839816026615
198.054023480845
-41.80209902015044
220.23166044474783
63.237564044937244
-65.25588126217893
36.15278870835982
163.4182713642531
-67.042937848032
-39.483057785153385
-338.7757260536782
218.87202432235426
-104.22422016894292
-44.01329068294763
159.05240423979194
352.69132197853696
352.0658052193321
-153.51738931852378
-93.81213556703756
-86.64444114159414
206.73049634030576
110.32980327314544
-52.52457719252004
-127.21045527312526
-497.4375600595213
60.02678621981249
107.38205242480763
-119.10606498294419
-52.809706479387074
-128.46334203266264
30.195049802534413
53.20257500894331
-95.1090396920589
-36.087297589924226
-107.46858275000795
126.89343502956581
7.9201792350977485
-268.55602580020786
-19.92597546070192
365.7683436156185
-8.435949554941544
-175.55062504069065
-15.534771735611685
109.17593431669411
-24.589169686379137
-97.38205573969951
-195.24482669634563
68.93320253974161
-0.557001884742931
-97.6501171035411
-60.41679298159397
15.3085950527081
17.830118148229893
-17.560801616914887
-106.72278103054094
11.852289995711544
0.4971601219093666
-9.87600079564735
-132.12380284185383
145.0873681201474
-37.45198912959859
-134.5752563384067
37.51329967550191
50.21443963358888
-70.5772464290385
-90.48113268838861
129.63415510612685
-48.80567073549685
101.34699946634282
77.7273405732758
117.50971791750817
23.886073943722124
-146.00093588663185
76.91502783576516
48.76902758059805
-0.868380349194922
91.71952787396094
380.1135124945431
-26.90688968838637
-53.982270621803934
-62.72406243245575
-17.421941185235937
-112.17193552569506
17.8368480991694
64.42804149554831
-71.9695311900858
-243.08098552436513
-41.127036350490926
-25.4337368213055
94.86187993706517
389.97674414480207
-168.5144578857744
-22.254801007537026
-16.355867241425983
-257.2684641131291
-137.35685824402935
168.8480988170686
237.84013899336242
-97.13485413026501
-60.61732853095358
27.393452411321505
-43.94594516375173
-618.2618258632592
292.9301498617533
340.3210271998596
-171.04073901528136
-6.934655251689037
-360.0437357895462
185.40928293827164
31.601743545355475
-59.637921612667924
-101.66590082520634
11.180221995942702
-47.23548137424294
-83.2143921795806
-138.6954541031855
-71.17746425542805
-198.28396151800735
-44.23577923787161
-99.52495953894785
-108.9711541063225
-87.41838951088671
-42.29624548206448
-13.831233315582997
127.50200787569156
-45.38030041368265
100.21883708641235
-22.163450860640296
161.48460699332736
106.90237248291851
-107.67407508402903
-74.77789396571279
-47.861475396052526
-121.08281392646677
101.38152029415687
-59.56252736786732
48.59412271258816
10.09447168788347
301.5708075211369
-112.86870152947904
-45.26577439256357
-394.10559443733473
-88.90549758197449
-80.9104312411565
-60.370913966015756
-31.173333872158935
-55.719859753177474
24.823208537748542
-74.59833219113433
-121.1797377807361
-30.861068020937637
-65.73362403317539
87.15119611619593
63.63418675558569
451.3575643652948
-213.31766719680263
57.01838202122099
-39.83609485761508
510.94297846473637
-54.8689564043934
-254.33670242688277
-80.73040585998238
68.30387106912985
-74.46875419826546
-64.95421790186009
-342.91810236856145
-111.8870072237869
-77.98860088471255
-78.24054654333202
185.61610652037598
102.46758654404584
-15.768313588854028
-138.5872287429629
56.0129099787282
-61.330967584301106
-68.5539163729336
102.29855642235634
-94.86792998530507
207.45432076775433
-8.283623555507576
29.05573361747156
198.28265283412475
-283.92312195154227
-39.96455817050264
-402.8426010118619
0.42742323720708697
-11.182848991056744
164.27482026395592
-61.49234641225435
-4.931182360650581
-40.969993911367055
97.89661853638245
11.091733444231068
-79.26986237431993
-103.45517099342396
530.4737385772114
193.76367924679107
-102.31980641732116
-67.21539957555979
175.89972265798679
-112.08984468713061
-30.764340590946233
67.83418932288441
-69.82831620747947
-60.72746091685627
-12.053543255394786
-74.92934320037784
-1.1324685920953925
-56.75306373106105
-116.80553861298058
-0.9820520129073884
-290.3182055560146
-43.33171314623181
-92.96929239151736
-169.749199341637
87.59846066526188
-46.18548436875881
18.304394694280518
-99.11892137545064
-73.21081137814043
-134.71289870285727
171.33008374278143
-2.2398912472190204
-47.657996594473445
331.1655717981557
-31.116930165440124
-214.3789632975604
-114.7471318375774
-48.86845558328059
22.865041354236837
-63.608310132603556
56.32396945672372
-52.7721019626982
118.63991135121432
-44.60364810621286
-424.5985513196929
-193.49778035212148
-43.44613845930007
382.8807195070749
-36.13341942801708
-10.238833933022306
-34.00493471194659
168.6071066466866
66.49744070732231
-75.80549300247975
-50.71906919000919
-104.84407572639083
83.34866000372494
24.11239617787578
-172.70491986102024
-33.35468256116028
-72.11759619802137
89.8902900267949
274.3574509905793
84.72596079216419
156.99317164432023
-135.9009315805488
-36.69236909727988
-131.8652425049895
-130.43985095054813
-44.96622883885766
-545.5667010756133
53.77150850435737
316.5253045446807
-51.84124556476701
-184.45624019343086
-13.077506604364485
-296.8637335134308
-2.6859061373913784
429.10586464596054
-93.96120437894537
-16.154405019213513
-62.242238336790926
-343.07439654416703
-19.27510647511552
-51.17467506490334
-67.75465311819062
-52.75569505763542
-35.23303036137986
-49.71114549421145
-43.56477513623577
-66.87872977612237
-198.392515931273
324.3250120596108
188.83902385382862
419.9536473405933
143.02471598742522
-128.57318805590603
-62.41396332644666
-110.47110527720542
25.99848137769004
1.0120188833261636
-58.62628058009068
-97.74973487616262
-60.91813541293858
247.2310345056103
-324.2965223026258
74.87278154816158
72.43682560746993
-19.69188408656737
78.15845331607125
9.30145198984701
-184.52392446068916
50.50046408571416
-46.83049960266516
-132.3988253806183
374.0317301479163
-18.24070006342106
-51.910878635342286
-71.82406056574135
-10.379509139482252
56.61143798579951
-19.902043886650972
24.272256928523348
-77.16533037169756
-77.72037529581195
-208.91332654971666
-29.367071076544846
410.22790321630964
-31.717316232654326
-103.35039192440527
-30.803251064757205
-64.32746495280196
-20.319517082314633
-56.45455931856105
-74.03027566065649
15.248132860433543
150.74520420000408
64.5398224464061
-166.72436064480644
-473.3841297558829
-65.23810713647843
-378.1109334417788
-71.34889864585423
-476.5179973276481
28.48047148613341
-67.09010984823661
-46.310087818684565
-35.08394343864225
-126.80120892712512
-84.02346916444333
44.914695188040696
-77.1792595289171
427.4243978979557
-63.476162778341774
-43.908942607912
-83.14303990144799
-100.48233066236756
-312.5015784527095
-67.1553784353419
0.9798268196782374
-40.47304431049443
14.226269984450937
-112.51899739270493
-313.85871397996925
-100.36770666001992
-104.39267985772676
9.431337128795349
224.59201233507702
-359.47823217660334
-83.4351280598572
-8.268710444885983
-46.07684312933051
-84.13722959853125
-304.7889325822525
-32.14157768628684
189.0559156149875
0.8320546007283838
38.2584073017224
-133.80118392841177
-180.64806557601332
-76.71449891009911
-105.768410036652
383.37015002871703
-162.5369640133822
-87.92136157354281
536.342590734761
232.38540726513384
370.53561058935156
352.3667145082745
500.1575339209521
19.352828059581952
26.661874850171444
-38.16523942307458
-18.10177141594167
-29.174063233477682
34.54667254256765
54.63831577578276
-50.25081137597135
-2.9266500549042576
173.32817420097854
-67.44973874822466
-42.77649897745748
-63.69713167348927
-319.4976789621778
82.70048797953132
122.385251877894
-74.96963038006447
-194.06558294629576
26.583910149433905
-11.657510315423679
-41.801447980381226
-43.770730722299845
-34.62467542465856
-35.12052359273457
-97.63493407391154
152.72749994557216
-2.1899723342199926
-39.628054610055756
-16.037127958730828
-102.26972894797352
-79.48661139651747
-92.61995213734144
105.27121380467543
101.96564226435294
-118.22006217289622
77.78282252702866
-65.42448191845979
-56.499635471375214
-94.58460011182433
-209.39223604720974
-76.71323233597798
-536.6862815468776
-19.502821170254492
-299.13640623241736
-53.62345745362232
-99.46081262775098
12.764797418802118
-64.46338391895915
103.08597870117819
-40.28216312163778
-22.266126435310525
-24.236223963545854
-347.66614155912066
-55.784508023662966
-73.95246663766132
129.26180058977116
-53.4199727032298
-45.85452879571676
-80.40632258553562
-6.6130987579995235
-174.37549446641788
-44.69983745545251
-22.570600703804303
-86.98507213172492
78.60573877595971
303.8339820375113
-66.59016550687384
-104.5345538967418
-20.650165683735395
-11.393697347707985
-98.13455204233105
103.05457804072648
-163.82365643402773
-2.498717966947879
-234.69575052511755
53.16944379448955
-84.08540784417228
-65.30822354193833
-94.42588221501012
-341.9095590392735
-79.01970145304817
-10.848442773727928
-164.1691670417058
135.70101689154217
3.1926480694142283
-5.226177989807184
-145.632149251971
119.61151766991406
116.32089169856044
47.1531241995217
-37.27991835988951
-191.66946988875316
-117.81857231159668
266.21534096927644
-271.01979913549076
-422.0044230884105
-83.36648201751524
-59.10205175964029
-27.308195911876282
19.697847880492162
-64.80596698588852
-340.1993729060014
151.86201026481467
-44.053027202150915
-40.24630499647719
-175.05610778425034
-260.0838035237048
-112.86531080106303
-121.1286386728134
-148.8852577562775
-58.05649031372462
-184.2169280722428
0.6834256914535217
45.45260885372409
70.8483011233925
-81.08785390253094
-4.8177314153420525
-55.2569807360228
-12.725971923899177
299.8069963512062
-68.92728149800678
-57.40275689528657
-70.25924091346003
142.88726469181347
146.97383274458844
-68.54389447248104
-194.72153905996856
107.04217465902911
-51.18978036765748
-63.14303028657305
-34.70558808298803
-36.39552965971411
-154.51542566878015
-103.82248928341308
-200.04421168741283
27.38347968150447
-57.8381557801149
-48.17142665858819
-56.67166493680494
-89.49184656361831
-55.82125092901777
-45.19798187541075
463.05752741370816
-315.3293895163133
-445.14849396069076
-62.6151756582508
-174.39715691306628
-48.89710475040556
-92.35025036036487
42.75050220917001
-4.082725969266163
-14.198936933646564
-99.03173800087188
-47.32167574371639
-47.50861630313147
-394.59294406797926
-64.93579594372704
-58.48858103093105
13.243175068587789
-186.01532949053671
-49.20352479940084
-63.73507089365999
-77.01341264123701
-30.254181737157637
13.36833372634419
108.39948575170638
-13.658701834528415
-164.45538554919767
-415.23031174149764
-134.51962751670908
-20.192345830577715
-10.019656274274894
-171.3514042127481
-305.69814372191195
-64.44303974143338
-86.68618606299198
176.5158841837947
-11.172748938461154
-221.70967676981127
-45.09203750171554
-25.07431551009273
-155.22750637819263
57.196272290671914
-49.682524220246734
7.561249488744579
-141.30722272840103
-22.688452135860555
75.56898090174184
-64.96899064701756
-76.25008540792456
-72.90570210264774
88.77690195151445
66.29760709423135
-70.20301592578527
53.9666443629485
188.19874937629356
-159.55660388311117
-320.249541143181
-251.46612927597744
-78.13879985157962
-23.757720175799022
-66.45346137958768
183.10995445165645
-41.407105502039485
110.18117941443415
-53.99392918599926
-11.535001220467166
-86.07549034437397
-79.17436534953832
-80.5844542096409
-43.24249821588751
201.47266817056516
-48.671680469713465
-76.95693061996285
-152.36373759835624
-28.60178311361432
13.851773980552991
-164.6334169352558
-115.22224820868178
33.68755391758896
19.617313176259927
33.78202505317495
-417.667317310621
-454.3269278345215
-241.69958664462092
127.72475953643516
234.69307050906173
-529.7363723946746
53.11337002097298
25.29277561008712
-119.38203136942138
20.10740329322624
-105.67150928407318
-10.004827614293845
377.5107188740367
-30.744299321013386
60.58734570193883
323.53421634087863
248.36242289525944
-101.9545723711708
94.40538612699311
-15.259394791881277
-20.645071321829267
-68.47267887036469
-186.74887855188354
97.59516965760486
-254.32799302474996
-53.850564140818605
13.526132769398828
-229.77994838748236
-107.3101861858886
-185.19710172454234
-318.7732980156288
-87.85746170113732
24.97587015168574
-6.091402835837016
-87.95884167388344
10.01052558790252
-345.3304866390881
-40.36570114923052
-3.996039751603348
-76.74891208914785
30.053745996816247
499.26079140764705
-578.6086305936751
-80.0114635868349
-29.178780507815645
230.7121091854824
-44.27844353877592
-57.3565375913804
-88.92710890283934
-283.22061458207827
314.76659823989576
-27.54724316478422
-26.118325880001066
106.51080393198754
38.06598703020785
-18.368539794730168
17.910494400661264
-105.78513393914727
-7.3179615110627765
-86.22573772087645
-9.458944050147693
340.9943426446098
-43.86609505514207
123.62118774632654
-376.86829874957584
-42.80237516975831
-78.0928290172308
-79.91332021889521
-396.05216711018693
-159.2495647341093
-70.20867848660195
23.733446870383336
296.10688190257133
-54.40768003779431
78.59299679079186
169.936956764991
10.222611842377319
-169.95510155908232
41.524366080311054
-145.88860116979959
280.05127936991084
347.55146615063677
-38.36050618952504
21.30571656738175
-10.527729447823049
15.841835424339479
72.04630463970807
70.18275666505542
-139.81006559289017
-588.7227270540316
-82.07959834369194
117.21933141843738
-42.264650209365556
168.08700325246355
-48.06818864836441
317.94612375463475
-74.72813983837392
20.509993610537776
-0.7181616376165039
-14.18165836796129
-225.73172799110944
-160.5807942290412
-33.19415271254446
4.316385466667043
-78.9617223842634
41.82615004836225
-105.3486575877211
-83.69817472116337
-32.504161496876804
-460.2562879263587
141.25909302397486
-295.8269477189151
-123.23997339841083
-16.57172069983241
-10.7176096203807
-97.89373679078926
17.13970098157006
11.051381618348387
-78.32590700532103
78.18862741031626
130.42012905585307
96.88032644270424
67.8815558404749
-86.32132601879573
319.89804425093826
-404.3612055664944
-151.82733400749748
-20.58515091930053
-33.847335092240655
166.50328256430475
-45.673574624955904
45.4150064352566
10.532893533454626
-38.51203207507746
-44.24499982824636
-15.210358785459903
-98.90272490334996
-53.61580167116438
-367.5377031931439
-76.91095150410649
-95.55242552066466
-87.68142713405098
-41.629174479727226
59.12802807958269
-51.52561217820341
420.00504862860544
-505.2022321551485
-4.250835093376736
-37.4402332333575
-22.970152004772046
122.49700750977627
11.744211532492045
-45.251582293813954
137.3697029714017
168.7975124272234
-219.21433004551
-18.93266573844886
-82.35114833020816
35.84885943088415
149.29024527468573
118.06683553368566
83.65062814522116
-384.4150294440824
-35.1095206908128
-92.92726192146779
-125.61684647329093
-46.29659006831744
21.681802522957014
-107.13447880704682
-60.087569079576795
-47.35592517051964
-309.1416628855077
-38.419561225814725
-39.79550342715265
-29.8226780390587
80.33927500237041
-315.5299098689138
-23.348794371990152
-199.9443110513066
-28.37488910528208
113.41098000100828
-35.44998071264939
-58.6116682877406
-79.09185645470279
345.45771324414454
8.443617344913946
-283.0826994471736
-226.30623977937466
26.368295993896457
11.437977080209748
-98.98592479113995
-75.9181786475757
-83.02675532800731
-13.964885616087486
93.04942450183626
-75.04976785852614
298.75403044495397
62.4157702400139
184.0729146676158
373.4856791859802
-120.0201764321464
353.808223916978
162.68970311789417
33.22723250986701
16.68200236959092
-65.46185385037207
-65.62030857188392
-206.28054863029047
-42.7380879654074
-107.86688643087759
-276.7344039627369
-93.46780799517182
-5.2213066949634594
225.8714335284676
7.789997917507208
-7.444304726215005
97.54593133060371
-113.5495884026459
-42.428476600489375
-27.479709916932137
24.47209026895689
-62.68127043404638
-63.33584190530248
-110.27016124574601
51.05004348208786
-137.11824927727827
-40.77423713351429
28.65540690889793
-102.01862768877072
-23.85993197488115
-7.441668948067672
-48.225757191419234
-69.92562927826935
-22.320090046756377
-70.89539086579654
-74.28872270839176
-75.7485078861323
32.90726480685771
-218.65201598545718
-68.0565821871296
-428.3841116502881
144.58584252528271
472.47207903389426
-23.979152167230495
177.81587515703905
-93.79155721079951
-136.33691984665347
10.587910860884563
-49.44598839699984
-67.17128320858735
-61.07564639489377
40.13098354765634
370.023584059074
-18.10026497591059
-68.32404636437332
-70.91900469774438
217.46235798323505
241.47620374360304
-486.5998433943969
169.39687932306788
-55.44356395773866
139.19828028323536
-75.5641021166939
-53.93441549780755
-60.20087273545964
-17.962599921364017
33.718018571696575
-72.89650954850549
177.33932679161535
124.69542118763638
21.556281599272552
-59.76038861725465
21.69597210367897
-64.3726307545636
144.80408260068452
-20.26887132409962
8.188854960239041
-87.50737861333486
-44.87627072047404
72.51929571828623
221.04178812385362
-92.99496273956174
64.74160562449038
59.834304233702824
-356.9236287516269
-73.00694679549633
-55.79390725059036
-580.7840000239776
72.11914127152522
-45.18736499723693
-44.82823018068757
-69.31393358271089
129.24058802206582
70.63932222823132
11.846372123286528
57.483545998801674
118.59769665090971
-66.63593045560583
397.3681725901497
-83.45300998865008
-180.34888699367366
36.025818290700045
-13.42335723733595
-74.90909709198887
78.11516114009828
4.0529031310516075
-59.238954326471344
-325.7030709030623
-57.251857812094435
23.189234913930704
-170.61786560601286
-2.893667022630609
-280.4920957246886
-64.83769617400321
254.19824784376033
-25.141320280676155
-8.869125378763783
36.98190807682067
124.63407506830117
55.335443282068354
40.50781313005791
-52.51833333981699
-79.5329424437227
-32.2579573723815
-97.13947350590004
-116.21269439446456
-65.04178506503183
321.1708280607363
-67.59654289041622
-226.0132335904318
-38.88408569308238
80.76059500887777
-57.971810859302465
140.5085251048622
-73.02507626790975
-53.020096839386326
603.5019413800046
62.86571168886621
-83.91356053276104
13.458170620742749
-21.642031106037393
-23.34361783030181
-167.7122193137202
-74.31334940430759
103.56360550900717
-54.53107015553332
-91.3054248120061
-117.86702969883117
401.72281596535504
-114.4802112853813
119.28852480637397
-112.85844308564265
56.58351358094751
-223.16066828266958
448.4337742468433
-88.06651506355149
57.81407585259694
77.05124558117404
-90.35998838120759
-45.11613179465669
70.16873485871747
-70.41261522996233
-108.5944142347675
-84.72129574614883
-25.902464976527135
324.4467646328085
-433.0057743394773
-61.3219995254714
-112.13405628216788
-87.2267380757676
-104.13189613903887
11.77982514056248
62.699089789290156
-88.24691437987461
461.7417421436603
-77.51466243060804
168.4016338289657
29.87391092969915
19.22915229291675
-14.391857275015354
-141.41137005957717
-487.70667071216485
-122.44645100824346
-131.99119321657327
-106.13434843781943
-109.94891413190271
-9.687429970469543
-29.668060245511356
35.8732414917431
7.028067412281871
-10.783219332501176
134.5929260813882
-51.547006126278575
-92.2655278329421
-5.159565786380881
-75.13943097841492
-18.52253902267465
-8.71817107184421
-130.95304392190312
131.68396082755135
173.89061104120128
8.96895825716092
-16.059673745190594
-107.79034847057665
13.584024187637624
-191.14747413674195
-202.78774774833255
-79.06798890415845
157.25730467166568
-174.30771784785338
-73.77974952374757
-9.421010092813958
-98.0840880422511
54.17500634687076
-71.85981318169797
-90.5288178494011
-65.83778806970167
-86.44545724400402
134.6358045381694
-64.32571765849599
147.40487265491356
-130.83314014166353
-112.47016234426917
-123.79836168852489
640.1860938511145
12.544353539141412
-110.65607797181613
-131.65148269425845
410.44588123027097
-123.91448173391746
-70.786157839935
-220.76921604425843
-102.63917022500027
77.66551957596948
524.8988945466972
-75.52806330642528
111.10197069917922
-83.69935852414582
-355.2357662269351
-39.859931725923246
-88.82991215544098
-109.90047552460419
-118.09885412922768
-23.544694452446493
424.9443194321102
-50.92100079185407
443.4325556088261
-109.6952820686256
-78.15192606429403
-45.227920051223066
180.57241712607538
-64.60594940470912
36.7257305125313
-64.0445666987173
101.97905148549489
157.28435894932136
-6.17283024603114
-12.674958299335685
-96.30633190217578
28.059421515688427
40.87724741891179
33.688108514553164
34.913129057932565
317.7051121121149
-60.29627690713363
-108.54173769085152
-91.07869246900626
11.135443012591427
42.69647039224219
-76.92450581671619
-71.7114072802375
128.41823441432098
325.428626455252
7.487596555348318
3.917193809901164
-329.10028754660743
135.30808233363314
-62.68412285165914
-50.631033273245066
-128.5722765282335
-78.69327271664821
-125.82338975624953
2.075346902932567
-49.12604808207693
189.99908921731503
143.83549234216025
-6.0113143307304995
-51.14109815175812
10.060948887182533
-77.28263517982795
66.92573353126954
1.5058297079758631
-110.4784849832158
-1.4182893207741927
346.57786137499716
-51.001499334002034
-25.464778227482384
-115.65128225463417
-155.44674431656767
-74.12626412406013
-93.4328305620675
319.910865134083
-26.920440685057656
-118.70888900785468
-4.217381578383538
-46.78378804894142
-67.63823823084385
-57.30658740190913
132.41697135003233
-29.98362909282784
-76.6971079963009
-75.70851525545186
-323.0296032185888
-99.49052771909469
-67.0398333909274
14.333908598483504
-72.03759318752418
30.281358868045572
31.829581696975765
122.21261614147625
-44.21219347657802
-83.37386274932624
101.13005814026656
124.81563009795173
88.72954956815192
56.85964276000777
187.07848951244887
166.4443967739262
116.14203539697337
193.9682118176097
581.3342925866327
-40.07711672822279
320.7702167805255
-63.07814511337305
-360.64764667477175
383.9667399063037
-84.76648162886437
-140.6907744505188
71.92867532111222
-195.31953187042564
-199.99583711085143
-13.919371976928915
-301.2936270344071
7.667573151371471
-123.584353252971
-235.03850520146443
-373.23260636341547
-62.76946823740421
225.5193189547408
-23.4250851048092
-243.30706175703563
494.5189491749552
71.01070338734462
-74.08179357433835
-77.09593294887871
-77.31708217098502
-353.2439666396258
-52.38636952342835
2.4208701203642704
154.5884960462481
-99.5139107478328
-78.93185294032992
-37.20959254285065
-78.8214647535209
-65.24556440432934
-3.5594835202098523
-57.33133353407713
49.28243608712501
-611.7567688799099
-68.75574966506201
-63.98587138524233
390.27387029497004
432.19488828085196
81.53716169847576
206.68265810849152
-61.68497151371688
-220.14098127028774
-18.97131733422038
24.16937647286568
-75.37457899162234
-25.588643551422386
-17.54315941663299
404.04019053517186
59.36590340822886
122.55876881179029
74.17458187712509
-97.55078157762587
121.81395861151032
3.1986707181295913
-84.10613702753434
149.06719134486593
-26.103247036867288
11.104100235605074
-5.331399905728077
-19.297186205840262
-59.83256726984318
-65.91685386930544
-64.6854560765214
111.79468327609356
14.239124639794682
-8.594183274077295
-28.463628087744837
97.43166903539895
-228.3393312199987
-30.635385289071507
-361.8443104691123
-455.41853127149807
-269.2877985277046
100.20373114334143
-39.151580782830926
-96.45660031537591
95.52521512631665
-51.18148493614784
-237.4544871923099
155.8969661350984
-45.02514903085988
-24.299236753246305
24.14277229284596
-34.761003780472315
-69.30577322932936
-123.12155353966955
10.67537240403908
-84.92833112558947
-8.271858797720393
-69.47688513783713
-86.1897998284775
-24.977562222500637
-38.06643043420256
39.01400840144379
-228.5398818719077
34.59361069885522
-45.78585640073874
-52.85414533951479
33.95628098613179
-77.88076696706594
-343.49627052523465
-145.73624206374916
133.94038634581057
-72.9529518027557
149.5834489096269
13.512746643107675
-9.186745761362545
-144.01541205265585
266.6148272720293
-225.036075387035
-56.408033595233974
-86.19331332796017
-24.192898342162607
101.32907370404973
-407.5593576051815
-77.24467426237406
-71.81430224858605
-140.81484600614658
-74.02712721110626
-401.1240925758266
238.39217659792484
67.37394586652226
-81.26253068713731
-70.5395918008835
-74.09511231813362
-27.84738972352261
68.92244460872553
94.58582468607756
297.14153326310407
-20.37298596762311
174.54967661060937
-14.712417006362102
-35.8187979935986
-45.13377063306689
-0.5573597608529599
-30.55253443452355
-213.0918326499468
15.1124479604523
-57.15007461055393
21.31534835463026
-560.1687381482243
20.48116197709933
-0.3699824266644782
-43.67945032966736
-316.1059709517176
-58.414696256375464
31.16376798773581
329.55879669121896
-154.19048459491387
-59.54520829639033
-97.15982044432295
-103.13129556539388
-4.88389167444393
-51.10585991285319
-62.64676427364964
-253.20245779947163
-194.3024139791978
-287.44599064147405
-210.37428858682506
-10.458360537183069
16.73798388753113
37.21921010465121
-339.57360394823627
-29.967280150385704
84.77668154192725
-2.790193774814874
-5.59563293374832
-40.08513403306787
72.48822930964525
-163.6211136641523
-25.398655873804078
-128.83064127683974
-164.66067947964802
-2.2795260277398484
45.4606139590087
-13.7778756021562
-11.75742440317481
160.90224545502497
93.26332650958466
24.674479029679333
-53.87084568395403
-80.55596410356583
-70.35253646417885
-76.64614226645281
208.26485883346868
-454.5140880432882
-91.61230535543801
-89.94156737076082
63.05498744711076
-78.66551606169189
-39.763732338315094
95.06007060071715
-137.5211218632412
-60.36310912996197
-157.11773292937687
54.0790542708246
90.92354162417541
-61.25673886423212
51.83625935687269
-368.04670115047156
29.55530679216099
-49.912706427307484
-26.869517146087674
-7.928192094144833
-96.8045638784788
-79.16599629067514
255.99584330134894
-11.084974287578984
393.29608837470914
-7.726733680190591
-86.6777154631664
-48.62843110176698
-76.23398626937364
-28.7576799839903
-58.805900260513646
-10.887954610564975
-33.296682664113945
30.303777622671987
381.06598853759897
-38.21682375967104
-38.215790041025684
336.3940295102293
-16.57921824030018
-26.99426485714139
-11.295159421352196
0.403999378651406
-24.12055863138599
-209.01471086193033
148.60273185525693
-98.59024570540147
-54.770714497884356
-272.7865563278665
-84.29778961729996
-32.21036272375568
-6.527892053819983
-73.66141396739704
366.8133971535708
133.7015443620785
-9.25538776266876
-172.8711764125983
-595.3394463130662
71.95331529440955
292.90309186331433
-5.803177418312771
-50.26686394380184
-518.2233922383821
22.534787627007972
174.7023246401368
-56.69013833272402
-110.30313258108364
-75.23649847564675
-180.8599234958656
100.48213085371572
-41.699079741609694
-150.54541533643078
-32.955806300216864
-33.35113547681441
-81.95549531123874
-74.01195952549551
389.1009674587458
-55.75013635479798
43.375189143530406
-51.977079595155374
-25.704433362124732
-38.3560788851064
56.57643084456595
12.976587220288593
10.182970709317651
-13.524673623323451
-344.71117679132567
-43.75921260150119
30.139599685467147
-69.24056587581669
-0.6107966535601008
-589.073820063104
6.784297196940543
49.73586281733424
-50.95697955122467
39.99674913565468
54.98948661467921
-14.509678862682222
-22.76104414825238
-285.0448482692036
49.371067091612076
-17.127161406195228
-58.949581801108934
-89.40783478425169
201.67172816459424
141.93693868528862
-70.57271118202446
-51.22917227565267
46.516652401931424
83.13226151401977
-14.269206791407875
-83.58256281629474
-337.6916154164992
-60.704045844612665
-4.750492449016747
-91.80958220626218
-111.78759131457613
108.5056321667289
-25.085210071111355
-124.14190205684372
-24.08129506464138
-91.75256918403112
490.43309644787405
431.7765756159406
-457.6308917302986
133.7007138379372
-72.74943755836284
440.91227026161687
-44.8868030150345
-89.0794701565062
-19.91671143268104
-305.3635369859676
-194.8464241347083
35.7047210221499
-188.4637229909631
-519.0686088223956
-20.09748457561227
-35.925168911264336
-66.55159667764929
152.48304231601014
-24.907548423350363
-137.1344877356051
-65.46063732526167
402.4012510935281
-80.16214945616025
82.57628402970113
10.107883541910155
-208.2547942539386
-81.11769890597648
-25.168034351430833
-11.865094974778913
-227.68443051374197
299.29770728313815
-80.31489999838277
80.27128712578542
-56.381425875770304
-79.58473527190127
-194.11269318610357
-5.6742040441363315
-40.01090261876804
-0.5702498188293248
-93.01449614766716
185.17209652132988
-11.674267277816398
-2.961661063724023
-187.14407522855072
-8.857122218272252
-58.676480002276946
-533.8444670154568
-58.41696022795783
-5.650506855000003
16.071231562384128
11.56090064698958
-73.11166062347226
-73.98059298019972
-531.8959624391737
-36.758568732536446
-54.46509976520935
41.86724740895488
-17.387932185900354
424.5133394984032
-87.75702411982428
-47.08430791791034
-142.93090848414994
-66.93598163470833
-19.604190162463055
-61.26827779410802
-392.84785785760505
97.25064490391378
-50.477806547084924
-15.983854289190276
5.607134630316881
-37.64711880291376
-143.19888519613232
2.273854847238338
-20.887613059394855
12.686631617871171
-52.50567222837162
-46.51589645146345
-100.3595359683859
-340.01005446647105
-36.9666783059231
-326.18445288183284
15.573117190307435
-9.165364256429307
337.5149559492929
3.967010678165252
-5.418679157321094
-5.908579106469915
-56.887354086621485
-14.451942344374888
-44.819790886880355
-18.89536182084387
-162.18123025834575
-126.99442733044157
-196.82234205023087
-155.09329605392122
-29.497668885447638
-89.01899421929477
-150.87747718906394
-19.603406713153163
-98.10548347018812
6.211581153634044
-3.266639360989384
-89.40050438615162
-106.22351149728047
-133.13569069937785
-54.388333474575695
-381.36419404712797
33.05832973065071
-182.81565218881815
-45.649622646905236
-2.8152590241734288
-83.01849077733786
43.60216639572354
224.35974533005356
269.04951623152556
-242.12879045788395
-101.21432459717471
-86.92982376010231
-55.23723205001439
-55.46146239663176
-274.8585457346244
-114.16771434623297
434.7270640167335
-101.2838764273256
-62.82838885444263
-181.03596205240683
-104.36575674854912
-188.84448580709523
-44.622811169392776
-162.73596109374466
-174.98014284143437
-58.18046663063971
-24.908248432248
-224.82459847389873
-26.88685134125825
-105.01498704802725
-373.78484776577534
-105.65674289104007
-54.19367250754725
277.21102426702964
-11.420914546240965
-383.8883492000896
326.1618754925403
25.587852546643262
-103.09629486317317
-269.9677015300513
-122.63621616140108
-90.23503127077129
-41.3883139696676
-31.076332826977804
-39.32757716552169
8.528287110974588
-73.89746866673886
394.10059990579794
-19.588115481745263
-52.31517813449864
75.25388405880312
209.6858585886839
161.33193741634204
290.79457944677233
-266.3536439797517
-65.24746719507601
14.622805868539585
2.2547659337251544
-112.42398083822877
-54.62711041416196
-68.53487815105095
-126.3165574031064
136.12649692917876
86.46357789795547
-44.837511643790094
116.11736942253083
347.5025514625304
-90.51715640933617
194.19644930546383
-90.93285330120307
126.1362686858156
5.224119279463594
-69.28720183907713
-68.79027922484465
-273.546559350174
-113.1569065714375
20.129857669360263
22.36197828319382
-22.26275591204285
-426.13579285500145
-178.13246448100836
315.76206585456566
35.859933917980015
-70.97606080076366
-1.446493045286843
-47.562812137632285
109.45445880144507
-38.58476123480353
31.192343349586736
-316.24298381637345
214.49563039362147
-99.96848195164597
-62.50602681313478
-27.110762278491165
23.92438639084253
-60.92981191602244
68.51079823802502
48.99425779116609
-10.571676571380923
-147.78118345666735
-29.26551578883482
-162.83488791880154
117.27353463512554
-89.19029908240927
11.26613884748889
-289.6395217215213
-88.3049755796801
-50.8749886377567
15.158646191203388
8.66564063482474
-232.87815983533528
513.5711458999567
-45.06163012172601
-50.82335449408998
-181.23830643832844
155.67007890717832
47.40950669162703
-18.104719449176685
0.6226559471135715
-46.34055887428182
35.27901361007753
4.587137254703805
-54.358165505442464
27.215139032241495
226.57502693068272
-4.3284242714039465
-12.70183599153097
-38.27796423824111
-229.2799880219809
-287.9799153662916
-8.357363176767535
-50.40412225010842
-52.46134329203943
-186.83240121970994
-331.39456798317224
121.29617270533163
-263.87395704383925
-18.156949303016052
-51.860813470155335
184.0941855498313
-81.91765346225809
331.6349845015029
11.151169205528277
-16.24417633007397
-93.61492066497703
49.038681467690594
-190.06618244633046
-10.480586128467621
-75.45379228359121
-260.6252950715243
-75.23430849273609
-8.622958624667262
-329.5098954694877
7.966573662668452
-80.09739795969256
-62.224548254863976
-38.63671136447397
-87.63776693200231
333.7658225983487
-70.90312874937621
-73.09804246439126
-20.186328641006185
-29.879850657715906
-32.40026559311627
-78.284874341593
-16.714446690673178
56.75495268760642
95.5585631120448
-187.51918673979435
-280.39799544093603
-13.725154578421552
-278.1259231170279
8.509453868036871
108.76720451963229
377.2470095048375
248.25708204314833
391.4942759891255
-14.648817307566787
-45.29128843699823
147.31512737864068
-25.920539841567006
44.23524128399549
32.81066524427297
-197.34255118794135
-88.8724627237599
91.88657385437727
-49.61705038387428
158.8482114300714
-5.791747371286407
-35.56516536388426
-42.74511850354793
-46.05535036781993
-163.7646622284342
-96.47273184975475
-74.86468504806726
-1.485025923233934
-32.487459759698936
156.71025839721187
73.21788349561211
-171.17422757547683
-201.66294234817724
-107.6649152360175
38.14106462184827
233.4769960290705
-227.2938585448428
59.41437225893651
-115.52654598595791
-79.67474508556904
-198.70029596689346
55.024475719515976
-338.345002817623
-25.702790768697014
-5.31211496231208
-61.2092085134441
-80.22662748382733
-86.78341312462635
-90.35144294272942
96.43652213010455
-91.440700275165
-314.4453006774511
-21.71648129044206
34.98135956775229
7.967151182103407
-100.02976023348947
-88.87223045014252
-141.73402338052074
107.55562985472898
34.070599908540316
-7.999115410049654
-201.70123219343168
-57.66845652802348
69.19398528205943
8.74939397599394
29.925298049649427
-62.38574290033284
-24.025806082805502
26.27565009325008
395.2143246177184
54.25109839164543
-66.30911456703846
37.15888888954214
-74.42252193101558
-95.356721835579
-17.0244458732235
-271.5569367664866
394.46432550159807
-409.3587845114944
119.91772651150495
-320.6708813641435
-83.91539402398826
-73.63825912105531
-19.416666074590466
-57.68176825139013
-95.12687669145902
-68.93586998208525
-55.578426045476846
-18.414903715839216
-160.09706084631034
-169.54326212192427
83.56079386515921
-93.91352675046097
-449.3673572742573
-64.49652636957505
-113.47084624605668
348.61876049518105
90.92739541245555
-391.9163062306561
-71.13037554912808
27.36709944298309
-77.69760111202959
-228.9996138150491
-302.9479077226388
-30.76527947064642
-264.5387843673161
-10.4276976714591
56.88612745521641
52.03984330043204
-104.93199885956619
108.12037623812648
88.70039046654165
-229.95899777184786
-78.51800833961771
-94.0788508167189
161.59897722820642
-0.9761537783324457
-44.18912932627265
-79.2120201983199
132.0755048283172
418.27235122431284
-94.52992258391077
-66.21097381936124
3.2235570874836412
1.6293217457582614
-475.6772222315358
-30.84767440883708
-23.21588035800255
532.8129016841613
-285.11081750540325
5.632305237725859
21.143843840471163
184.21523488570892
-41.50200432244901
70.98643728243633
17.2104719063409
4.213412830060406
-39.78493163042458
-184.91084755132943
-42.093271434720734
36.4594895059837
-134.5487725186602
-265.42896596759965
-28.190079472805678
-108.7273809458602
-35.23653390836137
-53.771929609452854
12.124460942710357
-197.54492136355657
145.47935873849565
-190.91063657697578
156.55394371511647
-53.678028865136014
-84.57634139377569
22.928284185858047
105.7850505365368
-25.997516155242764
-110.84724362993495
-47.61738494913132
-115.57296858764494
-44.63063359942362
121.75645534585601
-148.98630348884217
38.04368614388841
-32.1549955716312
-76.73008057075614
30.479527910854813
-37.79623982955923
73.93621873182747
86.45966908887567
-289.55343181760145
11.889042320826775
94.26771194212233
-90.42553115186685
-156.97103934673578
-126.07379538621794
27.726081100903684
-29.75293562048114
-61.33202508478263
104.49370194415496
371.28963746290356
-152.59348360033982
11.411367707081808
-28.275349130360226
-90.50794989780987
72.13571646725177
-18.319131998090825
-21.27684878725205
-69.96302869740377
-0.9953867098884075
-218.4160022947599
-69.27399440070963
-139.89341988467186
-52.26749755793571
-49.29198981378977
166.05669776135437
-71.34819867540114
-117.38632102835872
-27.417733721120396
591.4260529339917
-0.6905366756690512
-101.90692223058613
-601.7830427611771
70.05751398171196
17.281127538313967
-87.45646433895242
-111.51332039880988
39.61351465259122
-143.25250483485434
-258.6780418116268
120.3839588488645
-28.394687879459525
-121.39193856026371
-18.220908920635225
-56.9964320350407
120.10856624391454
36.6428082620514
-32.4189153640873
-45.05576270346734
-8.97126912071144
-60.23500729429179
8.235622798616987
19.987936746712876
176.6256184095896
-244.1127889391464
-164.51073538032688
-26.55854012605232
2.9230432694225783
51.84148083034415
-46.46293853685256
-65.0004184101515
23.40881719740628
-42.817275237494016
112.0832664808895
-118.53080069596636
-117.06886767235483
-54.37064699494641
-383.4545074429516
-144.71120009614606
-42.363936569703625
-41.60210298673769
403.0031728940776
-87.40882505913123
279.40385712374155
183.69279738610203
248.2486226618239
-57.25467714330989
-241.59160900767893
-151.08828183899823
-95.21278424361655
-88.06901472227744
-32.86541116546964
-53.82754182128354
-63.99329152567407
-41.607765123165706
-91.20496283341677
-14.842735281036312
160.7268478333608
-38.02046641971391
-128.06614561714196
-143.3125942213792
-110.29114928124727
273.43484508514666
42.11164755849313
46.41492152545288
22.418217489959346
-63.72533437859056
64.09119931773694
-36.235986996921824
-42.13143940986265
23.736288948854053
-207.47799862904685
27.194729525552248
186.60298588430487
-65.63269647678949
-3.7023636668327526
-47.14677191071712
-133.5222258978156
-262.852032691927
-108.19402684714623
-52.3756217191019
-278.8906087259693
127.91302694245223
344.27189035993797
-111.08936474849926
-7.780221655977584
-27.555528292710537
-86.27727593241434
-390.3190591514249
264.275275990467
299.81940591934836
26.869497768857002
-95.92154780348017
169.04162067949937
-81.71455226369346
-15.78874068512414
68.03297819608997
-16.002286071781327
-83.8622966595866
103.85346974958884
-254.51750321424697
-42.60268739488463
268.13939311777995
35.20477358522203
-64.31088316189744
50.97292153709486
-5.62330744730659
-234.47816281184714
355.1583872634819
-60.87577439409597
10.646473069141393
9.942249489825718
13.466102329471823
-65.6966175584591
-11.630839313582452
-4.215580307906745
6.508405707758811
-90.83197100764414
37.90275038371374
-80.97978218475782
-112.25740974262226
-87.3909723232214
-49.93347877722863
79.06305210981509
-35.75879252581399
13.547667118536538
-334.82421473158684
-51.845278232019915
-44.817106644259
-60.18044790009566
-162.41439434715357
-25.525685168373638
-106.7902689541952
-48.75658958907661
-205.84908955820902
-398.8464532968828
532.8775882901391
-12.003504274213455
72.50500449854917
50.94759574672935
321.4397711423935
-82.73914586012143
24.76963499011913
-56.39322960364157
-108.46107865722479
-93.2759768841247
-40.840461602771086
302.3104200810758
-122.95781830138003
79.777701915737
-50.39964068992538
5.401075947848767
-100.69325337997486
73.43389570655381
-318.117168258892
-163.26996504409908
305.4793177322481
524.3579731916507
-41.85093713506768
-146.96345084975474
-220.05981989733664
98.58985345026849
-63.513889472740736
-86.57823781504123
-72.72332327029856
123.90766312201777
-37.9294014889947
-199.42744171911545
-110.02662039041206
407.86389129477266
49.99135469597968
-64.05328470689076
-610.9986493461583
-46.819917952131824
-69.37784374911512
-11.92126046912734
-160.96445607530222
-382.67551607172027
-284.45536350783186
7.191208497608386
7.679087431686639
-182.38090571739122
22.126584919133165
-73.89844289491248
29.638619921547615
639.8812028879493
119.995741640093
-159.07781295812038
22.77567506962987
90.73004001386107
-26.955059863742463
-71.30529794663016
6.172347547533718
-490.7455819651186
-16.485081378586983
-80.92750885112767
-309.42446897274385
62.97176995351629
-76.88286903816937
-41.139858887003356
-84.82499684393224
-240.40733979745892
-274.2481791244636
-64.19783971714753
-36.08183948175531
-5.208409138715979
-63.59190708442156
-43.668855155490746
319.18156743978943
-62.70031270291768
26.473133207515275
-106.13085997218505
-76.59478641274353
-310.5052050131126
129.2677010958232
-33.3404146698873
-29.915983057961846
-93.32862669873397
247.36816431607622
-34.56646907836148
-61.48221452713496
-50.559322113866074
-76.51209064967581
35.86386708873579
-42.930464226327274
-100.80494538940547
231.6510302127208
284.0943694252437
-54.08270964502316
-17.78784126526361
-143.23091634900447
-77.26143121281264
-416.62188295431224
-4.346065821851424
-14.116149668217531
37.476444799784076
-95.06234911262982
-19.048751972351965
-53.00216762215648
-0.7038940670609009
-35.97883147156972
-51.699063768315135
-73.25952528205198
-133.9607287504335
-98.785494233876
-34.41075965755396
28.042858026514295
114.36175763986103
-95.60740310346168
-541.9514911754814
325.6035164727127
44.83295482253561
68.31429491847302
337.79462434564266
-20.60967348213171
-2.635834541571967
12.524150970291885
-21.530984912819918
2.9906209339465257
-163.51963575638547
-119.5773206883423
-305.79843113822244
-26.473423397778788
-150.0527689813607
-91.3808266121932
51.358894390597925
-412.42727958124124
10.320691044792408
256.9579252313597
-25.61521933688806
2.1707593987475775
9.773125595572765
27.71816495242888
-208.38523728502696
520.1819138509545
-333.5141820756435
-46.632768390861564
-66.39982477552076
-167.9715252034166
28.51453732518803
43.977371142895436
-80.51952374943812
-74.82379793257493
-347.86690288036516
147.11851028093406
-61.6867900903725
318.8455556406716
2.0227954178967025
41.00037826469088
-461.54706411874577
116.7465277804622
-97.09581977657604
98.29885340165856
-92.64126945183125
64.93229722319666
-42.452725195917836
140.26567449396043
-280.8395408057204
480.5755344283607
-373.2829701916471
-263.6707483251703
-43.48281522385696
22.04639215484383
5.1545055073702315
4.401426696007697
-75.66432716965573
-140.4977686546008
-3.6129719041618955
-15.167853258430114
-59.84463828604498
-309.1659958205373
-179.65953606320636
-52.604059989300325
-4.59640687384308
-79.6153382738591
-90.35468647860134
-78.03080089566674
102.04307838030627
-47.530585143063945
71.02969042186669
64.20759285638087
-42.31483627963738
-143.0028944632697
-20.699205043682408
-21.262091077841887
-145.3601643463462
18.554847561248607
103.33461346792137
-46.78570341808186
50.898848623700815
-89.89040356467882
-57.83234438164553
-102.99755322268447
239.840044488903
-9.253645083794908
-199.6470035406528
-19.955962787966598
-98.34954365550493
24.50880894341367
-82.66676902435938
-58.96290178089657
-494.39992403297856
-64.73835877694955
-65.08951764872012
6.650839374430053
255.98297601405557
-77.93782631200335
-52.42540935217936
145.08281692052515
91.9676598810438
-161.97728741854007
39.08776659555724
-175.39251054665328
-60.82534905972078
-131.26888582219544
-12.712696658681637
-22.19760872544248
239.21582421340827
-43.3374652736461
-63.16731577007589
129.301145574349
-188.68762667961892
-13.010842505856544
-34.3099527474933
-58.85894596977577
-75.07528747031667
-6.614979107020403
-294.0546625492252
-51.27570257456864
-78.8279200976558
-408.7864079635874
-12.425996002929192
-71.41717501372923
-77.20018317077046
4.967025481368182
-64.78601342164949
-49.233408618865724
8.189175310990322
121.51428361042235
374.00690340383335
-133.50429359653754
-257.81299922020844
4.562632942562342
167.2082470360765
-42.09514012344516
-80.39831785485947
267.5125641580671
-11.425861182235167
311.61822485989615
42.66658780190937
-54.8871335854692
-348.420562075773
-67.73956335143703
-28.14204941016078
-71.95292836751378
24.915098808120092
-44.88360271996471
-67.21556357387999
-119.61493588308804
-86.81544220850446
118.8740142466886
-132.7944434531928
-433.4057443859565
-92.16597581778197
267.67817882142845
-247.5746668915599
-329.74765760880837
-47.562382239551376
-324.59163929528586
74.86339049916387
-92.08523092200933
-72.96441327670644
-28.946784667795328
4.486409889883362
-19.016495903306804
-74.65847227464292
-104.67031804882038
-337.27756104337095
94.69293516479138
-32.999568758732494
-155.42133820542404
409.6112092490803
69.24225783751763
0.7400639760180638
-216.4388685609756
-109.88327391677194
55.660379191936954
173.9413151898898
-166.61323093360988
-32.921582934386606
-56.962514122837746
-78.8026123736363
-47.14541857194206
-206.98548478749217
-145.95585385848426
-345.2811765055767
-56.01729220383277
221.041266111627
0.2887537047508886
109.07147683355106
59.48550800911971
154.96200588660395
-39.66136694391025
568.9082157146004
-45.216275602200604
1.3866808588672939
-45.09710197601831
-87.91507625672375
-23.6906127719227
-51.14313252739055
199.98074575326973
204.64369817486659
140.6868058521468
-38.080948166674006
52.73493676046928
-219.39828343245244
-27.88844550263261
503.6183580423549
80.29418118569083
-90.4833207556494
-30.836853230698587
25.04144878869556
94.62023385402972
-79.29852450603451
-55.23313362721092
-62.39273514126504
-14.545396447862913
-107.15025291592974
-180.46298391034725
-87.19941858137604
86.39963431103388
-73.5116005811148
-62.130746436375375
-43.53652278532627
-172.31803207776284
-61.38169628829349
-115.18101687633316
-20.95169925172229
-62.48743613163424
15.473531927136719
212.06527174385337
-21.288093506268467
-71.13642933109028
-77.67671343275994
107.3317587472593
-241.3092597323648
-116.74410764079585
207.8223143348623
-150.73348237289974
-25.557748750039437
-27.9348466535713
-6.094341318497754
-100.01710389105337
-62.18792637497931
-72.09525926227313
50.20272608663436
35.05590036267495
91.87343671943245
261.3039877563151
-44.76881722284198
-61.52226454637821
54.63829457653674
-506.7781837235725
-37.09310287748778
342.1077664296172
-91.95108874398193
41.88889724570572
-118.11900995630276
-79.44699628333001
-33.75550286515684
48.023787909584826
-27.228360146090036
-422.22076296338855
87.39912450790325
-34.45360087398694
-96.89038692983922
-30.95960319128062
-112.68866625252977
-25.85672604115973
-71.38416031810266
-38.150765848964966
-301.9908851579403
89.23644763580342
-107.42920216197707
-176.83497270674343
493.40491935466525
-35.33822866011002
-8.413361596855793
7.215835030379367
-39.066989099869716
-76.16344453465717
18.228575314350564
-128.7527583658175
286.5026886290443
-54.534798689635224
-61.96275291146412
462.0952259798378
-15.053889891038239
-40.869197205910844
-50.10623357631247
2.4290512922443668
52.042757722043916
-37.07237047215949
-231.28891856409973
148.1200204044685
-12.381832421650241
216.65039386292665
271.8660620339615
-42.4783781994156
-361.15787316063506
408.3835322217983
-213.9663040043779
86.35834074533432
-15.832765466242563
93.53864238975257
-26.038980316176293
-31.02734315052112
-145.66620389328273
-81.59905987856139
-117.1727102415698
-43.59836991559496
-50.273533474919645
-29.29716350959779
78.55548331860882
-84.00943086137325
146.45811849366692
-41.088905438301744
128.81891792602255
-495.31806458833125
-459.49464273974263
438.0742256810663
-1.297824169625983
-33.113661932042305
-16.818987645723542
21.82841359714166
-70.8076618355687
26.197081339223587
99.7052683562215
-7.032351024876334
-52.26514560900978
336.21600385783313
-116.06839061549363
-61.64559623382267
-47.57161308352783
-17.80855465415152
-102.64939180487704
-104.082560893341
-44.25518136930571
-65.86027300623816
-130.87452577248223
40.47643856561582
-106.58655444248143
130.55710667550557
-162.91678836827123
57.614229053370764
-89.1562230726031
-52.46721417500339
-66.42129311616918
-234.0212322731595
-65.08985918156306
0.7968400742154198
145.49849662048337
-96.74869019904352
-7.921313741741869
-54.90929646148834
12.835897321378184
-30.280307172286626
-85.40116885434145
-292.2805052894764
70.04937013686799
-25.884690929669887
-118.97860174705875
140.8668836104523
-144.73821106340438
-37.98151996232585
-67.46280358799149
-55.46245836506637
195.78327538732992
52.204057932293836
-58.260088889676354
-72.0570402822846
-11.637427777468474
-46.683415913908455
-67.71690776069984
-76.92405653478072
72.85526990956896
45.8118796832332
-66.32841249861444
-14.700573482078198
22.89726481220896
-106.76337068357249
-52.010763428794235
-94.46333525078353
-102.83691202681621
-37.213323530504425
-81.52268945362687
-45.19595504828726
-155.42584078590153
-249.46266458236278
10.714056661338418
-231.07595977019628
311.482472395528
-27.6914367449981
-63.26264029315072
-38.21107870562446
-99.7274607499835
-61.44936489391772
21.331641713322824
-59.224692975187054
-44.5135914713846
-93.90510335138839
-99.27174071142879
13.115713141103697
-28.762154509187894
-49.45235249294592
-39.09797718753026
74.79074183880402
-15.747087082369148
-41.11576119718314
-223.8231350938604
234.00617632523426
13.663561906797895
-62.040880787345
331.06004275357554
-50.64976744406948
-4.47123386687781
-86.49456237663856
-1.3571136669888801
131.34223577839293
-119.98147187063296
-9.222816310358866
-61.36284394309057
163.0658129432377
-536.1821425774069
-133.53058507936294
140.10001489772003
-64.02908486279023
-207.6649724983963
4.69291152853566
54.954460643812126
-74.5065634000425
-83.75587281136488
-200.6380904578873
-35.24242411435664
124.20148235398483
-87.753956104782
-3.837448987777786
-26.148693345094216
101.41728680879078
-81.97290343673876
53.95202588538723
296.03994879314814
-149.4160971136971
-131.44418910680088
-73.22385119395585
-182.45797391145788
241.65325383176514
13.77120485335763
15.208206714749366
-94.4644986925905
-21.23942091093886
-5.200625560495162
458.43475214415776
-61.22570238608387
-53.402693473413834
-109.71029231297052
-42.93778125247617
-64.22300226003314
-69.45306825486038
-0.24599138632220274
365.364835337401
95.82526020715522
-209.03224232375578
-80.54511300023707
-13.946626747931987
-90.56854115839451
-19.712612947829257
301.0821144179554
-48.199977522986046
-56.72451611279757
108.83168039764132
-154.68251063719254
4.397328934487632
16.8618242655225
-72.49413506242794
-332.29552882459393
-45.75753441261606
-76.51310295044868
-187.54642882133885
-6.360339124719758
-33.961437341235296
-129.38466449907435
21.581816575944003
9.971539157199004
-215.65553993489084
-30.32580315994077
-71.82842520125087
-41.746383300534944
99.73586645344585
43.07812053298039
-80.21505071819428
26.225581413936652
63.587405551896154
-98.15610129861125
246.2018063454043
-93.82823819209094
-15.764920784702554
401.24621150408893
-69.21722750821367
-68.3763593438307
-132.4863970326678
-228.41068384809114
77.18560716093452
-99.37042157243377
-41.92011074819146
458.3070382693986
-59.04648927870824
27.456303499705427
-243.21529665985508
-65.16088294429511
42.066359396034386
-28.259909836761153
-66.97401195124665
-67.77455405510591
-75.42972591253965
-62.84518662612501
-31.119933334046436
-13.993050626512286
-29.454157336127537
-83.7218384313649
-19.11202233075575
-207.08805777715133
-234.03738494957543
-54.60234732210956
257.6003928067039
-66.17718510314239
-27.018433800607827
-42.77209868808404
17.219592905752762
60.69297634649229
-55.64660574481634
-104.89496790862799
-54.70763368805001
-116.1248859313362
13.22863915965354
326.60446278553536
465.8529934301114
42.27435036792849
-108.68989940552729
17.299214364220006
46.02263926693922
-25.99032675046152
-94.49453800239932
255.13353119493604
-111.4134379577336
134.25467897851559
-15.114542273430686
-133.18336019580693
58.63389954509785
-213.65251250706388
229.07940734747172
-461.69441919263045
22.54927894560933
-348.17918394937806
-81.30669390967623
160.08238082503522
-41.27860080237414
-361.6987137905435
-207.14811495342838
-22.506807060563006
-74.72685861193641
17.196552067191078
-38.43486598936306
-187.93320940207923
34.94774073688677
397.62792277097105
-69.13420681927687
-19.056350634550938
115.64718494563385
-151.83265766890509
102.22816079875156
-8.495882945801533
-119.97472934447705
100.95140135029169
397.0672076498249
-61.823734365960306
-14.63324184898903
-2.474540240039421
49.044367307884386
-99.02785037720605
-365.3499391570058
-26.160319393985674
-545.8568718054685
6.886808534123702
26.017679559254248
-73.59389170751082
-59.88636969045784
-74.4196406932341
131.644501406907
-42.321105081325385
-139.18308223207077
-92.73191696329877
-43.71870859671253
378.8853038639518
352.4124423235062
-70.65168133078805
2.930668483239392
-21.903193013285513
-63.342212791535566
17.617634132340754
282.6221260399634
-68.26109852670317
8.652839588158445
-53.34689265893394
-30.00567636801975
-29.27623614877424
181.10678092192575
-84.37707320179652
151.69629725395498
-5.202878657011572
-104.55368190130307
-67.81490109394568
-81.1220665495166
-105.97083825493662
113.81456885224179
-150.26505890864064
134.98471698763387
-1.197725151667214
-126.92861545109008
-20.92551203385021
-36.11246431782638
-16.504488108465466
-363.088382458398
-87.90871159119706
-71.97066356444361
-237.24609955580672
-112.259927618652
101.07790829798614
-43.97796058649146
-96.58882559317021
-46.95700434778803
29.751135035808147
23.496006569999736
-266.25236339373805
-58.881622428537064
-59.01289703226212
101.19301994189073
-42.18390931552858
-48.247643182281536
-75.67069485064349
-124.20724602040173
-32.65640262179355
-48.111323943083335
-60.03473559920167
142.57802982812245
-56.0303435827027
-97.26246934075789
24.092616877263936
-30.893285634687473
-96.95426945067746
-387.71351824662634
44.160450319216125
-79.70864721167527
-127.14012288287768
56.87427666564872
276.6433707576971
-72.6938612521669
-83.93247864501457
-58.355121135901754
-456.41910387292955
30.982427958198514
-82.75651267039484
102.26009189296019
-98.7844369696531
-88.54296868176772
80.17268811358963
-23.945479415745467
148.48822515521397
-25.489391605497076
77.8780044884661
29.971801914867683
144.55012592157073
26.051792685228065
-77.87382498560146
24.385426247505166
5.569756255459652
-48.66162792077375
-7.2894691452852385
438.03409958595694
-115.2863617863477
-267.38651351683075
-63.248795774047785
25.360539643032666
1.466879807877703
-26.904547828289708
-41.52887505290664
53.00377871065575
-135.2735542930277
-117.22783182672538
-337.70294851961444
-24.47141518998069
-162.5352745844848
89.26327577787197
17.583500191607527
-171.07217331862194
-479.27628706447285
-81.17144980527016
-55.63932803260309
96.48734281219186
58.00571257576121
151.4585484241752
-459.4114085304627
-60.32906580355723
-124.68870887356054
-426.7627111615784
18.130922491532147
72.72640911612552
-94.73215055919536
-83.14681165358624
179.8763401139513
90.10953625095135
-96.02684176019102
-5.122085976960079
-46.10974503669494
112.7123322699972
-351.91314805682305
168.94999937435932
-263.00244112084147
-20.17548440923747
351.43644708091597
-453.47509119604
-50.619345329165434
-96.05866878431982
-24.448914295329814
5.866876789762955
-63.62622659195654
-258.2107043340711
-201.23138136461057
90.0198766310632
-412.79166474171143
129.613759824073
-1.8788785163301327
444.9813783957361
-71.40140871270339
43.825538706731095
-25.625236082654364
5.775828146735876
-18.677727868464387
-204.0275850214839
-30.112345416398966
-22.39427471075041
-24.759541022658887
-447.0082041738051
-408.64062221692075
-11.278903739821487
-406.8754679766789
-12.627926229180181
-1.7315028451733123
-43.84095251118197
15.173105887219322
-75.87825441561502
-37.17365351245337
-9.153894897018006
-75.94612316403865
-3.656695641209353
-91.36115704442811
3.0913027390397474
14.804271574272207
-371.98739893268066
9.02969140830046
240.34206221247587
-10.03879965021224
-98.12655706419991
64.02280385266931
-48.47170620869268
-110.01064839233823
-65.01677448850428
85.87546449920956
466.2836695463011
-326.98508598388435
108.90027202790225
-9.185056663538148
-62.48541677134108
-86.3499922239445
-72.13260449573363
91.67709158118441
-74.5637760744412
-101.72425742197326
-270.47204909326865
39.61006098172311
-55.98127956402543
4.700466827478548
-88.52013439399047
-37.89566275164353
-228.8381941196476
-386.5273121209557
-51.15481893416404
-81.39080630535378
-32.88363655689864
-89.09600699082037
-278.5834280806703
-13.449949636722806
15.214438903314658
-80.77175846917176
-7.096940341285901
-1.085950603348465
-19.658391519224722
-67.0327303256554
6.255667415390235
-57.47739776516414
-101.37847159840067
-47.48480313654812
-33.04893599506212
194.73796602577204
-40.46591512452608
-39.19372284371093
-221.10340957335757
-121.5291749402869
-88.91265831866258
155.27661431706656
114.51360419958837
-307.8337707623059
-439.7801095953546
-35.67762875615517
102.66403764345569
44.44109284215119
83.10464770340695
116.7158108552212
86.98877182165677
-39.42358419702941
36.60304627538608
-66.01698715196477
-192.7934916862505
14.433981534641134
-205.46782562099816
-245.75001473019256
-11.32437288252288
478.43867121263065
-55.063365926022925
-309.323276945026
-84.86260821005362
-104.72842990390231
-31.07182513138156
-136.0265631805123
59.74846982003328
-36.18078169151431
2.804538509059057
-83.08929262074798
-72.07872803725675
-54.363897454525585
-94.46551993121638
-57.35871501652855
-55.3140584537457
-583.5879094999636
-74.88146272391845
-84.48305520030044
52.13222724149273
-76.49649546391872
-37.275818498188016
-42.119433203544546
-109.20563142946327
-139.70478984576766
559.7021704691315
281.446140823271
16.65987252562386
-79.50083668427578
202.99909531291087
-17.859541898376847
-59.05117882509083
-28.678933415620122
125.56411276103427
-37.79214114095734
-18.227311572528322
-50.48696617129747
-34.03763380810415
355.2648185606231
-28.02962871190175
-70.66645644608595
-132.6970871916019
-95.01187141344974
90.71097537886953
364.419257726644
-41.47608778072663
-20.99168121017192
-43.347457958967276
-103.1142503136604
-59.682958924332326
80.67217316189908
-53.91537356115377
-27.55513470006781
6.056629387632711
89.39885570747538
-80.28367156564912
-157.68756751019464
-87.82788409416753
-23.88613040266347
-65.04263128037746
36.45936752315356
-231.63603135094672
75.12947102699763
-372.033361283653
23.217116859731675
-88.91327332476794
-36.131613476016355
60.18664800356055
-88.3801242066329
-55.7210291248125
447.58151629936947
-39.467657485077254
287.42609213343167
-29.59030749408885
-350.1793188733991
-166.03719428552176
15.731527298088622
-160.9310414594147
-82.63803007467503
104.80700459414402
-2.8476639422133303
-303.9253357729285
213.48974418346916
-118.61736035616389
-29.41493975515592
346.63862153949776
-2.5514177925734884
-30.14472334075345
155.86593147249732
133.32631009049328
11.032574573903458
276.03837370482506
-208.01135923187394
-25.91497610814963
-39.90009453620405
28.52438508014984
-272.9901501227596
163.73344803645068
-6.488676862925786
49.887231702086865
-55.25302496892277
-178.27469146319254
87.37090206780249
-66.12060146958447
-62.368011479946006
-10.351501304360529
377.4574489185452
-58.476524745539365
126.65183345627338
-509.5743466079348
-12.863529679039715
-29.37205141909679
19.773741784385493
-80.6598075949588
-168.11914976695425
-26.523865964645665
-245.75924720586409
-17.694092232881303
144.9912130900575
67.61433248584581
-93.09814043046178
-14.736787585889182
-134.709147799741
-58.37966762121869
-40.29372228119337
363.8628644373439
-117.31974453194698
-292.6805562877835
-89.55783252672461
-61.586202296912234
40.981261600351445
249.16339764309305
-55.72867015968427
221.13812748039618
62.921055928360374
-119.64218731933761
619.1473073933266
-151.9586317427311
-16.43598129331167
260.18902859816444
44.52420673112465
49.51554792584375
-69.61945657143823
251.18906171738945
-45.29575687811223
222.36169014078496
-86.31635371848188
-521.5384238846
-127.60899691703435
-59.53781914455509
-139.5908873803155
-30.76511832698785
8.26592507189389
-297.98311152355564
-13.829124148018767
-357.2186016620635
-239.88732504065229
-80.0283522768378
-121.86276026362975
-16.22604312405383
-144.77532512122707
-59.6290956269504
-48.29639989184514
-159.46444180259823
-9.625994448419089
254.23031022490068
-19.37533305733558
280.6762377159912
95.00006597968058
354.48926440227115
-53.575302906581555
222.3762720152663
107.34592441437326
473.02165703579976
-31.794593657521954
-30.021239433672918
81.54159287079165
185.67304050240818
-311.51954153548286
-81.09663179560972
129.68445531944235
-322.3751756670754
-32.99699342730855
-23.618992380347755
-63.02380265479449
-417.0344848366585
-55.194956655834744
-213.99313312035156
-48.368841069190935
32.76968234100059
370.16004657670965
-90.71793444750968
271.5091009728694
-225.42360658663893
-58.920629262994225
37.755563383610706
-45.097466921158905
-37.08099252539959
-195.37645469448762
-78.97246154150488
-119.51523512924268
-30.75134058304411
-47.77626033690103
449.46476311864535
-147.90867186959622
344.2718124193716
12.812769499339993
285.26707741879
-70.0830589962709
-40.7320114792083
3.650822060565474
253.85323616627647
-115.21334306774952
-30.09768514117536
-45.498199790963554
186.6551276245409
-196.7514586523357
-105.4872975201688
70.0228818847645
60.832348352108625
98.98290126186839
-42.914575047374
-610.1289803319214
-92.13961501086578
-133.63567360737215
-56.034188442718005
-50.00612393937399
-87.96929035940047
-159.61875077478544
-93.37670922986281
-48.83422339587096
-70.574316333963
151.06726927993896
-70.72551468176823
5.5185650144383604
-9.104605729876312
62.999388889333204
-90.22001974288105
-136.51660239878038
-14.483094288298515
-62.97527434977454
-12.329547367879059
-12.37117311032307
-62.270354745183795
236.9090288419975
-49.149478367066486
-58.13941008029698
24.72510804331432
-33.95142290546846
278.530562736094
121.65522315998169
328.58107616887355
-352.48904952167504
20.87913471293882
33.025375192255524
-116.24889457438253
-77.1776425746162
-101.35764426931746
-112.99649935787784
-6.637520481079891
36.02613556151846
-34.01063648065593
-102.54803849862401
-19.723589804157122
-87.17013993891537
42.80573919622111
-84.0232390372306
59.731891825975254
-344.5584607512228
-115.12620355124892
19.60850447721532
-1.8807872804372892
-45.37914292835711
-31.44363228871407
-78.09515737099417
-35.17240927612983
-228.76152863854622
-34.88039601889383
-22.860489584878735
-405.0840192239575
230.09818487256598
-441.68572579757347
-504.92903708457743
-70.72674759568145
-26.504562849569542
-7.258995969874377
93.64064158727797
343.86764847606355
-66.89669764616858
-48.29482517458746
-1.0411756170206368
-75.09129231502531
-81.5838127902316
-161.8309687883684
-325.2781545293028
-68.1575934481425
-30.02563234597484
48.74252047765913
-76.28037729384596
-34.53205641356513
214.17247192143168
246.3622089922519
-141.72908607212085
-376.41243694574587
-178.37631372023134
-346.5275809251234
517.4643409592572
41.969577535106055
40.85280969012274
-85.45526243245513
76.47776097051974
-103.40077889347958
-206.2308801321169
-17.477700510595916
439.6809923801957
2.2684108546463904
59.70813833459397
-89.28271812280764
-72.89982665295884
-28.184619546400427
-237.85647351415992
-85.43988144700617
28.140849096205784
-450.61550359968714
-206.8188023078328
-68.27763510672843
167.98913677980636
-111.15054260985289
-49.327834752907755
-324.00438467730237
26.784159585274043
-128.7063924628892
28.40079217938728
-73.62708658595466
-124.30942357127424
-191.934456923178
-203.13657871159558
-126.87227761725262
32.23720728033686
469.8687619964203
-6.548504873836464
4.007280051635462
126.39104100980876
-261.82789795566714
-24.820112443410707
-64.74223702882261
-85.01054011120868
95.79929872083085
128.70853955819257
155.0673459567206
-6.997041186549672
19.027845574877574
-48.365826342761466
-63.09947936671239
-18.276846891850482
139.4997654675517
171.35031991301548
-57.74838453537309
-146.31177672101876
-45.14959299381035
19.454219273186027
-155.31264286297483
42.43044722495324
-98.90632271143788
-18.195939674807732
-36.29743974163864
-237.34251771132222
-66.01985842323896
-184.4374846723349
-33.2677470202064
512.9765547175248
288.9949555957028
-100.2655538036488
-59.387644079990025
-278.5628087203413
-242.43080572987856
-53.38287392214798
-105.27544765328088
17.703989217743583
-44.60753676953375
-69.36571108622547
-60.200142746176425
-3.646815170658556
-99.9561866990789
-68.97205913367452
-45.29962922638913
-162.57921174950752
-13.459860619050232
-37.50764514519324
317.33052798800054
110.70629276847103
-3.1674258579579346
-61.787218188505925
72.73006887898373
12.140565759921321
-83.03952360405856
372.19876500203645
-18.774049461711
-32.773769057068435
-72.66671495651788
-42.55236178103185
30.488525502880293
-82.06304691754313
99.38008832494961
-108.91644982953039
-62.43968638360457
-37.45568831235869
-70.17885295282991
6.9679340224622095
34.03492137284775
-62.83587803658247
71.37921703703432
-221.33734443178218
-113.6604822357458
-183.514964805614
-28.328413340557745
-173.61226279353286
-85.01708996092232
-22.985851862209415
-67.22216291273855
144.1287135346488
-111.24082546326645
157.45529754951713
-47.30326261710434
-145.2089568251613
-37.36784718450125
-71.54980643369912
-394.6670694137938
-459.53379682167724
-16.891593682290022
-57.17699791766523
90.29527396518279
93.839751225074
-30.641966543944363
-50.48681111825363
-49.5816834400066
112.65235585628398
189.1762515679511
-9.650850862292373
-24.320712714509682
-95.14635477065895
-5.55623538857853
-55.11531927580012
-303.70405488486904
-6.851299694980753
182.8235538659619
-75.68512006613268
-49.069296093081505
514.0506984235008
-13.667317558336435
102.57759552605398
-117.85680933674274
25.915823019204254
110.03109922064687
-315.9247114364189
-57.8457217105788
80.6964599745861
-60.015638143808076
-562.3411511248441
159.19188234354806
211.22753324503356
-51.19981512133654
-35.75496783379967
-102.65997883946739
-51.502297581195904
22.36985316409499
-48.94500371830668
82.82301676435736
-35.507148032052555
-35.088372159184246
-569.2165473655568
-61.50946334058608
40.2134788904857
-92.46035145470523
-359.8808771394688
44.68095749458371
-36.11210836389438
-92.41818797231946
-50.590082754596835
-27.81752361505096
148.5118234229103
-6.155075348502578
-301.58960478436165
-331.486014708933
-85.5387323016479
541.2730804423591
-87.08298817467045
-40.07755795118413
-88.59107724359819
-728.3754988756136
-194.75952238354148
-313.5378679472524
-31.856951700791857
-137.1682597817071
-245.0702241996305
-58.2854705393058
-115.03953017770667
-417.36708557786915
-496.9430062037154
-48.922138852653916
25.759596941856216
-45.26257867515124
-57.91422094131712
-38.84539936925739
-33.59652237762407
-105.62895539449892
-60.33278282830838
9.346830182112171
-237.4899894280279
-31.496321753643315
80.91571572080102
-62.34143255051359
317.2318124500089
-31.874230043568602
23.95301312655556
-310.11813542875825
-134.25023537414745
-55.97942401384171
-74.65551699717182
-69.58231525059632
105.22290789655926
-56.85827251156105
47.488042788172606
-47.10282196789909
-86.64144639344164
-36.82602384706044
-89.7978314297665
164.4323770503488
-45.66127496541503
-88.25277973206242
-115.40920458586152
-46.80478460308248
-2.1041533693943175
12.138693579900064
-19.642115618567004
-332.80156250534856
-40.443019498252966
-296.7618998669386
-86.13656143832668
76.98628137231026
46.09836526500567
-43.36282368853608
-70.10587543834936
-14.360875486685927
-5.8204945522538765
-423.214849404847
-353.0178574638376
-65.2283964492061
-187.13202314115733
-606.0527774144884
74.165233745578
-115.82714059854601
-92.82206669553864
-20.207017109982985
-120.43083759951696
168.5595050845468
-84.7580087316137
-11.46513183125353
4.131094460599343
361.7129018999276
34.79459975672489
290.61643623571945
-16.943006269790626
187.22406497600787
102.31194899391994
205.77820438613344
-91.00368795781499
-47.70317256170529
257.662176615564
-67.456777401262
-53.98390684045098
-66.31908762705098
-55.82245430452611
-155.26504640190979
353.07704891386675
-41.86636978438747
42.40626774384782
-61.156662137924286
0.3760904528617175
-53.79997688065087
-113.36653445273976
-60.27851851237938
38.79153270521697
175.25306258375167
-60.87722994522374
-147.7200245255026
97.27696655090358
-11.859806795490158
-102.71357033783103
-31.629328582173315
-344.6227124618026
-320.7656449373617
-46.20516167119226
172.91910344262578
-73.84047627691444
24.767605145039852
-569.1241454478641
-131.42634991963814
-84.2108441945802
347.64520823554267
-139.82785640542534
128.1858038283899
-92.18328430028023
-75.28285179821432
-37.65008766025221
58.26314012640569
-57.39244929860672
-135.11041629058673
-439.12969307418734
-84.87017448918064
-106.46380043794488
-65.51724465624766
-112.23269238204298
369.88512183237617
-91.18183279162258
-60.493713821131266
-20.127641178224167
-330.5765436185138
113.44002734974856
-219.53817985581736
-60.971407195605025
-63.45507931129849
123.63507663348537
160.26559124629011
-35.56459324990096
-348.3249851946957
-122.69047827606528
-29.64620751792245
322.88987085356894
-406.7128837931523
129.79351256087193
235.58118790488152
-209.10218021717992
-133.3300905476117
-10.625249227729682
6.926380550233262
15.355898840413776
-32.15640921145496
-9.453493613289297
-92.47846718496048
-95.76068932520866
-51.87158613196579
-65.01011321999451
-17.278450368823883
-27.256636989208346
-8.111390396692286
-183.82459036964065
98.04724082640269
12.442699612565775
-2.334566748840871
-76.99163458872725
-111.2742495869633
-46.090973297919845
321.9864416934415
55.6350651020075
7.616234396131404
445.59678033500677
43.6489625731665
-24.337359812001438
-65.35003072111022
18.22645887741237
-92.11937228560964
-64.52634923863162
-116.16789781287116
-75.25190996162782
-155.97710087638006
8.702651905407038
-35.101329348859494
-20.429771890159827
141.55104507950819
20.369675573112545
-7.365805640665712
-81.96423956829868
-76.80316721712188
-14.748000669012885
-93.28399318232732
-60.944040017761935
102.74012598851914
16.588314339379394
-31.004560832003335
-97.28318212915201
-81.21867427641155
-97.52945102521254
49.75069465181841
-81.39521239380929
-163.26114187709572
-116.8292851206943
-113.39527616083197
-117.4100472705286
-79.14927932653598
-47.26909600528241
-44.5803304946853
-71.59535769269021
-87.31316398757407
-63.5114953127063
26.39681502793951
-27.512289943955693
-34.675104090581954
-124.36785005543776
400.78948487661
7.550561223331897
-255.87187750388875
44.59331950366948
-30.001872268549203
202.20210009306265
-70.2583131202828
-142.98651202014935
-27.35348636376284
-445.0359780650233
5.633815693512307
-19.00948338683547
-8.938825505542566
-12.902266602265723
-4.842712070797916
-73.27200487095479
284.0254536390021
-53.16756196600045
-161.15828624396454
-23.53985299149099
-14.715663580642058
-73.6084468903689
-169.07045233343706
-52.42473079662108
-84.45025290385274
-109.74861587652106
-47.28004484738926
-74.5378408651987
10.248301512379484
-653.3009247924092
-63.789826920953466
-34.740892095538584
72.894765394351
-92.56351931824383
176.68153350738612
-21.489977668697975
-118.41826857980965
-67.80819195594657
374.2130996940341
-82.6480555602506
142.72601926063544
-11.752070743375896
5.244284206018165
-311.29776627569845
-36.05408669816461
-15.087823413964951
-45.61825385504807
2.8044879839250143
147.83150316555657
-303.63150807256716
80.33657587608286
-151.98453254355263
91.77260969845429
-51.37122956995427
43.86420093370634
32.86603068941076
296.866538591099
301.93354117586205
-159.81431197005077
-252.00029210676075
-48.77854845758429
-400.42807831664686
-171.3459067592339
-189.94695809088444
-284.58818570191943
47.00922428782724
-71.31848745762366
-199.790160507765
-109.89971835457607
97.53272724138697
-64.94381202150478
-400.6686955217174
-132.4753199944862
91.13377233872143
-0.7231010482473721
18.255633628317668
-222.73346030064567
-9.216047316915137
350.8125658679146
-98.28154832543987
-7.878069595324632
61.61778746270102
-93.2723806877766
20.211994417733877
20.27586056466862
382.5314517166171
-83.98230420923392
113.7998594141518
-80.32980419159912
-233.87142703757127
12.961262366299707
64.25711880279414
284.98574279840614
13.547572182756994
-91.01228744110733
166.12186868495974
-16.815289238405633
256.93922000183557
39.66278246686932
-113.43575800939503
-53.68774411641081
-402.6205880890484
18.120676398978073
-34.86622463430831
315.08051382360736
-57.37089099556861
13.254006783190562
117.75038393266595
-110.56930649442984
-67.1100494981456
-149.83657380765362
128.01460418712168
-180.07822567052517
-61.71162291611108
29.22318331032477
34.85023665704375
-5.63966171849097
-49.838589339347664
-81.86351452886295
-114.76350282439262
66.55454667444019
-67.21400413313084
306.32060404968433
-90.02867893942675
2.2951833396891743
34.67465184236255
284.73662733904257
-366.9071961046302
-43.2501459759078
-118.31074656152227
-93.90996790754582
24.36321023068308
4.935899224487002
198.9717709118031
-304.9494072196703
-42.22926775148067
-82.53382221679115
-140.55207580462957
-332.02874769241134
-311.9129456858591
-384.85242297407785
-56.69295715004927
29.53955650923308
166.62190357749387
-52.924434796099135
283.62934449099066
-93.11867999476928
73.72891554468151
538.8137404089975
-587.2099672117929
94.55984728986277
-12.352830927352443
-55.35686264878647
-161.5809901575467
-48.50888522344576
-34.91762005276905
-98.23193028845208
-28.360831058656913
387.21781058826764
90.20583882230676
70.12569797594006
-90.2884362367513
-261.2170436486613
-361.09954922915676
-68.40439979845178
187.46459347150085
-213.7346751410471
282.56097802864497
-76.75630777027484
162.68171906753741
-78.21773278322871
18.248520735379316
49.84531191381575
-21.06383899096727
175.72221830583976
155.04765490595491
337.5772673868287
-64.61491030220331
-154.6795117921538
94.44922561565545
33.44154975693937
-77.70617340943241
-78.52883806294926
-103.31103890200757
-57.15691726924183
100.47246606684712
-141.65411877950328
-81.35855425636964
-74.99109388662337
457.06494478038803
-248.2858909725328
-556.633618004962
153.08240742326234
-45.636803525200094
279.0887321628197
-10.797602495276806
93.90316385675214
-113.95189660668893
-64.21096787764183
-96.96126746796836
-10.14038393267765
103.47804984033428
76.6933753781359
-35.99607306232565
-71.26588866698731
-69.53745966287268
-46.398826335761
-31.618975657181068
-226.46791862442115
-9.895070973153452
281.4879783934739
-300.6433669416201
-78.59183245022723
-46.553181924434384
-27.310629045342523
-205.57968430269648
-164.29232735766527
-455.2907428974122
124.69186680863822
-0.7284724589946308
-555.8657529855027
-136.3854214207331
-4.756646483125223
-54.79927592439515
-40.636729275609355
-145.4648261035145
-14.012560330512171
43.39832397061218
22.713073347360478
-35.39122134513897
-31.20319631973076
-458.3960152373038
-124.73436092684824
-271.59984686854204
-506.2365798234041
-6.3587584864718
-65.04739733854333
-331.1207013888379
-299.7830809975112
133.99453235295323
330.80606857204566
-294.0814819211282
-62.4319624288305
-87.06187122300798
42.12627984355004
-51.08152369188159
-6.6033601413907945
-0.9380390201254158
-53.23392121829875
-9.090650669245122
-69.4221183310201
-40.44432835151065
51.25508663008145
53.38005871637142
-64.47255343355337
-55.343683045161015
-46.21794973161626
-66.63360078884604
-49.62681167315077
-20.0249659310887
121.88740443044344
-152.45177171643445
-88.34944101968904
22.12028461211412
-119.26801160543255
-12.519725678674149
56.602795588665686
-15.561548269255013
-69.9350138365797
11.185680913158649
428.28527611279424
-102.5245873959916
59.17653367630419
-115.85746585774086
491.1559878865828
-106.72199942759107
431.70869490041696
-2.2686655790129358
-85.71411260106834
-89.73842264437008
-322.8071791846487
-230.10169048750504
43.46258915741828
-40.801992417338624
-373.0898567302629
419.67884695814064
-11.175479203762766
12.299740700179168
306.2859777297176
-30.277109784245113
-56.53049123236724
-73.40231161999145
28.41735338429271
-83.75043936774273
28.850284867134178
-158.91994976826118
16.195298741565978
383.0587871848584
-243.53304512573777
-54.235398714603434
55.998969261422985
233.08333555562785
-263.30042595184204
-50.9711648269825
-61.06516212610889
-112.74133349621843
19.112164564321517
133.75036158129114
-54.7975059478994
-58.82394539241524
-61.375091254287845
-14.659467795925593
23.61570113189009
151.92352313951233
-9.580580023699895
9.21029408287177
115.698230565411
-86.13030710931312
72.20443333274125
-358.15202941405914
-89.64161866239341
13.945159505511697
-445.73081977467245
386.3482339355305
-165.54189192368722
92.42783198498455
-46.27983778356393
-39.03412403501022
-84.39860335802668
-90.6486533821919
-68.4004421863815
40.399278740822446
-19.781517299077677
26.479540978143405
482.03200100757203
-12.810088740052379
-20.746446472234425
-95.31453692676587
-88.31091442059748
4.86183023146441
374.6711647747288
-357.2408034442633
-364.0168044658112
-31.721194871724947
-304.5216334055822
190.80973801599612
75.76416386606797
451.83828391279803
-47.18218751781262
-374.2251603734694
-63.02998632998528
-22.003460948939324
-180.3861527597037
-33.499693097783165
-299.9621305827077
-0.8333656745887197
-4.121252721904966
-32.19575577173862
-70.1198456310968
-353.0007840285143
-104.51689645657757
-20.370019509819087
-44.54078727261874
-17.739835037842568
-49.23118447034392
-80.65159050814918
-39.49976055012263
124.87837989390027
-66.05679483977744
-109.38490676703441
84.96154516860406
-329.3190444342563
-9.902934701917777
323.3909097820979
104.65274483999019
-19.70027716476911
-196.99389569697814
-30.334354681871904
-97.18739689330401
-131.86291660186725
-95.5343883782909
27.6765252836085
-87.49207163619815
-59.781599796560386
442.39552822131554
98.22230873176159
-43.933351013443826
-158.8081054373797
27.015955678797496
58.53367739045461
-49.05219525924031
-83.28979936742326
-152.39823388344666
-40.375368322895156
-179.59048856092159
70.97657243162212
-297.05789098343485
1.1280522628758831
2.606576212485379
-83.35717260183846
-63.12553176776583
-156.87454018126664
-46.234020927308876
-102.95995113732897
-78.18181833733797
-55.5952301185295
-484.9172464648291
-170.62793812549899
-24.553694922763636
279.31323957710265
11.672985256684115
10.223333447566574
-104.6065510698927
39.958301287697395
567.8149509255873
-125.56223373559078
104.00729162681
-141.06382395886703
-92.22601744293621
-48.683060483523555
149.0255732364276
232.5284727278995
70.08765776041764
-60.93644152440505
-360.3309903613681
-130.57283269440904
158.978970250997
-79.45573413479642
-103.59126538723443
-113.33789121365407
-19.871176651138313
-85.81379373731033
-15.667118442704407
-43.539821330717075
-255.9532918174109
-34.49032038998042
166.6249955668809
-92.77697755080044
-10.879329219154421
384.74350101094024
3.250162268232941
-179.46050866914084
-126.40050993238947
-61.12863878515327
-121.95061518347757
-85.2393167670765
-15.046978911016822
379.5553129178952
247.26454536277743
-87.89284279269032
-62.02387890011778
-0.0917101979572692
-270.203632525825
-55.77714512609312
-14.50284356420002
-38.42002536011114
4.949710247687108
130.73901293365725
259.28345018087384
-233.04582366249633
197.68588999246913
-39.85104301544702
-63.60876099298982
241.55244604387008
2.273344460720864
-57.5133222276286
-65.22154630791067
50.845511599861766
2.2318819668893752
-99.85076595913597
168.1006743655671
-117.29950096901939
23.127273490925745
280.456592270104
-61.24189682497629
-2.4925609900750016
-106.62687792926135
123.30685696302135
292.344532136196
-31.49846497351382
-127.31360620597843
-17.00691879304486
-38.355827035010805
-154.7713813213195
-110.426453004824
91.78731538804095
-25.663176398347105
-56.652916384408805
17.017842717712483
-74.42013800881796
-247.97848126466488
-15.186530879184579
44.71590601671733
-345.64394277839165
259.84736830538714
-106.79188445001523
87.60439884998232
326.2161981700774
-66.45767467058813
372.72019868450843
-22.360997828036034
81.99108897059068
-112.12743527715884
-21.225972535355993
99.18733810257345
40.862311461368336
-150.45546531706896
-82.48045534334699
-85.28045005749937
220.6110175580734
38.720069354409134
-111.29063634957402
-241.50940012192814
-312.1010484555791
103.64196368914781
-21.933814664666095
-321.77107735302707
-26.505386775682382
-74.13488523555718
-34.705662007545065
71.44318383963082
-493.09515599935185
-11.581589984871485
257.0828036933035
82.15319287424632
-59.33268245249607
65.073595763718
270.9550664012331
-137.1920896536667
-38.123897015222795
514.7981998703872
-7.363335030463702
-55.749133608308746
324.1308573237602
-48.45306822429484
-403.32330443718365
-104.17186716557262
-103.79714284808324
-112.04346906849969
-154.4702545924556
418.755074724535
58.417136870446484
-132.89733458028604
-102.1952367840236
-210.63649960106886
-122.33289271696322
-26.632611087501232
3.602361850897978
92.5232999800046
-52.371245698252
-381.54460232446763
4.351945621911881
127.002725926739
-32.49220298269226
101.18662985651827
-32.35331524361217
-152.10093949070634
-113.67829630624483
-34.50543764034046
108.41803644277024
-74.75475166305807
-79.33694906216374
-325.0689976412559
-52.081095390382046
-39.25240963359993
206.3519678420107
472.58412847959517
164.00696164995406
-42.103313695312806
-109.04287948164165
6.366910443522556
-36.59210946352752
-80.48738486315415
99.03726513262973
99.04286555072213
-219.4573078860849
-85.77053280033233
10.74190020442984
-267.01015709151034
-111.44753273824153
109.43687307614891
9.005544539058974
-103.58652078385943
422.3984405151223
-163.4517117027317
206.2889877767875
270.63719558069533
14.395864199517746
-89.74852478588764
118.16377273806575
149.66688863965464
-142.85884042054658
-80.35319642673095
-30.028417867305507
41.51010044776558
-60.68591209727936
-72.04305850473826
-85.3585039521237
238.00311224614688
-461.8172159494443
-84.79452993171851
-591.4136604186733
69.9898018180429
359.67042860124457
94.60003022447972
-126.56383612439004
-90.16912409784072
47.7327128477732
-61.395450918417424
-55.044207326271135
-167.7764044400301
-88.25773247702617
-61.211184246046734
108.25506228700942
-96.59782997187033
37.42515863605968
333.6626821678783
-2.253091914529984
-44.50540770057326
-65.09360896186423
204.3792305955476
301.78402529516643
-50.12555770136094
13.758359881991055
-58.1645060843356
9.208009043394668
-66.04258619935354
-71.09508985468122
-166.0577908335399
-15.14194113915255
15.91036285870814
92.03958026596547
-77.50088672060221
8.158760929877644
67.85975459407018
-419.58860712039495
-25.077847563845353
128.89356071519796
-63.312164922103165
129.87812453323613
-68.32215179833292
95.94617398303035
8.434543909721924
142.0360231121267
-90.68634658058545
-69.30844678128506
-91.01102666237239
-277.35685080258736
-111.78652589030753
-59.85491065686256
112.93846182656489
-54.33862316807645
100.91605685957802
-66.72744080384291
377.06726589852406
68.59557819511338
378.1245787227763
-38.997076274376326
418.2060519078241
15.162290938559636
-94.94774063282784
98.80875073143216
-43.48710710468169
-47.15346236819414
73.78088733081677
-74.7849041312029
40.65477517938052
-77.76723423894146
-36.26077876908721
23.52986883914491
-109.44389098010845
-113.4773212456912
-64.87684422299498
128.33309777514478
-41.86583582423211
-180.22162500523973
41.90175020476454
-38.19299268304394
-53.812519715801365
-608.7417651787364
-345.3194972012552
58.157674850988315
-64.4064783633039
-99.92029564888207
-47.09084704665824
264.00124916529785
-36.08416932197315
-48.74730098184876
110.0851625057403
-127.43134055818155
171.46332998643084
-63.27980324835417
-58.15330251133774
12.543514502956896
33.931344998671136
-28.020981031971132
166.45643661011763
320.9248044751039
-6.8430763586099905
-97.62513223452407
-66.83929893347538
-130.7410053766098
-65.07628836830665
-10.731955328418039
-98.3307862980393
-187.05293799157243
234.59888373226931
32.15056253262992
-87.20646533312458
174.23020702379654
-33.755268718063235
-70.01318704531138
0.8424283696840575
-127.4083701425925
1.8108782794071683
-92.87352144413438
-35.71397930819851
-555.9444478264923
-45.368477045335
-3.9112281579709816
39.687863762422126
-98.8385404487349
182.56881364110995
368.4048222477377
-69.45850384733654
-110.51460317849762
-13.591912585651428
-81.25701675945204
-81.42885431777572
-53.50778977422789
-72.65675660094348
223.17085327511722
-6.56009463826922
-162.37206766934742
8.723710478603607
110.4393465171288
-275.54690560847484
-36.774543328013806
-24.338812186051292
-89.13039474298714
-92.33982968580845
-64.37092124142447
53.165928866161266
-312.2684023147358
-52.40687086020222
138.13876494527176
-101.74293811928624
-24.691486968729805
-81.40491857464731
-5.493415624179761
-22.143656499234226
13.332835249961136
217.56835003162087
-41.70041039311582
-53.614475892848674
-149.17412662290553
-169.31450612903973
106.01785462676708
-89.79560415319858
-90.34558749515782
-11.544223917211639
-83.67577335596627
-23.21855100461471
118.6558227232963
58.881562006625245
-38.63942025725743
2.9908987917096965
-406.2819532769299
-21.864651848522044
72.73328840620343
122.44410848425468
145.87460067016946
56.202298962018176
-52.11392272965077
-32.40812502337053
-21.73172677206594
-161.41254636484246
-16.234281732545583
159.14926455978457
294.30143880382275
140.46665244550604
-155.3234215223829
489.7101425169749
-50.323719207894996
-70.67183150401746
-36.754611972910425
7.994706398969811
-92.34311410724735
-24.121466069718736
41.88034494389649
289.20473137288354
209.6692588322221
-0.2260997235598552
-66.1647037548605
-145.27045142005773
-29.510165871161007
-70.42356078270302
-78.22606577815532
-29.125703035168215
-36.89742999580452
-138.11650744051985
-141.50127264643197
-162.44983524808276
31.54135403120017
-123.30882539088452
-422.9164435523562
-6.680702308544824
74.55632798818806
410.22775985761655
355.6016057473189
465.7050251545061
21.082785355647502
-274.23701830286154
-82.58213479920278
454.78455959795065
3.1242804164830886
-7.046445607401758
276.01844552969305
72.03735112004324
-99.63349926536921
-31.408444250504306
-40.85547634573504
-101.31553488220379
-273.22321867355276
-50.711886316577036
-65.78973433159544
37.62645812989513
259.50011660600467
-43.44075713008414
-96.40930932459828
-71.46846675649795
127.85925698591882
444.09208806528886
-242.7993439266229
-42.224725206448056
186.97233666598186
-95.85981058042489
347.70596723485596
4.456104228402182
-16.526742120479895
68.34102292604257
-56.095982173712
-70.10564740842187
-164.6941942867943
0.2736761651171733
-15.504002092620567
-279.3152983304135
55.41333905778447
10.348082525645623
-88.40494474436426
66.80016573682224
-30.092252951152688
-46.90101757615412
-37.269916228369766
-90.43723965722455
-60.745800900873775
-41.829490727586894
46.08913453887544
-456.7613201546337
-118.51940506476694
-16.664744195701132
-9.474648644021727
23.76094566249958
-34.72553291593402
-98.28974154165088
-44.87145674699314
-49.434612128866945
132.36038857005224
-85.23309636356043
43.86739028458703
-244.1796247569182
12.907507856277789
-413.1044570763315
9.53719677765099
-56.889544454242824
-67.77570893537313
-70.0586592669886
-80.57301950362762
123.24049836486574
-203.2244135171295
-44.029502360930564
-45.80605564007192
21.44191847868325
42.22570693367834
210.3931441675977
112.55956385009995
70.56278287557325
2.3065555319665236
163.62186801540793
-85.71268536437535
-139.16870852283864
-101.0518899499682
13.880480447474838
-257.01051249808916
-61.49529439540402
-378.0323307719864
61.17298635687803
-8.759172934156595
201.9488565660049
-386.45986851579437
219.23614076469858
-25.97722262534262
-50.70794483531239
-55.31069933966137
-93.51838166072929
-34.437869983861674
-1.4274852830196778
-230.63461267181629
53.88323998813962
138.21101910769767
46.43162060515897
92.7732574720012
-4.107386915997267
46.5005314641935
-135.98848380681738
-58.631106088453045
-55.0874275377191
-42.15179048671416
114.07403900594181
-235.1145689593477
-31.979286940532738
3.698124800352002
39.730965052316606
-91.63150067267088
20.22519607013146
-541.0489911339719
-271.5687062766083
-8.453418148096555
-82.0881395929274
-53.89623363868267
303.6581884856896
-54.019506981429004
138.56600080347926
49.432823222330626
6.668549922400416
-122.52338985180813
-79.82740915211376
23.892358379312604
-48.974537095241296
-12.36487201976729
-18.707402842774968
387.31240580411213
14.10667687834939
30.94546170494891
58.942492711459636
-187.2955296276523
-78.82777382784832
-171.77954795552432
-114.95781957872714
290.70356765020733
-95.8793568210469
-77.1167663074523
-19.407718726947166
12.757628597282746
-83.77673572414385
-62.06918526021914
127.6196300547308
-88.51265413729047
-40.65857929968797
-44.45565468583641
-48.22757013565206
-45.066898799774364
-42.80697398020129
-63.4500454804563
-639.6610913364766
-29.601381730013372
101.44267061593382
62.15556887415005
-425.39444805735184
37.858623539516884
174.7968473815672
267.02346965996
-55.434854165611675
13.063165199197101
-19.182838247012114
-42.371333795321334
15.919928817077562
-48.42145241562306
-101.38221182381403
-534.3774237878079
-42.59561722205254
-70.68990558836921
-102.91440545239438
141.51957534591384
115.88050917987312
257.8995458408572
-50.018803314083925
62.07813049785727
142.58586953722352
-90.1704376714433
-154.94994766805394
-55.85134155609452
-96.88693995233007
-90.84654115081739
-72.17546011785183
-30.84672553815676
277.67339061472376
-56.04983707749278
-45.35526223444454
-31.987284641329097
-14.829552624218195
23.620039310902484
2.293496491022779
-33.85472920642806
33.43667131484085
0.463790811893773
-116.36281144093846
482.8471013088456
-6.760536433055677
-94.0553907167432
447.4269839545723
-227.34988272979263
-36.45861760038224
-111.42495070880432
4.356624193090795
-228.86507017856457
-50.09403364550053
-88.77715835753112
339.50864287650984
287.7842460568445
-232.8863504502142
74.49387790534638
-16.63669049402415
89.72825927211261
-3.5941402397147613
-456.3527302779894
-45.66962445879153
-97.04821976792118
-105.19933733625476
59.01349408834267
-409.5429010570442
-79.6385915095525
-134.19210740529525
-51.43732359493244
21.679135080042442
270.1709062298578
-29.88179026693793
-69.70259836023808
17.098089802840605
-270.16293079922434
135.10122782955796
-48.651171074889604
-43.94533693846279
129.11093998138767
-99.11130701852198
0.994703285135543
-59.05241989063042
-86.0012570525796
-38.595967030265925
-254.3832414871431
-311.31865565976295
200.22588514093331
319.3553621261053
-168.7579167888398
-71.17895025705722
-158.88945047959896
14.066695000141067
42.99989756387458
-385.4581592298564
-472.0287145213133
-20.758681754917234
-46.1213533078444
-60.61644990155486
65.00404893671839
-53.721441138128284
-71.36030620010439
-87.81525307154607
-96.4013625255784
57.61485221418843
271.7340409075314
-20.54405305561935
117.41118944490199
-73.53318063487214
-114.80963447715476
-18.120456296789786
-72.94192236650815
147.2724982408381
-53.974351193211575
25.519482197432808
40.65395645259787
438.72125238200897
-91.60955717762135
194.85593252055696
-119.29062431800509
-138.47905136363806
-83.69998845567558
-90.75463840162647
-55.12261149926053
-20.07355649737474
17.178602283001965
-76.99805444020461
-53.36290840277131
-105.42823415604995
-102.3930140032453
-220.529492726836
11.528861591636996
-98.32018672805009
-319.69476359093824
148.17279049414765
-184.29035568711697
-73.1056673226166
-46.42403795991231
-23.730250168993177
-125.65034052840278
-34.88768524820898
-63.119102385403394
-48.919142661865976
-107.60485195609654
-193.16458022846382
-10.908601395171218
-45.591292608332616
-81.52635947242379
-68.1277307547492
228.91210729471732
-58.03390390103661
13.241807308327092
94.72669256120389
-17.281533317354842
-94.87671628052779
5.536827903332113
22.334506833003616
24.676279683815665
-37.40258669056428
-72.42615988344551
-332.22835055981795
-429.9330245091278
-71.45764079979645
7.614232947419794
-67.58364940290483
-101.29706971155156
-118.2702477824514
157.10430865322814
29.20143726792594
22.000417067304966
-14.052652391469987
-21.319395556801048
116.66481144202771
38.678189080165794
-500.0405162345396
-99.16537055710796
20.28814210116616
-659.9878312591477
71.69301587113841
32.48202448671009
-414.76353298522554
6.226809761227415
-448.60101270948144
-48.02759939472321
127.33260173187955
-74.82132911535267
-3.983683371711326
-202.69653569003003
113.06364560391648
32.33966207139383
137.91691504866685
-49.4581095532867
-27.818840848863076
124.19267134512847
-146.10806487765058
-65.38559148021953
24.09879234705977
-101.26914219058017
-10.21222237121583
145.29646920645746
-58.40009001422349
-24.850590151717682
-59.758744015081064
-31.92324623190507
-37.3215162769003
-107.2099816324604
22.090069474750635
-241.1327987277873
-16.343742943765246
8.85412136328924
32.755994195487915
-79.07142055565862
-69.2084950595402
-71.50689272994956
42.146693260809116
-44.67670213107522
257.9925215774747
-87.91349468633551
134.32139208738772
-35.397608412557474
60.98580420077815
-15.952814144854528
-41.99660616534297
-60.86615544027572
-8.465977845497036
68.74806366577741
-638.4637410983923
126.95415071617299
-11.212243819969444
-38.13376685542835
-29.53886849527261
-113.90908877452539
4.04933711204103
28.25670656598595
35.43196180702735
-262.0676350920239
-255.11671652045334
105.47025442703261
-189.22370674002377
-47.69783862176627
-8.043393451874636
-17.069804131884954
62.02025989123376
-260.2591932231826
-32.23140192824234
24.379511592345352
-42.25434881523106
-4.431118880606846
118.49382258139849
-80.60447749411875
342.8458296268982
-77.10779038068733
-28.2824116552965
-1.8764197127731492
0.1465645298940217
-111.63613377855123
374.03440484215116
-72.71869492165524
-21.675318295241738
11.546413916166784
-161.86744338392782
-214.2005651994382
-154.9419887495269
-44.996725275801865
-75.04247071149777
-63.107045724281775
-87.52998373797976
-61.66209747759675
-78.5587105633527
-57.22406830291295
523.0354834824248
-71.77363278660663
-77.47404496626456
-74.44223638841231
-76.01606982198246
-163.3340523363804
-63.760325575900424
-111.27490715995884
-17.411591207125273
-186.28924395192917
-60.60623676307583
-84.32926525802635
370.80661906330715
-3.161286529642009
-48.125502722530214
-563.2973315767777
-21.975642817216794
-36.40542267519413
-77.80181912089341
-13.617536576168732
-53.622537592651796
21.281200925783196
-135.78141671289677
-37.748322416009074
394.86791048284067
-28.88522800859755
-47.036337493540486
-334.59755365768615
-208.22552595619436
-34.66282040012288
77.9789017498897
-25.859973673873267
254.80340315520698
-133.4302419391297
29.574538683965102
-39.84519665780047
-198.4620208499755
108.47130881441626
-69.03058206405876
189.94697488871316
-24.247963957090178
3.788418102856032
-34.898878300929255
-48.70833999739898
413.27447370462323
8.867956196692148
196.72780939625773
222.98579922185309
-55.91731720377007
428.4724725321157
-191.93936845469761
-103.86618133264346
-68.05286535136148
-30.800735962653754
-29.085835699539285
-73.86864420806432
-48.88085053195296
-86.28752279553284
-49.11102964308742
139.3569042906738
-35.26952731891901
-57.90215730764002
-75.88669865406429
-58.86450300992772
-35.98243566481142
-91.47491010822382
-10.30951687860852
-4.3352075826542205
-119.42965505495295
-98.03848763783753
207.4978177748144
-33.835227376473995
-64.53660322758708
55.88511006035151
98.5531159856182
-48.39020607745462
74.96222067592544
231.09417604508963
-15.281596077449649
-76.8440120174414
-118.57739749042048
168.43720254802247
71.90047648790596
100.4208373499605
-86.08258726794544
-25.36467469785657
-22.30551191975335
-88.10387239229884
-72.44641727840069
-337.56580780769764
3.1514980001629738
382.79245885679484
72.47510465654
-60.289074459325775
-4.573620123357614
-132.3596456022551
-129.5609415511135
-287.08572325252317
-254.7117476261301
4.471420536682217
-210.66206218238221
-11.483934521751472
-130.0273526042547
172.5010473429411
-184.98386467846285
-83.24980437747041
-77.46628839646004
-82.49006908582123
-68.97139432758041
-98.92056676926866
-207.74249746051282
43.11052738589569
-180.23279198059026
-56.17923677256329
318.09083251218544
-125.08962365951811
442.5618792455989
100.05834540723117
-113.9931835019556
-203.58750382336348
321.3115845857992
-125.24453005916985
-32.75628916510573
273.4777909848244
35.73956789093063
420.46098925176557
127.58026737216278
141.19375368147303
-72.41780453672094
-40.115990568543836
-81.04464598544705
10.353517449239916
107.97746536494287
-105.32142545542865
-112.65613302098063
-106.65969411692458
164.92093697508608
-87.90159935628792
34.117730766969544
10.321523577174958
54.795835414201065
121.09354535975945
-98.45161936479626
-184.28109405230498
-77.96246786716864
-108.72042180636072
21.193807430934612
-68.37106596682497
11.811017242138266
580.8151343321406
206.0946753796452
-39.20859504236401
-34.39167570819154
-353.82176315131437
-21.210940076597296
-274.18077906350845
-111.46381550287525
21.511647159059066
-66.89922106502283
308.57378992144913
399.7187148821031
-86.9857171309873
-28.18477624889195
108.80599866376542
91.3735348672235
-45.68286383497389
-28.995845880905108
489.48490805403344
-59.25840034473431
-338.0269443127654
-172.73589592481403
-100.53694600992458
377.30534234253355
-306.1381657427055
-47.10153823495747
-36.671248782696466
-0.2485384664583421
-76.61486667513825
-32.21024054227598
-167.96257367992803
-45.51103985494625
-62.28433916500762
74.59049468778721
-152.24924964091315
-24.65468049768088
7.679944830076238
11.186273086123038
236.03099690081217
-73.14495851426224
-83.4923645700892
-46.835700104811565
103.69559454871705
-41.558047080446755
-0.39141852491411555
-59.66299898816355
23.168982368093566
-76.64940355120399
90.32996136898146
-87.56647705754376
4.55696205281447
-111.3208269139941
-49.22016984086038
-91.97592619034201
-3.5322609796562645
-53.002732760453
-163.37315758676596
-27.794922368705556
-2.3696623453588472
309.01039250772374
-57.0061503914728
-586.3461660521443
-362.2315830443058
-441.0333871888797
-178.3710237544674
-70.04292760588396
-76.07133470055487
4.8053013203807495
-61.70736514295095
-55.44185323194142
-433.89037941355673
-63.64424530625183
-7.137738735248604
-40.31298275004178
-44.71311996733576
-32.644450013634014
-214.61625735443613
313.6891296983613
262.33395698648565
-145.00578243969358
-89.57144787274346
191.19629617233113
103.98878708792108
-94.89130433666284
-121.1530353544731
-53.12690792527701
-68.62979684795238
-122.80372012237254
-3.146773479683806
-66.49828098518628
-119.49798302755516
3.324778362641581
-121.47855582713055
23.243163505419716
312.399209916106
-116.76630957570748
0.03876460212859456
-66.86449218704107
37.289317112965364
-532.050430285417
98.89142840714158
-449.25185902494013
92.27424066511412
4.106369658291072
106.26330335270404
-57.399846493735026
-178.40315014283988
17.34220653934608
-62.755814299711346
-167.6226562878437
29.657459071404446
21.302510521871227
-113.64706481040048
-75.23834164383481
-107.89594038591349
34.55968075420424
171.94805978606746
-231.14556309529598
-125.6303981966571
-122.51048009970677
-104.60914062477241
-54.96222823311177
161.7018687571408
-30.12926484088098
-1.9873409347464985
40.12859047910043
-23.8716075530034
19.565478269113555
-12.524249058938835
-70.73512690127791
-40.797563935608174
-86.74838344562625
20.19509834313489
-461.9322638501435
15.057724913285028
332.0600906730833
-31.502676840217646
7.505674934256348
-159.55387534382862
-41.623059782962045
-126.56796089170348
400.9906062968639
5.2174976487376625
3.5246429995289605
-80.72386170523171
-69.95643189735938
-42.09897408213328
-28.74394238178337
-90.31397904291225
-67.06527210945933
93.77936624981339
340.9890496402986
-127.04688634543353
38.963478326528616
-1.474325898794632
-11.65491330997429
-349.3493325465506
-404.04349902627837
-26.137887979926745
-459.7170191393052
-99.78393760111561
3.8414239100236784
111.7247162979993
-67.13730611088818
326.2266371314554
-77.1660750362662
185.2017412898972
-31.383580522368675
36.55152836662319
-178.4804740004547
119.0568916067441
148.4820677455209
16.292964237083652
308.9516911562714
21.39369369618862
18.403236668422323
130.01304751007956
164.7116128135567
-117.20173315402708
24.75438475822375
-66.44953461908787
17.012306598367104
-5.893164014329159
-53.93122007924062
-24.21877384895953
1.6698727699185838
-180.4468644773624
-69.44153343505423
151.56986869042703
-51.21908938584019
272.48414055767535
246.47725612315662
-228.73174282513173
-30.609703401188607
-356.7489932417775
-93.97424291269799
72.0573216902776
-55.707264843499985
-374.2804629811235
-55.13012701310424
-30.139637450769442
-19.395560731339316
-24.30992257114093
-236.7775914124195
32.250861371191945
-15.624101795944625
-83.81721451578596
90.79566967231767
-165.03830000966445
21.485055760425894
-381.51863832521485
-18.623357731346914
-8.884138010374159
42.619156456086785
466.02702045803017
-129.3169178306689
-48.44489892657903
-41.85262495793506
-89.17310657455806
271.5014180282851
-398.48979147884893
114.17450757693587
-96.38906705719819
-100.69300140705194
-42.12069476566227
-18.89662990040597
-77.45926737272988
-11.358003277149692
339.8970062980934
-64.14105268123227
-124.6683287887081
7.933526253066304
-38.33519187013371
-10.286703680344408
-139.8310045835765
70.0959364242135
-75.28288444691862
-11.03452940227561
-3.263666378340531
-82.25574433346446
-214.45986186717073
27.964509522489607
-85.86689666752682
-155.90647641561736
-140.42658923649287
-18.603710186793904
-2.786466236306296
441.9088376646487
-113.03105919175141
-85.67569848493584
51.770414275039
-92.49909491587005
-91.37745739378624
-163.69485833409271
-52.850547811997785
136.53926851044525
33.1102013104628
-74.77167673347452
346.72593681851595
6.700428649537571
42.821270645816185
-45.765104143348054
-117.42015747313285
137.0386858342863
-41.8933079455131
-44.21263999341181
20.318948982747088
103.38188109541079
-267.0869142394931
-63.878994160582806
-20.594275716138327
-29.196397142730905
-262.2893151379012
205.339712800529
12.94922036825119
-181.3784853061643
-12.676711234256572
91.56461182463681
-188.48085751056533
184.77147112090643
-21.847409903128334
-47.95672283338183
34.232373597633796
351.4247276584556
-55.927743729187355
-61.27500701515234
14.08322830727775
-14.013530007976442
-40.88752414089011
-72.29340158440027
-441.53645532720293
-23.583254689964214
-38.198323779146904
-75.07492311327414
-113.86423493268467
-223.70978430520518
-78.86316030704346
-95.68757409012431
-72.43981525888127
103.44412769460723
109.42934905315224
-29.080316392381732
-94.8276401267708
20.634102127165534
-82.01075175269582
124.47611164620503
-79.88347504900973
-84.83061406390709
116.18579663710443
-104.31854509711012
-197.4937834344173
-101.47561633488476
-113.46231155370377
-94.8531482627252
-104.03375461654994
18.69290096866598
-58.7419165980621
30.900434993094677
-52.083563512840364
65.32818821383262
-71.45829834696474
-5.526625699863189
137.33186251237566
-49.08373501002185
-134.66186359893982
-31.137703319588525
64.4538761672029
87.34944336212175
-275.05659831697085
-58.95059825267114
-41.31009834849295
-132.702532983516
-42.4275665448651
68.35880524334061
77.75612341443593
75.45589088005272
-129.6626891197011
232.03873721268246
-49.04285707079998
110.01416022038939
-38.33232569030088
38.1678659733534
307.08580474721566
-317.91133036888823
-11.66494501861659
69.15991459008183
113.5035625298101
63.645962596947356
-86.45775283588421
39.75557332199969
152.71774116426786
58.50941527173745
220.31571550806984
34.40933918817234
-324.7770458508621
-141.84383087615242
88.96117993737425
138.79371648426604
390.4323967586188
-17.24944007128647
-23.303441044970896
652.0130401552469
-116.35683464459362
143.41174955662427
21.714099417384205
0.04752078491674183
-7.1136043731075915
13.168546910223995
-37.12659345152247
-54.038637472265044
-106.90454846660941
52.35215681256523
-276.0459219061395
-64.32318094155445
-274.4695266341787
9.40802195540873
-71.31063783987702
424.4199807343157
312.2314365530001
31.5685432360915
-288.75144987343447
-59.146257609496224
3.6842209831156936
61.85156518918484
-371.3716270303321
359.05483136554903
-435.9918756464722
-230.98299917714212
70.80351284372318
37.613593004669326
-155.15566437224516
-65.67316141023849
-50.993780191972036
-10.505371052589748
-28.528463193283415
101.17731052734234
-74.65469354801462
-41.93100579761631
314.79747303085423
-68.73750405005862
20.090100775802057
100.73657730828018
48.952177173821156
-86.38643633103857
59.257056948873014
117.48856932784975
-19.53468639743154
96.4613978667694
-66.06460306085613
-72.85540853156336
-122.36627351390234
-96.461564997413
-40.94925246828967
2.6406599502929566
-61.26999850048749
169.3345031134786
-61.47054470689858
-164.07016226362066
2.1214468955358825
-377.4867619659708
233.64734514810698
-18.280764304443437
-32.72806837355165
174.41254706641348
-130.52983626016612
-51.19345235979381
25.127131757501957
-54.866954950338
-28.09106116948314
-49.18929702042661
-74.21406774829724
193.07419890182427
-50.435781176526916
35.75524301752921
-565.582540267269
-140.27638356946954
-31.336482018774404
96.46567050547492
-61.05642708108351
-56.85683638368744
-22.352690019596594
-77.73014973998633
-158.98832910198325
-43.59047209662094
50.5475227616602
14.210647714508468
-85.11243479875155
-71.56297557670575
22.033523067093483
-7.42273511734561
138.03878911206994
2.3206696826123903
-12.27989106923713
-199.2904234814796
-84.29539414816787
-28.769145101197864
-60.55462545617379
-264.3611005640196
-137.2623830085322
-291.543572675253
-55.23387135213551
12.14101534058318
-19.215042972996798
-246.31271896413273
-14.253045137979257
17.93264331755563
-59.560500132860795
-44.52978119926183
62.327682726463536
144.93927903187796
-61.44299109722185
-44.98279333017297
-0.7441813008226745
-20.590216210111976
-27.28465521876439
295.21725315103504
23.80323199548002
-28.325233744853666
-198.21867298110374
-91.94291345234764
-161.27021442107616
-102.86881678472996
289.36579914167305
-72.0032145086257
-38.76584673268294
-72.15052146878469
-56.956457703270644
-32.76594602501564
-45.237251677314504
29.310905953831934
-77.40146405644892
-116.7457740338159
169.93372541102053
-308.6937480672714
82.13698282559244
3.8531752002982103
65.52789735361785
5.097060629734187
38.515525525726844
-69.42163576497205
-28.472260328581775
-293.95069916481043
-84.63572439699827
-155.4247341271912
-71.29459477958261
-33.940676769485435
-62.624838628104044
527.1733522524974
8.286681917717942
-96.00878718984085
-33.313203898854454
44.890921553459975
-65.87791571379012
24.929101415520563
-96.3385257537152
479.3539939080383
-20.153932961109234
-68.86551143703491
-27.150546641347034
-74.0852953722274
-78.43188951805337
-42.30917495542933
-77.4931427974665
-184.19107816677024
113.45484609193409
-64.94267226219829
-15.40703000428425
343.9935890384859
-73.64005367486219
-68.43680283764479
-4.381929222395456
-244.80561210308952
-62.521780605649205
-72.57604232967776
-116.06281237680469
101.12236152995138
215.98430359100712
14.459022120318878
-44.97035882798517
-34.77766528056432
-69.35738433931826
-45.93873798326186
-74.33585803734425
-139.6636773601149
-19.19042437533107
215.25952079515628
-78.03094029464228
-80.40604178236207
1.0723196840508535
-35.483089579009174
-62.913579053251475
-32.10619552823209
54.804387652873174
176.5643191697418
-32.386349140718266
-30.85601739193271
-142.04661639648475
-28.661959896038297
-53.35425535572196
-97.34770900878536
125.70550722538701
-400.7782687502604
-75.42038389437766
-21.417245512640648
-14.493546991061976
4.6586108084411535
-402.89810483668043
-51.6859507102854
-61.933550267540795
374.70915900353975
-83.32696709105676
-46.41202052648193
8.135950857746934
26.928694968482887
-267.7556771526233
-67.27546210428909
520.0677506410248
176.0557670071721
-152.00482162831395
-67.82974475346029
172.86146854864637
-88.94963021422333
-321.6671775656105
-121.54933467306546
411.9380979589878
86.47851747394316
162.51600664775287
-24.131847000078448
-90.75422620876924
-56.55043643969013
-56.18098310593632
34.7840153520288
67.38238994542189
-63.93059861680922
-139.20803518666298
38.59818662131693
415.07362859786735
68.6437959434279
-68.9743478314546
-38.89003256836103
43.22363339641379
33.00911898153754
-115.25201345245492
-59.723301540692525
-112.78197508001904
-185.5014356903739
109.5361010726665
-72.07714634408512
-11.219716671842544
115.54725535629586
-29.085417934021052
-66.39904761058237
-13.892550576300891
166.06252351527928
-375.70965712371617
172.9957398615661
-13.797070061327759
-60.212263468855255
-25.890386560433377
175.0074800284001
-11.323612037434572
82.06562958654285
-100.67812490424524
-59.43799237301755
-27.507232165058962
-7.7094257191302376
-17.66752302149507
96.51663740310505
249.7332627468095
91.1846932887097
-127.77483364349428
-23.379480878667213
-97.39306973143694
-175.10939022633602
-60.974059484442314
-209.49884400537394
357.70529036076914
-623.6631020146197
-61.90136606801116
-79.29605951325244
-32.91313206896303
402.65873364756226
-173.2900774956397
-111.13572085244283
131.58649806061476
245.7699054715722
208.27532533376507
53.95363581449055
-81.86835726151367
-117.4150256420453
-635.8759570493075
-57.600220187767036
-86.91986410459276
55.97868549873738
-63.19716566116806
16.241552810544817
-81.37968382165718
-228.08247430668962
-271.09585257105573
-210.2302637303328
-48.53885693079292
-64.45964907797426
-47.317471793981895
-69.89208421460407
-99.78636099910364
-80.76327937735488
-92.32896531961907
-18.237180491239542
454.4921010427697
-65.92447821257382
6.655689032374994
-272.6846225413574
7.248409581892247
-54.418896070785195
-61.285876620905356
-92.04949281164045
-33.82796131908617
-241.03574922435837
-136.54104874151744
212.34515918749275
-445.817964923388
47.93871259787238
-80.09955627502039
-169.74879063541994
384.6149587141281
-61.99545139719601
-45.730736388159585
-32.83863542178551
167.49917643463232
-56.309378197579804
0.6543533614577591
-122.81480502807972
0.3835480507117809
39.70448057303179
-30.191813747276058
-112.2810602307436
-47.8825587108378
243.71182348565526
-138.26164164571492
30.43721619689859
87.91789819925634
-66.07546387500514
-33.529433329000916
-75.33876110170118
-64.2350169161017
29.32113688969912
-28.75466022849332
-471.1899296294214
15.47047329888872
-302.3607800910704
-11.516763074867413
-8.000444216627463
-114.98595638680308
-30.008389428344287
-55.66648470840817
-57.7115160543269
-59.678786787419085
-151.6914231705632
-53.92841697153676
-22.67775586721268
203.29347059020074
-92.23204973326665
-74.03445922939011
-43.90166378254435
-44.24871384293832
-67.44800002688304
347.2673463753181
-66.41075822361017
-87.9281843799003
-91.23543258728893
-57.42518762094551
192.26685827724395
360.0734445081607
-45.138539034992114
-33.8182842878857
-310.8636078150321
-335.58572440781336
-15.475619584825836
-83.78969278993756
-86.30120881650696
10.505402788608308
114.43459803326368
-77.62562196161838
-256.7953118229543
11.67256676460223
-193.82243899714194
-143.53403106497353
113.04176041385108
-146.3343907175149
-48.969695306025784
-381.8381073088367
-226.6405174672418
201.32846419903035
-258.3639010447496
-15.627361345601976
-189.18578190973676
466.7354824575741
-4.969971769278345
-158.4561486344046
74.1150977734469
-66.175968444104
-70.64219967499561
30.297585102007872
198.08948079202128
-88.2387495524473
-28.617356895558146
-69.29520564241618
-39.05970429550742
-78.19500367345427
46.44676849102143
-25.735221170449222
-29.100753542041275
-223.93001599747822
-113.33114021985784
17.66935386945852
-92.09712341800693
-40.113336993727046
-214.54111381672374
-76.79569972196047
-552.5940377162842
-18.616774976316265
142.2769015328381
368.6320172649248
-25.915612997549033
-94.21659665490324
55.2255917061193
-120.91994085100396
-114.2939529787036
-125.56649799872048
-224.88427993227378
-53.548078203984005
-43.268149687779804
-61.3558048780755
-68.90180178813371
-61.732354120634085
-18.290423041986287
-111.88038506562103
-108.55970839924353
109.64872789060155
-81.32586357260243
120.45932467817465
-62.450439153949674
-92.55841635351372
-2.4795180566011368
-88.2102786647861
-39.51922767933342
-81.80819837589411
-72.6925385829966
-277.45062727887307
-67.65394375191671
-107.20525568960147
-38.28174954053611
17.136576692024164
-104.87015942078324
-111.6537093426382
-207.7996179042475
-27.812899313896136
109.0467743722802
-46.08279366137593
542.9300000942712
17.229668864201358
279.01174452846317
6.494429746655442
128.55477369790424
-211.55011140981696
-58.76894753688588
52.06367237125505
-53.02917280888869
-69.31837012950393
-85.42836356126372
171.9685746512423
283.41915226421224
126.97630291098722
-16.211132366767742
-297.76973432498926
56.47940428997754
-111.04289008530213
-97.53393769631657
228.6890640215097
-298.36158821295976
45.51885872406456
-319.5259021669317
-14.686279285252567
-65.75370163229508
-46.12218178998172
-0.5669678782905976
335.9047119817751
-62.487242137959946
111.48672829727002
34.39363962969492
-115.82238136496441
-3.1213149413373813
-369.2108818588258
-123.89466365664794
439.3218491453008
80.31662505881468
-344.7211322953117
-299.00083320967497
-70.60074608284083
-99.30719074325862
-88.36627489887394
-69.96197608108686
78.19364194668015
-261.4272913342329
149.908243133219
-123.18345417110996
15.395137186668308
-126.74059931752527
-76.81087562185496
7.664153931110036
-158.91336653712642
-46.65457435725423
-23.66190603877112
352.6633515932699
-158.0169615065688
-31.533224258998416
75.5530463221412
-33.14569677733016
-63.49676265856965
-30.546256814563094
-36.530050435752855
-118.27917437818667
-63.090734786850646
-42.26565887669327
-2.522982020183008
-418.4007606685518
-12.873121830880143
-66.45395393024208
70.6290820864042
-275.73302223389146
-51.191999514497255
-203.31937719650887
-397.9230749538965
34.84225459799745
-56.9487406195803
75.26069555701997
-173.3351667701554
407.42531202655664
292.19953659642306
10.675111225449655
-101.30402008418697
-3.764386785846
49.85358566562536
-86.53567796892668
297.910022218166
-118.81378761309954
-51.52771517761494
-303.8408250347129
-68.95779546989863
-200.6051172302159
-73.6775560437727
-28.860271881998074
170.34079075093905
-38.09426433041426
-109.37367732381063
-174.60309957916797
-26.554732011862143
-435.9240988125857
-258.0221259586415
-10.41164070384841
6.348263620862781
-73.89969636915681
-169.88837490435435
41.08941531659002
-30.91404746912849
12.937896133630375
73.67568261409906
-398.7724297877721
-26.675779142746087
-69.45584101553595
65.90956419197391
353.78718667808243
-151.94167162582562
-79.45722584668874
43.39893903018856
-598.5972050864457
178.40409626262954
169.75499360467256
114.315319948877
-52.96438932170312
-423.2035159211173
58.39132166724448
12.883906049026336
336.27681260339523
-21.797431839152978
-210.730655745082
-59.86386142882475
-100.76488810580112
-62.92070780657365
-351.6067026551427
-30.083240529260365
134.73168568687834
-217.84861636909955
170.8429610090643
-16.486259934536747
75.45969824639724
-96.58258245354652
-43.371910461362404
-51.25635889974711
-91.41535981045308
-77.40108784726726
-240.8016779700929
100.68501176132031
-68.86612055703561
-43.50212201888226
200.02412395170904
-19.52448644713695
-76.17947531005461
-99.0957320509624
-34.73780755760936
-13.985252825938005
-48.12408439190534
-44.58634692280585
-120.891025705434
-65.69858605041159
-246.5767451824313
-24.513146988555945
61.16425302252901
-55.78822823239352
134.96325769701434
378.7872785897998
-150.9363696789751
42.00698300182012
387.4744272866483
-638.016103464005
274.72637344352916
-144.9109293316087
-26.856533697387476
-31.946808911965977
22.376496457154644
36.212078452778826
289.10127463432946
-97.10289862418995
-42.62920186032179
-29.321667040869215
-37.43031930325168
386.2608106668995
-68.14054053936252
280.66302138181527
-30.900572325116393
-71.40365402277803
-45.54922082097255
135.32548111050028
-40.60122453305564
-83.9449626640611
-22.774566963418692
23.112279394972575
-7.9421609327228
-56.41033149044608
99.2700632842425
-73.79549811028647
-203.9652620736997
-105.17788283257777
-36.96521121226754
-74.85757499195553
-45.79580553744563
-98.52923510923574
-38.39953951195412
304.52565932904145
420.59037906211506
-42.13489752060195
-62.64108033405864
-64.04565885928514
-90.30707974847353
119.86907301894098
-115.02515313048116
-10.540060750439807
-7.410839969721565
-247.76156763688232
272.3838758626953
72.86329685608962
10.934409644700509
2.758219413063898
-0.9720785381550741
296.32638554000187
-24.074016325281264
-402.4383616270661
54.87541842698374
-208.59694489730464
-69.13905545281159
-57.969197207627985
-47.100121647545166
-85.68075115171628
39.593304816502496
-79.37209683650872
-45.30395073168984
79.73302999023599
-56.19847179546906
-41.922932057290524
-222.97074224430253
3.377385785921433
48.92262996596719
116.6928084475694
-62.509318577060974
-45.98063864217602
-166.19316804382015
-44.52412664684349
-46.96427164355792
146.72447903835837
5.1029805626494635
64.83782813807011
-160.59378677225232
13.226950850043522
549.488143131186
32.860080154309486
-78.50813631852986
-60.3058259853824
-94.59661042850894
-581.5319497161126
-58.95055230295566
272.3906858004975
-40.43891773317559
-40.930859290589176
321.0976437352765
-58.828468215262546
-332.7689169674395
6.843416119721951
-110.47244677241542
45.25491353348161
-359.7674037682609
67.46724937259569
-41.15619346414496
-9.987326642862627
-53.54052542688892
50.050828636993174
-95.03203314507846
16.150771465600883
-35.180198250354394
-70.1550405357155
12.749637876086126
-41.93668400878149
-4.283917881086381
25.660740897835524
70.522782942724
49.09000948331777
-39.69764586313249
148.87380004635088
213.86327443776827
8.989394757523371
-62.039263194255
59.17828843986899
7.8935795609499575
-20.474597860829892
-82.452040791728
148.1874399071985
-51.8049496051164
-103.3077326069094
-96.66533145196627
-73.95563946464245
-17.506884540539886
-14.896699230059312
24.385950450131215
415.7838347555553
-58.67528440818065
-60.252204985444955
365.26329006372
349.8791076982843
-14.434937212108707
7.512002244473479
244.188401201327
-159.68222189618973
-303.20724212318237
5.559154848806763
80.10689990201263
11.392482339983303
-229.8143068292702
-29.728805823844226
-10.985814286910962
-4.727805910909183
-21.507617237410198
-14.264510000237351
-129.4538285468825
-86.36788764474512
-9.391376729414333
-59.13290535842282
-84.44171825990266
328.18125243134637
171.99807081812287
-36.10138176189662
-42.928494835618494
-68.24298813053935
-122.73841172503126
-44.279315996107016
-611.807654624392
435.0149274714677
-363.85054089237747
-113.11988573771875
-151.99950414282102
-16.7757519194485
1.1570342016163977
-592.8133249453786
42.67609773227218
-69.42057700337865
-1.2097730735749792
-342.9267930315564
-113.22862880067623
-73.10074884291187
-204.26789248200475
-83.8709095370159
-367.33706471556616
-4.97788513622595
-151.49491300559203
-19.53771503343921
-68.76387914882207
197.76603570640236
-17.077886365851967
-291.60915748839216
102.70342808215901
-98.03525743981209
55.01548116326194
-79.97769690996302
-63.22224643284577
504.7718376634366
-148.23157879492828
-11.310054156749082
-64.33414496428266
-239.34639709377734
-52.55575843167344
-85.31521327095786
-3.028717625065134
-336.0639518418848
-342.4461680046479
-115.31705521850199
-5.775463820704317
-53.407500155260095
170.8292245128123
84.0415625444457
-125.79924422731892
-79.1481713183736
-159.89216903129454
-37.97250511188304
12.04790558933837
89.67803865878705
8.394020725876544
-39.361764835710346
-121.24137975034199
355.48058655805835
-105.59813924195066
-288.7390884482211
-77.8694923877265
8.114321132519763
-97.06239951062344
-427.88833187070304
15.010560366922618
33.425164800562925
21.771735782675478
-341.8124609641309
-30.19757178726087
-34.86549581313602
114.33734274556627
-98.94419020571512
-40.302008091408425
-201.52763407702332
181.13721469718075
30.151677738447688
-193.4673219585893
-378.62997816009556
-91.99752777362532
259.89728455080376
-20.601802892838748
-79.25314879060534
-99.72051321130445
-220.1702478062125
-483.2094021301309
126.74834969208678
-24.74092016975088
-25.09035454515697
-26.29997697362733
70.64685068678773
-80.43685879658369
-254.4988722553153
-82.45733023735298
-25.347721509249823
-25.56760103223496
-54.79884444052882
253.36457268511003
-132.88874996788763
-148.06308576543233
-37.21977094674139
-58.93600700156786
-21.611765562443722
109.40052219975041
-64.10224403161257
314.2961389999291
140.2050092746449
-80.11566899204763
-58.39971649363405
-85.41928117483914
-36.55057237487422
-47.7725702575342
9.885162159875236
-16.05093650168419
-39.55336200629722
-23.702453214063503
150.4244315628075
-316.71765662988037
-70.33791233493685
-96.99978635247966
-130.64521834963307
-24.707610297013957
112.28558389689897
-77.36027278396489
-311.5824830594447
144.15852502402595
195.37593794704117
-108.40487975429362
10.347322801475912
42.40901644995847
-68.62100206187642
-67.8488842526647
-67.01752883487825
171.6112030741333
-64.87140613401164
319.78070771547755
-31.612002010711876
-132.33120740188497
-49.76771974103463
-4.408249653705752
169.96613723449082
-97.11364661949119
-16.365003246948618
-105.45134877135692
-48.12040284947436
91.75906279435912
294.6952778971536
-77.99522926294782
-8.898865669329098
-85.15087123946093
-94.84357956955682
-17.798781578143462
-42.70990380087632
-43.1570843642221
127.65937291048976
-143.33389593416905
-18.127317368172044
23.42838012989114
44.17085387545012
2.218547121861775
82.84814760805966
-469.0732008236191
-96.42647960369922
-42.469872733021475
-13.190120312632644
209.2648327716397
-131.15796802130353
-60.81367580626251
-353.0958475172647
194.6096765199618
160.13665680746226
-52.83746407597867
3.2930212185354533
-34.127526438229324
203.3044470822606
-3.318595346304619
4.428298594650187
-64.4769749433126
61.21558573530274
-56.778577257940924
-94.14859826188368
130.1849242024582
-64.27418241282226
150.63707251127562
-74.72168693182986
-4.320076906327131
-412.594602806641
159.75954144689103
173.61634805489211
-98.90591432934934
118.76772538720797
5.42767570219894
-66.48698030740363
-82.22822445184647
-37.66957777241828
175.26966106747795
-58.03918860100927
-29.241471323358724
-380.57981769021353
-11.077618931895813
174.7806628469716
33.44984348436856
-78.31476944712813
-111.6585716235395
-105.38012354385478
29.14096110082479
-195.71090183866
169.0873189344893
193.75498787083416
6.3118284530282835
-56.144401404771244
-90.04555564388674
-11.936311041054068
67.25710141634954
25.222413442947072
134.87685291785783
-425.53252226766745
-1.2254722868437966
-590.7605816372743
150.54622316991845
-16.463516109446573
-122.63794122583886
31.545027251854663
-8.041696453792838
-102.52745001689618
-137.54026358866395
-100.31351675631944
-10.86237116271521
-284.6906201463553
298.19680257233085
49.40077096260029
88.60146149364118
-43.81348531178303
-73.83664895430908
-45.07905747280347
-156.05800594431093
-244.70298146077585
-125.19329069752166
98.04820070981441
-32.19802030451319
-74.69829613709882
-15.955954373578566
132.85646665425156
-251.06469365360317
102.9090553756505
-19.146836517622432
130.39727120445605
-65.9953082988468
-10.304127664111064
210.8761574002001
-115.96329395083558
-305.1781675886996
-80.39461461949142
95.65226759439884
-53.345157942379814
27.697074973821145
-12.45784332851872
249.29212504514362
-541.757590051111
68.56116346747251
-52.411627285802105
-65.76053523849157
-78.0000898292582
-77.72646242313385
45.287953311368256
-65.77008203130117
177.4952637229144
-4.487384671872462
144.43225038538367
-48.4773536069126
558.6020405066884
-35.88943623525506
-53.02828325829432
-40.744932430000475
-89.26683263401173
-308.7866297055989
22.07035291758484
-61.46270473817276
20.257252357930827
-7.558741566655954
-47.79790360582782
-37.4732025311705
-73.30293172941172
31.719902100281615
-217.00821278266267
-14.513991498813539
237.58147625164747
-45.63988307382294
48.25420644087353
-36.36224478852426
-320.95581938877876
410.88047274909513
40.506301463537966
-11.976654786203708
-54.03697988222302
68.44265797386288
-40.936445293697034
-261.62352471411396
269.50952792326643
4.536667335882157
65.91168007530814
-37.66232685389175
31.6168202882709
282.8229954403141
21.690059493573585
-96.11413244660034
15.480477434842214
62.06532995280759
-149.97512526152968
-134.86090046732534
-72.3300987894315
34.81951311290777
140.20528243590525
-51.74876923172126
-38.91313108416034
-125.24102660653261
-268.4637592183535
67.70876116776344
-28.505749798310717
-111.52272007498323
-140.67106262937887
21.297437882716622
72.58056340184885
-186.72204414758198
-30.48895733886789
-99.08862769491537
-5.634769420907105
-202.83811633540972
-87.48501242067535
-234.17404476848424
-122.50287249849134
-68.01024225524225
-290.7344084310116
59.57780325517069
-102.75230964415641
-44.25200299617654
-54.14267436319174
-68.99476368151556
-8.746389044486477
42.21099808623558
-71.1734544431938
-120.92340512184
-217.58622602472497
309.22313415100325
47.23654004247419
232.4913129214383
-40.47813095327379
-18.651526162153477
-222.47153195977808
-77.89090794567892
-215.50773381448744
-300.3704164838982
-36.29630275165073
-27.906874228865867
-378.2034541085741
-31.654000278185663
-93.25731263783138
-13.99766985663222
260.4305771842555
13.901076482612268
104.77711378458389
22.160837898156387
77.89288342922191
-72.95419664558435
-266.53732224619125
43.7267954903798
-65.1782219214569
161.05841761158445
-169.37003983925206
52.25609811453705
68.8522360394536
-59.883860074312906
-87.9803607631642
96.35605836413197
-72.4348034687498
122.87386639843771
-54.85946420126794
-15.996833342479931
110.95162453976991
-15.264284331590778
195.93738594078422
148.46068918284072
114.08073216081903
-56.616174370035196
-233.18459666335366
-108.2834690491054
-82.9497867990666
-37.04842016831825
-11.673788704782055
-0.40506606313409055
-32.93659820030189
-68.25942569844483
-196.19989278992034
38.04320964228924
-51.74779581001484
39.920388694069516
-55.62745768050081
11.395402008756946
-82.09451984066924
-79.6725348653494
58.85810958756883
2.5220575123776143
-258.37892534224557
-53.01422653628619
-47.314564363924546
-79.23947625427017
31.418439262577976
-30.926799761971324
-79.48326921101125
33.39653850258219
415.55604912171657
-1.7567685053568312
71.53615149138886
-46.63055505860848
-30.037424343731345
8.53026086103091
-59.256618909534154
130.63382219766572
-116.90521897792314
-130.82921238578183
-65.75658733856346
-66.7947544657818
-52.39044687337082
-513.2581382735916
182.64343434025886
-2.048743443840067
193.54915337289276
298.3422453127423
-123.46343350512689
-226.53298255101254
-181.50897504059867
-154.47714488451402
101.04403184057628
-42.91016289994877
-256.28641709285876
98.77427457678277
-79.48712829812575
-66.96904070480741
1.0401281315266715
25.44012221506273
-136.1787888400686
-26.669771863745552
-24.574623642054576
-104.8852996566784
-242.9951747764062
-83.42961832731578
-140.30149410170816
-156.815647717076
-18.268573400719106
-217.95624761262115
-212.9933466139173
-84.90292023763323
45.93787692790656
327.920532665903
-105.32263900118154
-49.18179313294695
120.66775898189735
-394.3508834317836
-167.12702356555747
-70.552676057434
-331.31246606941204
-22.845095559916444
6.2135292156035575
-370.8736071181702
-50.09694240655428
-312.4604602564923
-53.18088310810981
-64.18931029357564
18.372401595124433
-19.316644815395193
-130.2347008431134
631.2940303433734
-12.35841672063907
339.21052352317747
91.3012328258319
-50.197061408536925
21.778612197333132
-77.48314724700522
-30.08818041912582
-18.404969379779846
-111.93580555830493
-189.57959701550772
-113.41068198317936
-12.876634189915382
29.873766198830708
-84.18011158244371
33.36552509714966
-147.54614438875615
-86.92999680137746
115.1197060172417
74.25251779937525
-56.430310264955665
-275.85084873746564
217.89751406311188
-70.61555792949207
-146.10888595945835
-34.58792435802809
-14.341540560732028
-77.16002766049132
-36.24264954452913
-327.9257784039837
-46.75780648342344
124.16856681013451
-66.62897265370884
-344.0032441241401
30.690224726604356
75.65626211881772
-7.3379805458371266
141.17250746656464
-98.34028418683499
-111.5025299007084
-9.352546654528851
-122.41827510543332
15.456620339507026
-420.19825525237593
282.99792700413855
122.51713123877744
-113.16724372681347
-17.10295726081131
-458.69336258882504
90.92477784263565
-212.29002432710513
274.34775482021723
-34.36457421395809
-430.38069083127084
-122.99143673586877
48.72976981685861
287.45865772871275
36.21384304504818
-181.4712736120291
-80.96528544870262
52.43327197057806
-90.3906776925487
-37.530363919038855
-604.3348864313139
-134.741915397708
-288.1090808933568
8.881951111193302
-165.12004386842182
-6.650308814677558
-286.4364575735963
-94.75058993784076
65.83407615106444
-141.84390782550872
-69.04219361963987
-194.05226850805957
61.42278718331136
-49.457230446711385
-76.35104032675645
-162.90261906354317
23.050810062333767
-248.91298369006472
-52.691616496758
-217.05514274474444
-51.19182578062134
-61.19141585032776
-25.31926026684232
-69.16657358553115
-23.421544984447507
95.94293621794532
-87.9534671496642
-229.83271684783358
-36.03288922959382
-54.52349155730173
183.5723143011055
-64.34071211659574
-101.2131324706784
-92.4729531633208
402.0653688394668
263.8309528326936
503.6124290206535
-41.66088517489379
-19.231850740429145
49.999303797234575
-61.905594358416465
-38.319849299965746
86.5017958884273
-77.02488353002084
328.61995190730886
-45.70951134337625
-84.71721762811443
-20.30067265341961
-124.26760366597318
34.36368736828058
-468.8612051112377
195.60788288231788
-14.50031270995801
-26.056596294612728
-112.90996488335713
-30.56763491278184
-139.72810597211162
34.70339926470797
36.03166473118654
491.1513481553866
-52.116087775667204
303.87395726455543
-9.586080717833935
-83.18631784892983
-68.75205794712183
-99.6544765257313
-122.4198771949741
103.55260950205047
-104.06589262760038
-7.702246900695172
39.13855918544823
-72.5323169708984
-103.27274796367237
22.875629468358966
428.78908399633474
-54.697627145117806
-104.81338742952083
-98.60797805680376
-5.1290469019591
-83.03206726263465
-47.269678176699585
-58.03114967399961
77.0889264037778
-39.14517215740949
-293.8952621753324
-66.83450567783984
106.34259759059569
60.783121151180694
-621.3775721234397
-60.53995153089784
-41.04372472149336
-24.80063771133742
322.31977356306015
-23.61459536444363
110.01107953386781
-80.11464811016744
-46.11942366563562
-83.44337905245385
-95.69995435004017
426.9352349347919
218.54404009956124
-121.04577005755436
-54.30854976850959
-44.97023381105737
400.2728702341701
228.38326250130376
-73.81631750359074
-137.41757905029226
-322.89651098168724
-60.357871260002156
-25.395713819391545
-278.0078636942235
-86.0478397129591
29.920826445205194
134.61743979016137
-134.67709307393852
-87.71310049253364
-83.47856284015415
-85.75217875485032
307.3526109242157
-53.57370582247512
-170.3556792325071
-100.9230349162226
-75.313754089609
-114.36283138817998
27.177243336192987
-34.257771595246886
-73.53751680523237
201.86516045423286
386.8361990410849
-59.090505669790986
-47.98246711492175
-21.955744951875573
48.21642015766702
-56.42794383595526
-73.10231314085091
-33.47943274984118
13.826468123224117
-354.799963472331
-45.74663095467076
-294.34028171154205
-68.37868074307369
-207.34015540652763
-129.39933112241988
-20.231407616895634
-19.83488251374183
-271.0601500296616
191.12755564079998
-28.529371187191728
329.8152015534615
273.0598699908205
83.53563826132995
-8.650239955712095
97.91195152609544
-47.78772133147238
-49.17308344933019
-65.0015015968711
68.56614075539255
55.23064712417522
-59.213858375997006
447.9682018042113
439.6509834645303
-31.921118003831513
143.73257930140971
276.63724446007154
360.25119211704987
-95.8624253061771
-120.95273850938014
16.858985426044455
-5.708698877819188
-109.85505554472275
-99.20313608753057
27.95455161054997
-118.2717694699968
75.12799114208428
64.89551008628177
-33.78007836733195
-60.33866006118757
-0.012454453407372057
451.80325701035326
-112.10120459992979
-236.4345557032466
-96.16632668996546
127.01465912212734
-450.6291736736439
321.20979731955595
-62.93204552421314
-65.62921277675703
-71.37944028953132
66.925936052221
285.8929634152428
198.82430188775652
-50.11692106022383
-33.12778422865449
-83.21749182753331
-66.8027594906307
31.13944939927387
-47.81466688134242
284.3517465275618
-5.011259113699452
-11.931326217191177
169.4610967752833
9.411842798785074
-13.910741561201576
141.1146644134933
-65.72580680860756
-116.79276467828913
10.08117195588784
-22.51117639581844
-63.722828021686695
216.52169340333285
-338.8902912387457
-163.0560308482818
-37.845206144256736
149.77509527114125
-31.406691752815025
-27.998050619719095
-26.245548091580726
91.17987482090575
-56.255081066981674
-49.19032792291523
-113.70348070215174
-217.70841511617255
12.267729651109931
-166.85352746279932
-54.66712688771531
31.511096121037554
-15.046642897687889
271.62027564743585
-235.39254687347784
-55.32383742052684
-136.3972167448581
270.33198048488657
52.27598255864177
-66.80090169144569
34.61273701429309
-33.21352452208521
-45.94279454365875
-115.18543763134312
-58.72619706796468
-62.216205030433
28.476662152283097
-39.97248441822603
-25.305944968371023
-42.29182392333496
-543.6648904497943
25.924474742727853
-36.04404006288972
-61.37829364005029
456.22709318262423
-54.20424362187936
-74.60021286681385
200.72062329945038
-19.50154500674489
-44.44118040995954
-79.68120139642815
-220.3454990674236
-110.82815902315622
-51.3364184140352
-64.76645461319477
191.19127976480377
-115.41269165639642
16.705323064056984
8.536907189881276
-51.415859394584345
-116.6275772150002
31.318740803573746
-23.59764477239841
-65.29803018079059
-40.52982955978223
-122.67828966632442
-27.639183311756508
5.549113329960694
-98.27116373621675
-106.6928993317506
58.102148784364545
470.5292032333127
411.15138649428263
-170.08359840395588
-10.101787113168873
-27.13394283935395
267.0252941356357
45.48468931895877
61.92884665583006
315.3302243114049
-19.60278748962901
192.9834791817375
117.06673821545337
56.38030133650318
-80.69695614475677
48.531380208411974
-93.7994318550409
-1.146275803606858
-93.48560282278049
-45.38027249808539
-65.54991709689602
29.42069979268041
-83.79179846254496
-29.75215719629159
-80.10242289152445
-14.18381895394274
-103.25753301342193
-71.20921541728846
215.56449912264543
-80.0469449180584
63.994846656019945
-22.301071174240022
-106.8432195689175
-22.186866386897236
-91.4361558753355
-290.16819544851023
267.9974462984628
-70.053317173166
-61.302814968703274
439.45365871960166
-42.01351650298689
-93.8502509399827
-441.3243579584341
67.63129731246318
-196.7600109864452
-11.424823635557914
-43.93850047363789
-353.8917028346241
-133.03601121503652
95.11696357341862
-60.35647372645417
273.0081376614753
-125.02394069263573
215.42068809514785
13.079330307220403
-53.09863896161718
-83.97108591135245
-38.62532551837969
26.679947466316207
20.67592355820301
-3.099585191324877
-104.72768632761458
12.184838079834662
223.19516597656366
-41.18996446068019
-55.096357951250866
93.46540594600265
-82.27452451252162
-19.84033663218179
177.79803458379502
-48.101697582675115
376.40788344094835
-30.20958153765874
-80.56080009517161
-6.575116726611679
-53.4954905935987
-302.26458014350646
-95.66304183929688
33.43293553911877
316.98472289205347
-10.902375570345612
4.338571377840519
-64.3194085116566
-59.23717199271116
-64.55064725816646
178.18157494330944
-26.031589372974764
142.53845812517284
371.9999729308274
-144.25085166214194
20.588963352229257
-54.16091067994057
-39.15101765984582
82.72105919281785
102.49893175182115
-40.27716965056152
-75.62568621960472
15.02510558300295
-336.0139388023581
49.12734188404647
52.59341562836926
45.165480560970536
-77.16248302561962
55.798113475240825
-107.04162704008922
173.771773528013
174.611365461089
-157.8553068683209
-40.61277030871795
-36.79687947214916
-345.36405549678966
110.91189014227893
10.28061902583795
-183.2059509691926
404.8319052363822
-74.44428354528827
-83.43313176785028
40.86109030094667
-148.40035690465123
98.24065157054793
-13.981010875950233
-226.20789745410912
40.11740123623076
-69.0574004714957
-62.51917525192768
87.35764569950516
-177.52546032137343
-227.53486808525304
11.725839344182646
-64.63307317601456
-242.7616018214021
-26.488818089841548
-33.6279104253515
-48.72905097725675
-0.8391867301970706
333.729846446633
14.32039559445002
8.121679337386013
-70.03310403326032
-469.6593939742015
224.65199888589268
-62.20748043319145
-32.084214974162954
-70.58935696493427
-142.68559032204575
141.49061566377623
-79.86793505406325
-58.59883159896078
367.6332162480412
-100.42658454216507
490.1926270726108
-79.8160670790154
-79.90483567008914
-212.22840475526573
-110.51173350421413
-78.33590673934725
-92.85385396597476
-162.94520757210557
-68.75185741036626
-30.363360513042608
-70.36987159646378
-51.73915098592393
192.82219516836176
-22.34285658954559
-68.11216579781355
-76.7375971830638
-80.63547044231586
-66.61397659057457
-77.93795094451889
77.80345262084984
6.467590910018771
-113.79892379025478
-23.00908295881277
372.2498596310161
123.65950040307689
-27.148003199901723
-412.6608683264076
-48.97080261955661
-126.43344982120561
-95.70648764067555
-99.30066476190586
-60.56397659771574
69.6445111935866
-158.4849861166258
-51.57480813048187
104.99958891839378
-20.423119005700755
6.257876007832522
-91.31541592816427
19.117695259237195
-85.76237150531415
-68.00644949857815
-63.645973815946434
-47.84775954780889
-130.2014466379169
177.3944741126902
-26.319209023544886
-68.75505808713227
-62.45815676602061
-22.048819585159016
-78.15885178937967
41.94986395428896
-98.57384516229548
-358.5286527484259
-122.36151014640382
486.04000842719324
33.83178386926966
-110.99602955412593
-39.632639271113774
-56.281642400349
-75.37272505140666
241.50899270185255
-77.83674554292801
-55.6173181413699
-130.53111396772692
-441.2626487901571
-56.55400000042732
-298.7558711526017
-207.9230627548768
20.197318459619055
-154.0338552247249
-10.715245863328164
440.61290260220267
52.249462656825926
-95.0881038277098
-130.0971317871772
55.8476766204667
65.70066146578756
-52.14628828672364
120.01906239083291
-41.03016844741069
-101.33948161196167
-68.3436009081961
-42.82955021120554
67.50929652118793
430.93857680935434
-21.350435029347523
-318.6305209348311
-60.14977686207058
380.3577422690523
-51.49336211506073
-85.37627564323134
13.991943736493795
81.76158628875055
-52.56364313000722
370.79735012956735
-36.42424163046417
-75.91659790651909
-110.16644158787858
22.75098618567995
-143.04090929825452
-101.1492587027551
45.2574932797761
-306.8219787825092
-238.58521044245208
-47.07857571941349
-88.87926708929876
-35.06793512368392
-8.987933217095916
-21.53839784431557
-40.15017389413398
91.554874898462
-59.57558927287859
-286.5332153102663
-62.622079688461085
-195.4512732722651
-83.0177956689599
97.11856832325793
457.9917140722955
26.343090417394706
60.10593852891543
-138.33192770748315
6.669868111536516
64.36779992055745
-75.677948581068
-6.494549845032452
-100.81556020978833
-74.64742558688931
-75.18129284464926
11.971046167928762
411.6784532444253
-124.92912167701797
-105.01681745895327
46.13115092350381
-339.9598726224085
59.49772172038411
-60.28500811220914
10.302264253100475
471.78135060384557
-313.1097848091358
181.36801679118616
-77.13063900882416
-154.84233344005406
-146.8699773314347
-124.75830103814292
-435.876278534015
-83.76243021518894
-59.406114994543174
-113.76265820575236
-273.1122143516659
113.31519792164727
34.40052580524707
-93.02587005359396
143.31461166445388
-57.7657247429961
42.71731820836976
10.23317385795599
-29.57758565557629
-149.9060018387081
-102.67446058286237
113.83999732646043
-131.51049196023268
-55.15399407004845
-338.16396410252673
-44.189151838297676
-174.22386543910397
-414.882065867685
-361.14536166522703
-72.95467166590834
-55.79305928643771
279.02730554174923
259.52008617153115
-166.9770809754009
-321.35553363891995
7.676356027836202
-66.91214009262308
-49.76432276051173
-95.26843036976788
-0.8778972328867667
13.195122708078088
25.599878728205113
-7.144689583420131
-84.82865053683417
86.97267865069762
362.57520197964004
-54.2758222360222
-426.50897736301613
85.30772867689848
24.863789976036752
100.70599830043466
-49.47779796163459
-175.47898969036214
-193.76700299100412
-58.922359416763356
-1.7779778554167933
-13.02923446383116
142.83420495970358
189.0009513558598
-106.27327268259614
-58.574237228049356
158.09222871471002
-21.80140181469802
-136.38213100748544
-82.61965897965487
15.127304200465005
-99.81026345078307
209.68690513019646
-61.749626467361054
-107.92012243971134
-129.64960371519322
560.176359798751
6.194210758467307
-45.07615408109996
-73.21187547883744
-59.343822498648365
105.3531620887934
47.36396689081357
-115.66275870158279
-53.48187341621997
184.295293076917
-76.6670890866668
-34.170715952664864
-117.17313714174816
-46.58332285958028
-58.22240904539857
-143.81417492282526
51.00015783426352
-54.55910012588421
-32.058381724752735
-138.13329954356414
-84.11163546580602
-298.3668102953543
-83.78682582370912
-108.44459079027037
-12.857929330386469
-64.4506452287503
-23.780287274629373
-34.10113906490043
108.66291966022436
13.984888065584528
-92.90204584419095
-199.38444289203107
-44.76646095777285
10.265085637407537
74.37645924515164
-59.18137459176818
-73.00023874515136
-113.44253520355505
-52.43968334595634
26.769248204864198
-55.18507096202043
34.06953658388011
-22.986694253185256
-570.9750443854737
-10.242781790597292
-50.277634727260306
-62.84789190825665
-460.0346786901973
-69.9122377081635
505.436345727986
-114.86666518123143
-257.71534064416574
-73.55218472177663
32.400379603923284
-67.60664974783138
-76.36808722422062
112.0360840925332
37.13848998060712
-89.37429848210438
19.064171524983205
8.722915426244072
206.98070008099967
-37.987914845154236
-37.642702856877236
-39.82588200962918
238.6777171919939
-198.68228905962496
-23.61959348104187
-110.94423743377229
-35.081187472288434
-22.77876199201637
42.98546140896178
-72.49224720136306
79.68551486903289
-31.18353789206958
-205.3003374156633
-59.617877165574555
54.60230566664541
-91.5467556394332
-8.985075197429808
11.780450690770522
-120.9141185681583
-2.6549878268050406
144.1844133199079
71.06612560887788
-103.09965077495649
-21.998728436145996
-354.9352657365707
-96.50027658249383
-49.651517606564326
-24.986080670098573
-195.3858561740908
-110.88014427642713
7.929367437821384
-28.666911985136984
-89.76671604296357
-154.69963733811528
-82.29074776806998
-66.4462220359414
-70.13586876899662
7.108434102731962
-462.7207553515873
-15.027776715888649
-123.37580072936548
58.23620338063847
56.24118912672793
50.07923373290214
-141.90849576378605
-70.48657874863363
-81.99029304694523
-55.998100275616
-23.482314058646807
-217.7418853148465
-107.65033856458876
-346.7125410486715
-21.99165369394278
-43.38420101784834
-119.17332513705219
106.71897354848807
-12.227419030959481
-348.1426677919162
-28.575327531708353
-406.85044757189826
22.17495549450814
-24.522949882858914
-125.79326895117447
-0.8622818353287585
106.88691058371478
-56.42017179094523
-82.16134840105704
-21.017864935172838
-4.787282565481291
1.0973985244722826
37.88152314682884
-97.20306238617923
-54.91321856110153
153.35401913258102
234.7991712522089
-48.32886864069591
-71.01542988456276
12.36603400401873
328.1990267925212
-5.505663438547344
-50.55435030397236
374.21245861134594
9.538040276347601
-70.38144451358039
-282.45785386951866
134.90386059075718
-41.05958856813777
263.83120817677263
-57.77709941443795
-54.839724975373535
-100.1769607418842
-77.50607007853618
186.71866714708722
-44.34365389673097
-82.11596506149544
-143.91373419340016
0.17785621821849418
75.64676359530495
-84.5580396420246
-8.675388861738611
48.02423856586722
-94.7782717870814
20.063530252437886
78.02706460272702
-23.496183899393145
41.03313273340109
-53.39974193981834
-30.704102889186295
-21.845203951883377
-191.4654262703716
-112.48428274699836
-3.5564740947839573
-71.53564296347626
-147.68939330006833
-74.02120306011784
-215.34048511113815
-58.71727464527528
-76.47875839870575
92.42978895188571
108.50986480430083
-644.1155212053363
32.48356316278978
4.758878509382612
-274.54433581123885
-117.7048617835917
46.017911900118634
-49.642821169939324
10.562844127178188
61.92460653017042
-74.05303695299241
-284.9401816507643
-76.96382288695008
-12.83849534096402
-7.796733083022843
-51.681128760385036
-72.20145784911597
-4.078260338028485
-0.5110148906278482
-73.77733729365173
-35.31776752091173
-65.52498419167387
31.774329795861604
-21.35815409738734
-6.908111074395492
-183.737667413523
191.8208931237914
2.6612773275764994
-63.75919465774391
24.78039189329229
-54.96600097977171
-48.55385149447466
-33.856207919419795
-217.87541052970846
-357.58776390425464
-417.91452654310524
-166.9632251583239
-41.03229659951578
-41.32034901618499
112.90804079543523
102.31034362109858
-261.07316358681965
-17.546950400579874
-80.74575757360208
19.040017588853516
-71.08021924635295
-61.559859163718045
-149.60443059427575
247.66920455265245
-30.87513590834351
32.63276790191185
411.72677342166935
-390.4657421767315
92.65427707838353
-54.838216384350744
90.15874348506804
-82.21825249832027
-99.96521702279779
-354.5821306247635
37.77422662720619
-57.270128653236156
-365.6943647422095
-24.35554938178757
-62.4704747057973
-49.62530212379443
-73.41592125426273
-30.386217778147625
-297.94183998576045
-66.2786135058547
-82.98038125311905
-1.2151250256133608
-145.93437400166658
-83.91860572797759
135.48068238361157
-145.73407946891894
-109.15208372257621
-96.93217657053174
564.7466031635377
-34.65069657269851
-27.95402092596686
23.180060057957235
-3.570363242115018
357.34508854298474
-89.32164835299415
-97.88560228103944
-146.49058673135733
6.846129355573794
-422.4006802732256
-15.043646251778
-11.661506740646473
206.05435332029083
-27.733783514125754
129.83844924710866
-141.90437902793929
-126.83022375761256
33.7579231502059
-15.514698056389534
-120.41632675238179
-19.93113005296982
327.5508976662186
-338.6822125161116
-36.38944641488143
-16.51619097237017
-159.48786872752862
-25.813469825442912
337.3916278282886
9.243556896950395
43.15351413882786
-32.679276722241184
-69.74808283032101
-577.5825881834244
-19.514852452717605
47.56500852487625
-64.0765215669636
138.0571886215107
-226.08237993314106
158.65294510960484
-60.13729741507689
-218.38939104524616
-133.32448334949913
93.98034457500762
15.070814917409734
104.24320439278381
-78.31942274785905
-12.56538422116688
-107.98827790006908
17.29296048392007
-64.51518617370715
-173.63693680544566
-80.2179307802126
-140.73159501140617
-551.9763472294762
-86.95146545906344
93.92602793445985
-141.12935656116065
-163.3006006509313
-110.11648067139686
-196.0916308013284
-41.1836957838355
24.52484985483352
-125.92674598726262
-160.94074794801963
477.73580928704723
-104.92180441592987
-171.34940172578763
-105.5031566768251
-64.48541437397398
-45.26700339325521
-61.11086500025136
95.90049152720712
-37.6000982763468
-285.2194248421074
-212.3065506159728
482.1519574925169
-11.504272110997587
22.122139833119945
-10.90018572547524
-35.27239586010319
-84.40020730075662
-38.053818907265615
22.576965235479747
-10.282697631060728
-56.44418544298151
-57.56539407360424
-31.89164945053061
17.89246493218525
-46.619347557378234
-29.25131438185008
-32.36364235900692
45.16128897788121
112.14417600079878
-99.54559297960895
-87.55111876655187
-51.166016880540155
-61.3593708388066
-55.61246821498344
-90.14873559049192
-90.7311016454687
-33.52932828008852
-100.90042091368377
-416.478286024736
-69.34840941497168
-32.621403398992015
-58.74059966978249
9.442246493259518
280.08549998534
20.38684300146906
363.3943094503702
306.3005876547704
-36.7267171058852
29.553328122701714
-45.98416874480907
-104.9370906011327
15.6935762481844
-9.316437150104889
-58.61846564355403
-33.845574379291975
-126.42858465014524
481.7766473159286
45.926654113965924
-11.475293130634865
-148.95461144223736
-68.79116968881657
-49.175077750024315
8.675575167445686
-420.9701623339424
51.44977732478037
-54.07544311302843
64.20733882282502
82.35218899890242
-118.19345622471363
410.7237332539353
80.67035764438242
-6.187262006152427
524.5328306282099
-85.25749489370901
-623.4118570905521
-220.15194178705406
-72.55922139995076
68.68420988504295
-275.19519380685415
40.44826770280088
-130.7345341777922
-161.65534230150297
56.775188615117486
-122.19406054026331
-354.95642171731015
-271.54430168564977
-190.9306801979492
-527.5354866831185
-25.97673042238542
69.38091327131406
-34.02379698601709
125.89750186950005
31.024252379182144
-11.446623834659931
348.641708948463
9.497591690091213
-61.17120784694863
-56.6854629126442
59.04607349123944
-41.295121506502255
71.39913146145227
-19.428198174730806
-58.95557627970993
-29.565459879956585
-408.0009127900121
-22.80945460277645
-56.994646126994624
-246.16401242818392
-15.796281114568046
-68.26080434759956
-45.43502431221168
-27.41635872207061
-67.28930551193416
-44.37487045646137
-290.95306286017785
-91.29765301007677
70.04536989015469
-218.78027397800906
-285.13112470775377
208.86748471649662
-34.72039532169674
-45.31071459706072
-10.961910315520527
78.87520991992278
-11.879051827610965
106.54549524770937
476.51827458815933
27.403325130542726
-48.23254749703301
-25.4320508774669
64.05824921470412
-33.18382020989094
-67.01364119869216
-103.64796703703996
225.65673416308164
-108.72690679913589
27.508421630095654
120.56251277202318
-0.26162556809867965
-52.237586158098566
-119.57453488945612
25.05355654369123
-40.109376321696175
-286.2589797025448
-168.0077671384879
309.56362915388127
407.66732364228847
132.76930397064643
42.22764521269346
352.31066501423265
-173.99596002485123
228.44059733328868
-36.02623947932807
-247.41765835280057
-10.921714948744885
-56.295564203296465
-350.68238537368416
30.606822183148324
90.47922081044271
-183.5552711261971
-61.92809297935271
-34.889671032724436
41.12740580383138
-417.93260487942644
-62.65799619853897
-104.35592300303406
647.3947547103799
-34.09861151885161
-140.67138459652057
147.58930305100876
-28.515007782264888
395.6810369523446
13.272224024582101
-61.50650944593167
-20.066026982011067
-13.536732948510714
-272.08734622614793
-73.62439235301463
-3.586079482311902
-93.53510800381929
59.51142887997594
-120.87579383996126
-325.3289565967698
-80.02373413750934
-62.48234181402404
-204.5722238775379
-292.6385238738967
-3.924399296165575
-56.25710335479016
-173.44644469028935
-68.23368791341046
95.13863230396328
93.81466082768475
-49.05803299251147
-63.21359759010795
-165.15841609890413
187.50038452475746
-71.74664625418086
-54.08327011712754
-127.8281744307169
30.868252946645953
95.15732478915379
-46.919517270404576
-93.26538683694889
-12.412798855172355
-65.38003793726007
8.752124829010004
-565.7742578759135
-208.28079250318115
-633.892659734624
-425.6473379181025
-148.09432908248164
-54.73945779405391
289.9485009349846
-3.824502367434434
228.6669998863199
-295.91590180074854
16.428478657364394
-76.69680719174187
-70.96440293736305
145.37149014387523
-33.87005184679583
-5.503810222417087
77.84973267159148
281.0632405325414
-75.88024134696792
-17.649396352922327
-123.4071193739328
20.244969174956168
112.69915377980396
90.04907636672488
143.22242867637033
199.77985367711153
-34.992841749588074
-20.254597165569066
-90.90084778044037
-66.40419035583909
-87.1155078337793
-301.5808564742574
260.73872102944006
-86.91207832019518
-33.528141843509644
-41.260277324927266
-89.41405781608704
-103.06213140072887
-36.75507927936735
-37.33594353997842
-35.964324487457354
-76.74173273217252
93.50710036606142
-177.29837230176418
-262.3168920555454
439.1478229760887
85.66877398401994
-28.75701601511173
-11.304454052116604
-32.11395509133399
-1.2629190052523995
96.59499560495806
107.0428444420304
-521.473498380883
22.090200022757926
0.43378199512937954
84.94988378367088
-62.21014631514299
64.52058471126634
387.0673470614056
122.47136436745859
56.85615607408545
-39.681491896514416
2.6047153578274447
20.381629642319695
-14.718663475447102
-117.85321552708447
116.27533720773863
-38.01524110702849
466.9135777825213
-65.51096701493043
-160.08860969356283
-60.950301366388885
-68.2032785371739
68.8448222513507
-362.01562285192267
-77.44558061119129
-120.9116190733348
-58.49886281370982
16.552599119555452
204.41567971628137
-26.390790128256867
-13.75469510667881
73.84944700253436
-185.6353230236109
-35.58118111439717
-544.4316185956432
-278.12145494397737
-246.22819583812452
-42.27186251425155
441.35587922185186
15.990973449596822
-66.81013899863865
37.913065155417826
164.54535854267942
229.8836962581172
-55.168040303394655
130.58584264032652
249.39631497150185
-81.31511413216074
-63.94912628836573
-37.11450312846321
-84.86601688357835
421.3750679283439
274.17825882099896
262.79308436446445
-96.19142983627616
-11.423859961618291
-65.18001580170676
134.5184322852092
-79.63136458320514
-187.9715953550749
-118.67146492644497
-60.153383491238856
-15.3546640083823
20.46258564080381
-52.44613053459278
-27.409000659765297
6.781169504038905
28.19688889187455
-340.9652132495394
-75.4216730593522
-63.76111153542979
128.63745393777572
26.049182236405613
54.06285095962028
-93.06307070755024
-212.19331339379823
49.01880835584598
122.1611014183909
-298.7227883288815
-154.2529962292083
-62.88031461148785
-88.40344458460368
-16.775694343554278
27.619584126502648
199.34043243945234
-84.50837154773095
7.860010926854557
-97.09913861839718
-98.99388838028435
-112.82449141196048
-522.5371450425919
55.54805553391088
87.01437784612972
-70.15318280293673
403.94929854504335
-153.60980202369956
60.00693900839224
40.071944959767734
-101.25003379009831
-43.702688625375984
-27.812454216969883
-131.23440531171946
69.73055276693958
-83.84438102961121
31.69667475260576
-219.31225262241605
-60.98661608844219
7.220457670011001
-71.2790781704125
-88.39165317300285
-51.222549767094634
-76.6472921170971
-189.69029192573907
72.83847998072383
-382.7292068548686
-84.81202385301485
73.96756745644961
-80.30056714796956
-20.248210720801126
138.5792218445822
41.886495509945235
-53.60354282286078
-235.39738999702786
33.191455007409786
-13.032887922227474
81.35458221554654
-117.37387814086651
-36.32438749911671
43.31020458286858
-92.70534123583265
-15.283548782619619
-368.73243697460475
4.053319607590254
-60.134229999742246
-567.3570209261925
17.55140137860235
230.80155717587058
-180.01699735031525
49.75723240446132
-20.57022857570303
-40.38480504551515
439.4521376109278
-55.58181772780017
139.67091012471064
-100.7978509592358
-195.37671239823976
102.26211785220949
-258.80146068833164
-5.229003464299819
-185.02867568537658
67.97316936995776
255.80373740674622
-16.3558014539866
80.84678727929759
-136.60013253773104
-78.71581592109123
-183.3114686019744
20.97363373821907
10.625582028567806
-27.43680019329909
255.7757696117851
-16.278845071354795
59.42580079916115
-60.15675095425344
-31.24073790769489
47.013575824073996
-73.30094149977594
-174.35017815929314
-81.00492831269258
-59.08532718390817
-19.77600948235346
407.7748431779164
-50.63194374898558
82.40010082277695
9.105075113337762
-32.85535516761388
9.247354926969491
-76.72113786763657
-253.42587745632318
-61.89177406271028
-19.224727963649602
-409.00297113231136
-164.5860759350453
6.910383912150792
514.411942653629
-87.16751549809509
-19.965406801596146
-106.87148498826654
30.18741496997336
472.13955853144034
-36.33804217221041
130.85877848265045
-11.830249629117134
-393.0153893269726
216.5517869321593
-83.1665081719294
-59.999303304587784
108.1823770856372
70.34982380148767
47.79663298813466
11.28989544374781
157.2580644405516
-74.29295090178039
-590.2092775693445
-69.18705561574681
-378.57569578562834
-86.4560863841845
537.4273329607531
152.98423203654238
-62.10238887848269
-28.527795266784324
-217.16295292577615
-26.46126564923179
-100.39387574085777
-109.53213899249829
57.0632392027328
70.49645501837404
54.974310341354794
400.6872489193811
118.47775245731646
-123.06432451366709
-70.10171302893468
-27.47714037205969
-87.15385887397835
-154.7042856607768
-26.295613655350735
602.482743992834
175.85275847537923
38.50290654942091
344.1970523634536
306.50743313321436
2.4636649382748033
-112.08343093369513
-58.290052544420575
-30.233141160838954
-3.259235410938345
-104.29755396690962
-257.82661719834505
176.32378125015566
70.85670370373919
345.747845480726
-84.28429738661544
34.0310979161668
-315.23319079672365
-0.4928183112029956
13.859367653189565
4.550982803073143
-26.980809014981332
-256.58386718244583
7.6185563029848975
46.46610707029504
434.4820940670925
-175.58550288530205
-53.53717983672931
-106.27571189151227
54.08309135565423
-207.41153533343459
11.911954161301821
-78.87879167890301
430.2776322535592
-295.6861336935799
-55.28494973175752
-148.80839761967036
-352.691855387071
-66.6804921933869
-41.21595711094817
-23.77558716407347
41.648388315937154
-70.6925589977143
-315.9163358996866
-59.50525356340911
160.3347455918356
-80.40626739929117
-61.89585491107573
-123.62690947831834
60.414885759358185
-172.06333148846534
38.11794104755427
-45.85450415188809
123.61738290024823
-39.6027634729779
-34.74395164086127
536.9651242977279
77.49552290925021
-260.1711051720613
-57.55387743455927
16.006597881323614
-81.19568273720249
27.702155507159205
385.15116839490474
-206.27862712939168
-458.42528775728715
45.73421426454999
19.413069113594247
146.76201913118348
-68.72707217303468
299.9349114286124
-34.70856915644988
-71.44677710467019
-73.05983311693628
-51.923849346597876
132.40391452421954
-90.93164189496706
-19.560611575146652
-547.0059721917314
159.35440890326572
-144.4409349046182
-25.040501463681892
-54.404516977370996
-179.50336085163326
-75.8434939376186
-93.1157197519347
50.627109871140874
-23.01938359588357
-659.8064335759009
-117.23153213598107
-211.22842629908882
104.99669985142555
-123.77714493636086
-73.20508366181494
-211.2736721603087
169.428620247887
-94.63677874045788
-81.127886223494
-71.71911958838844
-337.2080527410071
-110.42482639392178
-51.640915409739726
-111.28199038249048
-179.26810029999433
-194.9218608295232
-31.139367870494425
-96.61285019837983
49.056929481466796
35.54769977240403
37.06280715412231
-78.4544010172446
51.94567969365562
-60.62092624721481
308.73664109621313
135.3051447753769
-23.976592083957506
-176.45760555992638
-79.96232541488854
-45.69166466604949
-493.8598146379336
-195.78512583027077
-340.1338179947779
-11.730021537348861
-24.81524496659865
-26.71410630165128
-77.2774826120483
-202.3270479454004
27.034111857530092
-22.734111767999934
21.744093570530424
-74.19396098786906
22.16020511142051
-98.71168438868699
-1.8836336020139015
-117.60205192254742
-23.771263651802656
-81.90642867452429
-10.373644330526076
235.97075984603543
-48.722924260500236
17.01473360616069
-28.024324648406036
19.898504445875005
-47.63292323807451
329.3930317483173
-390.9328529275499
44.241938441749426
-91.5765951173856
79.87623915664062
-335.42620533877744
144.7356426741917
-48.430885660005586
-213.39829354950234
-39.37835566709226
-206.03171783855032
-139.33595622472967
30.0705090426668
-53.68328610573711
-39.68716973748511
55.68365285415166
-27.641129295103383
88.12710909346242
-337.2423389266078
-77.66766048652153
-94.90357590179883
-36.044396385343134
-7.922905195178828
-369.3983067803365
65.0455362444136
446.19105186480374
-179.2519501566394
-130.93876995478422
4.3384192384055495
-426.3864023039732
32.69438894582481
-27.313771324826664
-49.48384642906964
180.29857931769402
-63.36612392330767
-48.174123427369864
60.682845005267154
-87.36335004920932
125.31468231515464
-32.00229600779255
-33.10715284273837
-48.88138778362402
-40.14181979827213
-46.16183038713893
118.46787882033914
-113.6869900028644
-33.78289224287168
-57.79333312448285
-45.3948970053623
-227.64959346164142
2.3356742254964047
79.0641180103139
-79.19056213263622
198.82570826755546
-40.68034663881565
87.27407156917252
-92.5562005005458
-346.6373169742765
-58.19702772236392
-0.9471352713194392
-55.82200459924476
17.937684951999472
-189.98716272048478
375.5490465040057
291.18050868858154
-387.79018713131336
-347.31716815335494
267.3883804963584
20.484666064801786
-112.2472888334596
-1.3295585052951537
-72.00960863190215
77.10512272082451
67.27697199334716
20.127891506630476
28.445549070211634
-29.96655695740401
-68.15121377961623
44.55563162715953
-63.58024780450354
-2.5908017975289113
331.66284661535246
-237.98119145655437
-44.05695266660548
61.352262627598975
-87.31610920936782
4.358692550843585
-144.43342403236602
-110.03271311650133
-134.7181634934259
50.49550504582476
-30.833580174521906
-243.95235549303652
99.29471992156869
11.579385930028366
-134.9504564091194
-201.86253640305767
193.10893757594204
-266.5348227606228
-107.3547007923371
59.33310167327545
-510.898927140197
-232.89811542352618
-47.30020403270828
171.24316964153377
-1.9524317519507701
18.32047535127367
-56.62102555899574
26.808119089695538
-127.04128634226254
-30.26997898471211
99.27556683102284
-61.13415989838815
-66.05825017349399
-101.12756919540152
-96.7479289144511
-95.01926838558302
-12.387837330622006
-163.64661678458287
106.06291783178858
-43.5121978607022
-44.75973194607303
-424.29823664266587
-315.9807509784805
-40.444704493403684
-79.20914488324159
-42.55026656330483
-123.67788909788214
4.357202620034016
-165.65788084079213
27.53655475470623
42.20113950910854
-260.90171901269605
23.142051274207237
-13.235593547743747
-215.07909783525247
34.415730932539645
-79.54121224496717
47.26468163864047
-62.22471243135078
-80.7861207491148
-422.0133795884303
-77.5329816758258
-96.45883126399713
-467.013177473882
-152.04294116840083
-62.28772060354163
-101.96117372148711
64.18832806212231
14.470225339693116
-52.54317601815281
-292.51825842338076
15.097777085988128
-61.80457246999431
-199.33846795637146
-89.56341989304019
-47.007778606084685
-401.16137539129886
-9.78291655335141
49.10427412666468
75.83530828492576
-5.925125445096565
12.26930251254339
-78.79188866534541
-253.96410840613134
72.52633518155926
-89.37433909150134
-386.60981135416296
147.19874498638455
-8.214241091777922
-76.8855099434004
-66.98874048742209
2.4855778331126146
22.627365181177083
-323.9609862203024
189.8869368653468
-89.94078468252577
-125.19824162458876
-19.970205291919072
613.762835865713
-65.10080648615191
-62.52920118739348
-93.35767745736666
297.47484840084144
39.09687489221233
-200.7825973725985
138.13099473939474
-376.7816895159558
-52.06748356817985
3.4510630050657016
14.76929231277245
-123.06466499771832
-15.77782930732883
-31.08790237174433
-40.13016886779786
-73.50474229018214
424.8650490242853
295.3107720605676
-101.73829273298166
-349.11326681110586
-98.04256269365295
-67.73641279906246
-11.711850485346531
-87.76261901495661
-75.0945005039157
57.900200205878264
385.29413039615247
-43.33562567091394
-181.34118299393594
-31.868090299143372
-73.58359110662968
19.423199724042206
14.322168277827586
-214.275473279391
15.00363161218229
-39.49913325527954
-49.0573276869527
-58.82982430401002
348.76294332698853
-417.7333985914793
-30.994323193338694
-34.47044415843533
116.27545853078482
-143.11008493491317
29.41229846897386
-76.24099855644636
1.15229619425088
-27.19201619080559
-59.95264104511932
-104.92163839843143
-88.24139317634763
22.56542499642046
-40.73593565155693
-283.6689135268098
2.682160674565239
55.52022457318708
-2.1588302855670918
56.90856718472969
452.73532625295775
-58.45337647641372
78.49008278573365
-298.251543894321
-133.0235834930163
-85.09095988506019
-10.364261951471054
9.948337758661182
-326.1787716501585
-116.00677423903107
46.777893255957224
-272.970976189883
-16.30711458727069
-59.25581125033594
7.327891379016364
-221.4302717949613
-75.19590018379833
112.41070965405379
-111.37497854120465
-77.1782683084839
-34.64259329518609
-274.2696018938241
-48.23819218109293
-32.2357897563013
30.31312476819585
123.83774053280194
-81.56779495348171
-40.492841817024726
-67.62584360906494
-37.14796688329979
-37.76539714003994
-30.981675959774407
96.53305577471838
-92.99627523532217
-62.76410942089205
-19.571855915665537
-95.3897734147775
-31.513021843466937
-270.93415236472174
-113.07460407449639
-100.17137210452347
12.308633671476855
10.804493449212714
6.0622255529315225
-586.2912147227707
-299.271790852049
57.89343602446934
14.039947905914232
-55.19600440361137
-8.961078029125872
3.992712270494849
-5.909748397275507
-286.28123299783874
13.081624900323732
-36.806598897803724
-169.634814739351
-44.82038682594537
10.662825426352356
94.53092169703268
48.817802864658006
-88.10254059600243
77.21887996269697
32.21018975252127
-17.016559521629937
-98.37458566095158
-110.97930745580925
-13.472551039622346
60.15981494254265
1.8545458095040885
-66.44684346320992
53.230572928374386
-51.4975367475718
-112.36611322374301
125.7960356566673
-28.523311323856205
287.53117425772143
151.35642439450748
-96.46435052167908
-75.3500992222256
-99.69122989472103
108.63044932525554
-33.37575907488617
426.12261984913494
-49.128034091284285
80.596894265218
-90.33218753215695
-9.546029086119233
-134.8321843453341
-233.4080369277399
-29.423770793735173
-8.761906162580999
-8.982691747256524
2.310264064624789
-73.38612574748744
-74.61175453698797
54.43598537187518
-60.20762382640145
-59.62250606114867
-30.5024529946877
122.4300378178832
-47.76061868644106
-574.7867384712699
-3.7380343712592676
107.94852524681119
-183.46421273779833
-0.6068172468785633
-29.080958717048816
-12.596372985763082
-54.11689398680028
145.2753076122208
-19.17386678192628
-237.32044899120774
-159.4752914294404
18.498920058227668
417.76624940898546
-74.87897636285086
-55.92344108130055
243.88803705784176
36.0903135580611
163.27419585977805
-59.46846870183984
99.26098568730231
-245.2735442883386
165.61499982353598
-23.4541214542935
155.810736732009
261.94323881301807
23.69628923881828
-29.908530851231376
-589.906436997635
-66.97673936537751
192.37131878037326
-54.222372013319784
544.9972590589587
-21.940513407749904
-309.65647467238887
-59.455500165932555
-14.269136936663926
-243.36023800357543
-14.444386433508498
-33.36474212819212
-78.46996145332469
-55.413469062134816
-74.65565298792171
-189.63497034737702
-249.9544973083248
1.8282423601430653
-264.1054213252919
-35.85697565823102
410.8860674568923
-186.80844321701443
-125.20727631516274
-107.41819992377232
-46.18847876099517
180.21307015677485
-379.16280385375103
-108.59458954158072
200.54075613187706
30.433970435512038
-111.90476961715285
115.87987174581485
-65.8417066840193
-268.80200764081656
15.895800623009109
259.80656577450463
-21.136405292265408
-100.76269531731356
-43.8996744330816
-403.93269722598416
305.8110018654479
-107.59666574229777
45.11462896763442
-76.23831847188679
428.0207245808724
26.06496621205588
-103.50805439199014
-86.2939930385819
173.7783568225277
361.5413240336911
-257.13566447658195
-334.44170886394204
-138.1466052253645
116.72443101693443
218.3554093970415
-72.32427571079945
31.969545660692347
-40.912610224616
47.632659816785235
-47.006240234036795
150.09848113173211
99.8369529469528
-53.09712175477017
-71.13640777363918
-218.27003244535445
-56.025717097419474
-510.68287098151086
-40.73217772965069
-476.11091393633615
398.80588437999904
-77.74550293687207
-612.9195121678822
-22.15633676739833
445.43378505059627
-83.29654937214599
-45.752903023420004
-14.501577411278618
-30.77091845106588
-2.5032710558753024
20.04991128490292
-164.32132471776276
-36.965803652101386
397.39213165276124
20.411581066045073
-93.30163164773285
48.157678574050806
-283.83768546057036
25.397048672053643
-40.94586794157967
-155.85501799385383
-58.57578183047075
-42.02843589646679
-51.34099340956235
-91.76025040043616
-9.045666355151951
-8.293857737624421
463.5347298346842
-29.3660544917621
-71.52231994080574
-11.283250246380248
-60.49410423347787
-30.044789703848437
-435.02350209956785
-50.18032144194876
-98.35677857020528
-169.85551380394463
-65.46469649234075
-63.44214459538489
51.284483857413306
-61.02531820340846
-72.01194441442385
205.98876320010822
-44.45779221370282
222.8143848269592
-28.545488668929295
283.09336733728014
31.028343186157144
-63.45483451819473
-43.73640946588215
-76.92572547112522
84.70838161364009
-107.17512433815864
-183.23839679981938
-42.397222009567486
-38.58002051741767
-132.19386788805969
300.7342458604253
633.4914074272356
-28.41109932443851
69.37299840814194
-51.52498878903589
-86.5902389342738
-37.908179999480794
-95.73783954886575
-133.18985194452353
-299.46263015079967
-8.424285885502739
-120.88588842665195
-23.235720836536245
43.122414748702795
-100.76626960798421
-43.61232469804055
66.94944944566123
-120.50516599236471
-38.943873990848836
-73.59989838650108
-22.06786670386964
-45.118453570801435
-58.07798286409525
136.07818257421332
70.2886022442708
169.73548338281762
-28.267625376277323
454.1805719565855
94.00764399330365
3.1303220563877403
112.96032757500689
355.69244183812225
-17.60111934044492
-60.317958378063864
-44.741065579876874
-32.22778372278657
97.59721716101194
-62.623778804138055
-30.254287521987692
-189.0638903299705
-249.46207151534873
-60.71021808140166
-30.22553729159449
75.61025592519036
-0.8898472247237805
283.9408551589531
-15.681876368153098
228.0595184857757
56.00066208550916
20.19596282442177
56.50820980672688
111.89188645222566
-77.62545295699488
-81.80276171446894
-92.84148894769494
175.32492248306517
-96.55801870593584
377.94164238262965
-99.43596650688396
-60.44841151515922
-20.57098271286509
-56.87358706419803
263.09690399994724
-3.3585578393722244
-82.79203953034448
49.20703173380207
-81.44623412301007
-212.1427385626439
362.86936947566755
-60.207677555752525
-35.11768110220595
-31.080711189702924
-73.01143757390513
120.91211375716193
-348.6017386928979
-55.866291660816806
-70.95272873820977
-49.74100621894571
-37.03923026791381
-56.36761952181121
196.9133777021143
-389.66554781074956
-118.72403698799917
23.51656833607649
128.65553816031024
-34.898369033300696
124.02323236418852
-34.02844010589979
-66.73935156854118
-52.832790761056145
-57.64018995945
-322.38425743827975
-44.26237155673516
33.90057193021153
-52.5411327642305
-330.4389651262918
-281.64129073756703
-8.376523325195649
104.27621717685633
-102.4614674086831
174.2739654935649
38.363601011991705
249.69008134759497
-103.40075199527975
66.4019996932534
-304.7885871738108
221.43416671245905
-30.180707577979774
-94.9928042266256
-25.79259775799503
-16.760874665355004
61.21755499005394
432.06391428745883
0.9607068157953336
-22.754794115290224
-23.65607015087403
-109.14194629448279
-70.66275956467581
-21.474244751052368
316.5786389089062
-34.36201132981614
213.66235993601913
125.86280674699447
64.29459955932043
-31.661892474733577
-11.310920637121512
-41.26463808934386
-60.39338442719804
-78.0957631010242
-6.741574566050076
-121.05678929070564
-169.25120303373114
-290.38643743694774
55.3696053919557
107.37009194310849
-31.505956941194494
-149.66415043534835
146.71500125735747
-220.9979660268
126.6159959683473
-49.112245355770966
18.627131227483005
-72.13136416241275
-102.31967343996803
146.59743120827625
-73.46170047612213
10.627637102967128
-110.27328034725451
-48.91675062844115
23.482100344914215
-0.36206686017856105
44.971235483480996
75.68868186595228
-143.83638744452037
-51.388773763767055
-73.6757682708876
-127.70137508043808
-33.752773055012824
45.77809479839925
-25.579814088330636
-52.36468848388074
-76.75584974953745
-510.2185434606545
-119.85551379956087
81.83054275997893
-46.75143865096222
-153.5635341021898
-12.478148605725892
-91.2213621972579
-76.34443704764924
126.19102986442113
381.7811518130384
-2.356560166773761
-78.012028598788
-56.39851211571772
-403.3178300190539
-10.5125192936448
-26.8577796296628
257.48647637243084
-176.77383280588037
251.01731996115086
65.53633587940499
14.541290438395663
-62.06519893318
-43.50951384996242
-9.725632834531524
22.902057577658297
-9.320595824929114
-15.366383380687694
88.57730108045644
191.54739748186785
324.0754176731025
-40.020978087208675
-29.55237052352254
-49.4954964098421
71.66970147359825
-118.48960336660457
-75.7196080841868
156.06567184837968
-132.57495278488204
213.17750381340556
381.2011460678168
83.22970905571765
126.41336630840124
-22.633441714607798
-78.13339787507918
117.10455089250718
-28.51650325518375
22.345568638114855
-346.90612283274277
12.468906709575094
-63.00273455589765
74.66336014417539
23.77147579098346
-25.43571368400444
-98.94280852568954
6.326452362470415
-102.3043179556239
-252.87684870767043
8.776755722700905
-107.96011967275444
61.64259807747567
-20.200219413003424
-261.8260346624156
-95.8541612904337
449.24500401697514
-42.36317037969978
-163.97891549949236
-56.189863684809666
-27.268427246441206
-21.08630300337086
-49.064158144799876
-62.02280456360313
-95.34427514030722
-122.31286270079909
-359.266200711676
-16.205696063403593
225.05863272607166
116.59699220766743
-47.93313016012149
252.9162422126974
-63.57811236518319
364.2191020560913
116.89280002597116
-70.6652842865012
-31.546819600961296
-42.73287165894479
-29.34024212658731
-104.82937411680109
-59.68735531102266
9.269054029547078
-22.410479470342416
33.94431103054194
56.98211172960691
-333.88076017675485
5.747138434083354
-217.0441638023458
-152.58352826489272
5.318528047121617
-83.6541928597903
49.49668905271392
-103.4720751230049
200.53786445995183
338.71596276596574
114.74713327269546
-123.52390801411639
50.22873431298103
2.6822184784305136
-86.35253692516399
-317.2053851752953
232.9867875557038
-89.29302980083321
125.01910013531233
-120.6219705274234
-278.36248527274256
-44.047895449691055
-167.81958682414643
198.29983836808242
-30.124516464396947
-168.2773364857112
242.3207233319181
319.4298953562229
-61.23739075932269
-41.9587420239568
-169.64203588476448
40.05387477328168
-150.1752645329343
4.319287703679549
-126.65502675054267
-97.79784547417744
-92.20012653055892
11.028247637142158
-104.0600396128972
-327.0561547917332
-78.44526785406197
63.34032125351041
-6.616972652921504
36.13440777766664
12.869218262900631
-199.5853091751069
-204.27996490453552
-22.59273312737764
-101.55417630755977
-356.62300642593436
-65.6915326819755
-50.11265644859617
-80.61703925035545
-26.17968400478973
-31.133307784972203
-55.89474231887332
-279.6952989277679
-45.89229920328677
16.622616062115867
-41.3519377405824
0.01259138770365098
23.759788605010694
41.0832062213201
24.8162915013163
-47.15149966496085
-67.30957192247297
568.2562842724637
-119.89977851856383
-555.2508280161983
44.7211663778744
-94.18977001073958
-280.3713058221856
61.616228806246
-3.141493906636242
-53.2363733162596
106.41775448469161
226.35511312005656
54.56575020509081
-69.1673042997234
-290.10981619140694
-79.3203239904267
187.8419687657406
-105.3685759284908
-73.52449981687369
12.0842546082838
-30.703282410984194
50.25847503540899
331.031743360918
-3.4881418256245524
-58.584469514216316
-22.49580229539879
291.6007333315647
444.43382924176876
351.5904551869389
-17.35031595829969
-315.69404650242905
-127.48394736462797
-79.89603009973871
-229.85538859658845
65.71933234441713
-132.48024154717132
44.53106439405201
-53.38303835612896
-199.54113022480124
-34.88551639532477
66.67308308376869
-24.12429806505679
105.8992160145699
-73.5358699271219
292.5951648351029
-60.027860235801725
-77.560953424064
547.1529374433612
-76.77645947087694
-123.85280458101988
-45.37420763184127
50.71660896174399
505.3041599155076
-47.45860714229016
119.04663026860544
-78.2528945396698
-359.7625500932281
-301.3444599562572
-134.47579775463782
45.9186924094156
-45.85070150566571
16.77165664354652
135.17412014448837
-16.411569611460436
208.65281909752684
-174.97606274355257
60.32497446099205
6.351810864654908
105.38931461649736
-56.81042025093075
-217.09112211105912
63.47855315763809
-104.09264281413772
-0.5881869364911836
-255.59775563013682
-69.39516847999118
-72.06427896009036
-20.765511643090576
-103.5197449727657
-306.8289908359893
-253.74441326201122
62.83290181141456
-44.725096815354846
4.270164541696886
-102.62743804674756
-333.1784623517997
126.482648381118
-90.94129119115314
-99.41802218956036
-170.0660009721928
-61.8116465486652
28.536841321040356
-109.51047264991739
-1.5283335666617859
-121.47431805128147
-51.113461623272386
20.54036825585581
-118.73115043297639
379.61413691994494
116.58970081316693
-18.593745617248892
-248.2871023820553
-55.338025728639536
-8.358914307458576
3.9641016621224905
-85.98595208962192
144.76326361595238
-71.0571553037243
151.71102687136226
-498.1853883032263
-26.683971950303448
-49.032003354284825
2.1497178080198767
-43.686926944500726
-2.250189539445225
-24.432882194768126
-335.4483476112164
-129.93036144681764
-44.76890017671621
-108.38301349393623
-237.5134823410881
-5.626402285746327
121.18634859934718
400.0512659604883
268.3523244952157
43.0256966320776
245.83899994919193
624.6224009870484
39.77166826190114
-51.08703920962762
-3.29429965506327
-76.06964649261126
2.520119731300838
-51.24299414366806
-102.42468499219558
-32.499322834978784
-1.9078622853359093
2.2314755248611675
140.6684378169175
50.69068616693721
-47.44989250467879
-43.71583789583656
-7.177637425401372
-389.7456674324512
-44.28135199764108
-38.76697738938674
-90.60524047059153
11.540666438311746
143.80433695459215
2.007074688040618
138.66212930124038
502.4027493894864
-61.004373741121185
34.626987108049434
-400.3410025041703
-17.024870290208582
11.078947326259367
14.190901106454476
170.59740371430416
-36.53499062641964
-61.77866985862015
-25.35975690912892
-240.61820540549888
-85.6857926195195
210.84990541929437
80.93255489137437
210.78104120355874
-398.7454937728344
254.90592227838897
-22.66578914988105
-22.5490313276577
313.0593772145803
14.111808477142404
-123.05786829453427
-118.96758825679717
-98.3355752695211
261.0792943047345
-51.658131234446046
18.099908024009892
-5.721407380386154
-49.044807417918086
145.1655921255151
-64.81911398632462
-20.224325572877206
-77.83071580562228
-8.723437330326192
69.5588040215107
-155.1552986914612
-161.5005395115495
-42.63525894503459
-173.98397493294033
-45.790736902545866
-51.503251731606134
128.0821835833376
-98.51759244134492
136.9156875360586
165.79853038869442
-9.554615356863216
-201.89812251158855
-62.918871739635506
419.1037069483373
170.75495578359732
400.96240523385677
7.6040841103842025
-177.1163651846091
38.99834398236233
-19.678356968784495
-74.68231906670302
-31.675438400996384
-89.94836141021172
-122.91658101433859
202.95619408687708
-44.30605513951923
-194.01673868883336
-86.47474515255803
-163.92371924760664
-121.933634559442
-92.82479149860228
-77.74900304829418
-98.32081828864648
-62.30830409808141
-34.19397571128701
187.16194290609428
68.18493462967126
-98.70716194076628
-49.42515715108675
111.59550678476808
-87.12741839602035
-331.7117893974428
-55.60927366867414
505.53758548031874
-68.58552716928956
-101.5829679244107
-495.9520793944048
-34.75630780157735
53.86723825193985
-108.5104273957966
21.47828606478606
30.91316726455989
180.68917497432085
25.87914711648591
-258.25327109941645
-84.3993277777803
64.91975501435627
-95.59619922774844
-110.13512949216693
-44.85571350251135
46.67124435545156
-42.2751449652462
-138.0048203641145
-30.450152517342687
231.64956460020767
-29.87745262397675
107.49580073955258
33.44501183649703
-275.48121584536057
93.83543773691144
-43.62754682919538
-71.74899357971128
-70.80642490283107
-34.21718203653064
-439.83224621149566
-27.201463765375593
-395.95289488477647
-75.67871938233657
12.058735506710718
86.78863775899572
-56.216999700837356
-344.2661495260727
-64.8390637953803
-54.787389206426155
-335.97000376576034
379.33967264102284
29.59523188858293
-363.8337808651231
7.482812059448406
14.236766293735855
-78.71585163458228
-410.68616577316243
17.66740338362032
-52.2071164512518
-28.080621865249043
126.3803601834461
-14.937172118588418
-111.88183775025027
-78.31518559557237
67.4213995154987
96.82072299704123
-88.48253865783761
-360.4458883602274
103.86785504251566
5.496424258647039
-43.12940178273582
275.6070784496492
14.44007302416685
683.6899115471297
89.31688101979671
-39.75053913861211
-184.31595076908707
6.848426421314798
-97.1420266408586
-24.527091752259366
129.55635786928542
-60.841502952450746
122.67001294671354
-49.83094024570516
-1.0751623274536541
-1.1094165074235889
62.83987904712558
-85.41208488700431
328.6952635870275
-43.25145496470091
-169.5272787727663
-129.28021607287064
-48.170173303541766
25.277330977794918
-114.33931594957072
-189.53407992360917
23.20408360781221
43.6574299561853
-49.52448337759787
-375.5212387124575
-384.60699754737107
-60.784621505614524
-83.98070308886327
93.26876535941665
15.894982570982393
-63.6733851534882
123.79467947882404
-22.07583926303232
23.906061401734405
-118.93685872387617
-16.09791159315205
406.5297929955341
155.13135783998587
77.06664235600874
-79.43559444204458
-63.88766614928234
-153.07339834870982
-565.138606889037
-113.24385383429944
296.40949098952115
-139.90879169086656
-79.52127398172524
-62.16610456948003
182.75145659567352
-27.245677771633744
259.4813167762477
-128.3409715042917
-46.31410279251577
-276.11921406087185
131.98714329079485
182.70731754628468
11.7631102497362
99.88237479639338
-145.54884991341441
-192.08002747634055
-44.20410336286386
-403.4247875983456
245.47171843905244
268.1695778043668
52.326308762632834
108.49795174287283
-235.28639479716003
-72.17025697035544
-40.034992034846255
-438.39274442708665
-49.399196715442486
56.648665945628636
-38.87684093606367
348.95666463542966
117.3795156857359
23.157161786959477
-29.932153224461217
403.7092065509423
22.327669559601418
46.066839700259834
90.23121458704327
-323.6079903277623
-104.66163523383739
-9.790219949604761
100.62211740799057
-45.41849715826878
-477.53321748539565
-100.16805135926997
-108.24065082415655
-46.37451212036649
412.3777548188591
87.93230661516645
-155.0339860132135
-65.12457559721423
-76.82482854434238
-71.89215255165169
347.66116434260766
54.66748482339608
-332.3017497650617
147.2263043543826
-79.79596123014653
12.84881582504795
-282.16626540534617
-78.87168005515667
178.76248529653276
-159.92307477520262
74.90174123450197
-95.83890837604486
-91.30988377170434
-16.94033923660865
-94.83798528451386
100.88706851658753
91.41006300750632
-84.15618589110676
-369.89648131812146
-201.71318648640954
-204.4002656865232
92.30610583625139
-100.28182429130601
-79.5443145155941
-88.60449445451445
-163.65533554963622
-39.60825403501485
52.286503248231384
-138.7950409070454
-5.309540521143106
180.19520681139693
19.31473695591285
-102.91999403770576
195.71731485469536
-47.28201351945199
-100.59661045580833
46.23499920723043
-73.34004175673493
-83.20720437979799
229.86142561675297
27.01162542943598
-87.78300010964202
-43.395024690743185
-55.234851086456615
-354.3325394034773
-141.50491453417817
41.603405354373535
-25.203732936143464
-52.25649668700271
124.35766258734157
-93.20408609713446
-256.72671652186
-59.19602493591044
-85.2601446746065
-130.58733447507552
-6.926315457322289
-70.22083120974598
-52.201311356147635
-119.2604208849134
7.285785113641182
-323.59169541098345
4.870606732289616
227.1070549581691
110.40690530537358
-608.0258093845405
23.598144029429022
-56.30401107043953
138.58319464033593
266.2076883714544
123.25898292876991
89.7358867413659
-113.37129934848873
108.14631983961954
-186.25013367766223
-23.135279018547422
-70.8241239733693
140.83189603120218
64.00072431506123
-98.452395886099
16.335134575143456
-7.964279235822687
-91.85963812928863
-363.31460620177677
120.08294844280681
-91.73046106352471
-102.77026888070213
-5.143489399737518
-13.225407100592292
151.77618732715018
-38.5873222405271
-80.08851307935765
135.17294015373773
-172.31648146556563
49.76544690575611
-25.473744502688078
-109.18149886301762
268.9966755428741
180.54849777028357
-209.17039600467797
-44.342748592671654
-40.88783422124277
-252.60009757491207
149.94992702334685
-115.49959247645077
-114.23851215728246
56.05421800330441
-14.159770674521155
509.07051585284535
-109.5045754620005
-81.51711495624615
-255.12512774889365
-47.819663208470956
-45.26477197551685
-58.20559519624476
-50.9013539555292
139.75498870730098
207.6155785775718
-47.239621164987284
-8.128406208447702
-57.29535194174351
-56.745276746019535
109.86612600094395
-25.872074650036666
-94.82478481615635
295.1008715851385
-177.56626917535323
-511.6334628319237
205.10505739358632
-279.2394412301219
-119.36869218271204
21.8688448106509
-189.4991280366121
-249.84183085362383
83.44693417639701
-28.241641779094607
-12.80040789384233
-92.7790369529863
-225.75148547899698
-158.04772202693493
325.6881220815467
-46.28850983651866
-144.4057583840481
-34.7350921253471
14.216310379129936
-71.36484206251552
-22.254595508969835
58.56735495751127
-425.3267509456182
-215.73088545082283
-49.47588888973211
-47.99379044156558
-72.44499418769101
-15.968781595082305
323.6844044025256
111.39916052216131
-98.02705959360355
-47.22227961432562
-33.283450619156014
-95.8302182390562
-10.36788506896471
-29.73615057677989
-4.180243254111701
-49.104615539239376
-14.38891257763863
10.074624584094636
27.46895463544479
-87.45825787540252
-76.11156722748042
-163.03288919679107
337.5070669810957
55.24885541725075
-86.32331249071694
141.36520579741546
-17.647547686208604
-56.36095607572181
-70.10917239485069
-261.6741727457211
37.35629111676644
49.25439036993066
-108.87178684670835
-105.46474382768474
-58.31542403945013
63.34175404655252
-66.28745061277816
86.14640891909221
392.6394036388947
-79.79090555475159
-50.207836675783255
63.21137215268209
156.8202117151086
-9.911921384758898
-77.94950796802485
36.23761115151501
57.933114359375395
-23.453659346090717
36.433577117194545
-255.6847405538283
-126.84392837629821
116.46133020838352
50.382458138752554
-413.3302890209634
-56.946863574937446
-48.11933299824227
-7.018198455637842
316.3946094524217
-80.61230683239302
67.71046270815532
-77.61637711744639
166.14722231353517
-68.30558315368144
64.27920445340101
-28.360486510574905
-41.11201697034261
-93.15224715140403
-101.17858568129486
30.237619518471547
163.44483979459073
-243.68749233804374
22.596252998398086
-219.63346325910243
-80.61452277437266
-46.83043026726021
-74.19884969043778
-416.8222374138322
-72.39060687731967
-68.2769815463297
41.50661843421767
37.39212015786137
13.135257723975428
-9.229242106023435
-105.86401910766835
162.13834383243193
-26.928127784180106
-75.97514455032554
-76.51941945505847
-108.08867775796898
127.91011814682952
-97.1453525026459
-30.539464517720262
-68.95155295095701
-63.086718141977315
-72.94583351046614
96.09331591142654
-137.07032327990783
343.7716436731971
-76.43105154451814
-112.62161743859997
-89.0031857851966
31.182729310218747
-58.17531761365469
-74.52627138564468
2.5786406832976354
-75.76385202760845
-44.30133311694073
-53.630498657779754
549.6498202334205
13.773757389684079
-11.015300754504665
79.66017295300617
49.5473014058839
-100.68404256730334
-22.39598947102445
97.45550800257433
-32.94931723460559
49.525913531937476
-132.80653509957665
-59.00534728187067
-217.17286453880297
-477.989177710524
-171.54993858425405
-162.81577085746267
90.60982165070709
-59.98183811463505
-275.2528129993825
-118.57441055253548
118.79136901535458
-221.7481096639185
-39.87912319049974
-59.94734622971555
-147.01777909292105
-34.984371866851525
-87.21116723812611
-88.72999503850345
-63.272816295111625
-76.19637583481267
-70.73905283247811
19.415460328256813
-221.73186178808646
-107.26805169342255
-75.59219354958077
-274.74477149337326
-88.6765178583446
14.580540703742372
-51.52893512667437
-28.179597968881353
132.46878153330726
35.04057878020831
-59.30016367746103
404.0895628640292
373.81015697049224
-173.8594840998294
-11.267030138368682
85.04201785239275
-233.98815960024513
-109.50232583003276
-115.89435080031944
-109.60205945998257
180.70530906605927
-94.73882309673445
-35.89521227633356
136.6637494196848
106.67124116970444
-93.57217398475048
-112.26191523910282
-27.817950068546867
-35.56813166592278
-9.941782194602638
6.042845972684518
82.00930086192784
-89.12384615757638
44.71839592102742
-1.7128440641530704
-196.81738444513667
-25.210290701534632
153.48058825345834
-49.99957593116778
11.408870981158088
-104.5823233111596
528.3998624360174
-84.34375090960489
58.42252372794974
-191.3494649545628
-142.23951017206855
-19.894000810362968
-182.41120754776603
15.51562451756945
-218.97367644646056
-107.57194505946427
-89.94019941929946
9.764995255056649
-83.89306555389521
148.42037720393273
79.60721045689752
107.24019344641783
-43.65898007330911
-68.85851227594212
-98.02913547039114
0.2519204952332075
-53.323100620403046
93.41192242741818
-86.63617425965867
-16.638937302184615
105.45038219092385
-63.55034082907042
58.806249661689435
-80.80506533368695
201.94466574919716
-65.54867368403393
-93.02259384590796
218.48746594092472
-337.87400189315576
94.64331736055465
102.58834033791118
-94.51768372484639
-45.48647938647716
390.7273164291728
172.4796636395804
-29.05755323824107
88.7011440485694
263.60692708009265
-101.66801395634741
103.39960077164233
18.441389266530678
-81.3007639467129
-118.9942225190373
89.73631086087835
-102.34235866482084
-73.27562669469019
-19.35741300922018
78.3106564954578
43.65421900787578
-7.5114664568476
110.01285241323603
77.72862452030131
-125.64365914535756
-47.234221672625154
-562.5307919505685
364.4057647094178
-10.278708099138385
-51.20415494265353
-98.82059633319099
-322.8736235993292
-248.02203933216333
410.92016973124373
102.8641986425082
-11.789764580737028
-52.32895468377683
-85.73278088219558
-78.72520016075214
-307.35776538385835
-173.95524015686897
-267.11734660047114
-276.897827017272
-49.63472750168616
-84.93218388506902
361.48650452157926
65.34941242432751
50.31107864308797
-39.244608131171844
31.22847716321121
-53.149367730244194
2.062389117158034
-25.637525109153557
-116.87453773034404
307.8625045474546
15.935405781361624
343.39628086138146
-23.178396381350467
2.8551306045665115
-67.48597171358142
63.47000398701675
-46.397591027389694
-77.51648302756712
103.27189705269757
72.91157102507532
-26.35270427789328
-55.86868328028759
-67.87871330706616
90.04304982730173
48.296647253007905
39.72241388581733
67.22164320271622
99.95955491269706
200.82501139235865
-20.491919916810048
-2.7506786030480725
32.79072269835524
83.23103375682877
-107.2405287773945
-68.9324943615613
-6.483271447744073
175.2861571547146
291.2042283681658
374.4216322728589
-77.4658442319633
-16.91558164359337
-57.118046942155246
-23.424224118719525
8.524780913573522
-71.79668626291972
-52.73425781838887
-43.26071805338074
1.9065603969601936
-374.89695838558873
177.21597898026812
-68.2391487145574
-89.2023141268879
41.68477771113762
196.70743804444146
-31.76869783838447
-174.90762636591353
355.89856760814655
-50.677948835177645
414.6168989209709
-73.57780793210003
-572.2628072669067
-13.802797656505845
-49.89684080145475
-27.973086730157775
-67.66015555457045
-133.56965811989903
-17.586065810669822
-402.43444221136997
-165.3784760794224
-85.83167236652764
-73.10734957497877
-62.16582967129578
385.59136038655197
-86.19609689086548
-407.659407910116
34.71433904588321
-87.81711164044827
-42.501935341342815
-0.19916795264543907
-73.51066057259413
-154.61105495880838
181.2502503147225
-48.14648240994393
-123.85008944101901
-39.11112202491793
-17.16205578990116
-134.88275821008028
8.421270078295708
-237.00659702526718
55.977894549120265
-34.29896948745084
42.153176487440305
-48.035685167833435
-151.05993099877196
357.7692341798884
235.99341994284168
-146.10812874907242
-249.01061146555185
-124.77943097017172
-33.924739909225046
-39.969565496181076
-42.96768156985763
-133.03913567386553
182.39423818713385
-47.45158128058392
-14.858339245001995
-64.530334368889
-79.18974521175619
40.51211294916948
-504.54310553333744
189.07238450761906
85.81473418121459
6.835747391536643
-166.266752513171
348.17176839212334
260.76277072081393
-124.90063944537377
-17.865283809970983
430.4897398510602
-24.382969001399033
-22.340370362027897
125.99079818408154
-40.395295911306675
-28.701521859946297
-8.798201763499492
10.114903036345822
2.9326942881775864
-84.20308651010035
45.016264679596134
-0.2765008679298262
82.96622172175012
-79.1123495659779
58.44588096022744
-354.00831358561663
173.0535658992958
-50.75680423320679
-118.47275284735272
-49.117858147197694
142.525708720299
-23.740448869392722
69.26626779976914
312.16035913684937
41.66692231238994
3.9367531088080234
74.7122051720853
364.97974977100057
-102.58038265823497
-64.76625473830023
53.458546363055575
-182.90355459433886
316.6810577588094
403.2215035505542
-310.4689317148204
378.72277207761
-183.6542004983985
-112.72431313654852
-39.38814842881704
-259.86398517342604
-191.0922731159617
8.516360387822123
-63.98856381840312
-30.711932488338274
104.19627034434052
23.8572969852421
-56.63597319297331
-51.25883343570831
14.618356326655999
-43.769207565461855
-88.92406110849389
-33.67243611380568
-12.842468599639574
90.77978811202092
12.384094339750845
12.642196680049892
33.253678471418425
-69.74635097648934
96.2335572098491
-468.26122133957506
-66.31700048321545
-65.76282464408177
-62.31897255374099
-65.5997783973271
489.9493248547533
-47.84614701964763
210.09257377668382
-67.69545057172421
67.30461378504833
338.340459051371
-45.48868129230543
-68.95277973449265
-29.17093878087462
-71.77684590392457
462.0104703275356
-64.40697961708065
118.18132892443191
-155.72203911098404
13.576061158650042
-63.07840399355453
284.5462291326803
-76.38497701519384
-17.397912767291018
-57.98315170774731
133.64765365986204
-106.78805005226604
-45.56814077590025
146.01251749805124
-125.36455005883909
48.158312712580255
-275.09813161238344
8.101675373356954
-108.82441061706413
-37.74836207979308
-38.936914835656836
-179.15616758810575
427.76826961766346
-91.89027698598201
-66.09666174854014
-63.54301616584041
-27.085188642262437
-28.640322884902364
17.360342047875747
260.699502926328
-68.94729354738126
-96.29513587380006
126.38068415818088
-46.307073192968176
-68.22646295800783
-36.25437316639909
-31.12788441759494
20.442317123223802
180.68677775181277
-125.62692556858656
-370.0654856208894
-105.31182027746217
201.05142652548147
-42.89003702915625
50.72567767502733
34.64361168240066
-95.1645136038294
-111.51258185686186
-27.112290827926813
84.35942990545846
4.8566452869272325
38.51768163207271
35.556641974506306
-44.23512736371106
36.84751303227313
81.48717887450039
5.188850170328806
-19.7279599594809
77.4754727495424
55.362106372022026
-74.58210781446218
-348.9931227517591
-200.62753863210492
128.9866786895882
80.14613016918429
2.4100148270065525
-82.1472496047887
127.3952380595365
95.01145324693607
-51.69467014026057
33.36408450609835
-51.852412222444556
62.17730654188199
-134.91565093186
-115.1422976315007
-66.66549645598046
-67.65860567159325
315.9909861437791
-123.97475688607301
29.031999998704123
-12.844818650094657
-523.4719045631937
49.77624918454785
-79.28144086505563
-25.210343585525152
-130.28539433626247
222.13718259206144
-75.19008575352382
-76.87006471664678
297.8725351515095
111.85470079767128
-153.44476102925182
-77.76480439651363
160.80434326117393
-97.9209046142924
-456.97533400107386
63.434301239166416
-72.56620335289155
-40.72373858581068
142.85502053079108
-133.47559556937995
-100.47455699955935
-5.837033900456845
55.35570081692458
-145.03094410555423
330.66193622487845
-47.08568564327106
-14.513711124278416
-14.575328625180191
48.24598099416471
74.42057559664045
11.8015910904914
-102.94839117035832
-174.3750063031457
-7.175269531127924
-14.169585436820853
-84.1579795423122
79.583590403794
-58.95334690982088
66.67143607140315
-517.3746927555039
-468.6981005604248
-103.52829861350624
-314.63652208233907
-30.05219166263704
-74.36350800472974
84.41504581979234
-155.08408183597749
-64.95493261825072
-61.14328661104248
1.3027218696153897
-239.15285764687906
21.045465026054444
-47.46079820403747
179.449266762138
-124.6403322432343
67.53105551942463
-105.06855157921655
78.00237945713889
146.3118657634268
-21.058006962035506
-198.16413851722973
-119.21804458706356
-3.303311635424393
519.9575233724554
89.92893672517857
-56.78305378946243
64.98519428619875
-105.7535700135881
-178.62786462471195
148.85278559520157
-363.34205753607785
-115.22137740962168
7.816404438257791
-114.31470363178687
251.4274446120544
18.14669793537223
-66.64536964691797
-33.95304079099327
-72.50322062052932
446.41132286530774
-85.29851759527067
-111.84375004957474
289.57026387778933
-85.63844978020904
357.9457187128137
-0.2490044261833719
-72.88555630053283
-21.448671837600955
-204.2150349854328
-112.37106875805875
379.9542822811618
-77.49719842502503
111.33837805420262
26.616597925587257
-7.67528242542312
-54.900967863587084
-14.050283514752387
4.494532169089496
-78.7910380917951
-18.428585585195833
49.156399402450916
-41.61966601981647
211.9064536640817
12.678098551629773
-27.389275532288202
-606.6416007482694
-21.588469686717872
-73.67397823048644
-81.58349315479222
-113.43307174298565
-420.1981425121812
-376.72892060260165
49.426620240339616
-27.575188307239166
-43.55460842931137
523.0901739780311
9.189314541015847
-306.2328428291785
-61.023135576459296
-93.82358816499777
-86.57759174333464
-47.85464317086441
461.1627321051892
140.88344706518637
211.52651496625367
-36.48265011189695
287.5339736466394
-91.42942669954937
-87.77916194876143
-344.2090796611774
-91.76732699784499
-69.79965985345467
-38.745690050516714
-9.891349589125184
95.99344989492602
-109.42447523467308
-256.84580607891803
-564.8279113419903
-163.66137516224444
-9.260102544345642
-82.86232649893827
220.5266316838497
-106.24883898559801
28.525050445650777
-16.13646495733451
-75.36715812589311
-329.7234002103214
22.65969313263213
-19.97279630345338
473.04293285671156
-92.83665458844189
-41.46393828856603
471.9897890427019
80.41304454534657
-57.493485738865274
-89.56115353057066
-10.088092921541776
-151.77887512192956
-321.50440045172036
39.851446033429966
36.034771081963754
15.529524641245644
-8.62304936412147
-87.8338987993987
-117.31146264648889
140.84235034609446
14.02639200873682
-171.37043631131928
-47.70432731701612
-88.36749295089075
106.87076509175313
-337.8476157575842
8.336443659544454
8.062978154088341
-48.4437757065601
-89.388317428753
386.7440178444049
-77.40815712811491
416.5208400117026
-129.734236077508
-31.307479371052978
-81.2557960672919
-81.98743665999575
69.73215207980502
54.282198006167164
-54.981876408626704
150.15299233325277
-3.658947937864923
261.8220644201501
98.2293235435045
-71.82469582170734
45.501144830077465
132.8596308750857
33.55646228448495
-46.07391329163124
-38.897350303298666
-495.9760069929889
79.91366652022862
-75.26157225789323
-51.40317307377791
166.49657113142712
-75.82004702535141
-2.511536958235496
-125.4685848435438
-38.89737968292501
-45.00790537491804
388.4474319143137
372.3335294831613
172.48938367172923
-88.05876086889143
109.22003135708474
-63.59073940689134
-3.604903580604514
83.01863305652114
-256.18460411235355
-53.73517652721689
-172.3240041554509
-74.34242958969844
120.88339243084465
5.153196661511174
430.52685051034314
-414.08460140307943
61.76225858037287
-57.45517279754131
-77.05168808554936
-169.45903894886396
-164.6492198750011
71.77521203602191
16.700312293174193
-51.17327623841152
-95.67082116991415
-63.35973096604454
47.65797606228898
356.27142687625565
-81.93215724049108
-45.76876366600398
-62.08642360060975
3.989112725407722
8.901119436073714
47.00559920754131
16.828475204556614
136.77702007159678
29.60671623203416
-50.2945300451057
-14.423861512043914
-3.476382497385657
-105.96285777054527
262.3336453089323
151.68885756565032
-59.337752986138184
-3.384951453234862
23.63953638191947
116.94932075425822
-42.916782153397435
-103.59937269271177
20.768765505462852
-35.37760791913388
-150.73805931665083
-92.70327511098549
-41.61952277295495
-46.98282977304916
279.21264421735214
-103.26002502895062
-68.52483575872222
-63.69070869940179
-171.16002711246801
-115.36487334629601
110.47192671722769
331.3411715361217
-115.41048227006286
-27.686189756232206
-18.411764125073237
-67.21617212933181
28.65562344436512
373.5797303791078
-0.9755098189657474
-71.41314730050885
97.79050937826287
-48.092615549059474
48.3372602684135
-236.10588232915052
25.746430583834353
3.1200066387968945
-20.854113396537564
-70.62258337945059
12.769487974308277
231.69995913905404
-102.53674502510601
-26.30383014462306
12.020440631171368
293.8396971537368
36.51844250006161
-623.379563756127
-20.92848986428453
-73.30789552142859
-125.49695471137102
-42.66459988866154
-88.52077489462863
7.386824924842813
109.15899113224259
95.58724336674095
10.857729251223141
-329.75770288583226
420.59870469626094
84.79684987023847
74.66352032294435
-57.288684082361726
-77.23833948848547
3.116522284824214
-157.02806491570118
-83.84658870052772
32.27061501822982
-8.162048255133413
-57.78978545978134
274.67984405650895
-54.294752032619726
-13.10586610223691
-20.954188141486156
-81.80574020099881
-119.12638042276012
523.1870183885039
-315.7141913618925
-148.5522946650799
-485.6962212072358
-109.36275960312014
-55.23921902298863
27.068856060252074
-90.56716945207836
-24.323132369390805
-57.461796718135844
-100.15802071087455
9.210824236436792
128.6695268335625
81.86146857198946
-216.36993051642094
-348.5768331193649
-103.09266166602998
70.48395867631007
396.65494901577586
-38.62561103018834
-260.2874798955645
-170.9803859744352
163.8111922732387
364.1496273258508
-20.699959464976928
318.386114293844
420.1888934232793
-50.28399775813318
-88.24368146784605
-119.39055402200574
-78.2289107356919
-364.5671908127879
-19.67926557162583
-63.56063981389906
-445.77403426866294
-292.40752466027334
408.281641897609
-8.517987865084395
-102.2220834577974
-73.13323999145501
56.68258392374673
40.43384281256249
-209.5870976406759
159.5576131082762
66.50293420983508
27.08921906103751
-99.00139280626182
-143.09370463558662
-323.4134582933011
-36.44256353535545
67.48612821165261
139.35179169850835
-333.92527054390666
-112.44710323069324
-112.25426857069306
-82.48731025518495
70.78691158409856
139.0420774713075
69.17932985684092
102.23956644570717
-41.00619514725578
264.7534424725145
446.9630854627849
144.548927085596
-89.81382863408726
224.30703775472284
6.168379152426496
-150.76638312575687
-157.560107718753
6.62508164937185
-35.74385363499505
-63.00478697292692
-10.940947873032428
-101.45254213256248
-65.31851214843607
-11.793216007206865
-43.5353234211737
-123.37908668606208
26.026189436710638
-34.167585501931455
-90.52353227564254
-102.41398520214176
-80.78057276631631
228.23983741945267
90.78206592014021
-48.36098310340026
-90.73448812629127
-324.40329574703446
-62.26885070627141
-29.798644639978193
-130.02350337078542
60.79862855213469
-43.77299541959201
-49.645602592151086
246.21832854381773
-70.10259831352231
-42.353402531403844
69.5751085237207
80.41376623503675
1.3538343514956068
-13.529173658145737
30.336063742566694
-135.14734370902625
-57.42552461171181
73.15935853050973
12.015277616917427
78.45463386771098
-60.06220348329953
-38.17629619467317
252.91864527214966
-19.273055883475536
103.6341147706753
383.9276241014395
450.0049641392616
-138.69051158640286
-16.65530129784952
11.030631667577959
32.74626612532484
228.5755873977996
-63.19423793899102
-363.6981819266748
411.2693749977352
235.22365037370037
6.724479083330323
-1.2693840109022858
-66.7407344764884
-80.90147816641911
5.431625073502801
58.015290978108624
-28.848144116480483
-71.15883768313378
-55.685316108706616
-121.66452348864004
-552.024917399538
-94.9628569215194
-49.04261207250784
-162.24947504833108
-142.9269849422485
-57.400724417352194
-122.92096018714619
65.62380963493342
-432.02317896572276
49.5093462252662
-25.72824789506558
-129.70065519923037
21.071358236127708
113.79988568797853
250.50379869745575
-54.45637782138245
-88.13918702255177
0.24231884649816493
52.605412948054436
-273.21454415550943
-109.80403995683461
60.938193956044415
-64.66461457418791
29.102573606614897
-51.947345927260564
-24.894386469561216
-57.962812832396594
70.99219906102735
25.415214576216385
-36.43840389972138
-133.09654582189933
17.532837491543777
-83.14343639985363
-104.90533057111679
118.15763423966018
-238.7011129620605
-303.0782247305051
94.52686704008397
-479.9600017817902
1.2235851342975064
-30.449642844553864
-93.22540564688514
161.08947127197825
-73.08039576168979
-89.36258119703416
-64.02795031912046
-67.9767880842316
161.2232742750257
-90.16202136969878
-68.40064512732114
8.29198129175984
-180.9835689786114
101.48818555454818
-19.512703049040283
-1.783771890724097
-53.85624226352626
-678.5267098621644
-44.565612295412734
7.197669584338655
157.3865746807478
-225.12641293436536
-16.28255249207632
55.104954859049485
302.0478519848093
-71.7840412930891
-83.22279638045438
-431.9248698231095
-21.526694552931076
-75.55787001093086
-72.87382552053532
-73.51521978924757
-51.49895504178078
-111.4289252442668
183.11610451396336
-351.5523037120638
19.990041851458955
26.510942464654363
-181.43162013829533
-310.41634145853095
23.864993872866762
60.40028773929589
-156.73966680321882
10.605792721093229
-97.92586072130325
-76.54013239922845
43.27185921771252
-42.73582494242616
-73.0423265275258
-39.93964329037033
38.25095876390924
-421.8637802524381
38.62863235165696
-422.9056507953919
-142.14952812338015
-92.50773867594238
-51.21973616456327
54.36916305634986
220.1362735394796
-73.65998573064644
-264.29026757203246
-19.01707867199889
-111.32248677641292
-136.74276245177134
21.57114366434249
-84.38504363921041
368.28675270105487
-119.22399824520835
-74.32346216085072
-87.22578800859264
-34.84012537825656
-59.180046953870914
-56.10950955788118
-367.03976597792644
-83.07290562445766
101.31348360445372
-54.59606084169934
-56.463657719217736
-92.30758383278499
-183.41431686595752
-66.69766617244522
-403.91302209468995
-122.38127014453767
37.9844540585341
-64.57876479799103
-107.33704714008911
-61.023372634536344
-2.7408066472999053
87.70645729415264
-47.344708715824176
-40.019851883653274
-48.101570555229316
12.382416310900226
-63.44067223712506
-238.44545203587586
-614.3608854244503
135.95374873083892
-64.70921572087357
-200.79595569664343
-78.81356329798383
19.66184392422292
-62.880388145422486
60.15593809501115
-517.1045511294869
-39.79321046412745
-33.108417198511376
-75.6834042091931
304.78666142735165
113.5164257943834
-95.82477265109264
31.046501948730565
-64.8833547330267
29.27167972105599
-39.216696553989095
28.107489245591978
107.08329247042457
-11.51957912568773
11.809602882505715
-53.89333329487831
-96.40208497940148
-85.04881064272513
140.0836345533844
-60.86805591758572
-86.85929684982727
-42.87629372367684
-7.336173037012486
-67.42712265364325
-320.1505191513461
-54.0726475601719
-12.834900688549169
-7.872784951381618
-106.76959644379974
-29.743165663261607
-291.2078561012531
-56.64739244552038
-158.23563997460224
-50.04452136251348
21.856943938335462
-56.4517968598389
-102.95037214232616
38.76050916218401
-1.285472721608727
-21.39046750297789
132.36955229621708
-134.36357612852498
-61.477144003584904
52.07419711716739
439.57323918577094
202.43725723177113
-53.43725003532008
-64.971672936721
-28.209768509020876
-30.394002245531738
-64.3956111428081
340.04735527892626
292.30719254568066
103.50014401135013
212.4725565644003
-92.54373731660144
-298.06301245334544
-82.87372498349299
64.6300843538229
-76.49214994873182
7.117094780159277
-20.801363445550948
-26.211380491913587
348.9826938852257
-53.319890300375846
-24.84014828626177
-278.65454220900756
-94.64046202612144
429.98068668879023
253.48946118708773
-88.0241558377354
-126.30284182959622
-21.215846436631182
98.6350329531706
-64.80188764744092
-57.69340807227604
88.53657129302974
-62.695608014659
-199.59486469682633
49.06603779833483
-125.70210737484058
1.2422688204776478
-38.61764821590441
353.0850140307339
-173.24856700099917
-67.7812370756019
-18.20737464700869
86.55882548102454
13.860302649635742
67.3994021856397
-85.271820516351
-12.683486293677902
-44.662719872893476
-95.05905714343113
434.6536335393048
34.1366626463514
464.2601111801687
-59.17599510634682
-6.720002802546901
273.8661270048342
-181.78584444039188
233.0961514284918
-32.75308491593469
14.68501189652442
-54.84386879507292
72.19129177694231
276.55479948296124
-73.72882201118591
-43.687205760743524
70.5552170707524
30.38475878322015
-70.05972379416625
-195.89941345698662
-167.22022709467456
45.23768387971177
193.7289644166467
-130.39004528205805
-93.04262331601693
-213.79396605956026
-3.841974494492552
18.0560202013487
-18.461173787392
-9.010913928436187
-24.116385770929128
-22.587643316582614
266.9883115813336
-64.86951364689186
-116.88675027554564
74.33063451241833
-318.95166974870517
-45.32808683489069
-83.02276348049789
35.49531151930387
-69.89614335073941
133.3025429819122
-49.38378246373421
-71.24011482981587
222.36101261709337
-68.86396393619802
-28.934722812178734
-156.13092323266574
-77.55782098393689
13.431677308636154
-427.1864908279731
76.4972099993247
374.50464790510887
-158.0321041279658
328.66597811179236
-161.48009467574957
-347.83934497456903
-3.1860460829757358
-319.020614826175
-59.10016754029923
-138.10473749257835
-84.79906579081944
-597.5534822391328
-55.2553154670747
28.088521483023214
170.2504567380729
-24.960704729217014
-550.6434960480838
-20.07087118744107
-397.4807662765579
-90.49045436775269
-134.83580379239174
-39.84340025730626
-108.507888300981
98.65851385106907
112.09864907546034
-19.018040811370156
-110.68683845845044
382.76913271300873
-1.9967631477793475
-63.035045067581734
74.50563033261096
437.12487337174025
-45.49456072138855
-64.41349868719237
-50.11467312050672
304.86483756765847
277.4445648638666
-6.634919574029254
30.82342345748839
-67.63327040312008
450.25900466273197
-55.89004042436568
-291.74575214858123
-67.4270679072508
35.49383199779322
84.57135397243837
-82.9421413069675
-72.99944527183948
7.080998919442209
-148.81985342178086
-3.8645558394969157
-40.47062029918688
133.52221040003496
29.649380613861013
423.38420227491224
-18.332157081325583
-55.51521606441139
-82.51601618237328
-50.061975537298416
-70.21645434466043
-152.49815805062826
313.8343406342501
164.60220839742033
-73.49934153035429
-2.0800744314704644
184.70984469557516
-36.19836552912723
-68.37285150705314
-113.05150272831997
-24.700973377236142
-87.70461008685379
92.6420480592601
-128.79606700673867
-163.02940474558636
-141.2101541007928
7.322926664906845
62.231973995356384
195.64711282181634
-87.14621971352545
-632.7705697451747
-542.4411969619341
58.31208658158721
47.40075263600329
-18.571225283051774
-406.9563969437804
170.68930820493824
4.232791169758912
15.08986100282982
-50.074189519193204
-56.28825327258918
-36.81639950032407
-10.768688074381625
-136.1356798938832
32.51878365969969
3.248208381167842
-20.82772192039556
-47.51408801081729
-79.266548411234
-103.43263035342801
102.93847562198971
116.29597402220043
17.78957733304196
-26.770527199523258
24.303442939507704
22.892647807016957
67.38676928980635
173.41158829435153
-65.10887855501353
-46.90122853993735
284.0741654988433
82.79766284864581
-186.1441944675371
22.75336168846661
78.2274501247091
425.37393739143226
69.04081084430163
180.7951152289197
-168.8077421042335
-45.74687904249474
-140.95983832645288
57.37673323965464
-117.78293689333441
-101.1479232756671
-228.59735147586616
-187.03503343776174
-99.60352402883996
-78.04424580349587
-83.07535597038701
-42.45417782197133
55.94276039409306
-32.82635744770322
-87.32818780729005
289.05740408448764
52.66305573260024
-365.76083692126485
-81.05533010367037
-191.9413278772481
149.84520732349847
-143.73465070816383
-45.89876160251242
-26.58043015950534
-221.78712937543696
-7.049907330581611
113.11519356079043
176.43015129203377
-88.58539211333417
-60.13820186355752
-532.3683337263901
-69.80415184518012
46.49846946826983
-389.5289268924753
-34.96966521735504
38.540735452732406
-34.66606153442581
-75.31944141468375
-255.09570055038967
-7.513879781353195
123.17762253479304
-65.91752563133682
-15.819111323498873
151.56113539593935
-86.44682025905422
143.88733631861396
5.540935520846688
-155.00302419920718
81.30997093672704
-22.433772127082932
-68.59940739189005
-117.2036830496753
-44.95167434336252
-57.58819135626118
-76.30248131468397
-115.00372118141058
-61.49154216414445
32.698268852264846
-31.696429315361456
-95.61096147872505
-13.34393113478842
-115.80285422641411
-142.82030841133928
-27.72434308571001
-18.94913677681143
-66.8940928198267
-110.81115468359788
-156.08847369425166
-50.35755667622766
-84.14451520658895
-17.090848346431812
-101.70545930155525
-5.28618566924888
-323.07109656659486
2.7230525217353843
-212.09008183080823
78.45149023373278
-58.073728092022975
-100.54205282018572
66.28450664443108
-42.3160007762599
-57.50425404995622
45.71928937385155
13.697033126320026
-69.04268039180407
440.23971928958053
-85.53640034734781
35.66116107716289
-214.83605731493208
-70.57794795987427
-24.423624800485413
-4.085087102827679
-95.76767744896279
-370.1876040041607
-56.996785611408995
172.71747373989456
-677.8292248458383
-39.37667551870625
-324.5084110407279
-82.83502412354937
-43.19798563444021
-49.62747805812921
-19.41468580935542
-81.18380016769243
-96.09993335184845
-25.381304145253125
41.67148914287645
-36.52238879280958
-424.3693193658055
-134.89232939715612
-41.26852441366191
-47.12943307150658
-120.32224910090372
-129.5776410408689
2.1022941962992263
327.80951308944714
-153.27946423577396
416.09100004303946
-84.1817356812729
-165.64171623486072
279.4459528334255
-54.95501481064221
-86.75131388815686
-186.51388135420711
-109.36300119539737
-400.88379115186035
168.0565884617281
-82.66299114286159
-70.22555738540153
26.965643604121396
12.811050001394051
-34.338888561226554
-20.97936775530418
20.909900284304058
-3.6033944985210837
296.699148620246
-150.6390661924852
174.5501356460445
24.980908433757577
31.43335203623974
367.39196842227375
-295.30869943708603
-272.9452729794866
43.72612377447922
202.34981375366806
-49.74322030053736
79.11158498523628
51.32377871076642
-35.87657271659191
-185.34037444854584
208.75278828874434
56.94569706623952
118.3891351598104
25.27845838986741
-3.336567912361488
14.905210833765523
-224.81404900516463
-22.509562064884335
91.25229342819875
33.95186019173525
-51.87030462097391
-439.84484959061774
-192.09950215692334
-6.959278688159827
404.45305077215926
-80.46583478621129
378.6724712683572
-24.14014610331833
-114.64295848202437
-40.04820108991544
-69.05793291647751
-100.46327979664602
-51.23813068274586
268.81570740428106
-28.217546926396157
126.15210082159501
-2.5839841082333805
-44.87553931404026
-80.75709632224607
-107.3969125197203
-55.18516073676983
426.6222750178458
-70.19982482189607
-84.00753724711228
234.12213789617272
-106.0555032241391
-51.727495954903404
-93.74174226481122
-351.46592294006314
-286.6183645803103
93.29018850342209
-266.7099787733623
222.26466614783112
-38.68494891797331
-416.60560537931815
-86.70878053223508
-45.69964925365139
-64.58364613432536
19.665149055031833
-144.3220173602631
-79.93327898754433
382.64569190280963
-38.230870336874105
-22.461298118954307
22.232910806837936
-165.7829519449897
-59.13243290736823
-38.14296787301879
294.18515731724983
-32.76642694858674
60.32124334601576
262.27516392918915
-83.73475389704154
160.13431678687994
-23.968009947823997
-80.15654516359467
220.13586244749604
18.833109674999378
65.69165608257754
137.16160326707177
160.03463773047406
-103.78706161442278
-199.20668334730362
-2.372248981298526
-26.19219064258249
-114.82279294293858
-85.48657126054303
-50.084263504472744
-137.94543684303517
-344.2605345622069
-102.22137119561921
60.60256576694519
129.54219458899388
6.142647017139154
-75.52989433161004
-98.7463136388842
-97.51423903115528
-73.3166627225346
-77.034347109373
-313.2944263754471
-10.079848313126831
-401.1564454183772
-75.67356067964573
-154.02875222883085
-245.92233669179222
33.26731489002623
99.48913294960221
123.83925845907834
-78.29164521593339
-29.95345222103515
-25.999495431344258
-98.2401808487124
-37.35306126020714
183.73658369488112
197.08781887021178
-103.87173041126971
-46.628465849105325
-66.25430887822995
-125.5457989716324
54.7663830226702
159.31954880943567
-105.17921049072902
-19.883705218054217
430.73554409559983
79.33374029671268
-289.7618015423668
-88.67459779351648
-0.026486285970349854
-282.2109332397995
-3.0227522733489423
-86.30770957756795
-49.00907900256243
207.931806605553
-15.4263882846811
-196.35713306943035
-92.1900211052531
-6.076313918163805
-359.7855767260371
129.78990350858112
-2.208890907420937
-385.8110005006947
-38.894725080172066
-171.79608034872672
436.1041541084669
312.07098547465466
12.092871881506198
132.58890381058336
-87.55428077710224
342.5620988130777
179.4419351981178
229.32998965686238
-27.38267051926823
-69.83718153698746
-43.746331374649955
-72.72798088242286
16.415027251675383
-39.89428189186765
-92.37311568391334
435.56249015108733
6.244249158437924
-45.14738158546165
-124.152344051834
235.35023348196137
-185.7167011194142
-51.35968790404425
-107.50476441135106
37.2160035308716
0.1314508964251786
168.23359793173404
-45.06102393646597
-11.34360736475548
-28.324406661948387
-19.239379966180422
-271.71906244214733
-74.29350151152676
-145.22994276705867
13.504815307807803
498.19257281957107
44.61508433624476
-41.82808069378552
195.4896054842393
-16.389282674908827
193.57300300666793
-54.66796705924568
250.53199365270484
59.88336805772269
-0.7347348198065902
-323.32415301695255
-70.63071901498915
166.93786182522126
-103.16518624598274
-63.032518621328286
99.096999238835
-85.64005627864208
330.93788643262724
-75.09645509164484
-67.18803559621207
-87.0335353949722
-4.309456898512849
-136.7004696377935
61.07352936731877
-40.58931519809397
301.1185799338173
321.65619982811586
-28.77344045983682
66.55623287159688
-40.055195443384406
22.63126173639307
-206.34964410822795
-9.517619565593288
-61.05955918680732
379.8539042099237
56.489899447216885
226.55899852116454
-68.32589909870948
-78.59020118028934
-12.231375241577098
-55.53555345951372
-62.557414819171754
18.57888407254063
-9.80123620519771
-222.8928930815673
133.83243050969395
223.62101898049514
-88.73861581880688
-27.47481932804781
-85.90100978124445
-154.5413423158925
10.007598373471865
-70.21893313902638
-283.0910059035068
-100.30360325490437
-52.30171668718867
-3.7326269979196227
150.91525934669426
-33.99312143753389
-56.80378351121359
-19.915004269109943
-9.811858793227657
-431.2389133722754
-113.6580388325061
65.01661667820554
-525.539141060659
-37.57203466292841
-152.78004890318698
-18.770080471902475
107.72155425852179
51.66109978329041
-89.37548079582666
-103.46094889067888
-70.36723535836994
-15.632076625652076
-391.2763229040702
-238.16560632072924
-110.6603457363708
-74.20347533224263
19.42386790218552
14.925018637566609
-43.221600945875544
-48.15321917355994
-64.4644057248332
17.391702965616787
-41.21099674419974
142.96397954010172
7.849726257683642
-25.91049026117211
-188.44686037005522
-60.94088008855795
32.63051903457654
-13.84479768760184
-101.53340382943207
-249.94877467298465
-617.9842536061351
-146.4506549009966
-236.17886684247605
-142.51853937825763
-80.98094413537825
108.79347520390911
-48.758276818825834
95.52579714656804
-58.29236148169338
-8.12309183314043
174.8036428778487
-54.31931870730004
-43.86863383310265
152.76647906072685
-52.811194714695546
-25.425528313458088
-102.0902184947227
167.49840345397934
72.99661707761152
-94.03845589354633
-170.7479879428338
-123.71058232923315
-53.902684481199685
-56.48969217515332
-66.01192082735724
-2.3589379178579293
-69.90421516797828
-39.12406599192582
31.189421202734593
-30.498979178249204
143.11160430767268
-30.432278071311885
-83.4896275715388
-49.76428975641139
-50.680938454114084
-68.42329019173769
-8.8476148850973
-74.19177192311794
-17.80626405039493
-10.454010267990713
-257.1645720872948
111.74751086081415
-52.657132765818915
273.319293194887
-37.110214983975425
-45.46734490888366
133.2245104690869
11.050460805683656
-158.18482560618213
-24.317047779693727
301.1045655587495
363.5048517471332
-105.56069813516297
-59.541814628045046
-29.911225429112164
-65.23569480836159
-121.70950582517071
4.823785510865491
-77.36495882160321
-48.58022096683966
24.65958470679834
83.98935685150514
-433.4860333841516
-26.752000067451263
43.17069476346296
-33.091053566754454
-137.85373990048902
-55.42869558010942
-33.66288912149099
-74.53866638664033
-41.29399242978798
-35.283341305347875
-39.79733565993126
75.70322263952949
432.0812657041115
-75.63212689625016
-204.27041589539022
-244.99389851276646
-237.6155424887511
342.2769327932492
3.011102735548036
-44.16830025974579
106.77515576619271
-6.344817285123213
-115.5342148801601
-432.0228581660858
-216.68122155050696
-234.6221564067382
-9.600569911846833
-76.44399480506101
-284.5212966490344
-102.67694243030292
-123.05734070720791
-38.67159128492093
-85.26782182746814
-329.3920634938677
5.80685220286171
-88.78657446851008
-65.69630273288068
76.65630437361688
-7.271537410693895
-46.470023056901326
-137.15822216119886
-57.285693421405995
-66.46105324415821
-413.32457963170236
-125.90592538131204
-41.608288427863954
-74.75966849341057
-32.577085737429115
-74.41392670480018
10.505167498000446
-43.934927560419965
-192.46866377210972
-88.2232020228762
-63.58400613627623
146.3665575470277
-235.5329567663066
-34.313144154308205
-25.112712175470527
-19.732681015831986
128.41723715417584
-120.00394126248355
-33.10401464493526
101.88067827546911
27.424001916294856
13.91193147402646
-6.373634389800852
90.0561360893571
78.09493216776809
-40.549588668559984
-47.93343617704886
-115.64983796809885
-403.9993548628354
-22.79477896995013
82.41928626681693
81.84926428324798
-22.52353804386901
-77.37065290136819
-78.387002392976
-161.94357684813622
105.19918657944982
-322.1837466191073
-87.88377043335426
23.313172163153695
-21.642964692659007
-41.28144857475263
395.571662599772
-290.8164906451584
-43.525496788071656
-59.303640826721676
-79.91129271993537
46.88447084454447
-5.160679662507391
333.3407609242131
-50.169562251926344
-52.84093322095032
-51.23515349187679
21.965900112618897
-95.85899998381501
-61.304748925107354
146.30168230866093
98.94608445733502
-449.6330788382029
225.09877439257434
-54.441640973162976
-70.10885786138599
29.226565453460353
-340.9819223715558
-45.833937886135864
54.00087897874073
-80.0851243812258
65.96997414918951
11.498089464343138
-93.51505707122851
-69.72835831624161
-77.2489465478128
98.40228401658169
-348.923280031222
58.86318768108322
8.889173181669321
-332.23157385862396
-30.534174988854602
169.9389591217914
383.8594905588616
9.766268719149593
-53.404859540291
-87.87986339414056
-36.599020433769056
-24.100341386896616
17.705369752875868
-308.7551873653847
-227.97315538602925
-70.16889479333899
-375.60330503542355
-13.693242649740569
-352.9354223701157
148.03352942760466
-83.3469363234999
-33.46632844609394
-167.37698892781737
7.239841004400006
-149.8419537263726
-81.53082536701073
-203.7389543679701
69.8295681788195
-65.26471209844966
-170.378564900343
-94.80979158657493
49.76979574982033
-10.427324904512602
-89.57337048583622
-98.4366386273814
349.7345722014379
298.0692447839392
-82.95875932014621
-26.096342779278302
-7.5421353027468285
-97.03332984211193
282.1177740741714
-159.08764076402213
54.83790723490711
-18.406285001227275
238.07322549698983
-39.38520781227453
-119.03385178103781
385.104330681972
197.66498430171305
-33.36247115234865
133.94298340108935
-284.5087855171532
5.190335626425281
-239.61705728363268
-43.565755661562655
-695.8130081967465
-179.95650839208065
8.599117899717385
-12.896724084330344
540.4427597878712
-56.99673517427982
-34.17226692545523
572.1325263614763
-348.7590773965203
-89.30772934218157
-35.87651317900941
-19.11236759459112
-99.7776200794303
-5.107592630003481
-33.73378806252979
-0.760206624847342
-83.41685504964744
197.4899988164634
-59.05634229912106
-393.4854867742579
-65.52067882219565
-52.46101146429361
-92.79142314461751
-64.5477129087435
88.54070980308097
166.72648845317963
255.8103695289501
-33.302360350464596
-51.24419649575839
23.042169347354957
-75.10977866049737
-40.6982209356911
-79.29316716523488
-142.02753294573995
-125.46302440695595
41.877281721717736
-17.542103187163743
-199.26102177756366
-80.83436877128861
-80.20685093232161
-180.12436715790136
-66.54826884905967
46.94255660940007
193.36153869288864
-58.40067855036161
39.37069041259019
-73.45025232785747
-10.379541973365548
5.138201963638359
-22.923750036842705
-50.97491414492309
14.49495384315037
-4.2497430442612085
-11.560909276397638
-1.9430973424441618
-75.25689139338212
-11.2726493495405
-4.882080602270442
-28.964239595670342
-26.495987425339436
8.903356401592646
162.26330136912838
537.4491054018836
-16.616273359418074
210.2688842337302
49.083991609925306
88.83328027848256
-126.85962503961309
185.14227703330653
-59.46544645839026
-13.556139693148907
51.45047202443038
-18.272565120845684
-122.7319995070211
81.14442103831107
171.8226655313274
-33.542804729831914
-231.25739900124245
154.81880500109764
54.028063245712474
-75.25850434082622
-37.702518212940134
126.91383270637925
234.59834718195452
134.85891540295415
-375.58307010540375
87.52410159695683
-140.79448305629649
-54.507700765353505
-96.86174509588999
-56.080562511764924
-6.852715120672656
-64.64901644961941
56.6085743553258
-294.20190981981796
-56.498928314683276
-4.300440071271623
-28.904470470939486
235.18156898100642
-103.59884987123014
-52.84856305492414
66.08980222811624
42.99637442771973
-22.315009629571357
45.940577085945506
-347.2026327179501
-5.552842271240532
-90.62784288712828
-62.62437401559322
-56.5895360826475
-135.27557349919516
-67.15268178953738
93.84092711841367
154.26760760708294
-6.722294089692241
-27.376514874562417
20.813849143905827
-67.49189185370467
-94.97557171054177
-169.6906952486006
-61.650998248510405
-93.46373699534524
51.874786954007504
-35.78082206252538
-56.479663449303814
108.44261715681932
-35.716636654452316
29.024721658884573
-353.0751093342915
-97.12665344138209
-198.75724944542162
-34.59623386608018
27.243685300484685
64.57738008040127
-220.4684468377418
268.1160341429859
33.34911242236376
-109.95941419362498
-4.649059654313987
-61.23689527650605
-58.596931854168176
7.856440791178102
381.53086825188075
-65.01823376182979
-228.45795714444102
-36.46328134610845
-300.62206601143316
-27.40529939506139
-54.70972270134885
54.406158817686446
-82.55048747563534
-19.371497274065405
-16.905011239678515
53.09095882208021
-15.406468576121341
-36.90291157900538
-46.14573142071201
-97.11341409736872
-414.32375994381437
280.808075130195
-138.12000158986848
370.10235543440467
6.130102689792503
-80.76552520044758
0.12656903111752627
13.68009024157459
33.92729380714627
24.25051879693092
21.880714670041925
-145.09736259452256
-175.55634671834923
-109.72392174978832
-62.78583482416707
271.2119653147274
-62.72327318192162
-60.47642441482685
129.61998096184834
-78.45803666693237
46.056615589319335
21.242635580427304
-25.98638263702378
-37.580707995120974
-28.652863448784046
-9.810907429828148
-43.8786079375368
22.3377585877721
30.757634410470928
-76.78605593793512
157.38988812125672
31.447204383714052
-48.004490570796456
-13.790910891606472
-76.63945220866117
-575.4636999259164
-8.94135206899737
-370.5990624816659
-97.37703395710919
-42.22073947100762
-49.99752123971138
-374.24862763590863
-60.225231016532476
-111.46028344638671
5.310591279116693
-282.48666688097364
-301.9663769274375
-8.479689764473779
203.71646859301836
55.14771529945574
-26.628931390631802
-23.58837509479781
-43.468954866863214
-2.6685318096489397
-16.440910805232647
-48.38198106431082
-103.62879321863147
-238.56239558339075
-41.56325290777272
72.9124742253598
-119.26746492184611
-77.77293759312654
-245.43963478367095
-88.52501893664157
-95.47208045947264
216.08895537050194
-280.6457723015792
9.942937173005703
-49.82191423688813
-9.326870685174981
308.1273231665673
-9.959588282508776
67.52407830216725
286.44222042205183
286.94459546848884
-42.32070798952191
158.1247373676306
-41.408207671152866
-103.94670813571884
-20.864022605072023
-114.84286857774532
-314.92979312245916
7.039355466038614
100.35611966120541
-37.86863576037649
161.55399861628484
-424.7307675576976
-290.2898377474321
-42.9102094974448
456.2011992734333
241.79372964151662
11.128926816714738
-123.42897586215713
227.5914903943958
-138.83007378530783
46.23854731085339
-78.46716072151699
-173.70051179251277
-67.33048552255717
-142.61760799150943
-62.92091386570814
125.04697381042934
-46.81710656673749
-3.8439425283268065
-559.9775155444968
37.580195317366815
-82.97556997483662
28.491371510282818
-185.6113528104397
32.50444022773263
-189.31449997274467
-112.60368954626756
40.791132226113405
38.09210171706127
205.6934996971704
243.03942592896237
248.18345408648747
-124.95384459830711
-49.10786330547489
-47.50510068239919
35.45859658943073
314.06257572337927
-451.6756365231995
220.62902772870348
-131.6947062920135
107.22150458394754
-8.136081138851296
20.60297357977106
-63.1202714122434
-51.60097695915823
-91.49650156674033
-73.73287246512136
-62.68463870153131
-406.5850864595777
-32.866897463782884
-64.23373519387545
46.39977197652206
-65.64176541650512
18.96003014599819
20.055406681189424
-56.18599058073596
-51.20361816979141
-82.18242804147076
-72.1672400702754
98.50379125103336
461.553446516029
400.796247404558
-154.12743780559686
-239.4402506633396
15.039821954151094
35.32005225878038
-119.80531431345298
-44.37491033398442
453.5386045154355
294.98931198889477
-171.4901895696239
-196.57545982514785
64.37135590434309
-91.74364891004306
83.32274220501495
213.30768214894488
-82.03797222588142
51.32783121208405
91.02822922517043
-46.79024997759924
-189.5291315777331
-256.49965838689513
2.0610275127423847
-68.6603916403019
-26.335509589606414
171.12041945265992
-410.96709670292876
-89.11630085488022
21.55936251301864
-54.422537153565685
-254.30237669042617
-85.68862016084138
-79.97135533572873
-63.545920886484964
-63.32009454379295
59.96320192573512
-50.12152985780574
-76.79125794076599
-54.436940161042465
120.87760033584345
-80.95903128877762
-94.75867059704797
-11.182737272030455
27.198706595889234
21.35344337852075
99.57328318107466
11.461573937240246
-74.39516531780555
-135.38841267179032
-46.29794607506979
-279.72265614616845
91.4440478985307
11.040548750035668
75.20575784221364
-259.5918142380651
-8.81809775898546
139.78564728785568
-43.494499278897166
29.033243349126508
-53.83614662927721
-46.81837750365804
-69.04857635417507
-32.78776488064066
-32.336404874130494
-64.06012216389784
296.6307198400882
56.159331773857275
-44.55883811448161
-395.56871964722086
-81.76758858201083
-170.63909268029965
-63.85787597318449
-18.72896575464165
234.5872618335161
163.6721205310905
107.18612488478175
-42.655403941780605
18.208042208301777
120.46593866986404
-55.81776246469559
-12.899855208657218
325.8993220028133
-69.02074682020381
67.96940361963925
140.4042794751458
-66.80043712911356
-135.61341378677403
-96.08653304630383
-83.49316068444956
49.61912778792248
115.92856838263151
-74.44202065307726
-31.798354846444454
11.412285985476046
-204.91731803480616
-35.60806470096571
-34.30582103387718
57.93802277940313
-33.22270270530281
223.68342490435862
24.37426768779369
68.84049933175083
-22.0693426405968
2.47580966669193
228.33277125331188
-4.112460320976802
-112.30531228521886
303.04611836315416
22.749825155768576
432.9214435239355
262.0807020397933
-577.3606358872858
-77.21726575190496
-72.61300127149661
-67.40341272630758
429.4735895436006
-67.44945591930792
83.98424026047815
-223.5115182163263
-125.03405999631468
-20.185116901712725
130.73967520236238
-138.7784036399553
-73.25086282731488
-243.37340474332268
-87.80867969020528
-323.91330151360216
-10.463088448955205
129.13938171410155
-64.29461548185473
48.606050672284255
202.94354675806608
-26.766098011186614
-94.25131937713152
30.008874483489876
-57.79357159297147
-289.46513252582736
-54.39250066535807
25.24901066032453
-13.655454988512247
-71.15453344444722
-72.47006647651948
-87.72552949694091
39.63055832574946
-85.54822854295526
317.0484536196609
-37.03912739705129
-45.830136071104796
-62.49741127665164
-89.80625264136216
-36.87762075242625
-17.84498970283429
-78.64720862858849
-413.6898535254495
-85.98273382581647
-11.672484327073107
-134.54348385427602
360.6398848573117
-238.51132672626227
-52.02091298412415
-39.2086157267895
110.86207342020862
107.73736295305935
-28.19545314749855
-12.633710280917512
3.9831797544423466
37.22639745187337
412.6596370453244
-61.03471834536296
52.13837589992545
-5.234459018729467
127.73485240379341
-336.26116332135825
-88.42818955404006
302.0817938090313
-71.50079259911399
-103.58909376777592
21.081140791005396
-253.72978924456402
-286.75002087885696
-40.574365469609575
-14.151894570112972
106.41325328666107
-63.97303287970066
-47.22174475013253
-22.633209018789703
-18.097634005404103
-97.25068883064937
-89.46600401541578
34.80100568938436
-55.95458089905105
-34.45933045184654
189.9981969907294
392.45434189052867
-122.20322695263144
23.862031676939637
-24.48285118419094
62.50836780755708
-72.33496446260878
382.82738419839916
-95.7836725670295
378.21082314705563
-43.845838812967
191.5045166361233
-63.4246829340846
-99.42280077330543
-61.48925100283281
20.632291224506844
364.76948145006645
-92.42026509813583
-179.52507204798712
182.70279038509761
80.22053514599884
77.54706578965488
213.15226317298402
-257.8255884401342
-375.26719726639203
-179.87690558681788
-128.91971124042811
-4.245188780005265
-71.06777655631049
-100.40988946975267
47.49061469622029
-8.93949220476668
60.54873842935558
-78.74778824905343
-60.029142553508564
-104.36684668691807
-40.556049444874105
207.34173952193123
-28.969674520005356
-188.49071254062437
276.1460548018149
123.69962395694165
-282.30468803464646
-278.07855397916137
58.41066946991259
-91.8851552995111
-12.724667829316155
55.43425212134616
-244.84693083227648
-364.1409785863889
73.82967967246987
-80.98533555840315
69.43065053232567
-30.229165143831587
63.920933521392726
318.18692208324865
-396.820050440434
176.5387584789405
33.73796496326577
-383.6902632088313
14.456672375080416
-3.0377715780383596
-413.7814577108111
94.5242658610623
-44.43803014599143
160.3580876210017
109.87251458504852
-50.82370729407536
-47.8294272319227
-7.731695058440891
11.38815969465395
-0.784713357757937
-366.7207474075767
-47.11519265150119
36.02653273937176
39.59199456518809
43.35066244357267
-277.07031473810275
-464.23088251794434
125.16763330282993
-36.03737546147829
9.018932905637485
46.03173463329517
-167.57030175003638
-62.69073126164176
-5.005754808011261
-217.53578781088618
-35.102275046196155
-55.781930477566966
59.03496623598949
78.84421043907741
-69.27365163685681
-23.52249568622574
126.16133497462033
-240.53609895901718
-38.577867774221936
129.88202283670034
-274.22463337906447
-42.02368813823907
-323.33072678223834
87.03312988840298
621.7110592999106
221.75558235901735
-16.869122161531777
3.343287595123911
75.87380772863617
-60.771143577612065
218.16923863880402
35.17761871393259
-52.22797914621519
-58.34923834457095
-243.1896823234474
13.041624224164012
329.9789189886742
-53.976112201777106
-1.4745219512606127
-121.08873778156158
-76.59350385898591
10.294051551185476
-180.5858505662709
-52.2068091885027
-58.66799634909415
-8.83594400289303
334.90499744419503
6.138119661791279
-4.302865744330916
49.842783914509255
-35.18335293155997
-33.78490873528051
5.977185278077741
-88.47718188042626
240.88177136051127
-540.914505857394
-2.1935384133156504
-61.984702966136766
-73.80491502494624
160.09320917691912
-259.5753268959779
-72.93351276949704
-39.04878631637894
36.02699404328132
-31.828525350769453
-53.042295367969864
5.091228221269779
3.6621281013144085
-113.2937880125337
-58.26325122619985
-173.6475846015037
30.598402155854046
-129.47272540851262
6.349369087729428
-94.13474286176402
-28.612157913275297
-63.50423889389024
-209.79086333965915
-449.8569150130552
258.961364804225
10.807346009825892
-427.6880077515152
-86.51414441003266
-47.03128491639927
-103.47423461138135
103.5863627615272
-93.92072160438978
-61.900737763925115
-64.24506220718675
-48.70379197434841
-59.87312093095358
-418.35018182483145
339.00755554004354
-441.5760526610575
-306.8508361957429
-91.747572568237
-34.36961832863111
7.193058488435781
404.94645500472325
45.778558704530724
-89.79426446167055
-303.9398801416037
-17.292637493923394
20.34686657245311
443.3699320161886
45.98831748057637
-2.727961972263074
-46.42953371330499
5.746277077515246
-69.18803295841545
-51.02865270483167
-32.19954400947336
-217.0771740264663
-28.56329873388495
-60.416287956982
-24.72862624333677
263.1649439341636
-76.75702855210875
-97.90397116295208
72.54102353489361
-86.26309708908047
-52.90255754890886
-211.95493547718252
-74.72597625419455
29.108552721444994
141.7260747428918
3.162284173969965
-470.02107021380834
-51.85411603241601
2.76787785194756
-22.853466358695815
60.54297463079274
-18.743251261616635
-53.68490931195702
-48.39608776248497
155.18107939387528
-49.46075788847702
188.47601427331574
-96.81754162652851
-43.92138300343487
-59.56388271437635
-87.61248964260994
221.00000029928196
-135.69557076876208
-267.7365696307661
-31.508684671710398
-140.8862908920546
-105.56871254143097
158.20751324351113
-21.245302327782156
-176.2719852935479
-24.504042705736055
56.52685501996348
-41.41458330777914
-76.70707965253683
-343.68342359090093
1.9644786494018263
-160.91058008768596
-65.99374277171552
-74.9128353340589
78.26014236964284
-34.70526286460279
-345.32425463510845
-174.0085366648118
-95.54387380956634
44.21636100707474
-87.02779007081305
-108.6601395846971
-92.07873330455118
51.033570374085684
-117.64466090436508
-170.82297677462338
-84.32242620521829
-166.8540304608723
59.48676736016478
-70.45777150619509
-86.7082035879368
-68.34729264594334
-279.18405728604375
-59.102144929373026
-98.11067033121526
0.7809933654843917
-68.24392451727908
91.58252631716141
-116.23920376842761
-79.76543427358331
136.08273537821606
-56.42937281326205
-93.423272635488
-63.785250699365065
-67.2120858606541
-25.883838387997457
-75.93608181210584
-551.8782914982585
-94.10017028897138
94.942879525217
-7.796062971993565
-85.71262701796877
247.4455185731058
31.060060985700034
-75.93145841543074
-115.07323057950816
-92.12758405417206
-30.839335173900658
-12.704267779887914
120.98802001819786
-45.575830005372154
-13.935419665593145
159.65740677267604
250.66952942277203
-67.25737428485263
-352.227383778325
6.243677057099582
-142.54507629428736
-60.0943500141052
-189.78494743037072
-158.69747589240615
-124.39345750744451
35.35714502015708
-12.029292503261313
-218.02443220489113
-216.0826213774053
-36.79376484765259
-38.78988883569974
-60.04748332428608
-55.93949417979602
-23.117747996740945
-201.59902856774534
-113.33424329819104
-60.35787374310894
77.33709665323431
-99.44119384959504
-108.68181167963941
-241.05419595243438
-96.10754681977778
-541.66425988017
-190.345513610715
-91.7643401289884
460.990006986196
-41.295689980419866
-33.52657793130311
-59.074017766937715
-29.399232419522768
-439.47366172615784
119.74020878802912
-92.53984879512174
54.7186934673573
-3.7953736915301306
-59.01043346108278
-18.532611148700056
387.01944998830913
-151.45451304111702
-67.70032360413825
-437.01095686814006
94.50057449054839
-10.215312047531427
23.153638135879646
-473.49010928564167
-123.9068267001744
536.2565723853186
-104.21825416763886
-12.11708105205662
-55.549852347238186
-37.3260022105153
19.216143039569943
161.26725458818692
367.6670869601712
-90.02524675943502
2.602239868542256
102.2893840282486
-124.95742422743751
-86.95172975423156
33.02843221450894
-33.76229554867609
-163.3849052458163
-31.784411840245866
334.8708739120102
-18.148480375555664
-63.67780219629385
18.77867529244395
-28.308746320590018
-72.60628001562745
123.0620094594533
-80.69366056603212
-20.38439210179149
-38.7953078465207
-76.1216521857607
120.38941088765023
365.11979807667194
600.0645951314691
-117.28655544513745
-124.87795097713752
-41.43645349717917
-28.10773242249104
-112.25915871042889
-31.693117936838462
62.84946362842675
39.86862601513076
16.307161924267348
-38.2178312061793
-35.51613304190141
547.2285804924609
-219.3873675047189
-56.88592666157144
-81.45571957859659
328.11502800668313
-49.97545712953615
-57.32728648688926
1.0823008322782357
-58.17984446451328
-104.09785869456306
-12.20972961201278
-69.99488993932762
-80.13698250029302
-58.0911064795563
-130.85526237954764
57.84019262473885
190.43261441069626
-336.7497906525332
-117.31040406357351
-485.0782044254993
-61.308486586362704
-56.32415254316568
-58.65145658488122
93.16296744233887
-62.04722879886477
37.365701883367365
-53.40590121353105
-96.82603180522892
-30.697605289210873
-358.0664863440161
-66.64423280661389
76.01771597187872
-47.48790805226303
117.34772564192099
204.39405233393336
-397.02261552054006
-259.12541879793844
-83.92014289083454
-41.73276239554592
-85.60396043685978
-87.53081760255708
-96.18095428994224
-88.21177802786232
37.27355475932836
55.247845410442096
-122.73354444463348
34.02736520943992
-69.05680839323759
-62.87711485892959
-7.953151140814157
175.1505957137215
-5.781133448940409
490.2953052582325
-34.204193131678494
-110.47769516145341
-32.048531499279306
-52.276120354416136
156.57861911435248
-24.02432156478244
-617.622964458802
-54.28208160262534
-111.85236601072393
135.60220335536178
7.719858814398322
-46.90693047585683
-105.2634345974192
254.85557809761303
-85.5246546974416
-90.27659683094667
23.928720028722694
-92.21886751974125
264.2105475869521
-326.0432263962257
-80.75589089228698
25.90778899191082
270.4369597094628
-6.892581658302333
-63.992714638754194
-174.9343786667896
-60.62185200700969
-73.56735167487595
-138.55276631697248
47.99126164637528
-11.695677330345518
28.54752808943067
31.863704422121373
-22.26642850787971
1.1562059363157005
-65.42505850945015
-64.10238903309164
-290.32452369141083
-17.94023172819834
114.41629241685496
-2.005581095430216
-284.04585674735426
-51.92626378976961
-131.56882957915604
-39.57541363457676
-45.165211404956665
9.480293864972452
-51.92763934368167
-318.3218687448407
51.68422591216529
-20.89431403567687
144.85868877388202
-99.79213573680408
-72.32380637268152
-156.1802315781406
-47.41082257057133
-522.25298771097
-394.9662486485813
10.902022900352904
-87.67781678626854
52.771534149291256
-22.548429051281346
46.61991157432203
97.54092174843208
12.625008398128557
263.72219610327556
151.64037638672198
14.845145091498864
-90.76543274601691
-58.65076204779164
-35.714423278840734
-380.3587107646581
-52.70164818446641
-73.7659488127411
-78.26950301654142
167.09466447290288
47.05863223760571
41.57024275227741
121.92508205694321
-124.77363049410909
-259.3789487864342
-102.11923134671994
-110.99889533589703
-130.04357753771
407.85230633479296
-262.33828699128935
-75.539280223471
-33.831331468181816
-138.9572720836677
-43.608409969823384
-100.00674592515679
-65.60579048307143
-25.925586303677846
-87.29516064724858
-59.998988783084485
-191.34985883951822
64.13032309978644
159.25771476605814
-171.7057675587821
-22.678856044529482
-109.97563654698024
-4.00910509697087
-38.24377039383046
-92.32818602798216
-61.997901921001926
-2.745498433034653
-51.61302658102631
-62.28337683936157
77.63053417765968
65.110853257911
55.81380926439306
56.72681745859154
-82.9290693700032
62.18739906116389
-120.25702595699659
-282.8250736548034
-9.809996792382663
-43.85808128786687
-88.28473243298421
1.3576463651897939
-164.02916245583583
-271.1436515608002
-16.30637388526941
-307.39309529731327
288.577878839189
-66.06489044271072
108.55108980947898
287.33192345705356
-291.17337420762124
-19.042112125901557
-151.18384866343877
-111.87715027927288
-572.7869417909315
-446.0399012982871
-50.41917576711239
-108.76209531584543
-332.8166625561512
-28.649666402386174
98.69865204074813
126.995177161225
-62.557296075372506
59.11640264505877
-171.62165502090102
83.67843870331035
-39.34261373587424
-584.1892412690213
-223.22574743409314
-12.633675166314589
-83.02456098765633
241.94907370436886
-50.377453903094064
-76.0263090254591
-92.29248699915951
-134.7392998394971
-92.01468568016507
90.04487785004312
-75.88638759610512
-607.90816578269
50.48694452944483
111.96540094793454
-71.0529017494151
-86.06184121042446
-33.40169173309005
-1.8112951335967864
-273.12247994275003
-52.34486494914489
97.560153352817
32.422834201164505
-1.5010424291901927
123.2552032812896
-38.30694822089474
72.30630452000332
-62.04133489237756
-83.96713001751777
-104.0260127265036
-54.3812198606347
-34.86458518136747
132.2195337038338
21.297015630920214
60.796868496224306
-57.54717369684028
-111.09699201502508
-175.68086022302396
-198.4084618638717
65.88642100756988
-73.55172585665423
-97.53503794010066
-3.852537641932031
121.32101256300666
-21.888203285387135
-18.18767578981533
-75.83676098763304
-77.52114103112515
-92.03874160677924
157.78506554380147
-311.01211199438694
-224.8623864222991
-454.018298970901
85.43170379728144
-95.53838887816346
-306.33359694639876
-47.43122002192473
-76.14972025387144
-203.11409075703523
-99.45862734540242
-9.89056236173758
27.347369654318754
66.60607428874619
-93.02745862725475
-534.4774363453016
-195.0670930555916
-65.71179223875403
32.20977952802059
-64.7620867048272
-223.36457444574262
34.48617891533786
-71.80497583258763
75.22493287133511
-44.34073868944803
-37.18219381023798
-55.549777643713554
-72.75312759346343
-276.6830234199351
-67.58697741081349
-431.77135836875823
-74.92090818853104
615.2546344634102
5.119007855439456
-209.43918591806596
-79.44782265281356
-446.79046840603405
409.32617512885736
-347.18232519628873
131.60840787903726
-95.16447375960864
-89.33460856842642
27.882205078617062
-150.1789687193832
-60.21037148454889
-87.89874738372419
-33.56994019508338
-85.14078849977705
-11.72192972857556
12.722590645817945
21.865565769770456
326.36986358324066
7.9828437264168315
-34.33109883211546
52.69678037076483
410.8663658272653
293.1522078888065
215.45610685010433
11.058310396465458
142.8512688687697
-43.79340384572152
-337.76860249615675
-84.87142523843845
-11.985940145283621
49.76016725668342
-84.14105184773742
-134.46882243199434
533.7060552764051
-87.52208423383357
-42.74154472527052
146.19997541614794
13.250328272182117
-29.27090726917632
-49.46188575222004
68.77080428502632
-3.720805039456536
43.399419198776286
-40.405822694607195
-91.13388353115079
-63.76637955045242
287.81797379937234
-28.767276393433008
4.967633310009653
-86.37356158643593
4.070836989887084
-22.27012057488264
-365.91565499858916
-108.65955156921154
-119.34229216428139
-46.00236534482461
-236.54737754772214
266.99781050064666
-34.88731805646603
-70.14441260058791
135.35747433769893
-291.7316731459505
-244.86616026241427
278.63721587232976
-100.18734383509577
-143.00595780274216
-74.17311954631259
-325.2634622402602
40.49517774695414
-40.53222349442831
-9.573758870075437
16.22088804543364
-99.27899249092215
-52.07550291602458
344.071033982249
76.60941672554327
-9.086583890720396
-143.49569944735595
266.39120346721575
-88.5296810495468
20.8981219691932
-44.14570545812512
-23.903911809303168
6.498048462232249
-47.55131930450145
495.1153778284115
537.5025118817139
14.830988345548576
-66.24618718046017
-42.329872470954314
93.5494688765084
-31.430560952007454
-45.374158012893034
-30.886111369713035
-20.99606595344956
-23.950697422282246
-282.99206512929595
-128.76622232625778
-17.698817795696755
-132.25772267353204
80.21207591140046
348.29719357538124
32.89061455195406
-81.54708361136414
6.007447360018432
-81.51438829649952
-25.44252048495582
-22.43649523282835
51.25275158847944
469.8995603941694
-215.12047935746523
304.90616224436053
-62.77528678835188
-18.757943994067773
-87.21294853400832
-17.048832138867795
-55.1610326519801
-73.73924900895142
310.90933317955387
28.755588854210146
-45.13273893141104
-80.98360049670373
-62.61721612702252
17.81659410031307
333.5086277610171
-131.1757079022318
45.3877193070839
-333.06668769861426
-11.241449989779495
215.00840153321587
-89.15622201474612
-297.6213437983806
-307.49742627514934
-39.55298341729283
-51.96881128102504
-175.7913936326422
-566.0484440582
-129.98994548967312
-203.351973170963
-105.91240222604938
-344.1174242079351
-288.9619827142433
-22.0212560006496
-461.9359643886728
-109.37541362210928
2.71736435603043
72.56077388445692
125.78070884862245
-35.269202305372005
-5.11160509284764
-76.9989145612085
-31.152525117420204
-1.8047485516960933
-34.732760250363896
287.26983673041286
-390.6696932665591
64.10026097766422
-137.88831015664073
-80.15370748794737
-59.87843684560736
-150.862925143916
166.36940065477756
199.6650835000255
-72.59866147557639
-362.35165987974506
-70.06531317919512
-25.826603597455012
-37.77847641517246
-36.93468817039377
9.568734874998114
61.34164221485571
-300.3285215150927
-98.9740977468992
-245.64397523919706
-145.4148903159621
-70.57152459544704
-57.475758594561285
-38.01057730283463
-165.0495905996395
222.55954231249962
-56.63096125919114
-34.3414917952407
-103.08187381220117
35.465557019258654
-83.62417134474435
82.97517402523135
358.6174303826756
197.0456528327959
40.59051849699745
317.99432981990867
156.4249045725569
-92.0594829968361
-389.0386848788967
-146.0172180194877
340.12018362901654
156.65802251000923
-80.69931183849359
206.06888852831253
15.991998606872592
-541.2361470825963
-44.69504419657744
-74.60893142115263
22.931799209351084
-61.824167325637234
238.70009987102821
-65.30995508733476
-80.3503890821994
-49.49473197262887
480.6944400387729
119.576800545075
-53.765900357374626
97.03688775313458
-4.975574300172181
40.57503526038636
-117.62936605219147
69.71322075217904
-66.18303673674967
-50.01953253014186
-417.03053668967186
-97.55963613731728
-85.08686575277613
-53.45848602493367
328.99675811008456
-17.31633903370539
-8.028081315374953
-186.47023439920576
-85.33029052952173
20.12038066968256
283.95267134537426
-46.84070837921387
45.89724279474558
185.28931310654662
-98.57714897799117
-34.30100192255918
-76.38771107461321
-125.25778808991163
-47.82319567245646
-110.14833338823883
-3.21257587440207
-65.03022204733134
-51.6074655576281
105.74871972571964
357.2212577076061
103.09796595432454
-25.858219541329618
35.06613894590828
63.11701451617955
-101.90103714365117
-4.3186054471830175
-138.11690525043673
-14.296317482505515
16.274952392245723
203.9690045866064
44.45192250848413
-199.52433098316033
-54.53460447756038
-90.18795145965713
-83.08535189597347
108.826681501665
-218.93666857676726
-48.895201557420364
-305.1358155429334
-64.29849484894405
98.59350645844188
-213.94788000184235
69.08010769806378
-45.352550077298645
13.93309476013071
-14.118898406655887
-354.0132380396735
8.56918418305122
-76.64919726464484
560.702815044393
86.79030200746456
-70.67306620821948
-177.74731869422067
-2.9095113436388895
237.5311015521911
-90.97540761666642
36.59674292279851
-22.256703648964457
-97.81745475898813
-36.37450068918683
210.834668064379
-21.001411912669028
91.1350926641353
9.641417539555286
-385.3029604295916
-4.560256941163743
-111.4147900740395
-364.157538403746
-59.89419795744809
-95.43736278592839
-106.4398804270192
-257.1923928567958
-337.42836661077126
-77.88377630165235
174.1280483318351
-350.69782832176134
-22.27030281166317
172.8986411279784
-177.21384865804976
-187.13411105532032
-61.99419906008552
-148.34930369029644
-83.62411765729381
-22.439522756529872
-46.454735179380805
-44.23392996593611
-69.41483040270477
-58.07139294463309
-324.69293924317026
-4.9228601650918336
-88.92744958096864
-112.52822779843518
-74.61693495991692
-5.585602035831698
-283.29522694310435
152.90492437659123
339.83889366681615
-52.83511236731374
-285.5289589869426
-39.38726033395142
-17.340518446965348
-63.86543172737743
-108.91107953071192
-37.79968643869449
-33.42192854517057
-65.24214626645346
-245.8080217963452
32.58737171577786
-54.07040324047375
-15.41841611513155
-132.9655459069811
-57.777883653570825
-162.98663609473806
-104.91757394025626
-65.43547561148807
-78.96234586917126
9.995294569312488
-9.709642948140754
15.883522203502707
-118.4473207058245
212.8417005903375
81.53391013141572
-48.37133261484996
-26.422285157456827
-27.14414470680464
-278.80679653365223
-96.48364624071291
-47.40795286631069
-220.80156237269875
58.030829678051305
-81.52254925113448
-114.14547962961394
-265.80207100309053
-61.524420191675404
-41.49875676182703
-96.0461553861589
-38.20160804585743
-0.8668153283235256
-44.900045473072005
279.3990322604336
-59.23257563663191
-41.19926085079434
-29.655970018398875
59.650952328998756
-18.997100637229778
-66.13423372051147
-116.33422834250268
-49.42464087628781
-50.469472477269846
-389.528350952598
-92.58551708893617
-64.56850616241601
-158.99386150330793
-50.983377654367004
-21.116077849639623
347.89227158594986
-114.00627864157244
-26.977574395349848
1.599877154434779
-46.37149751112361
-181.03855459903752
-64.16525197309667
-91.30966211719023
-238.6188905585568
229.40502102497703
-168.0954548345926
-63.92568735118122
32.02996914540349
-75.3385752165741
-45.272283589594764
-101.82210910890353
-68.87413354963064
117.08147014231508
-27.66926817954526
-1.8141120462369145
-97.23824999331009
-72.35099550820706
-193.4233798725254
-69.04982720194141
109.27615064938254
-24.209450202358678
29.256113163222608
-90.02865636121987
330.5604401176188
28.01001642108531
235.43399827644316
-314.1731270537093
-383.80895162777233
-187.74963280807606
-141.58970520510047
76.50154705212663
179.47984281764184
-99.83111231726616
-18.189329832094245
-11.738540855703832
15.005638169678331
-51.8202384271317
-66.79878023029431
-342.42662532158465
108.2039570118286
-8.321462772298219
224.7539523237847
-39.83845795936701
-51.9569162857418
54.78536937521676
56.84892340022134
-31.250838935379015
31.198054370706814
67.46460047242454
-92.32992305005064
129.03029980556857
-58.70881766422493
-48.375466330517234
173.267576586406
-66.34494387280932
-99.27512256844057
87.28550006604564
67.82974902836668
-462.1717927722875
4.058211067348907
-67.95949886035955
-72.95376627694469
-137.33055173763478
87.2613949412098
-215.56550479507496
-50.21102703142071
-92.58672586602006
-141.59058498867307
9.003623153344408
-46.16180084490921
-29.705053613910422
-62.37227332825846
15.526723223403339
-326.6172627246706
-46.75963470978786
-322.2106652277289
528.5418508655057
-97.9447938722931
7.545099178176315
-27.980615486581883
-64.84634127749388
-51.189130039374504
-600.4695305113364
-63.38009315838356
-185.691095401251
177.63793411745064
-164.25050290323998
-81.34535264049657
23.739267270191704
-210.49207953325822
93.90080325768758
5.295647993794773
109.91146860708432
-281.67070794817846
-453.4222808853028
-168.81508035807747
-73.9026113747108
-124.83447475077345
-301.9485041745993
-15.780229189783768
36.40340245420521
-51.63373610455708
-250.59447224482938
48.25390442264779
-45.96501975949026
-83.38811591534648
-42.53429418990072
-26.694148427665823
-278.0524240564109
63.38476143825483
49.049102397570095
-413.80942234596296
12.439121213060162
41.507036377242
-70.68644800964285
-101.07347792585551
-57.08321452005855
135.98465696147105
-95.31314097346146
-167.13179513013347
-90.8876104390074
-20.1079205391311
-140.57446735813755
134.12136770597044
29.22935257894096
43.13298727187885
-127.25099284066346
33.029635165649395
-7.465264190010203
-25.83655797103893
34.782776417820415
149.76460921748912
-91.75755680124075
-247.25215553499038
-88.34002226738896
-45.885235469351755
217.44107061458635
-202.0748685450735
88.87497319387512
-32.13749725742923
148.8683539959493
-55.70578832917272
303.5527245045814
51.379412259950186
62.450529676007136
45.71433395463009
-31.925889392856334
-8.375313973660013
-5.640379586316612
-24.487229046653738
154.04893735667065
-19.94678669894165
342.09533571320935
-106.79140266144238
73.45339492667517
-85.21838265179667
-40.09598517886178
23.40741102553511
-478.07555479319035
172.21339062544757
-76.59152458619792
-61.303688265362666
-118.75254763180237
-150.8941431372259
-110.069761457813
30.496633115233635
-75.96247380468378
-158.83567097696687
-158.2798834750356
-49.29464896621857
-99.9632993745754
411.866088594692
-69.27062039434419
-62.24670327814981
153.45332111057542
-102.1973048626002
-30.677462228567517
-44.22419664155238
137.7350253473578
-31.926506509373212
-55.5724030626111
227.78857323412012
-320.3965984144015
-48.77308036638965
-31.094151511051663
-36.67552200751743
-86.22415929396796
-86.70948238805809
-63.186587758552754
-71.70264264843718
-25.977139717689518
344.38787396968473
-594.514804800483
293.05867612368456
56.85627982409005
-267.80216733890757
-116.79887750579746
-137.89539219117069
-25.49856381887782
-468.32028275958874
348.1020763842771
-107.49989358261703
-65.7875427335547
5.919977139692492
-83.53036485188204
608.4509377439026
-2.774257401106297
-83.5832986267162
31.53598840861332
55.520699619479274
427.12233501742776
-75.22751187190852
-163.63225512260396
32.549447401961515
-3.759081584496016
-74.74440673705794
-22.136765641113016
-389.6738150097917
-126.05387960157168
12.211856332989555
-11.820775480035081
64.1217306125709
-116.29983542719901
92.53670571186922
-12.231151736508764
-67.95866909079481
-34.38929942960152
-93.40017457072645
-22.987438330813603
-31.906324667662943
293.1208643227692
-163.18564825812518
-33.08577281495161
6.610641309316634
187.9339384322102
118.38199794278535
-7.404225081259938
-99.38169925496985
-216.89066428059232
-75.5591072260977
-103.04344179644067
-98.73692245496733
-100.61408868944463
-50.823726424117474
-158.35898963344516
-93.92570911685857
-50.8249330996142
-73.75283955393695
302.1345490580479
-94.40926971338104
-56.18651811523631
-222.35988654749417
44.52341745273134
-75.30557659588897
5.485700607526269
-474.8036537882508
-89.66091658470168
78.22177318878175
38.860758483097015
73.02861926930245
-122.17051336568022
-160.58088312418022
-92.20702263222725
-427.38929757937876
-81.94885091439922
115.68919484970684
26.573005478760024
-68.00989183255479
339.9165943188491
356.78055249584395
-56.988740942890615
260.9187021240705
-72.64409965938285
-183.46127704299215
2.24163628100996
80.88653381437325
-241.92300942449765
231.22349046817544
-202.7512907626733
-8.388138180270175
-32.27809420159825
-453.07155353151575
-53.406365019270496
58.32017632112911
-2.0334412154286383
402.3131357034781
-387.30631969325077
-28.565807082823085
-49.66002777757788
-573.5231114291619
58.0053687190657
-102.17089878398838
-170.298999962979
-37.14924985832005
-90.71371723337045
-59.38317293238346
51.302820360629084
-65.60846170916011
-242.9452544751348
-49.441550188375786
-43.64782408536967
37.70751160931127
105.8045183792965
144.82794256486886
405.0807400900412
-588.1619112742173
-87.77966131984249
-74.3516303697761
-44.76180949890647
72.69700180730706
-90.64756019106272
359.64631091251704
-102.01461170525727
154.20205211865868
-86.24284251608248
-97.10846505920927
88.5015673824741
0.061121689377055664
195.8111163455378
-78.5365413471227
-249.67856101314283
-83.79441563731373
-92.23798068296765
-143.8269109381872
-86.53732380888869
318.31587120611584
-44.94988585700321
-89.60564410000259
-27.066243502816903
-19.489012034294774
-26.832655784860986
-17.05841616550703
-82.88690199189638
-89.16882504878413
-74.93768683940684
-424.7364883167138
-58.098027213199764
17.679351495560695
-145.1413063437485
16.099744579383696
107.96869678312942
204.0172810170934
175.57744877512414
-52.57325433249537
219.23221004720835
-42.77643685055336
169.13854782648832
233.5683238427173
-150.31501427648254
431.36563794621543
-18.362314078651252
391.0588702590612
-10.551799162330042
26.172712005931317
-7.955978236541341
-41.18466966629421
31.569794543662283
-49.754019299177344
-73.47420193107025
89.47822416653526
-232.97217142175214
-76.53082615474867
4.665818016106414
-22.709305870944377
-108.1014563494
-573.6722769182434
-263.9575354778153
-14.045879564604547
-98.45879098827504
-81.61132399580389
-141.9118412865082
26.821254737087656
-33.70288670212278
-12.253911803077727
-65.76366497828803
-46.54573697292541
1.485483507456026
15.654756004447336
174.3112450604167
-99.55688514589556
-59.32616947934957
-208.30240178837448
-56.622989935644
556.3092408369739
327.78397183983543
-72.44248979962018
-8.91670288390165
11.658937824846362
369.68719363633863
-88.7946264144013
-21.480579909241897
-19.464441579289996
-16.558348855094664
-24.222839292765844
-91.1667195851011
-92.24534837638748
-91.04475167693897
-109.36438742976407
-246.4625940820697
40.46691699587609
164.43676768792648
-73.84151619583736
-3.4615883632219004
-83.35795847102935
-32.98504434343704
-59.0229536722343
-4.97717224882399
-39.776128665709734
-119.40050716171528
109.09186355009751
-160.0694385555089
-53.830316123969745
1.7382186349657331
-127.32104083685573
-328.19622517065727
30.50950041349745
71.40598213813973
-440.1215059708793
-169.05443183259013
-81.10309480763499
-42.12710284296281
-71.50830867970762
-130.62591588487885
-51.14658521482801
-80.29632202396394
-55.53496412051119
33.629623755875855
-1.2171093365250272
-136.27015787361688
297.7511642579684
-229.68598547619695
77.16849137765553
194.86341914467448
335.5169047789186
-82.90208609714459
-93.08734457099112
-49.48318226273295
53.530610994546805
-81.71019961188384
-64.432966434471
-72.04675960499961
-177.8823214014883
-4.9678366533593605
-37.60971472215141
-119.3541482229266
-137.30218014893217
-95.58644711388828
7.627318265041026
152.81971708984383
64.39578074304927
-132.64886905897947
-16.794162902910102
342.68558084665347
72.63617475474803
-66.96216363629173
-72.49158170703987
-8.909810864355677
-33.369360395242666
-12.958219348820421
-102.45724302852372
-1.571260555724166
20.875250247455792
-302.78003138494205
-323.4701622203211
29.101713190572355
57.31379309374688
-39.3776652382675
-39.50169931700411
-66.41410675986117
-84.92172674845696
54.59377115256939
50.00603401011176
-67.45877036437014
59.02538188311701
152.46645808209178
259.83110127261716
-74.90351597042472
-12.53903605604758
-65.76473283460291
-15.289151515529738
-41.27432466723296
-72.40518807547778
-31.17267582255863
19.025158115104205
-58.26997245835757
-261.39325013476264
-104.42688250580541
384.31493671984754
-54.65616504016361
98.60785948848752
-93.23204135291087
-2.5139163033963996
-598.9808419640267
-9.90786769287297
42.61537168636278
71.62021299338949
37.414547238070554
-250.08163547787444
-123.64351674556383
-107.320118494976
-16.683220919509964
-47.19993564307879
0.6691191645531944
331.64532113816676
-74.53556675449585
-16.064799307030118
35.612758825525816
-110.553758396386
-425.4333450673912
66.26711517022159
362.0554634112814
-19.2636695041856
285.41516541829515
-81.52678844598813
-148.99830589836165
-17.372007898545032
-56.98706326153206
56.92768675498883
-85.71394503390799
-62.272575950295504
-19.329017943259714
-114.4565444781856
0.26180480571429143
-42.94910603251719
-52.060084725016516
-35.00386845086359
-64.70806839592547
-61.25991326857826
-30.648298588978676
-291.6646770007155
-196.6126152870711
-56.62241503576297
-101.50665010631928
-24.70205571387487
-55.09427834944108
127.12470800961637
-35.65094714805173
-90.0194818003929
-87.24930537121627
-73.40763678379267
42.161978483691655
-84.72426786476353
-31.75014894994638
410.14336632317463
-3.0838163242840437
-91.25956503189809
-216.35720189160384
-17.20261229958487
-38.716076135039344
295.04016754056556
-39.7719266910787
-21.33467292489331
197.4498953492075
-38.69834052117312
-144.74645194086224
-82.23159954625518
-72.99409362554752
-77.09687631642555
-98.5669746391086
-66.76334212569782
104.4294763032758
-122.1983112518119
-42.980250308448376
-58.57033253380208
71.80996921958376
14.512063984417182
14.603551556569528
8.357442782120415
-10.961904847133155
-46.62576213519827
4.522430563099988
-296.7800279968542
28.32599770954039
80.2089605439287
-19.4221145620686
61.84096552593837
-28.61531339328394
-104.46281815962722
-61.05514064425004
-63.23751238669549
57.336378279480414
-75.24068439956761
291.4754728055141
-91.32130944466917
-57.560908425459004
127.39372376892334
20.02978713812828
127.60540159401899
-11.93325863087269
-97.55048394297046
-113.80385602425253
-26.324352692996992
-55.01739998456013
-123.1500006337477
-11.535933602409246
-86.10433387862692
3.135085848105291
-21.610695674996578
-449.3818732950567
-159.67154335792657
-109.19672940297824
24.718273246791796
-43.38198877299379
33.730082934291204
-15.591779554869914
261.65741869819976
84.94844690848004
-108.26396287198122
-45.186491179787694
23.20592233354364
-47.22609241548356
-20.016100323758778
-68.66169958115279
-89.97411724489211
119.77978864052966
323.1514190737016
-36.115589192835614
-98.03282379633464
11.196331470526502
-45.895292249846534
238.92251170088093
19.709487439589793
-46.781079952926774
-119.4850757718341
46.49919259801118
30.86075754120793
58.019430629464296
80.56353659075648
0.07293177825158637
-54.51656325985787
-9.381166077373564
-64.78284622281
51.28976066652376
-101.61931458757248
392.6017436628972
-49.88784217904552
-116.9285393330938
147.7182161273504
31.450614651124397
-9.63410325343284
265.0791161815396
-8.654011367491876
44.77491681589618
-32.50300503813497
44.25329189064723
-104.80763133702453
-35.710542639908454
-86.6744693958808
-50.5651115077726
35.87506152695846
-55.882988917979304
-49.83074772203145
-44.60309616561338
141.6911153629253
-41.6362699078054
202.83319147301154
92.01589521516053
-16.784729164896817
57.44816554116767
-100.64660874633228
356.2990601086767
-11.193140373570714
17.853818389202388
-64.14846925073309
62.31630797434991
3.823677565997059
-52.438080141068156
-86.75031400442604
-155.16425781380894
-75.45332664728994
-193.67630112931693
101.5245853267661
72.794953448858
26.241006469746708
-292.2010792110468
-46.53388209099239
-295.0417414694675
-60.34700289202242
-61.37819775116475
47.767119917475156
-103.36512669458716
376.67749321998235
23.01767224753985
-71.85908073709457
-373.5798784436929
-0.8929400843690019
-76.45152779986995
-66.85612028533978
-61.005577583308146
-164.8658871409607
-81.96106819412095
-106.45481712769038
-131.95345641333824
-93.92597730378317
-72.62798217726777
-60.51392316639465
-59.53274137503707
-21.01801967799806
-81.50670378011985
9.375035842698708
308.66080407036316
-89.38509624064656
309.51881783623685
-21.20494957282972
10.412908009033345
-149.58912192833486
-106.89976740820569
-112.84930726435044
214.9132045848728
-54.45779417421363
-508.50435990761434
-308.9018794540116
2.3434958142483993
-78.32227573612656
-261.0348600144371
119.18564920773133
-82.4420584915033
-233.49522473810612
-82.28185704936914
-58.55756276889474
-77.26150242239692
-167.85572442711418
-75.29963591570777
-61.06199903308698
-34.19327589198462
-361.43539380786206
-164.44286051113704
-75.74986606076575
192.15852554338653
120.64103504990635
436.58380250228765
-38.41349649162146
240.52039436647647
10.505622145123198
-7.196484482212327
21.141017616904264
10.095713338001588
206.7497225842344
-16.03362269499785
98.12714744031473
-98.63448711852517
-3.8675106289756513
-77.69143025237827
-217.3372468334237
1.784047394685615
-151.93110803901072
-38.09480040682047
-70.14199027662926
-165.19662390646772
-99.70426014637178
11.067814431426086
1.4854701257017244
-407.83986581049976
31.104935594815345
-91.84380990873615
-17.506739498856405
-149.19137728674104
73.16869633977876
-13.240500912135953
-228.02098319305696
-194.1793557060555
43.76222479748867
-158.87496793787068
18.549105307151194
-12.537037930215092
2.7839029734059295
-251.9263979154257
133.17651792125434
-55.99194806998639
-11.960407290257754
193.92189558545397
12.851084048288612
-354.68406590152335
374.8485552934326
-73.02517867165044
-48.47545242240518
469.56576951366696
-256.6989373750748
412.4087095924897
-198.71139939509158
-71.88211604202208
-51.68410382872503
-18.42151642025783
-3.476490337337509
232.50861454970482
448.95075170834116
43.8673607891094
24.01846950680556
168.36621113189176
-4.668700785321625
101.64834738915988
-59.38349800848846
-326.5868359415508
-32.07273049305502
355.73123764842967
-54.65517616516718
42.18172236241844
134.86838985875193
76.69308328064835
-115.82606162826505
-83.81219866304764
-15.21609131513469
-39.05721661822952
-63.00600635063142
-70.85373338241874
145.5761727893273
17.08196014258101
23.362525283871946
36.20958438712955
45.20577296651618
-35.08181396591294
107.43590287890129
-68.67270412007822
0.7197893462025604
-35.83686298151545
-217.54112267145865
-21.737475725551803
-54.7666918993733
-153.91601586803154
-53.30088767783981
-43.98700812345487
-53.98589520059522
-41.867722384633616
-129.7709472968072
-34.576690800859346
-58.97213048447884
-14.316265359773752
123.33828365590398
-101.02512843642116
-82.59113931661675
6.813751777906873
-92.03871077095067
-132.43174310151517
139.618081230612
484.07442662109315
-10.99608703901393
-89.72256775923337
192.740997022569
4.000461937984562
147.44542957946214
28.96818656533287
1.1076648433954688
280.18735550588644
-43.33494782997741
520.420984628453
-320.2056603926849
-8.151605447190377
-56.12281227521862
-82.90018608118044
-70.23733276618776
-18.434022757551247
-45.52669399752269
-29.798688047599647
-76.24991248885817
115.92789892432847
74.88821574746908
14.182013388302948
217.75033758846985
-88.13305109211979
33.126061217213646
-29.863639414491217
-237.95044374031204
-83.79443805185042
-463.02797746534816
-4.114771875120027
18.842256808349703
-85.73893661203078
37.23806282898107
252.11748605536013
-61.563228572260414
-162.0568750157895
-73.90188967616994
26.067316678174393
-37.25280480331054
415.20755234151875
197.21444568346124
7.88107670192403
-202.2382899394779
-20.221370214738506
-74.09856466839958
53.29842876746807
385.81148929818664
-296.96098200896085
112.08653325529849
-10.431107105826413
-46.16176739638837
-51.07239819215101
-78.09387766951113
112.0482509032554
-38.02168268879831
-13.200375100552264
-9.250321507602166
92.36804607652994
-165.62299349515888
268.6286351578874
-76.1445745115725
204.4693640262285
-32.161228680306294
-35.65273776693198
193.8885809458734
5.904562979730372
-40.665766639137765
-28.178346096099332
-27.05733890855845
-380.59650741074256
-82.70018955895284
-42.53644408375148
104.5078970182467
69.56513544082736
-180.19121624543004
-22.918988300310957
-23.568320648035467
-231.4364321309058
21.733055798958958
-245.37073373941894
73.71186369525572
66.46971369423409
-205.21129781357922
-58.73332799472462
198.26280161089016
118.63194839527387
-23.98352802766763
-59.91067289971827
-381.0740779416974
130.59887826679005
-10.739785491221483
-224.8326395144668
-326.8665792089887
125.60284867862174
-21.45292200231779
-562.1011118210608
-115.94595147471318
55.148220250785926
148.67326020948894
-80.03492977617498
-165.43598428863334
-81.08568313261398
-261.0877435258899
91.05472529073995
49.53894282439978
540.720247247189
-298.70292769137086
-6.546328133780548
-35.041342967942725
-89.06773560979983
-18.625639088990283
44.46052957084066
7.962301869714793
9.401683765739335
-333.06779659820495
-143.79527299474103
65.59529255066809
126.2176625017928
-49.2908365786152
-14.498900284053889
273.38352221314744
33.32130630695883
84.21197273915186
169.17179617282272
-3.9028443291172152
-180.33941382663943
273.4790809232509
-13.459604493286708
-65.21111096472796
-322.0348174588562
-66.79497085450565
-32.40595519528241
67.58323781212675
-32.75526541079307
-17.055082717808247
-99.42469105427426
-32.45808243181243
1.059255751613838
-292.3087211928487
-174.97736353104665
-29.66535120012759
-97.14300459589855
199.33188096433332
49.68492836489986
-70.57423334846301
18.201668277506542
172.86848932006978
380.58494292846353
-5.190288607528828
137.98944217476173
-99.0886891043101
-38.78097310508383
-226.5773869331897
-255.94465862739162
-84.20578553559292
14.099107821364893
-126.44709422040978
13.21663729140846
67.31773332897001
-62.33486114035907
-95.76902411585434
-59.366450727118774
-265.8501157194969
-505.29773409085465
-418.6701190774893
58.621229342476
-68.17464691054793
249.19550132387394
-61.10789619484672
-19.566299941570694
5.525941171066734
126.05203460326447
-148.77947428359403
181.1166962796524
-184.90991520308853
-82.39219295976795
-68.17495797296544
-42.882186134731214
-51.33359945782129
-41.5723465872793
-25.105248595997466
-150.2042748531403
-66.89002025258182
-424.14278381443
54.38483543981965
-1.9737805400573052
141.7753370906703
-129.71364375434314
-112.14974738875571
22.64708496862113
88.50765016341938
-54.93535970697667
36.85709172789484
59.37350976428934
-40.44326505432266
-80.35382726904011
152.79400718878787
-153.52401606342391
-463.51980641632144
-111.10570822136833
454.72891947067546
-81.197074775298
-22.944104762730035
50.90576184521842
27.305702590977376
32.810223142209
-93.96824321318446
-367.79100756688786
-51.99140805168554
-78.62700809401235
109.98921923133094
120.47202799934439
-35.42458667668028
-48.727572311026506
-22.775818420130236
-270.503321591199
86.49646531532017
120.92830864938878
-87.95723980154774
-150.1763776574553
191.04341937082063
-58.48028634333153
-42.50578499071207
-239.19209646926174
-99.85719340634044
-3.1241943649401946
269.09785633015235
-8.869488032438312
28.236234568679265
-190.68363120225604
-303.60997542587575
-367.36980067202967
5.233354048351205
50.31845758165218
-61.6467590183526
-248.24439864311535
2.579349581849308
148.01886918117452
126.16040121996593
0.4397081789029471
-39.41509751092536
97.02815139867562
-66.92072639347384
-80.2572011516879
-82.43210708976336
-104.84181407047805
24.251121189648984
-382.4200090901486
105.67397329770756
-55.252497629122445
-76.1511119055195
-165.0972915624634
215.27871613854222
-23.05448799938381
-199.10523649547576
-37.10309225468782
-24.12445737414987
81.82699773713466
-2.593759563873391
-64.2530025631881
-94.8843235176984
3.971578974937529
106.00852463427509
74.38715608189113
-114.67759563603123
369.2161023807257
-84.95376699939688
-39.55976909644778
-110.43916159337277
-80.7712032196414
-50.8275081736958
304.5697961119404
-62.832126121250724
-22.07933625677515
21.61405190545247
587.5541483008128
-105.8338345903169
39.73882061612676
-81.80704176511608
-110.62617899873914
-71.79903794873621
310.36137133308694
-49.79749647483306
26.718062788941097
13.135518058394155
-49.089969907474824
-496.61384544090834
-91.52679912193956
98.44763881841936
50.40816913044546
-37.74107081087399
-53.5536613177326
43.44477820586508
-259.8944938254026
-51.5910878633448
-22.35502275415378
-66.0526129418231
-23.317209221243502
-59.96467659813072
212.2228797182138
-73.8081172875527
-68.65792925578779
-219.89069417744395
-392.31891977833584
-95.6118380876545
-26.33125048206912
-13.353473319151306
-47.65862137411665
171.64989081703425
217.6264106368526
19.808911055659337
-24.459303192022617
39.89148854320774
140.35219089849306
-88.26654872723543
529.6448806304506
262.616842595613
-49.34501632142826
-18.657544178557146
140.11783730085517
-0.03357904681979562
-11.484040975133274
-14.19918710508864
-48.215790041322926
-7.053983498998889
-79.93822469791758
-25.5616232507623
46.71039740111155
-31.101730834114427
6.630327279346147
371.9271077825306
-78.09511481987101
-95.94433508220017
317.187291131424
-54.91667895665705
-65.40198465146051
4.206889835618767
-12.860482369478632
98.04258239111732
13.398346061572738
-35.14007536103827
153.03303240645437
-84.6670818214206
-74.89711476451521
-58.48027314094543
-392.3534292300192
-28.161061757984754
-39.735792609687905
-81.19077105491975
-62.52834431218365
-24.04360722568127
194.53157132923843
4.741796054004226
-153.43672087958657
-13.637859245313848
75.72786913919253
94.76749862661745
79.71833238364616
-52.803545180984656
110.64873036154131
-6.515799643262426
78.52042495995192
-292.99179252560134
-587.1763207074018
8.565933257831603
2.496627184291242
497.7739906234674
5.065608294400672
5.605954524824483
-5.565962327598754
-7.82790599598893
-45.43705443013174
-21.2581314682634
-114.17328184010651
-677.0003049090428
-113.81921825434983
-254.75939743003255
-51.59091044300476
341.9568555226342
148.78642420667893
-54.54714814046258
-54.203518854047125
-69.2130268248784
-205.29418726217045
-88.67676045997177
-80.3494790042339
-9.023635384102363
-90.4971352633222
-361.6299970324526
-54.376430425007776
-71.71805668120994
-53.85935258074096
-85.41120937536947
10.236751906834172
209.00563517288901
122.00511476626934
265.8449799584614
25.621780947016305
-299.9992392071126
134.71065727984023
6.033482798738987
-187.9517028055252
-192.98952797405582
-38.28185170279028
-69.64317692131135
-70.11564771929261
-108.62696498089
-52.98456885604182
-58.77866168080894
-149.10888752223764
-9.228091854221248
108.69429429474849
32.917535721433524
-139.7793399591376
-512.5857932598647
-28.280776585437103
-73.7398985654545
-28.519585624268075
-24.96170783622017
112.84232101229645
-84.12352124706786
-85.1264871244718
-141.06997372520527
62.861077912615656
-27.086619232740304
13.255434757626062
-55.092861361819814
-79.99327724418431
230.2307904200352
405.2081494606173
12.405706912319644
-22.391432543498922
-21.619361169395
-329.8835847278351
15.394843716019807
-51.87335035009099
-107.44368503120222
-84.87799414283795
0.860781921484886
-256.88638441324474
-96.91000048945823
-570.7722512967939
-80.55242277859679
285.98622671778867
-129.10009586813612
-67.37941558631844
30.70757843402498
219.00645214673932
46.166643881819255
-68.39654946158703
-39.90587851425987
-97.30495867430889
216.89019663556246
-32.72232429866608
-0.48263310010756216
203.2065025346983
-44.10176965991914
-22.68009613956019
-29.8977519051625
-182.90500641803737
-93.93958144628472
-10.068815939563223
-59.18010489340486
-117.34062750852718
33.30602776913497
-60.794474186866566
-132.71318869768947
39.17190810578268
-97.54692300838269
-84.83899039793414
-36.48053448003697
-145.15367947350933
-288.4667022059675
-34.88196526042003
-155.3138953716898
-66.19583118709053
-68.1619445112261
-118.71729977857031
-29.646027512949786
-48.70787663632314
-39.915323111624815
-89.29008328843975
-48.34654125081587
128.26716997764015
-41.29130137127106
-6.1898868455681395
-40.39963181320865
-61.42551576633923
42.44925657199019
29.446307440468445
-183.90872507540735
-109.32160948066962
-82.7105926136287
-84.55839344690604
-41.934363682542426
-54.26310155798819
52.049577729732846
-53.20084968704417
-27.175319567969098
51.527082378153864
141.2594307329
328.4830814620127
74.45577281744045
-178.42005378872955
-35.3870448789221
54.19594368649541
-46.23872008306512
-94.87509741940266
-81.82183111391774
485.6817542386925
-64.94816971955879
104.93884781051747
-450.7310613579248
-38.278253436659725
-463.0416016398558
-6.906831345802857
-248.13320233210106
-17.1531192319126
-171.63621159129616
-22.01988622205033
-88.71668269876157
3.058417172513259
-117.89216057505331
-0.26372656359581015
251.8717318330764
24.49659895582431
-62.57210426014473
44.917510262219366
125.14485549602432
-50.82416376575552
-0.21861897967403365
-36.107937208476
214.34611954320644
-72.99697224744337
-53.10440178893987
-46.25219390907129
35.13956177097316
-85.99685465764196
-17.363177933692366
-86.65964711459908
-169.62579967997044
-31.118424770833386
119.84625111426749
15.956310611410537
-497.6952228848986
250.27996719492148
-259.12471167510284
31.700130493755296
-7.153780468542209
-25.279969295684822
3.3730965605655
-90.017515374175
-58.955121657593736
287.6081902143833
6.434409414687721
39.51445501258331
326.3343193146793
118.00168761384884
-75.18396224088679
-441.7713249126482
195.0581227250641
120.77415585145741
-7.912184367570717
91.22156473172981
-59.17914016582654
9.961781839310333
25.296106514188068
-44.81921557804054
6.986755384305283
69.10752455805641
-380.02989370329124
380.4533428183786
-97.74993357147684
-53.2101855126026
-145.45485076917066
-24.580272305020564
-50.08293097529713
-76.40382455636063
-83.20853063333124
-126.01169834119173
-52.01751387452168
-65.33987039363858
-20.814883699217717
-78.88887749056576
-41.734316351182414
225.10924267753217
330.2262841863212
70.38131225690404
-360.95868214137226
-101.97558474340532
-344.703956951731
406.3949382672381
436.3263948483818
270.40529426330977
69.21089325126377
-93.75227941378739
433.40766842872654
219.23264367800766
-48.138680544647
-40.92210875928754
70.60217390373873
-188.462451493956
-115.16850887518305
-275.77054460816726
-224.13683662306357
473.4348957406746
94.84173937530795
-142.67382477417414
-72.40209542211414
-79.15005939382172
-94.67756852067214
-76.55127262429414
-143.69724443249694
-454.5314392910095
344.00729209442943
-105.40821673016399
-8.339613169200675
-149.12550320736227
-57.31690608460849
-52.30835754094187
62.95301385205357
575.8450587454954
-47.96355759768352
176.6516901197574
-93.17038939633
-16.049158762845764
-5.324467583828664
-56.337963919635904
207.2505296492045
82.09178435356262
-96.68581118016664
-98.22494977801527
15.222866061072637
58.53534035690154
-78.41298663653512
-30.24379566847483
-145.28989167782674
102.91356267512856
13.502044479588221
352.58251201726125
54.12787954110081
-278.08880536397555
-42.97769579484076
-29.978499996056883
-35.13536979770197
-100.09808080044331
-76.33126229901791
-143.38613175874798
-124.28569758385493
-17.910073166228944
-27.354094678973407
146.0011472199949
-151.99481847919924
3.2381947130979825
-69.99253454826524
-53.06307808306762
369.4570877601418
-106.25191701837099
-43.72006071215123
-62.006161126082645
-73.63886367339516
91.04925586359786
-122.0337647524484
-62.11248125929728
-24.805767804620245
-61.6706832522832
-17.830150146355567
-365.95059429241155
147.30873353563948
-29.57243004733334
10.714265878519655
50.419810683068135
-65.25602962090221
411.74755375810855
-80.31737438890625
-30.189327074819737
-104.11189581500912
34.09186304319701
-54.809455912481084
55.56227282138752
-11.046433153855105
197.4569081527461
-31.747984867964988
-22.631789445318645
-34.12362829136532
-31.193817262000266
-37.42734898696506
18.866823708378888
-65.66294787581774
-90.01762327100394
-223.45356942153558
53.550527579238405
-44.30317849996334
214.57205256548332
-47.0948190533223
-91.90910283205812
32.83124750223776
48.323905528923206
-124.89844784021716
4.249502307982311
-61.24402550623847
219.61365270295937
-47.31221870556624
47.1889601075618
146.10074080296
-102.06139244453516
353.8405631158248
131.39376366440047
19.75934122045419
21.244450967953526
-40.886409523450595
-386.91064092485976
-198.60187400797076
82.51803935025191
-47.256820163671065
-145.75925293580804
65.76565814228161
-56.01286033231633
101.73890966035287
-48.562920348472396
-73.05489019983725
430.3825797226091
-597.9840190099821
-320.442465945247
-162.88565332955477
-13.696334447527988
10.393007662932632
-68.02708383887477
113.32173753254574
-32.516198400271605
-67.60177132947932
-62.01226589793326
-102.01274716046737
354.3687700110477
-44.92821667571681
-32.68521057802863
-41.04315861300756
89.9729771590255
-61.39934335447797
68.99335710230298
-79.38581412212079
-6.972795793395619
24.594594221706757
-44.55292277133776
-25.933623437475315
9.542807846029746
-19.63350106836515
8.58539527221254
-5.731005418683708
39.31137622558754
23.762205246400825
-2.0157853727600923
-43.519465653345016
-62.14508995222146
397.153137741534
-96.15593692878429
-78.74784581251349
288.5131462374775
-52.177593533743874
-57.51183659996895
-17.70326350105279
-102.42433166519838
211.48403969669926
142.58722770567329
-24.969898840359832
184.09097621767614
371.03758589593235
100.63499363467736
97.75896070907038
309.3559511568983
-18.946089345388827
105.88352790731506
369.3044979288479
-11.390213583857985
33.58428449321595
379.40805854483006
-61.08936112452643
-55.36270464336121
-53.89051415875292
39.270395470782205
-106.23010948775072
-72.8392798440126
2.451385902074435
66.43702850751197
-97.87083627426546
-99.26104820853578
-35.3655286274452
92.53083409716783
-529.7525558263005
2.094364032579051
90.10987608015603
-32.88506412015822
36.818644055291315
-312.601093949821
112.10895725311457
-56.324187403021426
15.980978948755364
26.81271690881715
-0.07240154338478533
-39.163442656585744
91.33919415345736
-82.29235306325555
108.54352116339578
-25.789390483114175
-8.31235648286955
-32.71667610091163
-33.50006568805546
-6.787506829489757
9.403112591112276
-40.03515326626268
-44.377322095494264
6.845394317665523
-568.2745805684535
-415.87029384347807
-66.06718441026896
-173.03625418848242
-53.89381219432496
-173.74705987407833
-233.7066706400019
-70.32829379607372
359.2057639111372
291.683047681945
-110.34380101852366
7.689696113488026
-23.439993245334506
-218.837059643236
-22.36528931001994
-100.6432686320095
-77.6770426520136
51.66728625310316
-83.44521311290853
-26.386664441525454
79.37569624646494
-54.762822457832044
49.06712565896123
-65.87732662415328
151.79060744632443
-58.7074535206857
-31.303767310950207
-48.09056927393489
-4.841292365001209
43.753417417659875
-28.128706259428213
-177.5215300976197
-108.1737595903578
-55.410855909298334
40.626699072476185
417.42028231064614
-409.223909779048
-54.118573124268096
59.79210823993708
-67.226021785824
30.032230733387223
39.644828834821965
-64.71432986151662
-290.3769828717159
-7.898932817381137
-20.830145283485763
-73.45984488215527
224.0539332625176
-109.29343759555833
68.7249341429233
-34.569545003414134
-143.33862684453015
121.77106630050912
230.60911854330334
-48.21310556568869
195.89623902550193
-89.85355820143195
-53.461691599860785
79.67855794621028
-77.74889777548294
-75.80529887891316
12.075042296630727
-68.64248387531997
-29.59846605851635
-301.12073303857505
-130.02825300464247
19.033218859659428
52.29720237090214
-98.04761254736809
-139.67280968563136
32.54252962381361
-141.8161902024167
-99.00340333070653
344.1916030192542
-77.09356484535203
-370.5720907439063
47.53402352762714
-66.77329258871457
-89.16687009475197
228.8095995328731
33.09363692039551
46.32700805921786
-322.14410098761255
-246.65611706002892
-37.69120547555582
256.42714565823735
-70.39298121465242
-54.11592961651786
-78.86506585106295
287.44343801049945
-44.56022039936761
100.92128369209786
-82.70153525124385
-19.94224045792265
-130.34920355070244
-29.280451817503256
12.909612293451573
-52.78712429402236
-17.861644750109008
-21.774304305209174
-100.71651329077758
106.49358927239655
-78.32449787661389
-173.08247207096792
430.6036854125232
-84.33781121369066
-65.89415071376865
-74.4194104851301
22.9520688749908
390.71072011629803
-74.60172514531791
-206.71598601992991
304.02375402270627
-0.9845682684233452
-225.82337506541626
-14.249560748212819
-32.57578410566745
-75.49312874890484
-1.1547512276283862
361.1871400104792
-65.80326021013181
87.7320116473984
-3.3724364926110866
-29.449797312237934
76.02509679078048
-71.23365035709195
-371.5716536453019
-16.186910170648524
18.137640150872357
-89.21587530039525
183.41251647609897
-70.84693427916804
107.52305134618291
-42.59853501293229
-61.7873927347606
-179.6650377191927
-118.63845490212043
37.336725609586495
40.96714257073472
274.0967933215452
-111.5478012196636
-136.17954089381965
-64.84570914568052
134.8079144981425
-384.86464117485775
-93.95849961918066
7.683535738733826
-32.97371142092561
44.894684642343236
-28.311485163201525
-113.44326837628068
-9.27697006976814
-58.11309310065735
-97.74509581362872
25.559454213922436
176.34709975394253
-30.08903890374318
6.098992230088155
-57.15225432965835
-67.44396475189477
-12.990942559836185
2.9385876527258574
-386.4200145760133
-186.54112889482167
-66.47563048284064
-58.27789999204125
-77.74168581949925
-92.84613874214733
-81.07080740598838
-275.85653746594653
86.75631006001959
32.43400181191237
85.15385040449837
-77.66479408621171
-21.03564663957863
-115.49726695300342
173.85256359880987
-36.29596789085364
-216.96364692623683
-126.10172577305639
-15.806592902162151
-50.10270538247077
-22.66948151237494
-209.304533268265
-366.132063792209
-342.33473882362705
-59.225104056419525
324.51596774083373
-49.41825538976733
33.64184594260223
-371.4932289277276
99.62956686029611
-54.88658289801606
-103.82998029572263
-51.0489680340267
37.34666441860645
0.47347393507152447
-495.36588022116484
-8.912637541110598
89.9176878944345
-474.7580447777618
-14.582505060705444
16.175244541696713
-93.50750701622633
-70.21556167313315
1.0928726060401743
-212.69954998318826
178.4369263529079
175.07413730926964
-62.45560489255331
-47.82677224896588
-7.659066038284436
79.41713641072056
-61.77772029573417
-96.02653163150353
-55.982867751539025
-103.99807011479788
-149.9467941423827
20.610835450970626
-110.01294173967375
-93.96968345745881
-63.64594897979879
138.53453533952597
-206.81576255918844
-51.243811479434726
-73.22066461019676
36.80173677186485
116.01153628311295
-51.53106231703419
92.69878197153548
-71.36335834624879
-62.74905886150805
-51.40247049700195
27.720497099080603
483.16964510083744
-394.84273169375956
-23.24393492575564
267.21357717206956
-260.96368456216624
-21.52705810561065
-212.59435947540624
-207.79173176699078
387.2913180680898
-86.27779268579312
-296.77638821251276
-51.15009445716713
80.28875149809028
28.013924826642324
15.087660818317545
-195.52516066556655
-46.53262995380055
107.84892363162908
5.088816024417611
-88.61796895420122
-85.42169652109337
-23.39482482529399
-46.140947015881125
-35.204226032039756
-595.6017311736196
-29.321201096427476
301.667680227305
-204.50752650213326
23.344799766460895
-44.87589389670393
196.16765370814392
32.13292137722601
-41.540723989193
-340.3438816499365
-2.8188100394754656
-25.683124506674798
-42.868779263534634
-35.334490325180596
-60.37450163657618
9.562119998443677
-211.39312568627247
3.309527117155633
68.67822783291558
-103.39643939829472
65.59031589725237
44.093707659616484
-130.83383876108746
-73.39674164122698
-26.277609657579585
31.845466676876867
-93.70956001842328
28.175067279052882
-111.13327402360358
66.7146834927571
114.57781216692683
63.71828823616761
-38.7036674586725
42.186233072272444
316.9844019420252
-31.492751522030012
-72.77335019006023
487.31775157066477
257.7094427005359
-8.595287272355563
0.18563141093909508
522.7106789947329
12.010956716459987
53.31553230668396
331.9119819504267
-64.64282796580846
48.887312353597736
-134.66766019132956
63.15656165895234
-93.35057886157671
164.09367370563086
204.70269700700374
366.5093461342585
-3.7702958668050996
-28.644893328599025
2.8484562373623703
204.62665662770996
-41.77536063295156
-159.06518068811238
157.66834469427704
88.26313922759618
-332.73459393061967
-45.47861396483268
-40.317745082098554
-59.562970215010864
64.81778977090698
-57.38534283173223
-57.6837449343226
195.1093805583314
-4.08036091842223
92.31501413690239
-275.31338101602523
-121.87466296556522
-290.6339111382349
-153.78584151347422
-469.7813232632234
-45.10521532011143
115.73416446027841
-22.706858255894986
200.45609882636018
293.2808013501126
188.35005596343217
402.719908463323
52.50609074726344
-90.56865083974714
114.61090243919716
353.80490130565886
-50.987306313100916
92.18107703070928
-4.606501597335978
-83.51707098376386
-97.55365364660598
-65.04807278301058
-227.913907117083
-68.78267826944092
-110.88347512316432
96.8250495281768
96.59819931186667
-22.257817970912583
-41.256845076599134
56.45360850266388
-8.319687686600702
373.77901393799766
-54.728074425769805
-349.42774050896514
-392.25300021335715
-41.82537425704851
145.99609620158662
-72.96978442456813
-500.74554629287195
-70.77468265425523
-5.695866438488565
-75.56841767129593
-58.78840831113604
32.120563381579814
-47.80586588313935
-150.81446575055816
-336.58102642099766
-5.092756521949144
-110.20650734487117
299.9002661843533
-15.632245347034795
-31.06554847266807
-346.42950522770116
306.599765527144
108.030027047349
169.91323045630816
24.808937057205185
-125.10694407479605
-448.1786566355695
-54.68757404524695
-39.28762437634123
-47.171393867814096
-540.7782969220971
-172.93440631872363
-61.753120175821834
30.20221258514539
43.92159298711704
-95.55106816448041
-13.75238437901453
-336.38315177935874
129.7579645695746
89.46650942470933
24.118651566161134
-281.7861652336487
331.4620186285465
-42.17591733347763
-204.15631075523288
-13.729040443053236
-115.28484514376075
-98.55893698173934
70.0095510760384
0.1859525481977471
-30.33262479290691
-106.6159347899411
36.36075708223325
30.539799546450922
-103.32909894373142
185.00824129038665
-90.75983370927653
62.07206987107202
14.022142459802126
-31.659515889882158
-192.71503435189516
-159.83027092856537
-416.2088515343203
-97.68194757457786
-43.04188228719346
-0.030101528222076013
64.86112139240413
-22.717698759217456
-4.1445448006724455
13.375278959834759
-149.7740856860837
-52.442648413827726
45.99121128163324
-61.08588241744778
39.588583376415954
-22.254240008829335
3.450622941199981
-81.16381232600611
182.1219777131082
-406.10290009127493
-103.49546580084825
174.1189738753401
349.9720173899532
-349.2336051641887
-322.63141937092223
66.55735285973151
-65.21075077765636
-0.8202100297166923
370.63120911951773
150.89563951906348
-99.39623923780164
-68.064110944817
-69.13948283694963
155.10916370102314
72.2396742335784
6.056569533840957
-100.32352232724979
75.97100927477504
-42.47409087545823
6.399039528803769
100.91403723717622
64.7627501967363
-15.237762354222468
149.8426137694787
-274.6694823084872
-80.99847849111029
-71.02336087315553
-11.399381297276705
283.43243342524147
-60.25215917621932
-44.57383025266832
-102.92808189879305
-235.74255758453364
28.068112695902528
-219.09676089529967
-14.840933689922167
-80.82734498693736
-85.06238576474152
-67.69405410634839
-17.87489119259226
-48.057309575187304
-47.37862291528063
-99.12941273001888
130.3368067202391
-19.889148591899897
-68.348829995016
-25.802680562830517
184.13718724238697
101.64452145476935
-43.36991800638058
-142.05365097120193
-123.85748595804034
169.45516026859877
-140.26541666881894
207.37782041633363
-58.29259213341584
-37.99468940181305
-106.98165412094306
-27.58359289290833
-23.665324223636816
105.82574940771156
-334.960755229964
-6.917070489762388
20.26374819118064
-36.18319929450404
-73.30648198591803
-48.64589644617661
-92.07589495889715
-89.5037229412028
-13.78737990057772
-90.7222989898728
-142.92705874554485
-80.26525867575744
130.69309597367283
-134.15958551822405
-60.9616215997704
351.73739894810933
-35.194181905959056
-46.871885986204916
-23.31374138996489
-189.4737307796804
-96.62171509637227
-9.312219019106124
-197.85494943695267
150.81617430957704
-33.73390505624775
-122.1935156283198
-118.61444168043047
-35.81118594452632
-95.70870135138108
38.692504095753975
-55.37774687927748
482.31779169067886
-71.8581601543383
15.09402819133868
-90.87300458998652
81.39607315238254
4.240704565439955
-48.00021175179402
-80.68629196053496
-123.78728374129872
271.2564962320175
2.534029865989851
-184.05606057013756
-80.32521052958538
-92.55154356976152
-54.705212911527134
-234.26475043778737
113.21572162588154
-31.411702055762255
151.10210593917782
-53.415484446288644
-55.496270874566676
-96.9328155148081
-96.76278907277442
-6.9041656262460265
13.09580411253728
-31.513183098457375
-61.39779993434793
17.725091504192278
-64.98147945297538
-80.57580965286024
-16.16010092537317
-151.02576229351507
-24.87818788426364
-450.6601323679879
-67.57711350289381
44.36919916789702
253.8610810920045
494.68043228604074
-30.95485733103851
-571.5717719553595
14.771212202236711
-80.9276913496616
43.69990674733708
-35.623245120784816
-36.659359884347396
300.6783751635867
-24.02785519043842
112.12280879013633
-100.42592381299846
20.51249885132256
-41.28837259710326
-68.69573101451351
-60.03546516824434
-263.56297913832714
-379.63868065475253
-68.00855079462963
-328.9980227998258
-393.1921780329685
-19.490884522524823
-1.6414387231952787
61.142895879078424
-88.78972086864742
-76.65026277593279
16.17538278322172
293.1523463659887
-37.29655422566066
-7.596387941925059
169.49161287530114
-84.12026697204946
69.09719184197138
-50.70537668314455
-69.186159951851
-58.809592639016955
-71.81617589137377
-15.797586745539054
-47.12449490717131
-158.30295683317308
-59.08940691685348
201.61058641064483
217.57704001041202
-276.1013653189275
-341.3287769548533
-49.28403446684206
368.7707930036895
-36.58081758546632
-39.238721941819776
356.417308521397
-32.582893007069075
-377.6120130196068
5.657203112743446
-41.64663403115651
-65.85624613964018
64.32328283238803
-55.732372274149554
215.78156770721034
-7.808177085853458
110.10277804349698
-381.647525727798
143.83284604168512
188.3794159777899
-100.37482883208759
27.18865432790909
72.4370593356507
16.42093453065536
-236.52672031529437
-3.179306500866005
-150.42008891194928
-51.15973971042956
532.4675532782203
-90.88898824415264
-66.72939651630395
153.5129253487994
4.303256004640389
-261.6013942551417
104.71337533959922
-80.58808325559971
-171.39992075373448
-41.391797248079456
-68.92051766150288
-55.458111170704775
-73.4339334983666
-77.96732757360587
-51.229440306171455
-53.38014538619973
220.7315674233232
342.80091301742505
-419.05827077802496
-99.4137515696184
-101.266726507778
-8.067771209694456
-27.741408187082925
-67.87092409773955
-385.0457463343482
-46.114217678363275
-332.9648751941804
-211.21851660455104
-62.529421797124385
-68.5317053108065
-117.03954570152018
12.849434234900778
-22.44628124418496
327.0475632823709
-31.127409359871432
-18.20151519689162
128.9300552060613
11.814101076543011
-79.85806355708081
-15.838240447268106
-61.68612227890506
89.1088641808019
-106.52722609224838
-84.82240389830076
-165.55852312179013
-117.15033773224604
20.485287027387585
-3.2478989315886793
89.02205747042353
82.97827428884193
-277.21024534448225
0.04321761327442106
-257.91589564072274
229.51721860355065
-9.133165320454282
-69.64556051861294
-95.61732842911806
-76.60671277226137
-87.18280352849797
-69.86119829120776
3.274397542051247
-69.70342153329511
50.110903839182356
-136.03644857285508
135.01582238215087
-62.489354972539566
-122.9354268784753
-130.5280517070505
-92.25560996176993
-12.672803529518205
29.67504267397183
-44.968544178736664
10.283228594934371
-86.76147226780645
-142.61144787222293
-183.2021628659968
-54.54592419131737
-425.28425899178546
-51.158322542924
-66.31493237202722
22.39519787444806
-377.25649414033796
-133.9295419309583
-20.65170521359869
-56.977669603428694
-200.73933972354098
22.41776430154823
-53.027340678390516
213.81733463316777
-36.72802675662293
45.771127920476374
131.57445975051746
-298.28342634930596
-96.5756492476948
-64.79846089391322
-37.11247619381212
201.30513907326622
-70.34058004021426
-94.58119387916713
202.11906971843382
37.21311692004292
-265.7893301390941
-90.29538561670597
-28.77037962719914
113.77445475592913
-96.28150006171745
-88.09878371813724
21.237535784452575
-13.494477224331867
-121.06398315648403
-51.90120903733888
-123.08940869664912
46.335977911898226
80.90866383279172
-126.85570535197257
-24.20522095850538
403.07142228714656
-0.5705440849889101
-80.55773430764668
1.7974997874434848
-555.3825830573155
1.8633961100376837
-48.340216630498475
-67.50872206690337
101.61018986357521
129.83853402736895
88.54317296709087
96.29764943725604
107.18068803946517
-57.74719468179486
-154.49730491575247
-8.080850716651184
453.65749794361
-135.3049915299307
-29.036290369101607
-384.4206050677749
-17.849115217218646
108.19932415762923
-431.0152305962911
-168.45406172978983
-40.27600703035432
-42.948046236791924
-25.939112567548364
-74.38926219653206
-1.4237072224696021
-219.87578735026
-288.3660943420564
69.50868974190644
-126.28773085958346
-64.24177733472787
-54.37224070312368
125.81201179551499
-20.502011633800407
189.61753971871985
138.33631146557127
-12.278888700115203
-143.30417860184852
-162.34959230522327
3.6996489460784687
-148.72136923141807
-81.76100919294899
-1.2173568537145343
-86.09296993018964
96.18625860027805
103.2120291666215
-176.76630626915176
-104.17535343350275
138.31684773582992
-45.68608945169308
-69.05828102826287
49.28550037149989
-159.75599236504058
-178.79702587514294
-12.9361037293055
-36.69912465965467
-1.7454279488183602
-65.48035723202537
-17.372921453625736
33.762044535117184
-600.9912218264581
-84.42244599289022
-63.709595114642205
-57.316274770717584
32.1456308519937
133.60037339664632
10.654462813051396
27.051743470770816
-107.35331804197965
325.1775294281324
112.36428626334782
-80.67255180132452
82.95012303646945
-71.4228925262364
69.60148237847716
-403.02907812536796
-28.816014193727426
-123.28679246799878
-86.58979213302803
-157.6206120008119
36.95208576797313
-287.0040108321791
-124.26529066851435
-26.231779518307917
-205.35667848817775
-49.556650023495415
-15.447758331539262
-108.03529962016063
-141.5235967627159
216.65654967101545
-83.79828131830737
377.2827126665434
-86.10016282895504
129.30415472426648
10.63059075511228
3.3577031669997837
58.209368399198866
-67.73495772635174
-59.20093689944679
31.779063887892335
169.87340571175446
117.62682859295637
-304.0115667375285
-198.9722927341909
54.97165696603588
-88.7155300361228
-81.74332556137449
39.90926154474619
-49.97362524354381
-62.229830255202614
141.6555069845631
-59.63236664164199
-324.8456909731758
278.66335347906534
-366.9982600981166
70.75362076695274
40.05917144048743
-60.4914088949421
-53.79124760663022
-9.763058469317357
-81.49116425120883
-34.762709574268435
-62.88926324911063
-15.537614450759927
3.347687845527847
-27.1514164322233
-56.49676181636885
-80.64661283992427
-193.94808590518915
-38.43720041768211
-15.812356774814361
301.4875037044094
156.23408802807353
66.96908925274283
-18.246549989812934
-51.79924213967024
-20.38026145160474
-386.8988595371229
-56.050981433068365
309.03090514016003
-130.5725839893057
-59.601217367548344
9.634928300588626
-327.43339311600175
55.10797111454849
-21.234284780986947
-53.16091628902299
-92.85279058016394
-96.28917615331522
-293.7900777501527
-35.11941905508502
-112.25033775307566
-384.43828815524284
17.432610261408627
-693.5232678606299
-65.52949296804218
18.268746680312688
-352.73005694503263
-84.6051554636706
18.844325346042694
198.74592439887238
227.05290705361222
-15.003691998503655
-78.3441876178174
-24.596554724004363
278.8794348139818
6.641189878293943
-255.342748301734
89.04199682259969
434.30971175915784
-263.24662249589346
-56.775381565484786
-91.18769302901279
1.6640046171414724
-152.54443458239257
-75.34127678831942
-54.83194250606292
66.82170074659007
-52.134241130847435
-159.85013240149783
-63.60467648376971
-61.958110719893284
115.30202072634347
-1.4564747409385745
-37.61098264388238
-81.14162186043723
-99.3888032808916
-41.6967172682416
-59.19200393700913
-34.65520567082683
-49.10640603409922
-12.694172235762487
-97.69216605878884
182.81838788894947
-258.53281785550644
-44.247226676552614
59.24141739105198
-5.878720717555552
-39.56132385421279
-49.30228690252909
-247.67393516249285
253.5409852199591
357.6198172129316
-37.39177849983978
-25.682888130959327
-282.42857025901867
-92.38118693895376
-12.41088334369764
-62.455870109431494
-63.577898351044645
-227.57442944817103
-55.95515946394511
-108.41981707199011
-56.74949843241944
-354.97538548923876
-35.03407751673545
-61.540857319152316
-147.5431803507835
-445.3041995160929
-90.69357817006858
-75.15546900943335
-171.24325171844976
-385.0124154031564
-34.23506650412825
129.08729361050973
-133.7576371375644
-38.2546578248851
-106.71722378880077
-50.1282695811614
-427.98230107249947
-50.22346911769117
-72.09502713958273
-61.49679361047038
397.7076461366978
421.22624907973477
-190.4949696580279
-45.839192741640545
-12.749991101218257
-167.18563378361614
-59.19460567771488
-492.90502002830453
-50.271277600048506
2.0570246529798055
-57.43485132054411
-256.76766119018794
-62.295698482117146
-24.4314883845398
19.251194941451104
155.50507018670214
499.8278333644248
-100.66952041134098
15.666632291836322
192.76731909251794
-142.45807628457362
-201.6779801739176
-36.44816083799326
80.81686909078235
13.07344427086366
-60.21058148672819
67.92520454570331
-111.27307743715706
-45.75663737925107
-83.59937103095763
-51.85127086654029
23.03739959698396
-48.16355469534244
182.04265490819307
-33.57899514344106
-2.6640987655355275
-150.04102212301405
-23.343096051471093
-256.7462793996219
-17.809467003578447
5.645296547120779
-25.059527041596084
113.32948090745776
-83.14819973445901
-70.46864865863097
19.444862384430053
-65.59495206399136
126.6211546044342
-84.69208509930468
480.60483007325047
-17.655125379098536
79.7882758800115
210.573519356818
-116.56048640256995
-113.70524200802038
-51.294718977404955
-102.7627571007979
-17.507080722456998
39.0071412526546
-24.22343224896281
-45.631298539263994
85.1748187504727
-129.87017592569555
-34.30252275702648
-45.488119600628124
-29.95854934095223
274.0220861289017
368.86368850694635
-52.663715045133905
-50.420288321302905
-50.34274520034888
172.53498364496045
-86.09853782720893
-79.0111680693647
-11.252676455494793
-9.396979540197208
-11.92362982872055
-161.62593532217943
507.6893097572229
-165.10287413488004
172.84365288953632
-32.39819176095336
29.585189796758186
-35.82151176087427
-630.9000431355253
-59.14133607147118
-30.629444020078154
-293.2766726803802
320.9190031957769
34.01037505598197
-27.838852548972113
416.68821004818346
-4.224931043977904
-77.56188373395658
334.0711457820107
-8.461052641652714
6.223274859647063
258.13568802948066
-61.771841960260645
-65.65396490866488
-101.73796376708924
-27.260085881525303
68.11694803959108
-60.3663892804954
-7.961087131161548
-25.17663548265591
-413.1372715573634
74.31648014075381
117.8601909836616
-82.93067510626902
-56.92497319352242
-89.466598755218
338.46062011464346
162.99343833685816
-100.66790031900806
-40.3931852758742
-74.49823418903816
-86.05913666005317
234.9632976007906
-86.69303181715077
235.00053477065376
190.4804059752605
-90.63919973194928
-17.604023855876676
-38.314385956421326
38.2638170261107
-164.57914950331724
-380.6492261769654
-31.49282194388465
-58.22724550152452
-82.61620545777441
-4.8612805671193655
-298.62143980430665
-395.9757432669485
93.25438088710371
-59.26041609419859
-236.80266135220336
-89.17764056901797
121.28152948991283
-30.856654276337053
-73.96985334130922
-96.27902793496264
17.752101701953507
239.36757741721703
-64.66991297407938
-105.78840796759869
17.807670433809108
-98.5446811380086
-60.62127012477322
-297.8763653775941
-129.37734248373818
229.28871373206994
2.600110888125073
327.9069884091714
-93.71721367032296
-179.86540908319694
-33.52397268887398
-82.2822059513782
-12.599502113103377
-14.317930054459794
-41.99653649197415
-18.614184167671965
-173.1743762935348
-126.40538755174748
-37.51285760878454
-4.647539893852809
-21.283381852348157
-100.08597680848106
25.11000643859734
151.8976783082053
-77.3286528384116
127.01928385775227
-408.58793161338326
-76.89330827379672
-53.22026216149708
34.04085510671757
-63.16648116997192
-433.6822713423062
-266.4181936971563
-398.0202222942353
60.05677845042919
0.38888102337023156
-41.248472301901735
-267.3709028600206
-35.359955606456424
-200.74704529267729
-13.84617339272154
-62.516091169894025
-53.49108149590393
-129.55673674024416
-164.29887863484691
-93.98944747206406
0.8237815913348641
-117.41119775933294
-87.01176805952421
-62.25007028363896
-117.80083802110573
372.1010658420946
82.00577608018102
-60.40550453575993
43.82454885671359
-73.12145283453363
-22.963362650369163
15.735905291840027
-563.396519824988
10.582421682159513
-55.99831557871585
-298.04909303932254
-59.90185841729647
-97.17904183370601
-0.7848811852203589
-57.188496806423245
-176.67625644136933
-57.69567378505235
-118.26205557394586
-17.679408656803616
-80.89048439892142
-123.01277721694532
-63.77699085646966
-302.4997652256916
-199.36522885319755
43.39105012576874
-266.84644635587756
88.59098377098871
-119.32497845476246
-80.35615798847311
217.38695676639327
-488.76961842214405
1.0586168088047998
-47.68637876345019
337.1623557522553
166.1147960497692
-50.733700288036744
-79.71978741154628
68.83162295412512
-72.17544106363766
16.739951122316597
-269.09039838599165
-80.58217446081471
-1.9109846842670777
-239.43274842890787
-5.527486713408614
-46.403351894750955
57.76213645226562
32.1656099849788
-94.13246954312335
278.5411203411568
-63.342502195968336
5.756105261272296
-22.62809902559411
16.22719774101308
21.53626351063849
-136.3806670986869
126.53985266722702
-181.69903243133922
-65.11589135381392
-97.03983645124572
6.013697650989173
50.22213350638731
-36.64788185858106
-49.02868874437098
-461.3131877428805
-83.97669583876689
-43.89684663570188
-327.7015226886715
-60.594192320207185
-53.78689515404403
-71.47723731922488
83.03143784959866
-39.127909093601346
-93.8873717627232
-45.253546574909706
-4.5682702152917045
-391.5422697209615
-287.2290146838932
-85.6649522142798
355.6842468580526
176.25461454438118
-69.64063028591818
68.16471352970075
-103.63143340662953
-4.276203573877865
-74.18671070131464
203.324803244308
8.387327238604485
331.43280959051117
-66.42243724190288
-214.18015878327424
-63.907162989416975
40.90501321587999
11.744643676931446
24.220078820711024
-212.15523448722524
15.068654766801046
120.5233797195142
-42.49013760790714
-46.012952761487384
-155.15885672841614
460.540331447015
-7.079533591399843
-413.1129057466933
-208.0703888503076
7.340896690264193
-49.85371195830993
-389.0382878328146
8.665148664027583
14.12626667985569
-48.45779610530474
7.014145172551707
-42.743707151688795
191.15132764527243
335.68656516116243
-387.55723468162796
58.80551681333782
-147.9692761146398
192.34896355473757
84.78916632694927
400.6950035101563
-25.82602720574687
86.1228162745274
-31.36634795786358
-131.11499487774336
-82.75408508192959
-355.03208170831385
-201.50267343115956
-105.04814308919663
-61.18013292888304
62.47785825522635
33.3464541502708
-106.81944168669276
-4.727511377232605
-49.367482054739305
-170.61819436200312
-132.2342342205793
-81.36387978141354
15.26657639037263
-313.7397116650918
-47.96417386146459
-105.59262971808016
-91.37434673454345
-92.601583777403
-19.335235414121463
-28.272788270913143
-22.162252667936173
25.749155144954784
-86.78409716090573
-30.081985621881724
-178.79721684752622
87.02341118445474
-230.21760724395426
-9.17668247551751
-99.14035307461201
43.51443716456765
118.56236720186462
52.818716519753025
-120.9515994092817
223.6659777940913
-48.61676887464901
-90.7558703322702
28.575270683150848
-20.636254244201837
-40.075370686231224
-50.9152147108459
179.70810778721898
-52.850172437506124
-6.156095887874471
160.67209194700536
-77.71237724188222
237.89388672143468
321.4620737823825
-127.1718344908495
-83.12755363485589
-142.0749060138587
-42.58765354937077
60.5928934499625
-226.67222971131378
-78.37317835861631
-81.2154849652361
-7.881361537613429
135.91213188721122
-36.7028030646627
-373.3938743212475
-227.3103938211225
77.86961964688635
-77.25086251839421
9.13006969338312
3.693339318380822
28.24026106459678
-151.85391570906904
-216.65550617006193
-154.67276071922606
225.15225624369123
-82.9031418339795
28.249061955979016
123.12452755429331
-70.59428409295653
337.97150717741897
-540.6514502752925
273.6806888578285
-40.10178681455227
-271.9308900543383
-110.55651739159407
-107.86630110930855
370.85965959844
-84.39543915766114
-24.486876396419575
-60.786672947445226
607.1376314634981
-285.03391645689044
-2.712397160009459
-109.75029019252906
-105.41478256309892
-75.77170992406724
312.0903763275128
-68.56314976287467
105.04650568197212
-72.75836479483436
474.01802756307916
-84.2604496320049
-150.33643971712263
-185.56109249982092
239.23288453163877
-58.85338290706841
-14.27450992920682
73.61224177318036
-69.57279088918632
-691.8364773679441
34.4093096431734
-14.38115947823826
-20.036864599628707
-191.30095726028958
56.98453120839076
-92.38835539101657
-234.3051688363612
47.14280065418234
-16.82473065578688
-34.9267040637078
-192.2703256790519
328.1816306388864
-38.19663795381271
-12.380339085720454
-87.12379008855532
-474.9221735979281
-74.86108579406573
-65.89797105536127
-39.68621257537416
-128.41888366162675
5.426869590391696
224.11641076071828
17.916166624685502
-7.596373048303576
278.39778622341055
-14.957311109269945
4.865720856726581
-32.5375821413254
-74.42332179759585
-108.25250257145632
-264.1888146968795
101.60093884985372
-66.9988379202382
215.4599453104329
285.7589794119158
-111.92258678777583
-84.60482299020441
-67.57204390706465
4.015155673127083
-53.899161057059324
-108.85806914637942
-112.27782718389608
285.10905470082616
-63.24687197631647
35.452180878179206
5.457443770828945
329.8181601725573
99.83898001641955
440.1201706068314
-50.01277529230839
-112.2349233951245
-110.61910377534332
36.82505781272812
-34.579140510936085
-85.63724395409677
236.5060540375398
-47.85455469000267
62.696351572893036
46.85149762468245
-4.045358088989248
-79.84987415121108
410.23708809789787
185.38726671902623
4.891775704153588
60.53201843840043
357.35556932265354
-47.55216638929502
-198.58054727602303
256.6731117862628
-32.49826038584044
-51.477696680994214
355.94078580009045
-84.2076227524004
-91.56435943572261
-62.41269630178932
-265.91425709574196
-77.20152890613733
-138.27046189385146
-30.329399378046674
-194.28347587704138
26.72808747019053
-256.99574230778853
102.95002768684208
-308.8419399407594
-3.383227402946181
-57.5045255486634
-90.14990729503317
6.402066249564086
107.31311003701649
92.97175862865515
-174.9085396649416
-40.36621610704424
-21.93905759952503
26.880372064153562
29.574821739811796
-132.93848816615423
-82.99548497255637
70.65145719342354
-266.5455434173564
-104.4564620572608
-16.38013406666687
-52.373803492607394
-138.57168998601992
93.73131178730637
-106.8638687224884
25.713322728357525
-110.52570775090499
-51.37877118086203
404.06727244689864
473.30371170968283
-169.48521284506933
148.86865686893725
-19.59347015810758
87.35568288005561
-118.03658985586299
12.659636750602658
-41.834634129714125
231.18745552245855
194.88009177314234
208.77451883463982
22.676930438016825
-124.7666765491067
-19.493415079243277
11.736985799143518
75.95872019392345
-87.82357390498021
-25.987634942047947
-2.739568285219491
129.9697192192707
-51.353562535176025
-44.862863423630415
-106.63418088258096
-51.758025158968394
-145.96245108846233
93.44352575416815
-57.332852501134425
-48.03512180465532
49.64156893914878
-54.179908708958465
-218.04189127948484
23.097445574443555
-46.733307110087026
-69.12141412271194
-142.35406360287743
-101.23048726224003
-32.843079489850936
-20.8982234812282
67.85725141104012
312.87381646946415
-321.11444700372704
-347.88702619089236
-172.9449080408467
-128.56122759314167
65.60422216035204
-15.222353498344088
-14.42471595149982
-39.29279001813711
-35.34869747730821
-70.52218447959639
-544.4428490056634
-62.141595470998894
38.375529482639195
36.863491392107335
-71.19136694184454
-49.96805312221136
-51.442999102825524
87.46353467438166
25.71924359408513
-130.46849622083027
19.250927087130094
-58.60160515771136
362.02532805178635
39.183813176815875
-118.57254124674628
5.756401967824786
76.44894010608641
-196.68751661922215
341.7303912684856
3.2375170161740243
-86.23228514215366
-97.51891395080705
-17.20807207120764
-131.17931770533687
-58.746867305360524
-42.93061730130936
54.87548103196309
-52.04652072066489
-15.788074986773609
433.96622812760006
-86.61587984755215
-228.35448439556058
-136.22406898402187
-90.97047124515161
-107.06496340498995
8.540405095081951
-100.60242588882153
22.66939089313928
-17.415136151234947
-430.7820582917884
-6.692171748848523
-54.47412104118775
4.3267607020061405
3.8086740090247324
-277.6717968372632
-14.263651166204454
52.26660284289392
-53.29964248364365
146.32443646001047
-62.056572983846365
557.6784546371655
-71.21088387983608
304.40735366572517
-248.09413457268602
-202.6194750958257
-87.55898541574516
-72.56325901212767
55.17575034545507
43.7681790167826
-31.57756746197083
129.71537033754612
-48.86283387709845
131.11287833452116
385.90287516755416
8.19989801384846
-50.2637056389823
-6.9310100023838
88.708280043782
-272.3998299848681
311.82570661195405
-29.995543856354743
-58.80970169613614
-79.30124078000715
-124.5931267141641
-97.234509447052
94.98870916811211
9.132545248958195
373.23792041518755
-492.66804464937377
-21.296611183207688
89.78192964071968
145.96585942243564
28.628922322108338
-158.74150589780038
17.29217942037576
-90.03782964379525
116.6893426919446
-285.7585430924337
6.068549798086224
-68.74084201789265
-68.03892477007028
-60.75261690339357
-183.8468022156103
-63.3079947166043
-417.5428045166518
134.79772976315326
-102.88390128913761
26.35906956052895
-254.43567146574787
54.5466247186705
463.2859339988463
-67.5742121962712
-70.49926679825876
-47.14049546855042
248.81436941814536
-61.542420237642965
-33.438545230561324
149.2200629322797
-39.87363599257469
-129.91640384052698
33.374650151270544
-49.20369907566777
-102.70225807086717
-69.39092932000929
155.2086113172536
-58.13689389090502
-49.51498813058616
262.25538800987306
-13.202313234879146
177.3769296462524
17.726217435398212
189.07783331084102
-96.47098811531963
-46.516835114041065
-247.77320261806017
184.4626447252922
225.105163490407
-10.035544422766208
77.12693498136923
9.081241665515336
-66.44919955414662
-50.96201113850475
104.13152562995401
116.80466891123069
-74.33391237115029
-55.28400039749813
-5.243300774258387
-107.69090474904392
49.21423485559717
61.90024689182246
-53.995270562996666
375.7103635607291
-77.13480304938969
-45.38585807804951
390.11150040720895
411.69048325147014
103.21989784042216
133.9040316485498
18.648934307784657
-98.82259583534415
93.12525334118163
-43.508732685868154
-555.5592468063696
185.53929067901845
-302.9163092228773
310.6548046720336
-69.26495749613247
-203.258274846512
3.876679916907051
-57.45361473062031
-58.761739233998014
-19.270043221634985
48.49241983448087
-111.33005058285835
-87.31770411422093
252.04750472395062
-26.979041846977907
-33.827647453661996
281.58631006397263
-4.507736692714616
42.5254181453779
-174.84994335645206
-34.912416580357785
-18.174113523275537
-99.28359676539789
-53.283710846788836
-17.13795500715969
27.315170651094377
-126.5087103593105
-208.34545721053837
509.0515143990051
-129.43586306185625
-17.665994801778652
-66.0815651948651
-3.7832740152734914
-19.898336446395284
488.5307651745934
-19.44652748534247
-45.355555917397794
-44.02243885320652
-85.98280430195882
11.125208534742647
-58.50752882977149
-128.08801360149664
60.36466518598854
-203.74837971309353
-202.90288890095326
145.5344748064299
-81.15141216939082
-87.3921664491836
0.8489795344731924
214.58081982251497
-58.44493547716229
-12.005602264379604
-174.76781846085942
60.851335199188725
-76.61031014016245
-53.64599518036084
219.53767678709573
-58.51813260021309
-283.92100739918715
-465.44108746594793
40.84336356618951
-163.3481770157723
143.92759600064892
-37.17532250075055
-42.23455233741733
-14.911612677847092
-45.664234645645365
-75.45850183132006
-100.82123241613341
-10.803777806597282
-202.55795561510513
-54.3929797307835
-39.47944940309935
-91.81296008120262
-29.747251484967364
-210.15362931021446
-79.14394528000103
-178.94086369388242
-32.33178986448675
-17.554907590185394
363.27034663726045
-131.73027768626554
37.143602126644055
61.61655535147702
-23.415306181845153
312.5549021795632
26.448237031778717
272.2919002482613
-77.34766201571338
27.22299837245191
-56.01413555199326
-203.07586411509146
-55.457716529024935
96.27142031271524
14.186462070389098
-197.63313733824725
32.21882822222142
-81.80985471069584
-1.8398485087268455
-19.6819812345002
-55.77624217564312
-175.89453381369822
-31.718234167953597
-63.974248654586034
153.04947659498794
-203.4186498525155
423.92587304746485
48.28003529312991
135.84311772832916
192.37989051169825
-43.46770782174826
-188.86999352030216
65.6211025069938
343.20690136436133
23.175977860815692
126.23549932485366
-86.53311124899214
-415.2228737643036
252.4892681021629
-4.303025454756153
-90.48449196528884
-69.06402147750333
-43.328730335194905
-59.603593528640474
84.0081665746211
-65.10201163048987
28.613139113680518
128.01091699527933
-307.6401432509374
316.9380316730094
-34.18445942528524
-99.92602524976328
-53.07893305730431
-36.928624628657445
60.272691788864904
-58.154459422626275
-44.802396967537454
-14.043126491557814
-475.64217077014837
116.42492443134779
295.90113438291337
-104.28344447217302
-57.85727065467472
184.17924388026586
-73.68342997182263
67.0465694145878
103.59238662029384
-4.7555099888115535
392.4388198783854
-104.84183851081616
65.38404827220711
-96.81097130921864
-352.2221080143345
-69.64434749626582
-591.6990642729452
15.01056267408967
-73.84137526779989
-115.67419346596762
249.29311716635675
39.617305958872294
-29.56879206315807
-4.673239896452287
-95.7591294070729
53.45495426311027
-108.62257249335941
-80.98206977798617
442.8093683517891
480.8771725363349
-558.7340564630831
294.54468476818147
-83.3624310572416
-82.94918466812078
-62.276972861265676
-44.370683785644346
42.74368455381409
22.105795874695104
-76.75511699061644
-137.31843768084946
246.58356762333278
-54.82360383048588
-172.832811285376
81.24138168800027
-33.457813114467235
-304.50469905923455
-123.2100885965142
-2.2667741785894577
-66.7527042163056
-133.92514081124045
464.0642857139319
-183.10739721602658
-98.11567282115305
-197.38877594277437
14.910123354546158
69.14073684405912
-72.666797835899
289.7961376639996
-147.95767080467886
0.7100344513017736
-34.38378942685274
-76.94154411192847
-30.745750733656095
216.1564838534414
151.91527885972027
-186.03462676207346
130.97088761403575
-452.08003993835337
-66.29001143775729
18.377394002362053
-108.14743343181999
311.42345405574815
218.20376601402768
35.07496030148104
36.76489600752393
62.77759863465144
-330.7613118172885
-45.580093933049284
-277.09751656504886
386.0330098663053
161.8927228603916
48.53551875613675
-44.64530631954915
-75.0225968028717
-131.18734017492898
-21.351028443872565
-101.8643726301143
-134.48733191957945
215.66817840501972
-616.021212202957
-69.02481670674763
-93.90334802070541
-127.10522035938811
131.2973825576446
4.428840538651101
39.18760481056006
17.48765967937834
41.880142856152816
-2.0736952101760835
-89.31584331564045
26.104223865393124
373.99821959656583
-15.904213819138931
-36.58093006669242
27.244968451472232
-70.55899304859736
-35.41142560024673
-403.85747504463325
-89.48307212204065
-90.15738238406993
-63.83150554803501
79.70558962263203
-46.544676795645856
-193.71898998594224
-40.74415442550844
-56.67257987027721
-55.66223907879079
214.06904218743966
-62.45813060890849
-91.02695826889067
373.1714072395898
-97.71533388483385
-99.13464918692254
-62.423935828078534
-94.99344788329836
-19.463468296780775
-19.73221516088779
-105.82535755587742
56.88614367360083
-359.9876841428586
-12.526060267362647
87.56951513316562
373.87849093595105
-58.832577512387616
-11.905127925456327
-116.58763186524976
-155.32910175581037
-78.6267945295258
-30.47254281338985
-116.29634806018535
-71.85641501311812
-16.146601302294812
416.78173464773863
-52.34436291962356
9.536092425325478
-0.8287191268260585
-264.7386693975004
-561.3382170025288
-0.482013817087136
-119.62469536610483
-128.4614046106135
-51.92316855119703
-118.68105773059528
252.78283962318164
-83.21391179456805
-27.50355995961081
97.80209664050062
-40.158261019058045
-9.473898214595465
-44.05667617006043
5.781942402806635
192.05161178115486
-65.98773596160696
318.11849744042956
-404.56626485048764
-222.758059964759
-28.495184094012018
17.61731615800136
-499.5285057578549
-5.158812288771969
-109.03002115105846
-43.664362556757624
-82.07476793550786
-56.48311780783706
-177.0700939016583
-169.573108290866
13.799358455376932
7.702911506230407
171.59203699617137
27.16088521351776
-42.25659754751723
-58.248694590994226
-4.350976053621025
-126.58850927146705
-71.56853780068475
156.00266280365895
-139.0959746900644
-57.80016375873653
-78.64135084438749
-56.36776601220504
-37.247548270860506
-122.99313802536017
-55.09731340857226
-111.99783780359576
-32.960273385163475
55.09771301018873
-64.86774323184386
-90.18779025241201
-13.441694892531814
163.86232629027836
-82.71796163862614
-34.439519026028165
-82.51759936209214
-59.485713765447144
-67.05518031673805
-7.8360417189433065
-272.2491096692047
-79.2266628085631
1.696265403324477
-81.49553142268951
-180.43793611985348
-34.80438248228757
-48.23620922757607
-51.450524498490566
-66.41129791679668
-5.356738257663892
-160.65519666759246
-122.9126611410968
-0.603305890606606
-18.541159347315883
305.1679870892149
-45.829832793358946
-68.38070152807269
-76.70142345106018
-227.09487456100214
24.80679232137527
-62.203271111672464
16.699253945830606
-10.156339989254775
26.6761098505649
-21.71277324872119
-57.64374843313514
-24.051817041631313
25.0660351789453
-22.858472081280524
-59.94418029644686
104.8816852162654
-31.049489557318676
-13.043812537810481
-166.82798421888947
-31.578489189501397
-92.73011086916573
9.40234958466317
-195.64107696815518
-50.916146943500735
-37.4642321826168
-56.834211978740086
-271.2212929711586
-36.70189747375697
50.26791840576061
-24.995580821460635
-30.394875084973137
-77.15018195874907
70.64270629714792
-7.065562481739107
-29.95955301545655
-10.710340432544065
-18.66838229201676
-28.04108215503038
-56.05670660801444
-68.15351144667045
-55.06700964837421
40.64203444976374
-86.15000027679817
36.424611999692786
-32.59760799147989
5.28386465485346
-61.056367740991845
-223.526081230224
329.2585365290961
-118.74488537256093
-306.6433702215454
-54.706695566924736
-70.52736182641212
-19.612535080329508
29.011794373650446
65.73904844451681
-98.7172678131143
-56.62034700693738
-25.562120792577844
92.00725129226703
-22.360918136299006
-88.18941718427098
-31.376988235703266
72.96509374826383
125.89956389844701
169.26859109535872
-12.874474912387996
168.39673768049397
-74.92068377461328
670.3539168735911
297.91834997398473
-18.841705181859652
501.7199915473975
-339.9967652453779
-362.5015169905637
60.188238959497994
1.3885129239225762
29.539361360591784
-354.7420498590309
-188.3060665674384
-39.393615087761646
-96.84167687196714
-449.50306945416924
-15.143730605027486
7.677450748733463
-118.53735689714176
-363.31386386691884
435.40971072926914
-119.58244710585194
-16.42715857905904
-9.280406564546865
-51.494459205965654
-113.82004492127817
-82.60696665708383
280.22181064625875
234.06202762695466
-94.66927158638303
-78.98172866043478
-55.316588542384125
0.5907080318411317
8.743246343233345
-462.5584839695657
-73.09261016928534
-53.539001776203804
9.711566037057082
-122.17167001112284
19.74132697671348
-657.0427899795195
-96.49146660759072
-277.5971912141131
-34.86326604573583
-10.698956061478384
122.03526609388973
-317.464044462522
314.60137542474513
-65.41267467265516
132.03007898752548
-361.0008667940456
-13.05349185386284
-422.9108640393333
-69.02796273107187
51.33556752632285
-49.15534942718833
-461.11431162816916
-19.040752952208322
-11.897016339809852
3.476141005972295
-40.264351227146534
320.4358274603219
101.92328901708106
5.345770804929571
32.7903542488649
-86.66364442548648
-87.4608000004778
-74.60454064252212
278.36007483318645
95.29046018766167
401.46370249599386
-48.80777149712776
-136.21473257484195
50.02138971879867
-247.56190223806698
-48.102302618574264
-173.40558114768373
-48.534368713733784
-127.17119453433588
22.271880504389628
-48.20049997496221
-546.8512843568806
-123.39108434726639
-2.1510139833412723
-89.74791498998815
-86.27146080150197
174.27966283816204
16.82532405460789
163.71555530646947
-55.482660621680054
-56.86966951531245
-17.097518638304564
-63.879982765735065
-40.914902522092234
9.680533513424962
-84.4461487362465
-51.02147743179893
-393.7871410976004
-104.33918732482509
-78.49301619181944
2.757775310906254
-73.65759830694697
-56.13016249564815
-52.23880654759463
47.15582071571043
-32.64423336812049
-34.95432427282349
194.11116003662528
430.970250999997
55.24308613892072
-29.735764470160063
16.85395393851377
-11.977100349281216
511.24897980891
-30.72125105610064
-60.52747316266257
-61.108635603078994
-66.7921079273101
-291.1638873641841
140.02500210901962
-117.98568382688245
-45.87629103142626
18.77392611556752
-28.896524148198296
-507.4300758350455
-65.18250357794776
62.8244785013776
0.3086283193806594
65.36935163936096
-55.17376513790219
-19.605114443886123
-49.5959623909381
-15.846867827186031
-129.14012717600642
-124.90186674378492
-86.08648908960367
-197.24051035544107
-64.59397798468717
485.7768298144201
-116.2172129419183
-80.55901222762998
20.71738289409143
-115.18895535464253
-3.208032488104436
92.70664846157206
-62.17481397916163
-54.87212499030227
-476.18124333190053
-68.6070433236174
46.94336063883793
-65.56820236781311
-94.33850241844527
40.63368324680414
-45.44304593289553
-74.28477813030167
-23.335751342408912
58.480557675306954
-143.43731333845517
-37.19916585522539
-192.22402150868948
-133.59019709110544
-23.02388565387375
-287.44842692176826
-29.744048581844368
-65.23533076960942
214.57312418129914
47.824364090995005
-356.269865364804
-280.621992623177
23.1293788965977
-44.28951258553718
355.94135035967065
-20.851342644135002
530.3845382225736
-68.32134872780057
171.23491791458218
-78.44861604570137
23.410299399312862
27.384852685474925
-232.63870703380962
-0.0971681954192718
-122.15382139239591
-7.40485312392754
-75.72139952555185
157.66830453631792
-230.62318702803168
-337.12663272063764
-51.71511737925812
-136.02079205498012
197.74879153399525
-110.76294347214935
-75.25790980008969
-76.6983492504586
-88.97879877263796
-69.68959411605647
-200.7702577388809
-90.53015208011311
-192.8276023441449
-13.849416470548022
291.0474141634004
-14.340103026048382
-76.04063118842126
430.07074428119995
321.58448407328433
-43.62333424970166
-210.01155400976495
168.76869564096523
33.98359182867625
-199.42530939059634
-141.46925282118355
-91.62225524967107
-25.529739562677605
-9.534965690375259
-113.8004011999262
-42.2151537177297
288.16533188681206
-18.167312333868324
-45.576845200072725
112.5408884553708
-67.18176823477734
-41.07673425357504
117.58524491672233
-194.45607983033187
-43.2067942313191
-423.4837058563062
-28.411238150896907
-101.24099141129219
-53.786046455305815
99.19314421510717
-44.95074640886036
-262.41764967655945
62.17793900743527
79.23631590663717
-57.62674819117109
111.59925891232524
-15.475546266290621
-7.585081419787457
-14.654548002245065
-78.99600206346652
-20.183332539640105
-325.78040212871747
-210.15023135753108
41.02194197705103
-58.54925876291236
-189.47591278269738
-83.1317254025183
-115.85961651134676
-42.77142612307216
178.89291320174107
-33.926764504725725
-28.691626288550196
126.89484575222559
-51.482036478365856
-44.40512063715505
-112.01398162658127
-58.347069438241306
-59.62795722700571
-137.88045221498942
-109.80291279602898
-95.68489904478258
60.60583642828806
9.878691956413604
9.832398150978406
-97.91571695119067
-317.33875936728873
384.7621247751031
44.12091776691159
-233.60609988657052
-49.45774410646726
-14.979352198112338
9.48262186246211
-26.05389307098085
-16.796184277323846
-60.98272620221178
24.389193426314804
-9.556053237198967
-74.82439751759011
-55.06960705855272
-49.23342395687871
54.28201149797496
194.58541909129326
-211.4342109091249
-499.4537944656513
506.17157294642993
-210.48574106077467
-181.99777101125073
-164.16126548161446
-203.01368495331735
-104.85765349427339
-9.368575001875797
-63.329366936439214
110.44325228710113
-84.0337321533673
-72.3590656874582
-23.03343789981227
-219.13350455450473
68.50496497427253
-3.207244225710352
-99.44554513297044
-185.46313571193969
-229.9874062595336
-66.50168788553225
-93.01370366490528
-289.45167477659743
-30.264528760149915
-114.41265568946255
-88.5791786899404
-42.94939170369212
-84.09913692345185
-138.666082972607
75.6331061225037
-35.85247831704419
-28.031473085351877
-2.7918003556924305
57.482126597384195
137.39688347488664
-66.94178864978676
-61.224237001633966
-44.857334920494395
168.89581275003366
-102.40232653251006
-92.77950277217133
110.23496060887555
-121.17987181097669
-380.49865849192975
-179.76911556908817
-6.181992342024387
242.14273887400122
208.35735388519788
26.86168918021258
350.9854183595562
-88.45479543651953
28.541689556017445
22.582152223376454
-67.55381991716168
-142.8535477614314
-50.25832807142802
-62.05542177886783
-163.90843303282054
24.992495547438978
352.52583340412093
-55.988779357738395
21.577339422955447
-5.1327355010489555
174.80710228113458
-80.79778279534595
18.01093241572744
150.8998114698643
-55.161913008322415
166.73072774867978
-64.88165221371128
297.37007561107566
107.30692596208064
84.720336585322
-113.23260334487168
-339.1118747643977
662.7216588564497
79.5714291282261
-40.252739989134625
-183.6218804365708
-133.54607748327544
-0.3076689398675368
9.885485723684269
-360.2873276824994
-87.32889764442146
-49.918834608901875
-13.442992495391035
141.51951923528213
63.11088253469279
-21.07025149344736
-268.15861477914405
-12.70472953242097
-105.70260503029476
-85.84726805103014
-84.83685314770207
-59.082979121057456
-299.78466637729434
-11.009013123215482
6.482943743133092
300.8296153769752
-26.79658659659526
-133.6455305344134
-6.093942135803104
-164.0164670617578
-103.20126961456845
-221.49121855833437
-488.2496213716058
96.06117278921738
-107.13876066061312
-214.29935675234992
-76.01540293398605
-59.21610972127837
164.12353225668812
-84.43738082235177
94.93731191868937
-148.5875505565673
-96.69463291699685
39.010670278878024
100.13320587870112
12.90022793215121
29.98138723897796
353.22999621169583
-312.44082858627735
18.75179885474907
-79.0851045283201
-193.10821886016038
24.46219174310545
-59.39642214096966
-45.90749931413666
293.6199515127355
56.7149136342955
-87.38076817291852
-199.80212785015283
-71.84998260693465
-47.788987564425184
17.694193686375
349.85611945110213
-69.58745134240644
-165.92786328467537
106.80081587168388
-260.15096556249955
-18.125118720357136
-77.93928255482564
103.41446854309834
43.39898736721261
-103.38718751801426
-102.70274872715841
-180.34052009529842
-238.6929843546559
-22.50023296121799
-41.13576264108918
-108.08567362465146
-84.76144019584899
-11.193332216053705
408.4584574290784
245.5483413326201
-33.48115346739178
-96.61024002131957
-77.4090907947312
-65.12013197251545
-79.02663160882786
-399.28151498561783
-537.4761437862835
-150.55417077799393
-32.32573380752541
-6.659273628092706
94.95994613321363
-46.48421874127234
25.08108730754884
-68.18804393376428
-70.71175327507193
-45.2249291535893
-138.40358910064788
334.71924230296827
-88.70149052232681
-60.89191494394425
-435.2485558215594
-74.70856409964108
179.12155107012404
-264.1694725666166
-22.83262986425125
-378.95863039444885
-5.372146885303607
-6.232704811332042
65.68081234167312
99.72778748046039
-78.43587886202315
-198.5778560537201
11.56808590915989
-7.733168770719553
-43.863215084325674
4.9867817697668215
-80.0258782370338
-55.749643460045526
-3.0828949951183677
-84.32619371498761
-27.98990208678274
-20.448538773056782
-115.77737349971355
40.96690704437424
-462.28016834176196
10.15115940396936
228.42405717466136
-119.04814099891519
-49.144944446614225
-55.31008764768376
-87.02770403869835
29.011168935149726
201.3616776053027
-83.04669623346079
-4.326950495632445
-88.10521330183244
-50.38332165377832
-165.38689846163106
136.71132032566493
-395.1976165139786
21.32743940700493
11.081360174843446
93.43760471633868
7.42855726666221
37.31167086570514
-94.4146689142879
252.47557651283023
12.418114344420246
-44.06881926954572
-23.970981946502434
75.51084602085189
-233.78976958810017
-288.7189182959346
21.393134339616154
225.21899805532667
254.85860239032627
335.7658807947373
-329.17380749478434
-128.7083945054419
-416.5415613173991
-13.30117786339332
-110.79101113107026
-0.635567326095952
-26.066930776632944
-44.02966492798623
-171.930048889104
-310.3731929824007
81.42765009408413
-29.362164636219802
84.3299201746654
-25.781408565533184
-94.35312918456017
-352.18681672372804
-164.84558501701395
-54.641744576137626
-119.07856488926427
-37.239015828413244
-57.108460451567225
128.95279951670273
-102.7076037880488
11.176172346502426
-400.34780707824757
-33.56059789665997
-98.33836348443492
20.131555940651197
-36.02861484594359
-46.03337694494439
-64.55415709552884
-66.59538087862165
-11.967009444918403
-40.05764201387956
-35.14394290783372
-112.677955910654
-5.151983633976897
-45.4632249168309
-20.848466420674526
-43.498355652533064
-121.50482867312348
-96.27642973193662
-228.7359239611078
-145.25844753924503
-21.138062602939954
-24.07602180690494
226.03156209037843
4.3459693604436325
-88.75256317595995
-158.94538973639374
50.2591465056812
-345.06931723490015
-41.53631020990276
17.7044455328778
-65.287535037829
-52.03715940842674
-80.75665312896366
70.84574153509493
48.985999459417144
7.57156308350568
96.96586664843153
-4.274825980478658
56.464740598783465
-45.16686968040091
-97.81496891380903
55.82791270385769
-107.48971235442198
-82.68571575888473
396.81819959310815
-69.74450862542471
-94.1317029866872
127.00225544311616
223.1874438942832
-75.92147462385674
-119.23995686533141
-256.6267304373523
9.74488859301755
158.65315627825657
-243.65009869004552
24.523599415200806
173.20555411796158
-99.47743533185135
-236.57771801038507
30.364002611426486
-45.76447393500793
-229.7904529284242
-341.9881831655639
-52.331623611747034
-293.7060812097534
42.13052063888426
-18.894067870570325
12.984149064171003
-64.44423861911855
-39.011331058935475
-555.4027359737356
308.0517278428979
-15.18650752693793
-83.05772654732482
-60.69496280918067
-22.141825068677463
-41.85414193632133
-52.307064367522145
-112.95398339260737
-68.2654913730664
-72.40196437193556
21.251176461723162
-484.7141973336775
-41.49085043683401
59.028276225402806
-459.10954402943753
-189.03877678171557
-108.38847860810682
-33.04899471982377
-12.342222205624466
-106.49364145236723
78.60078099982184
-65.46352807574911
177.30088396591964
-0.06332988986191378
-91.35004983364598
-64.2828015436393
-62.26216466582452
-75.62322382344412
-119.60031404546498
56.38108848428783
-303.95971243737404
-93.30792495809874
-63.91543717435695
-10.228162637290552
-63.586351210731785
-26.55122317826499
-94.08610466479331
-61.18633389692164
-41.837495001220304
-40.740366890081205
-14.464263874415451
87.48913344382163
-89.91755942603469
-205.7430615093781
-117.04436787077248
-327.12644995276787
168.92712808608667
-75.67596704495372
3.610557064503155
119.57703999609475
-89.89274135729897
-71.26878733771197
-275.18650548243204
145.90875587366645
-87.54499370228828
-122.02514392762532
141.34499661927111
-53.24131028289852
-70.19067225568881
-119.18799138223221
-49.42175064313837
-54.2726025382143
77.85393895338552
-95.98496741835774
-91.10063960385378
-310.82578463015125
-50.11539139995368
-67.53004286457306
-278.5555149416068
-78.84584583949639
26.64806526166558
346.99675333014056
-81.83195133194691
-172.65027429214206
-32.90210252707038
-37.90851290212572
-67.554095523461
-47.62471373863197
-61.34919640372755
27.71656923106093
59.923810153650265
-24.08049563937857
-351.372432267719
-85.03819518657747
-1.6706394112343332
-80.43888405514119
40.7592874430793
-7.747656300093674
-136.33291457758241
29.566357153722493
24.35475267875063
-203.3209736525787
105.82942614368403
-41.8169053576896
-76.09874430472709
-369.85437066265786
-1.7227853296688522
158.97987780836365
211.72602590564202
-130.17138540526048
144.81125231704937
-4.714206540312904
-46.28402161016908
23.68234186054906
185.72287548419445
120.83891973459595
325.1697859169508
-179.1690340620862
114.45103261797885
-204.83262332639424
264.6510909730114
-63.4199695005024
-38.1948417070289
-85.3805822830153
72.0631906248218
3.219670515116661
-61.7548000160084
-19.85031911146507
-10.293655149395988
-161.2923848643968
-64.93244685863124
-34.05374513037168
-48.31087790109774
-97.65105123690773
-85.96528741301302
592.4261695429286
-71.71817756883806
-60.89124757515113
115.83084490553483
-407.38671353067093
-26.90006495240482
-16.14846038269752
-69.17007629389082
-169.2548840361069
92.76630182345616
-126.42709296639623
10.14998099167451
346.3590841538062
18.669573406028576
2.6298163407723223
-211.27216713748385
-172.44506607325093
119.3542942731874
-108.53742004797095
62.31042083782813
-12.191916887847526
77.92452696758119
339.65064648259795
416.6028380034877
-613.307220511213
-76.05766006078504
-83.0700555327552
-107.29029630544574
-36.91674460204922
-56.81714016903061
-122.01953767717526
-211.75807656961115
5.184020314476072
-1.8226463651790255
-83.53954716609975
69.0260279562317
130.3550885491195
50.46572445871993
156.7802205731532
227.9841104407824
-57.37152048032788
-59.63157941154168
-262.0034650113357
-33.30625668340792
-93.0375442285058
-17.151678699242666
-125.4769529571995
-216.95993666875438
-82.87505168855324
-85.16707085101342
-64.86217433006375
-74.85928727619896
-188.89515202195116
-291.98828364596375
234.30315173101826
-97.79043537009238
80.71858242467442
-126.99223409253955
-69.8283351392929
-65.35477062950304
-9.429483589990483
27.729489395279415
-83.3274432655096
-426.3027114563938
1.7958481249341232
-30.641912192999076
-30.47526818070037
-133.66193093469883
-101.55592650870494
-92.49349784980481
-85.32636772706246
-48.477771259001315
31.391860520711816
-38.47780460973445
109.70838634549364
35.20435386124723
-38.99720881665053
-34.615183165092255
-90.03440318779928
-169.95387712633237
-99.22611509109784
-53.112283790018495
-53.802652511541055
275.0387094790549
-350.97173162949366
-33.18207701830033
216.96997555246162
-79.22308546924201
-49.63298750931517
-31.301820324028238
31.677435548768187
-67.7586662303163
-457.2321876934293
-24.99526523894565
360.95614504387595
-84.05500737945711
-117.07273055189944
-145.1739916382121
-174.96495234587383
-76.14903120656004
-81.69291768845875
-37.98432630428215
-81.49335296926554
-612.9506526018395
-211.30857352236035
-395.8322304493722
-146.01047390235
-254.30818740923132
336.14516772073875
-62.6869156347002
-243.8261408367589
-89.51981006454774
-32.411366373994056
4.939815136479555
-558.9452116683879
-119.72118966033622
-40.39227206752907
-25.92725982204138
162.81515768743702
-96.16031603651209
-121.79108482445281
-236.5029523823505
-17.617063264107856
-46.385707641624634
35.40454026361647
38.99979532294856
82.6131235932171
-32.21103945931645
-157.52828853973915
-74.39233421652911
20.93588460300998
-99.05842085180987
-63.1188831570969
-27.343898712306668
-181.06034250673656
-76.24779188717204
-67.9456988685407
-38.29853171746072
-3.786877787123103
-96.66378374114566
-20.93325164107165
-118.11752059232094
-383.14176732957276
-89.68045593681609
27.9928102091626
-71.29236688218043
-92.1655760928843
135.93625731008615
-25.349540983800125
37.3320588715178
39.57982637690884
161.0476691140807
164.78506759667835
-315.77521126317333
-48.60650443925624
-128.0849490684359
-7.123712085563966
-49.49714113614696
-197.69811266699253
62.94465760794992
-138.12502781406874
-273.1763436911142
-92.02142177205133
-55.422755591251764
-386.3592865246919
-23.46968194821116
85.73207907648066
-154.58094688239362
-17.28780618924975
-21.59805659110134
-113.27064721301338
-268.83098639920536
-58.92744600058097
58.55580895692037
-570.9177688024374
-65.82035093707236
17.0881635195301
168.2691806328803
58.015359639466624
-98.84434508203597
-81.14633333865953
23.800307579400396
451.41224750769106
50.34642861395514
89.36798036801702
14.412266736938818
54.56633394367054
-228.99816264520905
39.57401798360229
-74.91478247949337
-24.943229036406706
278.22127067463134
-99.2784913007159
-17.100106657505194
-94.45389674189666
-291.09827653065076
-57.7160107807497
70.06113961682786
13.960964961897389
-268.9289075718307
62.55024721279915
-102.70019382804904
-13.469771396450597
-87.15186045923892
-92.61308361969633
-49.27706792279553
127.05984959632224
-93.45626229732682
-80.98142573288715
-59.468434086877096
-98.79803087730397
-26.357857281942415
-74.49367316872485
12.647005343356795
-80.54441753519419
-25.560129927347397
-90.16172629149126
-14.95759173004993
-6.981807529922665
-52.92553370629361
211.58277868134792
-312.4784152407974
-74.98382934080244
393.68588034110326
-197.28426971087174
-36.92350316562536
256.6656029630085
10.775001923686887
-86.72163228580783
-86.21788357914964
-128.8352557781755
-50.61820298082211
332.5206044026545
-42.732523912682716
-65.53655285568168
-21.787822499947765
7.848451069196017
-103.86930364040018
-149.53812287622168
-159.7779139684044
54.698198197023885
-334.9875942993767
-24.902737032914075
290.46853699718304
-79.31239293704215
46.48737506168072
-147.7477545748061
-65.18233798735127
0.9994085103844554
-55.8260520104962
-47.336319478647056
156.48672890618582
205.83796434458054
38.97456804375338
-68.69038089229616
100.79583318683763
-250.07675154304889
-367.8503597374147
-58.45130527651463
-44.16555928818343
5.665582210580396
293.1357954507639
-39.36306751670854
294.27831107727616
41.98434092671505
-17.72521774031202
57.367383666357455
46.02178139119678
-130.18229324197455
546.2684774996069
26.769597063290348
-36.8316498774584
-33.52927709756095
-38.489069606999536
-66.61472524871931
-382.38972061635104
-1.8902736313266646
-35.77176559471809
-15.581262494670739
50.450807471071926
-149.12091942496772
78.69149057235518
-34.29529586964691
-16.539822504508265
-121.48139125677335
-76.00069392281185
17.75953342442517
28.07892810429803
-56.78190196334387
-84.90498025179836
-62.605133052461966
-52.90779551261642
-12.420826300987969
-65.22484997820993
-67.35553010056928
-132.92947915158766
-38.64721607577849
-22.045263796149616
77.52592205177098
-17.2017803013332
119.41864822215848
33.42049163234151
4.421165691139322
169.56890603496868
-121.13289357741996
328.06088277645904
-152.48454107081852
-309.95388270612057
70.90216566625986
-25.614011227257834
-62.233357265994755
-136.86710119300312
-15.325604675640534
-142.32641901049556
-0.9944335090905909
4.999588114505968
37.661887692896926
-69.30098394586821
-66.64818533111769
-36.35902774963324
28.934962549001284
79.1889925080859
-214.42813190288052
-225.61622006264224
-78.61026026269678
-58.91181293791302
404.3968064610599
-62.49429355787621
-512.9661094106377
16.495098665359365
86.4820450309071
107.73399192570787
82.81116477146861
139.47687356267124
-106.52817276943883
-2.7783401515513333
-78.76117293704601
-42.01986349097024
-78.65926366143951
135.8711001438678
20.206924036476266
-131.9920727826211
-93.65803711121436
-390.79822050052826
22.342898085860952
-77.430664251493
-50.22883593919546
38.1321170425872
-51.368072049971474
-26.702045170234946
37.50147372073343
-7.169660115012448
-61.028257090438274
-40.125513628870976
-124.76031746572153
-40.01627494124328
-30.350125074254326
-85.02629807278208
9.424450844171588
-34.35406026339193
-6.06717433479389
-62.49958720161675
-3.618643538581993
-44.85382761413135
-52.77349968947715
-82.8321863901875
-71.20523051380587
1.0910895399938454
29.701758375659665
-72.79910372355978
-58.76080966117479
-440.5477181743063
46.662862275563896
-13.333820030646166
54.199716374526815
-276.7867550792198
-265.13122991312775
-19.555209932219785
-234.058944869651
-74.93596274376529
-95.81926794007086
-52.87609059724906
226.22100962519107
111.72132308158598
396.4865176621988
-43.98926969977066
-51.59697102496581
-8.57725378030591
-23.312828943741806
-212.72325567670669
-3.3209304192860145
-50.79658103456763
-217.30714253321457
-138.77445020610867
-50.9393864825043
34.36834665393644
-9.139108995991924
-153.2225069866372
-91.59087502374496
163.11373459589595
-88.0169163986799
0.34862880379699845
-41.91477391573712
38.56112266031255
-48.8737864696691
402.39887773919145
9.639252250050049
-182.57145874497746
-159.49940405923553
120.81589677364354
-48.69057593016521
-141.52806395849802
-147.82490854394018
17.135153809210806
101.40161741652355
325.4368470812133
-43.0833482229304
-58.10660992443445
-187.32553781164825
12.93682115246429
-116.20979940766583
-40.72114308022856
-92.00315922930383
8.123445252179863
-40.98407768714673
-80.18501047519439
-12.585942202430488
38.53742242490989
-202.9097600373061
-78.28462208031917
-5.748313408841568
8.4705306177284
155.29408436563335
-112.77847664521498
-84.66790521403573
-62.02868242045301
-92.62666479357296
133.02152707762434
-82.67581557043923
193.46799279611878
-204.22766751563267
-138.12623632665054
-174.06264313985412
-87.1415436186185
-36.28865683105141
-44.90994409931028
-43.513222362799866
-84.84180642071901
-53.9290036580352
54.50178648940391
649.8667341686214
-11.262971871541595
-66.63952483572606
-153.2344773368568
-62.7201455713639
-59.57538391586131
-99.75393511314915
-41.57181358393245
-23.908128985880467
-132.7422105468977
45.73793105521872
-83.02440686778891
-112.45346565299394
189.0485079384107
-207.073594268546
-120.28300730471528
-217.02313541217882
-54.51785557057633
-297.2457864768312
-33.76577488379395
340.88073194415574
-90.92732174653389
6.512764827869432
-66.15053777672483
478.369541049944
-96.51822519128473
-91.50393391335601
-58.14780584640978
83.02502826407363
25.828801745785313
-71.68954884480627
167.92513737690388
-45.46390887585949
-72.63301386704144
-26.836128144606107
-393.4613842911822
-65.41447249327302
-78.47055828320256
174.8645992170168
-262.3359633535638
-299.0939735987613
0.9301957360353299
-3.061254171670953
67.75238823614563
-97.39575359472295
-74.48723006747241
262.3972710233247
-55.76825832264842
-47.98347003683011
-95.14973847536021
-2.369753257683442
-3.1736053918575635
-76.84599927311683
95.28005371876861
-61.83103683712139
9.470640194051555
-12.265535787674708
-19.687934986123167
122.96417023670438
54.192421161929815
7.284296419762995
-383.5701487455881
-514.2246132220862
-245.63083399407242
-314.6108167754719
-33.519484209061375
-594.0221951744443
-50.339706388690146
55.813561096731064
-166.49374255263137
337.18884167427495
-28.2797966070043
-41.36035844710818
-31.59154977928148
41.35988532128613
136.35596128988982
-325.85744968480776
416.0024949041599
-59.92562397634387
-28.753537990967587
-86.88066087176503
-94.18611368687561
70.659461129786
319.6287234581214
-557.0718216888326
64.20468706350584
-15.046200986691474
-52.53442277672111
321.29753076350426
-69.25783158303057
-42.85271897294822
51.45947965023879
-234.18545244739926
-68.96851108228293
-15.321264468267485
-74.5866129525769
85.8613609154745
-48.70637947251453
51.417491801171195
4.358056966467984
-4.936408798772391
-68.73985690751853
9.184401067958163
-8.070344874280636
312.51268369906757
31.868297028964207
-7.616499654383773
-301.8553526769574
164.74388262385037
-151.49510818456656
-154.97846626425599
-89.64681589573956
46.24413758270316
-27.282576977663727
-197.37247352389022
420.38116016728054
-37.768336283041776
7.861962996214061
-61.79481260085777
-41.2721500619391
-94.77888046283077
-13.353589429028034
-366.7532825034996
-93.09026572664516
-120.34753842555074
-67.16923009196617
152.1856316726953
-145.78524672694766
-9.91813611345242
37.61187527296579
48.622884352182155
0.00785944935985085
-58.73710344941355
102.46397384225384
84.9022571654732
-6.979230763336091
-169.77864649781077
-381.4815959830794
-45.10090202122011
194.9609113930801
540.5033231691377
-414.65557758318937
23.628591020778913
-67.45790449306945
-63.13227685305693
-24.221990945712605
-166.0042064830859
-22.592235441759215
-25.999005716754255
308.7559389299204
495.90670153522296
-30.07232418226431
43.11902627418567
73.74810572832303
-42.681836411939
-61.04913275784111
21.990951223470802
-79.02167884624953
27.856408244468184
-55.585260748939085
-118.60987121172366
-41.126455795018785
-109.52637850782072
-225.3989410703589
-48.20943930238241
-155.28414448480544
399.7353502267615
215.35826231432657
-432.22823788394453
96.6462531798461
-283.5114800192332
-51.88306367637753
-34.3325202819577
-199.11203590523473
-53.25020658512125
-50.8240172625124
136.5240714132815
250.48058845496416
-64.04875734659686
-96.44547772455881
-19.96373004398029
-100.18123750286486
93.63780683062942
-80.28160865980695
-84.86944112125151
-40.66717771638611
0.0541633233883374
-501.9297477208911
-32.42540746008257
29.95041956106479
-85.48106316569101
-3.9095968416813776
-102.89637011767627
16.069126255923038
-59.717520780864106
-66.13426453727061
-72.56699761885068
507.2359593774959
-96.78981026523712
26.726686335842032
-58.6106182750882
-42.38768021773103
238.32049922816805
-510.42201593788195
-64.2628125697726
-88.1891530212223
-37.24427524040709
-101.38756306626172
-76.68319537222669
-44.950778309672216
-88.15998187011839
-7.8265007670997875
18.656767866508744
80.87723875752272
-69.89411275142731
74.92570206274286
-89.77735641512916
-68.06844306594702
-91.6640831056365
210.7481540509707
64.80925412589477
-190.34152298185654
354.3139710792384
-193.43400234465207
-48.4130435233692
-65.09508557912766
-71.79169368271269
-53.45302150362275
-51.68206981558251
-77.78983821314247
-334.26925660362303
-67.17420658834897
367.8612806901965
-65.92460523002046
-100.61263698680159
6.412168586721236
-51.56654482135549
-75.9296572670935
-16.000570548489122
-63.7621132760227
-39.05423263435875
-391.34147886461506
335.0086212978622
-75.72181697990328
59.491029628962224
-53.6887809299418
-84.78146679449759
-146.9923679218382
-116.75831523306405
-64.55322701578883
-531.4347127160636
100.95352031462244
-86.38702627505857
-12.127100490479279
137.82888862966502
-104.48637325346681
-36.433603690739915
-42.157697439125954
-98.71797546291296
-384.80143289973967
-50.06987695737094
392.1314362982557
-74.56817260846492
3.7948846381614203
229.6721004543233
348.3600427027395
-140.1505481265358
101.62611456518243
13.009916831093506
-74.1965543387451
-93.38990655981036
16.081226563168002
102.82804891007436
48.455191068312615
87.74659933231715
-22.980313764074364
-46.75338994728413
-52.6261187428081
-71.73018820367543
5.330582301725359
-40.07728810517074
-148.79330664772715
21.422001769542476
-43.11890421697535
-40.2210620496993
-107.65698197860547
-34.510306657132716
-96.55939576623462
435.5247621770468
152.5800119178566
-107.37388637734034
-138.01359160847642
-344.76885794677764
-62.79818654545835
-36.532128205127265
142.21601275496687
-101.65398432898556
-279.5470073269207
40.38064962065255
-97.5681922685978
-88.43208409226463
-91.53895569377157
-58.94264101569246
-68.44065712966328
41.79354478389905
-44.439883918686974
-77.11303536580226
-83.48385272899532
44.677993566647274
-49.89644309417655
-45.195086693588664
-129.9476045295592
-79.35067125534624
-253.23443109210712
-17.40441120594369
-51.74730425688358
-71.0578979759025
-84.74788478164328
-11.477183429789875
-130.46180027197624
-74.34861450254243
-334.06273323528694
-62.84310280876153
-50.52599056167029
-183.6934212046308
-26.35932597100691
-174.53894219277936
-317.42749273523805
-19.88071328096612
478.41967187432965
-34.660922336237036
-27.55559679204191
223.1990592243128
41.24899169112132
-169.8911446644015
-21.239022777924962
35.4188316762702
-59.679453829192944
-91.5531296865796
-59.39932954489713
-62.39203271387669
-102.87078503934754
-432.0797059641327
-0.04018843139056116
-509.7521249515139
-76.03562712080051
-1.1712987412553555
-25.086222300503778
-37.19443933865659
22.009436228576988
-10.486114510555126
105.44377965943977
5.678716428598364
29.814677399460834
-97.39029338356886
8.916653530628537
-42.16118366528664
-44.27322562081085
-311.8394739787868
-285.44147496477126
-339.102566147576
-107.13931085341301
-37.10590218566855
-35.630682760557555
204.55860862008922
-79.3419329315413
23.663060079334173
109.68904922071488
-25.02737364944505
-12.214494061872756
-25.01568303220165
12.906569934299114
-103.82033138103543
-106.54948852832786
-13.64934857514163
320.15319258987256
-50.25223843699212
-91.30457888111596
149.6046884489224
-54.948903489814256
-10.1878402014745
-113.00642074563984
-23.59981068755826
404.681892505836
-53.07198477199199
-94.48207460368411
182.15114192838337
-9.690882373361092
-48.92611824615608
-54.1963889275219
-5.294162283043443
-220.8606970889232
88.56221752095007
46.36924135675531
-301.24369151079554
-502.98448985202504
62.77627912064054
-80.51728387199722
-21.67176706292543
-35.192481637516266
-204.408917995519
-159.10440274655048
14.278948974905688
11.57077455415174
-93.92979091627488
-32.07112014030281
277.96691901481245
-34.77678143974775
367.46323093180945
71.92745064134624
474.7151675321493
-137.21999332751875
-26.57933939511645
-62.62504544358944
-116.83874296979229
-229.18776253193664
-109.20380173106128
-76.1986796105689
38.232479215540025
59.75547913063383
-29.30159519055701
-64.90676898841642
97.72546726850851
-234.25798399235373
-97.17355719261364
-42.86577592262802
35.15482678127943
6.36682578542468
2.7189266495788615
-60.483617278581036
-77.20988214667909
-79.77329039654397
-411.80427580435935
-69.86569684275128
37.7682104151304
-233.04351688869974
-140.10907847382532
11.915632022210502
-65.4227490545536
173.29080565927325
-14.745443348073149
-47.199511943723735
-76.42380668711236
-110.05736802970387
-53.0500989660959
-172.225944637893
306.5189092564415
-63.06403897387441
-26.493414349664818
34.38057807646055
-71.17649369462775
-93.56130443610421
203.97677204640968
157.56505580877638
-419.856992722649
-24.300312942408368
-30.92658271809796
-98.60764894232307
9.208940899481036
-61.03468058955514
-72.67617691765142
-74.66795076217358
65.64684181957728
217.47291536275134
-186.1378231586441
36.280311568780235
-90.7701770819235
-67.9628597364284
-66.98924886677742
108.55785827195223
-108.9865979417381
-72.26278903671053
-190.69423189365443
-13.434027493554268
2.5281754604666276
109.88415904016438
72.51035576024697
-53.95213069953479
199.0000034961522
-93.62500228707712
-40.1565030593199
-61.07019765854585
1.0944463381779581
-37.56179548089985
325.83493547734906
-116.96919135839926
-28.565541753739126
-27.360679072810136
205.76452607903775
-121.21719818637993
-18.587107896212956
-68.75172897975426
-159.8106786195076
497.54923253336165
-319.326899519845
-75.22530253782759
-60.90711852864206
-2.0805402701671483
-37.250347107040454
-14.280821398291124
-28.76255763484187
-108.29811981460443
67.94190732080278
-42.28407522346515
-27.42367535691028
-74.69772675929926
-217.27335921398844
-43.646033601873036
-34.30923449294992
-357.9957409760427
-415.93570339261714
-16.290278243007833
-92.78637244718266
191.80970306440804
149.63209755345815
-99.0477204709241
-67.08169305301725
64.38701017229232
-88.66565969149455
-204.3828124075062
-95.37044030760319
185.63858674667063
-53.151785921120336
-69.89263871096304
116.75822098132448
98.43899214008889
-51.86283301409185
24.64802538498043
-41.96515848712206
106.68460950254166
87.1033407280629
-82.87872037585825
-77.07672793032725
-44.756745067658926
-165.21768593494562
-70.39207529281703
-141.49352454414748
-74.30309808936472
31.591472134869036
-153.770895804847
-85.60972288739643
-144.20788688778885
587.2278261255251
399.7361773298853
-28.981031510795674
-107.40750927149747
64.64834471794347
170.78554784301923
-22.812616146564324
-108.26839114992617
49.86613527679401
219.21556372218583
51.90212268875666
-50.608800468615755
-46.84213242521491
-55.73622129897376
-378.17126459216706
-66.85874292992284
151.52836686962928
162.2944169323764
-40.13383837622263
152.81838873022434
8.863822824826343
-194.31263326436056
-142.42881419194964
-277.2001578027266
210.97355120460315
0.8781800992746867
-10.892997774792628
112.95930055656981
-158.76843661232397
-21.704120997989776
-159.44640731484833
-2.7797292471204855
-54.86212741968281
416.46070363593026
158.7210838167921
-77.61672111544938
-45.09504325433618
26.529794199253956
-93.80635461522562
12.435796949475389
-116.86400329663775
99.36881564599025
123.59903253109587
62.5166452179692
-87.86336011851213
-5.954410816790046
103.51739451639514
-20.851198486373505
16.255019622708403
-90.60514686184753
-64.24229643718245
134.1736566921354
-24.37423185109401
-43.01445975640752
-163.4615735222851
77.96573802714511
-351.97733995905037
210.5060598230507
-81.36697706803716
394.17379669665934
-121.580734568357
9.82313170774978
-67.6916110088426
8.471435710283885
-13.274303172468535
151.4269317035123
-81.34975177683555
-62.25482499503886
-219.18499349273952
-117.69146002507478
-136.396815487818
-77.11203860157198
-0.14887740132706995
-79.02482871074699
-556.8623295438738
-19.876174727305624
-38.66045754765537
-11.169968690334372
-45.60707226010496
-113.08815145492372
-89.1573732608536
-39.82315810678699
-68.4123143632126
-76.2971767974382
-16.960196897786375
227.363901522157
325.82378634226734
-79.49903867332989
-23.081882391586873
-64.55194736311792
97.86813948912277
-5.343304619805354
-48.88245945434303
49.76354292297401
-161.48179733267716
324.4647491984924
-44.80823041792632
-10.069992051389686
-11.958533647764398
368.0117833166478
-145.72657046225868
333.79699117243945
-32.3859278011405
46.853605871137916
-6.388267648389956
-283.358523913359
100.90981223577728
-83.88582319851186
364.6498920901122
-58.75416767685991
-38.16659073963459
-27.90028536104655
80.64881232064636
-41.461521984255796
-63.158595926837734
67.17754466675024
-116.2177882544056
76.01329011109101
-76.52397718815533
34.18778296786695
-358.2250479358663
-58.01784099020395
-59.44992688007388
155.49135480540735
-57.03877021102835
-51.33752293982257
-70.52398656613147
37.544791942119446
-68.56684108906848
-107.60413012189747
75.84451742407146
199.62555252058337
125.73643654932039
-1.1400485882586509
107.45812093863424
368.45440800937286
126.82154941993213
42.34243339586055
225.14224850110077
36.211741703244115
-47.484562141302376
246.5160795915972
-211.19430362233015
-49.9840556217147
83.31672791901929
112.71437214368234
-39.79429079129886
65.78614751116038
-139.62051825764138
109.52612482003315
304.5910360507114
-223.9871026396686
-5.621073609944688
6.310934296287996
-147.94020763614026
-124.11334504732076
8.515717364724878
-128.12236868083673
-15.673863572251522
-93.78656625615139
169.5896306543782
-104.99296011243511
-33.52063387987235
58.3233399898636
240.71325627052647
-67.91231333348242
-60.28432057220731
117.53735938359023
-75.42535857225278
-67.30217240458308
-48.2541380456787
72.62482569532949
-145.51145883345635
-27.66998150202772
-34.97279670339812
-93.08809947022084
-53.54261740528722
149.78077404804026
79.15272479740452
6.487637595990236
-79.2153689594846
44.626771375325916
129.2326633679986
-51.06468991034431
-12.085107614075696
-214.18945050245202
-17.83833877381221
-40.83574128897749
-12.516210780754136
43.237263406965894
-35.160143166111084
94.85203785868725
67.79677774461743
-1.5621247648511831
-51.861129599786594
-85.02902909928864
-306.59749799767997
22.19415678490259
-82.09688951306998
-336.3851195283114
25.007023100640254
-71.98299332729789
-93.16317668995953
-61.29260511873562
-1.4173492987420055
57.87325102956311
-107.10950646460333
306.35513606638415
-79.63299239068905
-26.683877459428004
-65.83917896355644
-41.812888206243315
-91.09944605310884
-397.91653544566725
-110.48606030803109
100.96557951351315
107.51077481470566
-19.04489785726273
-63.71083628176859
197.81831948484069
-127.35939130588486
113.02378486048474
-71.22015219866893
294.52361310617016
-51.26122050802587
-48.22639227630168
-542.4946183502252
79.24407871574658
-84.55178386571315
-36.6040293677504
266.5201060410036
-223.96111771374308
-28.187551322382433
41.02112134136678
48.90618813630226
-83.03224348911772
-60.12675281522843
-53.181626978561326
-11.736475894321302
-45.98653116263771
-335.57515872276053
-100.11532850575874
-18.669732262625104
-56.03767954905436
-47.08617731775371
-7.316443923737097
44.368727944644434
-27.679662943540052
-83.08420385138015
-123.33679302823111
-57.804520995142724
-36.9931816320086
60.433556689291436
-39.51206169465403
262.5586944687657
-6.391687707253936
-14.891039187269598
135.59911477611604
-96.85909974629705
-86.9872957112711
-123.23936741287531
-49.73637575893106
-115.52169799485637
-44.5237831151328
29.564514783058712
-539.422642404179
27.443509122796826
61.63030633729886
461.73244536500715
-93.66886774537534
112.47018630571438
-308.88332972325225
-213.17058120919137
4.708561775169073
-100.89801732675187
-3.0706119832957484
71.10664163624187
-83.50987668443335
-464.98320747713115
-123.10440100894266
15.290654724801243
57.731628857688975
-14.730758279895156
-83.74433549182906
-63.606657768152445
108.96335064147752
-84.88360811022349
-37.25713135353626
-27.622336735628263
-80.59506125698772
-376.16532554043806
-53.71255108632931
409.29206187782984
7.867965096633952
-297.25779122227505
48.62027348058564
144.1154489714645
-73.3657751783819
-367.0182686013959
295.72204298025827
-376.30443232722155
280.10879279220353
-62.361265932380775
-189.97773719352335
-35.04648077531479
-57.53524188178102
27.088129570176534
-67.12182658045379
-31.747347645064544
-248.9789418445107
-34.852296517494324
-119.35600797910956
-69.22634085581194
-21.85593210119805
-2.7836793262940773
-59.99234316930779
115.99477308166934
-27.887569532769703
-111.81095742693651
-96.95269185389407
-8.28282016992489
-35.87729224796661
141.13264770317346
10.713014146259713
-216.85537459814623
-286.75429930002065
-299.29770821648253
23.127801651151458
-159.28308304711845
-93.15931002360958
-259.9681977659957
185.21620539619107
-73.4171808437609
421.60490323459635
-64.05918607306506
-106.97037567277766
-15.472900136947032
15.722757600324258
-13.465884278553858
-105.85173172686154
-297.4700360236002
-44.42761919140311
-68.29404921566493
-74.84862541722514
298.2858216771947
-122.10128527786401
-45.81047352159791
-248.31354214512976
115.01759197433057
-92.80882132589886
-103.47027700596014
-48.96544726795594
-103.62757056796323
-39.596114397112615
394.4047095626447
-97.17041251026126
-422.8720188088555
-36.9805940898811
-30.585221811059895
-35.854325345278994
-21.864342812669747
-58.71728184736759
-223.52365563642343
-17.43998450499373
-21.824498435631995
-444.2584567248414
-617.7394235373595
-19.411418804998902
47.51496126113307
-79.38028680017442
136.80231956748867
-5.8043992259717925
-213.0779645920793
-28.355651540942745
-36.03828337027778
73.6121017204132
-498.86959217033836
-12.396085531875713
-70.64754361879892
-22.645199445963726
4.371856101459571
161.81795219049854
-4.664476637859558
101.21438656368446
-138.8018722587658
168.13935685886463
-85.4248587403165
-59.5934311616022
28.64832683698978
-114.50655822683075
-8.388402958331426
-124.32355607621685
-59.636360769306066
-328.10740249546325
22.113742344276034
-67.60657701766104
-3.2017720591249486
143.94636847005677
-64.45554444552991
-366.8606095921059
-180.68278885414475
59.48990407339625
-25.082837007666896
-76.84707620509138
-51.54358753164115
17.80456329723893
2.6026507922115343
-99.95884939795098
-50.038384820981435
-140.95483786530076
-358.33539273467613
-206.64479745420067
-188.66551438081115
-58.405872628101186
-109.07153017523524
-16.583663511649547
-77.09354956287643
96.53456297816956
-602.3560672001786
-28.43588870695021
-178.54067634173225
-60.67612747200915
-15.91082898561308
-91.50330174487516
-63.65259220853962
-256.39997458457583
142.1466527381467
418.98276523353525
90.89548580319433
-2.292718405559299
-51.71474541259545
-52.24811592963897
249.2065237078341
-87.38324191982628
-11.019634119552393
-100.8852408171706
-62.60354468564298
-25.92164796637735
3.0200654900068002
-231.7530082684225
-143.65070900936007
-52.16623294456804
13.813034124971637
-32.269442818447885
-27.9842337569155
-368.47103410123054
-269.8227415273923
-44.70608939373449
77.91560114739013
-63.36360747825728
-12.21334374243548
-128.43979745005709
-173.04098113328655
-35.82733741506627
-105.34758375286583
-100.30171789270196
29.164042379376042
-26.414574563843416
-120.10505884428994
170.91492451896374
21.03209323293231
38.25120008625868
-104.09323133516034
216.395535437332
-33.264383624988454
38.50407911783259
-120.9647533174957
-51.92456787893364
53.173884133586625
-71.00418300045216
-72.41494300334307
-17.588951063340573
251.89796792101333
202.02496522048204
-64.54106252369144
-30.0066970432199
445.5663081972634
-396.52514044296004
17.970174162665444
-34.14930412381909
177.59875854531856
47.28055087067787
-71.56705065243486
-29.620431413250117
100.40324146413832
401.8017016347512
-64.81578033254786
114.017227223404
-60.461701346134554
11.636576912570888
-36.772504453773074
-16.59384695512381
-76.68124762376101
-54.445410934730795
-8.237449573071544
-494.34832567497324
-60.0685447365604
-103.05560760744447
-17.13263202242024
286.6329640925669
-15.609906879746063
50.88945231164871
141.2568749794118
-45.05323070252109
-253.62668391332045
-172.8668995218577
112.26170860394996
-34.28724099915925
114.64728616140474
16.23273097677702
-54.68699326335175
11.220795063391847
-23.86092932514748
-220.0803487188441
323.3823220627037
-9.623521485806123
18.2887861355357
-153.7095481063261
-41.722284436685264
-19.64847452138747
417.4865615743547
-401.5061431390168
157.80098039127734
138.86009207142706
-71.54673685217206
-66.38918478349296
-85.6329769757466
-90.95230544427157
-6.6175557336937345
-106.43661865321312
-82.20688220897688
-54.3858407526518
-169.8938465543415
22.451581561816056
-122.72493776794727
-8.994228969929281
15.26687526000569
30.02162417307227
-11.271835090814875
-189.93113277858174
-91.43539853221054
137.25882814025863
1.5378862835740108
-239.356092389904
137.56751430539225
-53.19525303292947
56.37006167995423
-30.711069334163767
-48.809003052208936
-258.3210838051382
-19.833952534475525
-11.832463537213698
125.52761040959103
-57.15874663268369
-28.336955937772245
-200.545469888948
-49.59232369226925
-27.501204606302053
-42.45877020279551
26.91597596508109
168.02069316599955
120.15821257095922
-108.09226884542105
2.6997386118619033
-23.30184075125173
-362.3120787058415
-219.18561961452906
-171.5376872685738
125.52518289897307
-117.69030847954309
-176.1098995833254
-96.80919444329275
-27.37712911341805
-157.01303658247525
-53.07192874108771
-47.22210597805315
258.59250301225075
4.191265745245346
9.914332820864729
-96.1996040938197
168.60863400318203
19.88677975284736
-49.46601732483952
-55.30916128181852
-215.406433715576
-158.42181892466942
-266.86979356288975
-70.23373189316226
-5.618700100751255
-64.02523226393699
30.570710456919187
342.53156936373307
-28.581489816215182
-68.31473117580936
290.666409508528
9.373308963166892
4.029613040593176
-7.425347956141195
-1.235451265156371
-202.40379270392623
-102.67541685386092
1.7271226681223197
5.470968270670383
-23.485712814607723
23.73526904224127
41.247124008525134
-48.98109000451177
11.795110036006008
-268.5495910468453
183.34703254285523
-63.76346868032421
26.5309676265897
15.230742648635896
-89.74791664036661
-435.6264981690056
41.39718857345542
-0.561345135429292
-367.4808629656618
-4.661491479964074
8.90335196660999
-48.823259311431684
-28.596823269526794
-136.51124867610463
-617.6488785915772
-34.60918049452539
28.777296708643917
4.329083233370511
-11.093197131997595
16.474495098662373
-3.9209336968820026
-31.738291467219824
-45.7802290084285
0.7447021527147513
-29.89660297034994
-119.70811404083997
-224.57919910293276
-20.892104208673118
-34.11236353294589
105.7743059309496
-277.8831111199943
84.73769905517884
88.7445549745662
-7.05454541879044
-135.13828274974549
-30.762314632329435
75.41085733767068
2.42896576094995
340.36346117227185
-50.62383462964135
-52.62757814076127
34.90180834106286
-47.71068260680714
42.28009890976682
-10.926898014480173
-187.70412668404242
-15.331235766724603
-55.107902515476844
199.50885265949
13.511399987903133
-243.6560936285514
209.95180937518307
-25.246506328065152
248.01928221580602
-24.89896112248715
-84.11949512328614
108.40087468484671
360.18080571893734
-196.08456825073517
-52.52444537195197
-71.77197797679219
-350.0986966515211
-28.806699944101183
13.677004589482749
50.14812996623368
-205.32503254322637
84.44750526726693
332.60600607508786
-4.40511360500012
-74.49778041810963
148.45096658297916
-67.37348772972473
-65.73132856091428
6.298532557449562
-353.7240038504442
-147.35166253176067
-10.59412647154386
-116.30894562120739
-58.164466033641666
-89.53662830963538
82.62764271375454
111.58941224252794
-51.0912700237883
-41.207806259339975
57.20396903218625
-253.061294114701
23.026692439647377
-171.13063037072152
-430.23262874926695
-20.72814698192152
-38.83211029651936
-64.4712621702466
18.168200430580328
-107.77444138461229
-17.824416703879706
-50.378955269657126
-131.7925010598783
-26.55277845686988
72.09010321023015
71.50181384978714
-52.74468637505393
-8.39962402012577
-18.425639292521737
-45.28421288886875
-116.7558712440532
310.0358612154014
-39.248499092863966
-5.390445818120497
-49.50051938066099
79.61913581016597
32.322631274460946
-411.6655221058063
449.7531087508596
-79.19838672696699
-109.03823569356791
175.1661394382354
9.31332456316386
-86.88350579298822
-32.09749641275598
379.8020894649708
-21.286866507139678
35.14464015174963
-166.48968862829497
-47.67351266883816
-70.27064969966382
-67.56556426344292
-56.63871639379431
-209.80389583408578
289.5880329751544
-73.62107947907549
-94.4297790676892
-100.52259904932296
-212.41455414727534
-205.16754496435988
-63.65103708244626
-55.43151462167498
-39.58519407198378
-22.258196334945296
1.1556546631036326
-68.5739265571011
-49.21099011857094
-6.205696616374553
-77.87435254853335
-586.5754055763027
-105.62357817226075
-30.8507098802376
-52.0580273039716
-19.018346436128468
54.90182265573003
-384.56905925798856
86.64923993785578
-101.74626541501493
-74.37637950996736
-2.1278355650254137
-31.53925297496312
-308.6514075800933
504.04563099945153
-20.317710036383914
61.17685215438905
33.70829450358906
-334.24212318059926
-65.41823175704397
7.284541166791314
-60.71110814422825
-26.30458510763674
339.2912733509638
-35.56960985786543
-94.024896388466
-90.7103370566325
-45.55654681857303
9.136477205258927
-66.06960847959454
-134.09914458783533
-54.16375323614102
-49.56023599546296
-52.64313402455948
-44.14017169978433
-57.784295852062
-65.53832069356213
-46.45057735479617
-32.51424329192173
-67.50933505830835
248.72374975897947
-171.23557098631863
-126.37960465972355
-170.03036321018226
282.33234774119046
-115.59408736561818
-52.89931500200586
-136.60756393303382
-38.63368370321973
371.4213512079059
-103.3071892798251
490.52954490019874
-421.3190375328495
136.91128487796777
31.08131946569665
-55.44602011075849
-236.39910275338934
-384.34245648812794
-199.19844320265565
25.605067297000915
29.447966223477124
-126.34920707014317
-8.147513507794429
75.04779877677356
-33.78957719878276
-88.0313969683896
-68.4874526309232
12.090872419989864
-191.13901432147213
194.61467068955608
-32.09255444325265
0.8257083354383212
-20.683635398739824
-306.4704466851563
2.334248921896915
-21.765560941261356
-74.99122020668277
-179.21075748751355
-63.66464334959511
366.18497870013744
-68.07146535033468
-30.90038180894149
-62.84177863758532
20.588857243730672
-31.231234833352573
124.54000773163352
362.1128005767696
-26.9312022535737
-195.99789824967047
-154.71002128408327
21.589650278203408
-49.897322846318396
-44.725940529577066
-101.405765480622
-94.47465467014365
34.12995940132805
-31.669048268294084
267.767621139481
-65.83979369622105
44.81389940038525
-40.06344109979909
-16.93359333178887
-10.950222370684969
-107.10226523279968
89.77762482602111
-90.00211751851465
0.12439976848509104
-40.258710701810564
99.93032805507028
-132.41280487499716
-75.5724531196689
-61.53302928287354
32.623470398859354
-110.44474518051538
-62.93808746404284
-39.832352216660404
-89.58188677150247
99.60839418062642
57.25818299306957
400.337224360268
-36.33918213006257
-110.35937892164598
-87.05199155461105
419.9568939303135
63.690656086158924
67.65832412364216
-10.098446201944256
338.8151231153024
-61.81432284431789
12.05790384290973
-148.1892231380134
-148.53091334797682
147.81449700212852
-16.234158950282108
-303.665612507064
-36.99376509595521
39.53614067405579
163.46857278841162
-403.5305973197828
-67.88837087488986
-42.12960957757799
-151.01561382663567
16.313369545578098
70.12495648744152
88.5051176687175
-57.43517638450976
-25.09449730601594
-53.08121985464874
285.65717649080216
-107.11075890163687
-127.88218169585343
160.741385188428
-160.61366945937152
-9.977614641197656
-23.672425013585382
430.6440727945828
-65.11722032788208
38.605807796143836
51.60354980414377
443.936027110989
-32.6170319846356
-33.56401036382442
-381.4808677926321
-74.79164673932311
-100.87893553783378
-110.05660158495071
369.7518237541244
-48.351324560021524
-23.83763103347792
-2.1799132469527436
-83.12617161524413
-23.925411015503382
-155.92743342942958
-28.484239886463683
-63.672056692239465
-89.28081508562484
-153.05711805950523
-12.121066759210407
203.9610509208178
-74.9296847340297
-64.65554087939084
34.223974584194366
110.83521335888463
-103.54453004068769
14.032047646898718
-104.80079303617619
-252.11884423038373
67.14057133295319
-83.83340056395718
-49.90338587833508
-118.63241419729093
-59.59492549294683
-81.7465600556643
-170.9226268224411
-80.03190807872033
-40.064400081558006
-68.0661105999196
-65.2332689721261
64.0082500389426
-502.9191123188757
-46.700978773867504
63.913803646957604
13.7424897710155
-317.19420824035296
-100.95028052691669
177.3671125128476
-59.04715556512201
-45.297498285865004
73.39196758050275
-8.091506931710683
-94.47784436912298
202.35271755038866
-93.98855945223113
384.51559642838765
45.06427260210694
-239.68947220944665
382.00984310953027
155.6176275015223
-37.70679422014035
-41.13672742226673
-47.736412746168824
-26.73931223060866
-110.92109547196196
-395.86665437082047
-16.6227195676056
-17.243179391560027
-282.7567059910725
-5.169306525262016
-64.4824324896017
-52.426026577841185
-16.165726846555124
-67.15048238587661
60.47616376143742
150.50901029657143
-35.055293452682236
-63.304659504663505
-24.53702816458981
-51.6591736965438
-190.27659577295162
30.864780282739503
14.948795652233684
-263.39715747795344
-139.1316152651434
-95.43299052768614
-298.886179767238
-79.27339469228593
30.155601413174736
-93.15764065946598
402.2314789885895
-101.11544356089878
-457.1872625629694
87.95460304876906
9.907537167868213
105.71876842038182
-9.166902516401933
-22.81067017119784
38.98664379277443
-101.00939017274595
-31.04230265966237
-56.68547619639623
-41.267243020728074
-119.47739550890219
-374.8803799720781
-61.83876579347265
-49.73004709890574
-3.1437622785360873
-424.25946101829777
-113.52805503450872
74.8819484598439
-132.07360716179755
-178.86984728403468
96.01728306806035
71.27934900609853
170.57375191562096
-71.58625281105014
-87.29546256977837
-17.04263632875154
-88.77042648075258
-30.451229557797536
-56.9614492521921
-292.2710724807912
-87.79975917827944
7.1636551252086065
-54.354623116499624
-58.75585103070932
-34.34238479681545
-94.35122197824582
-322.06080443211795
-148.00835776527492
-51.23558280691782
-34.88567465731351
-149.69628791469768
-194.97469263951461
7.741951578085887
-64.43558790283618
-37.85257305031287
-46.89579899705763
79.46511763988929
-287.66093700210695
54.55854505128082
-59.99755621187862
-98.46854228994876
356.82736094746906
-56.70511617328598
335.06224262702017
-77.20361317011418
-57.984607905285195
-65.81696519035032
-40.90391295002371
-96.9703107199968
-42.93638814567223
192.41520603368554
119.79582160167956
-86.36799059559195
305.8975286529312
206.845019710192
-373.07658586915204
228.3360522050716
-57.84926394068973
100.08443031002071
51.45814889250505
-378.1160977187492
8.996539934885732
-58.95605441590109
-415.17071814142037
-67.194738081202
-54.46059803520658
-142.39079508178384
-7.5214753177000375
25.803142518227105
614.6839945962338
-85.7778778424672
-57.989467079751876
123.76416188502117
5.290896700919575
-3.4435742731720893
65.25257371225962
-289.3601835859772
-106.76893609560648
22.454945232914724
-48.44169624922233
68.93495321894625
-87.28925913334189
-51.321241404586544
-166.94804709905475
-25.643750035201265
86.36441690306856
-112.56743890504913
-107.56320257406423
-140.08142526748213
-113.5612830355185
-66.00845969945294
388.13124825337763
-123.10738214038611
-103.82378743773279
18.458247058437337
-54.837149622461894
-190.87778037502176
-480.01241588996163
-183.60121696276656
-87.4010973992605
203.15960857847676
306.2299339321671
-362.0492564394481
10.254855745486566
156.63836057906337
70.26708326235348
30.152760713759562
-40.50329056739975
275.62018954095583
306.86411053124175
-109.19867631909972
32.684478128109504
-36.557837746733185
246.6999003180481
-92.83420534531575
308.60497687127645
-28.075296493356625
0.8587758554344873
-208.65163509781542
-34.64493724904423
-132.4837038585856
68.88863981101713
-102.77458978393122
83.71848005041625
220.43705514607973
-144.8435793391619
38.077278696162466
-59.47541918439015
-43.910888921947844
-69.43188813004556
-106.4042678208873
-45.70358070213044
267.6949038880175
-20.542954726989365
-6.461831520095075
27.94544617406791
-45.734434004624745
-66.17266255349087
-45.39265576754224
-160.00607918778405
-105.75056695828971
-61.041204497137755
-2.60533062138893
-21.620046635350946
-3.267696186841963
-50.912427283547004
208.24413108790304
218.11843378128106
35.03226584022195
-67.51222421645578
-188.57775936537473
-85.24045532099626
-201.5984663457948
-52.15907692227938
-2.2844127023335545
-125.3510134489079
-64.16983036613937
-15.181865588409892
-136.00091199288727
111.19388068955413
-43.41727892459234
6.541144915985342
14.87323797380634
-76.2830749358618
-85.53311830827806
-180.06179575486567
-59.45183478652352
-18.708322884079752
-35.57828916743139
-47.485460859043314
-279.2202614167045
-64.58031909648778
23.303827999250643
-547.1730811734615
-85.99591106900863
83.05144152035427
43.18128272439753
-87.36051097582165
116.65200490638927
-113.40992583252228
77.96524710616723
284.51305741738724
-82.50064764911068
-240.9054073282241
-45.30048033353386
345.364026463325
-63.78415552953993
-51.07556454239602
-75.32579229006579
-94.33093367938454
-35.455359101702
-289.81272839308804
-98.79444588123272
-84.34680371704194
-24.342535566111792
-73.8733495610195
-76.61034507563207
-560.2799191508257
-24.474995422620587
-11.109031881827832
-122.92330865033728
79.28809690575235
16.503898682080717
-96.05467334953555
369.7577835842767
-76.36596782540545
-109.48948316392335
167.39543515598234
-42.86779033526388
69.07628314242447
-67.04977256847545
-227.89223464768838
-115.1674225317438
-41.551462660032556
10.038680490830302
-115.4747787723104
-37.89269211550345
-25.59887611378508
-37.907574501569115
-59.17668521651012
24.68401988770529
21.586164035032652
-113.89098277917583
-42.12089542500951
111.56572672629773
-49.5494729097731
39.3527615726548
-63.07107854587485
320.34001325468125
46.48108458857678
116.59407153152279
-24.749360775968853
-36.13021503741447
46.181985649505805
-182.92485060608306
-145.25981098114426
106.53532852487297
-46.74854967819556
68.8491226920778
6.3281045234100475
176.34974293464984
-31.437350283425985
-14.034066927473248
-170.4744134171251
138.57169578229514
-78.90675374958438
353.35829636025846
-40.63795839584998
53.43371569941519
7.712239748988395
-58.956291270103335
-6.303381834038173
-45.09737225420213
39.1754289125347
21.33731515278305
-95.530527914103
-68.5941453933691
255.61884719939826
-66.41684195080654
39.643573054101154
-22.157189360854147
-84.42295062732791
19.108304814106305
-181.4926007795657
-95.76681445574309
364.4883427249133
3.7940558444272483
540.0459577400361
-83.13812051125763
44.79554908958062
-84.21023186500861
-75.07896266995911
73.49222742951679
442.4821360850019
-42.343884473161324
-54.088669952779966
-149.44838157838421
-110.44574911395011
-22.524293446824686
-254.38152528918
-205.704218565249
-56.89072092782044
7.784205358118527
-170.63592107341265
76.35136460232752
348.36401897242104
-61.696459513947275
-199.88937143236762
30.17048603291488
-232.07611394391733
-65.61800840346223
-189.58486362312033
-39.85526629311724
-43.283061432084615
-90.94722393287158
-62.87690670177835
4.944303137638144
96.83131196297836
57.55881961877003
-44.24504369613351
-0.28510672603988496
-460.77131427932727
-292.52863999294095
-142.25270565860046
-303.8023264985168
-199.54498345990305
103.41200614432637
-95.80335296273029
-120.67866137066449
107.4109092824201
232.09737261040027
330.1159362042763
28.011565957865173
-83.98645249510628
-34.966465943723534
-80.62210127661137
5.157159298939449
-49.11412356348319
-70.89151148872811
-82.52434924097396
2.0078700717520617
-43.31156174799499
-70.31003230999431
-9.570193694527575
-94.5277177271583
-102.1069491843065
68.37140218573404
-61.357417694234286
106.67491731103655
1.315603073382674
-97.90249088444762
-58.86939332826306
17.695153808965188
-7.371539663847216
-147.03162959124893
229.84242242652908
-195.01079206124996
-260.5403281781637
-106.23626161161117
-381.86151778022577
1.6719256470860273
242.6382719603189
-18.94486336179554
-64.64466304983593
-97.00322608205897
-303.5370480456186
49.50329749318915
-62.935225530107346
-53.35666923942536
-38.49971002640612
-6.981829024606668
119.5265178839636
145.11340679688146
-55.44919702519081
48.787398740661956
230.5506799659115
135.6819752818701
105.36342961681476
21.865719414510295
43.241114698608726
414.71995569405226
-157.81990244564622
-84.50889817539766
-60.13061886121713
-176.92635046007854
446.00879809528305
-666.469172520874
-56.325112472365134
-74.28760433569812
-89.63330439072382
-61.333657137232876
89.35855778980158
-242.71611666756326
-25.01341672353274
-19.046539619954316
-15.40191249440295
-230.6849790136148
-70.28525281924743
148.38110494566354
-40.262295723589645
182.2248810944766
-60.9334126361824
-65.33519199338849
-1.3498009680937457
316.3311450403544
26.62278109369072
-64.21917569684865
59.62311390058494
-57.48711752765121
-134.94840316603586
-27.899390512235186
-119.94011257911461
372.16286943876366
-12.233774343516409
-344.34006155727
121.3674063411072
-3.695212503464063
-38.79714593641205
91.38545112033898
-29.448842323511407
-65.76084337786747
-133.2806497744441
84.52299020773444
-41.472558163767644
130.9411760832627
-27.07206785639937
103.9093888772768
-47.20746183400206
-24.267414253699712
-61.133124099169926
-58.937559328961456
94.97880011380767
-50.73730100525498
-77.17864186936724
7.332809629347594
26.46422096838819
-77.87896572406154
-142.82065312689213
317.33747522412887
123.864731331043
370.7795301902679
-101.28182431715774
-26.190425353341197
-56.42988346967104
58.68641699868567
-26.415607400596855
-27.387509212585428
-182.50936665080917
90.3307011548277
-40.292370016270574
87.09981633787538
-427.19490710713217
189.9115358259187
-57.82691308718381
-24.38572118188173
-85.01834246652436
83.95495730485163
18.489013791122943
-359.91357357448396
-102.4406748608878
-97.02479914867673
-99.1521381389978
-152.5912347611793
-144.6209799238627
-481.00042320175726
-136.79124129146294
-42.371643093135184
15.05697955166579
-94.99475611558773
79.21437949731126
-71.1991747048005
-105.12777440850658
-161.2706993655902
10.77173516860239
47.56997922304163
75.94529313154362
85.77274240998122
-332.82392610538227
99.93755386562043
-27.921509707024313
-70.83744358442375
-77.8323938481629
-95.84099835296345
-57.459622952477
-166.80766883090837
49.79705857928093
-24.739463891157357
-231.3097633260768
61.635151484126254
-74.08225952904354
33.49284434057154
-51.62051661644688
-59.47634881643762
-124.64872463557276
-194.5192565531015
-15.796146690562693
-66.53609774272587
-106.7413762638486
-66.6173313791403
-117.94225862457667
177.89772201963387
-333.5349653950543
50.87966850032444
-219.72720848793688
-60.124600716826535
106.6967929784314
79.35661235915359
11.132804127662844
7.413195209184778
90.97461657265012
-73.86654635569842
-112.56022310605294
-174.39527329242628
-39.997874355690385
-298.8936858850029
26.267318123913356
-33.34311430099882
-110.67957875231787
-309.65003017959134
107.97267418171668
-49.900883712159654
-27.77087000621729
-57.407441011854644
-23.822224564314638
88.31889525087445
228.9873226617765
-100.92173318199268
-163.06126289156782
235.40238929761472
-65.07782900361599
-159.26915640042716
-159.20110689830608
-421.0969430397945
-313.5532097592395
181.79191834245103
-89.63375359827077
-120.61688552516534
-66.23593733959174
-104.40118011586117
-61.69890173977845
-26.327522095327367
26.38372563923258
374.10709970309654
-49.795279858406545
-54.70101773023288
110.86696408367425
-77.02617552397965
-60.68187322834024
54.51707983038523
49.12564920035402
-174.1614199771666
293.11864482963756
-53.132154730815685
46.31685972966079
-245.41273325238217
-144.71515061936225
-178.35612728006345
60.09154179761208
-2.3151974890629514
-56.54488162618509
27.796229727222453
-26.380073089749203
170.61016921894588
-64.09030303918371
-23.65209462207545
-56.663449371586466
-95.06627787782692
-235.55959797498144
-345.0743985362642
-75.15566152008788
178.32821397212138
14.609386647946145
9.131710182739653
270.4242855912198
13.64473242742497
55.71909092088208
-74.37492193965886
-411.5639185217333
-369.33502207358106
-53.36944382986758
-41.30443314398797
-5.2759505709409495
-524.3790800556781
299.97334925889845
-56.4300952684589
-98.774544308244
-14.23313612068796
212.69081161125905
296.3680395280444
-68.55928439591058
199.35877871296543
-132.65445002745855
153.59005193174198
106.74204621676108
-9.710556647539306
124.44249898320413
-21.260142601095854
78.36664260926318
42.05680093723413
233.9725648566182
328.91806216120494
-17.38898762759709
-27.58507271468102
-148.7378757441893
-104.09623039032283
15.440858062789403
-347.6061453048642
-149.9031024768792
-49.58691090420848
-227.72085168838748
134.40264418488005
4.925461973957226
-23.297504284336767
-71.06088529658791
-31.925407691662258
-72.33149901986553
-56.77014413397105
-32.5094920681604
-562.8053585599864
-160.55122896863395
-17.69482786114895
3.0337810764604
-43.26322529482138
299.40609360378403
-75.52149745722129
-51.01098506117005
-33.34936638341867
-68.83797469586423
85.39590786388021
83.9896927374557
-130.76802643372503
23.74825234551645
-21.876433833405827
-47.08605164284381
-232.2923928620803
-175.4819434517267
-121.66845039204782
70.41522189063653
-69.6944615935928
241.15815467551874
-99.99589354150163
-69.2376068901597
-25.66519732456618
113.76737534336098
-2.0207179706485476
-49.96966171510911
13.748780389862532
9.8840180166967
-129.5269466007985
-134.53319657264183
-12.86861368472398
-130.07431672115672
-28.877917473202615
83.01762825018142
24.557611300599547
-48.89131083527606
-80.13057939544
-86.03843807632626
-21.736420328112217
-443.74780670457494
-39.72099023837245
-79.86044599752506
26.542859178138315
78.21104795303381
204.02801991802517
-71.46791267370344
288.2491866352593
-77.96335596549388
-4.608455568189635
-33.91207421941067
8.113734064480937
-216.91671911846424
61.39745464220323
1.6362684431969683
-92.51103603355813
-270.57851846451194
-5.764698061250101
153.81725669641673
-291.6787833704693
-193.5808829611433
18.659415393507516
-69.09796562914744
254.7369156108798
18.905647040615804
-1.1800070548842996
152.9971553808773
-90.89463317605183
-32.34730260008155
-111.80826370678733
-186.29727834125515
-88.05466053605338
-42.20268616987323
29.875018195978555
-26.66979787924174
306.8599635412447
-291.80886348911554
36.10444957739023
-6.8267282309486745
-19.01212815990331
30.54804969700035
-64.90779337808242
-52.92381005188483
-271.197943488236
41.32899286256816
-277.44185191489487
-26.63680708056245
-54.14590031976414
-340.1318596406836
139.32325050789404
-30.77765508634357
-56.452389148287125
-228.50557585355637
-40.414457328179
-37.27729750279318
11.75416567141474
-146.4398892461977
-39.91121593967773
320.5427139523126
281.35780492740196
98.11256833495509
28.7941368517686
68.297981760541
-67.8093878857066
33.793166341622054
-7.815515988660991
-102.36466275032762
-105.17686939975283
-138.28826522901
-156.21428605473557
-131.06967806400098
-72.1551292193908
-126.51136894855881
-179.00023922148284
-24.807350788069016
-48.044431590040446
-396.95166112288643
116.64796809258405
-113.42350833383534
-11.18706621563797
-62.62370103558204
89.2268935397824
-39.363709082328334
-255.75656454356067
-44.22675728195645
114.60417983441585
-19.90646731238121
-116.45858372879229
9.081227679946943
-451.2450926324582
-115.19892657842183
-72.92779813844271
-527.1730995287926
-49.16839132442419
-85.08984925748254
-52.17498087064718
-41.32784476697179
-134.61500998298717
-10.982645957272325
-25.69671128623304
-154.04715639661663
-27.91794060513712
-39.08733716321785
-105.40999739884137
471.9721014050083
-45.11523351183515
15.514012727260706
-59.56763544897619
193.0890248515425
2.8046227087344278
44.691553004369325
16.47955498769352
220.86580284134288
-131.41403748402627
-66.08466800419606
-115.87092548829423
-21.893518006356544
23.132318200100826
-54.32738914792831
69.21529881855895
82.13133472592745
-35.20029915850235
8.185695992415276
-24.926992771306004
-42.680934744216756
94.0560382075364
99.17027195374612
-82.54090191416599
29.673284673683156
-62.50681629482824
-63.448438331748605
85.4176412858069
-167.33338829754393
111.45862442367434
5.70839071354203
-79.13159414642178
-596.7476413927325
-106.96239304676419
26.228806848048407
-39.564941693609626
65.36100629722932
-40.99844747908037
-4.556301268472453
-70.26101000208291
-189.11472685997614
-299.74650950581236
-219.54697283655332
-62.541864937921176
11.409199128344767
-363.71689548432005
31.265294790201096
246.8497289912102
-75.49507953103078
-9.238515380717814
-202.5385952904344
-495.9684847638546
-93.99218630495307
-145.85231606972957
24.893607827130836
-134.48333136097426
49.23071594265457
-62.594154389130104
461.7862239611168
-78.36558009025558
83.50913177457551
79.82268150171194
-65.96468622357389
-42.48263235020693
350.29533404252106
-6.016322646766714
-50.044615517829634
24.683494424142737
-39.63221888324642
-169.79062067788254
-562.9569193045809
-41.39599924732107
118.9752229961723
262.1904365397331
-155.3354762985491
-11.359762890741877
-131.8466233739232
-157.88644677575212
-318.95189308646513
-50.56422049350215
-51.402905421612175
12.17971725895768
-497.20640201327114
26.844823640270533
-16.353493376246764
-91.31188378242437
-63.446800558159026
-31.742603065094954
1.9934035026581114
-387.2607226120381
-76.18246146174818
-19.780908200073764
-69.2149142083577
-3.9913894993022723
10.573325899244324
85.73149179955408
7.7789775179560365
-55.795165056340764
-102.16807359643099
33.834942772467
312.67763954887596
-135.17163237130936
-343.1858929642631
-60.1114678066738
64.64405286684632
73.7810008846136
-92.91928094429508
-37.9938053709406
-29.29467408702112
-17.102132524840087
-277.01676266088907
-61.601897580057134
-137.31494001766623
-400.01399668701197
-163.68663626413218
-57.88078688797543
-93.4578950843279
-81.5809369630553
-114.81172864948712
-37.41109176303223
73.36675602946161
-54.02857883815523
-72.42236282667388
-468.98916736975116
-271.47730770435555
-66.58067893589532
174.22179874471658
-354.82167538861177
-34.459392162222684
55.385326675916986
-10.720182984898202
-61.9765341105232
-96.24427999303043
-100.33003378724243
-31.4783035189827
-135.86285457640042
-34.344099971661855
47.54727469228419
0.8990012640301465
-51.867390536317544
-329.3179627362224
9.711331685040932
-170.8188823468463
106.89851398651263
67.44630139938636
-170.76133178311102
130.59448041361065
74.70230412443198
110.0809761769724
220.699821540602
-56.99646217110248
-37.226362541721755
-4.6711716373647505
-261.6336360389978
-20.06405794711418
-74.65000875158432
-79.16768807237804
50.47628625784455
68.45123744693774
-121.86811093124197
317.84077398178033
-131.7658982267276
319.4125895494217
53.60705064638023
-60.491505009285774
355.0754107533121
-195.99784729053317
-239.08803370426904
22.9117801841129
8.507998837955885
-99.08562789125223
65.01572797250446
-346.82437633060545
29.85766462726042
-62.83081746338546
-111.36960557056591
-47.207259368786815
-63.865806019127376
-21.182221751791985
34.91370484199524
533.609643398971
43.59892900059458
-88.2220426322886
-40.344954045589986
-163.6082309207004
-43.79724258303736
-31.399966092892758
-32.35326521988453
101.48310870227942
-96.7675110310447
-3.1593508233781904
23.521038321201786
48.476830753020295
86.27307227456731
-40.07833142245181
70.20438062077119
91.19133285223961
126.52803008544288
-99.1062847382321
108.64723187784739
13.919951070431239
-86.9001198623373
172.99475957111645
-31.823239115112944
18.592870398125672
-25.86833546383241
3.471450522458111
412.27972241649604
-82.88999980330482
-96.67841260114857
23.72519101373727
255.63598502569948
447.91776567238594
59.886082065577284
-174.3011046539541
21.230692942156125
-55.89425233332499
-66.42080103858098
-137.62608559697583
-89.94480050538732
-204.05373291223168
312.73440755095635
-53.526887441832415
-82.79036650281301
175.5767125106704
-132.20426408352432
278.5811043993672
-10.564086092384013
-365.2619449419708
-45.578369220217894
162.13321570168773
-80.24013700032629
-44.35053202829657
-107.80818988824285
-3.068603859904897
-101.79433740610497
-55.207071357931085
-251.30875009784722
-282.11257622118865
-74.22688226557739
-44.25849416348319
-55.54239530993552
-44.484226548373044
15.381161887730741
-331.0377076784662
-65.33369575777469
42.933163219249764
-103.71660163385422
-108.06410695103295
-123.9617211191835
42.493672601337494
296.2327883448979
-37.94050397468345
-10.34420577526464
-75.77109993942759
266.0542798588467
-259.5780720624107
-42.23303557038949
-2.589661073278876
-19.908673638250093
42.00290385905646
-68.69202627196864
17.171043827878748
-28.218880727024953
-75.24815726041925
-286.7106902204514
180.56671058210077
-237.23741769127173
76.02808570456818
455.92123340032595
-142.17536172376822
141.4409095020801
-281.9529136643141
-4.651084449298651
-16.753082817809968
102.0733989405835
-35.6850367419794
196.14727107141698
228.99260580312875
153.82767439148665
-36.69970330691608
-89.79259483331333
100.00652086432092
-53.23199318173101
-189.10389390639466
-101.88843918467417
-51.3156782545683
-116.75993877854125
-34.7451049687711
-99.36351094061902
-391.3190501905019
-8.662428009139717
-7.50032825995072
-57.57479319767117
49.91919232471355
418.205257558433
-11.107237091617208
-29.877121587081774
-70.56164385428438
7.253303226811113
53.459391635675274
75.25579902470236
-102.60381002667054
-58.71404072534042
-55.734126207194414
32.12052448442675
-49.95908866132432
-37.312175228152775
92.0373263698475
-65.3655728143026
-62.671360254197026
-65.59373196342985
-44.60791435684004
201.41445617496356
-11.285551649828903
-7.160298272149703
-47.532215064999946
-24.88570137634997
-89.41120138321094
1.812541078481047
200.37285622814306
-15.973255817257268
-37.89691447345467
-1.5476692304509925
-33.265078431782065
-150.52599184409428
-23.869421884952317
-27.96837025464629
-82.17498693107582
-91.5984380711261
346.1957837669961
-85.20354452286419
114.50270336875838
113.04262448982445
-11.100625967826716
-265.88242145961885
-5.336391909450935
-126.30987461372933
-4.374814534890902
65.85735496370671
-0.7271840199772299
-113.95500414112936
46.23398660386192
-69.62879036613658
-66.81917244169836
-21.35296589150272
-253.6241826628193
432.5050425098834
142.6716005478729
30.222051995218862
-187.57046108358918
-126.63882176503103
-29.25368765910207
8.273302059409161
-108.40275311956975
11.248448092286708
-45.74399799422051
-22.770226084669048
164.9654499393564
-368.73581135178756
40.05705314383886
-18.26821016842223
-101.57850789817712
51.701325863352395
-51.26415008069383
-36.068432247531746
-97.69990334835842
73.99633198904075
12.523877395538253
-21.192865512164644
536.528490966437
-11.378100524407273
326.92984594662994
153.433198231367
0.7991914725500919
206.04420873245363
297.18093952931486
-182.999609077915
-115.26995923371578
-72.25475093117227
-188.00151646576796
349.65176082979997
-36.219217831921746
-30.493190347106065
-105.30780206649469
-93.09309772806591
-76.47793082740392
-17.90327229609224
-20.842974737062832
-61.873201225999416
-64.45029169848613
295.87487531826264
-69.92553636388766
-39.47106937818512
-154.6070884856581
-11.266826626730335
-33.73008910675617
-97.22799269753813
-620.7605672467325
-55.448223829230415
47.04300139166298
-80.20008482851335
-46.210348486045405
-48.21538779482598
-185.3896749762207
-170.81157150600393
-381.6441968121562
-109.95460648655592
269.4004730361612
-182.7624515371026
88.703691063723
234.1056432048299
408.97888965185666
-68.9381761101464
-96.1752661203337
14.923754908374576
126.50988435196996
336.1493011968014
-53.656091391640246
24.992723232069693
-196.66900861216618
21.472840990552868
20.34197367575689
-37.85950109424289
-85.3672490717181
-62.816917478477905
-87.79811050830176
-104.35998865600232
186.25823924079123
0.010304257271855022
-374.78045041493897
-59.86952531916076
2.6163403774985396
643.4289696317792
-53.24694096238409
463.2398544600983
-105.68717591606743
45.10098058389019
201.3679217965564
470.3554149661668
-43.32726411984754
-14.227490505924834
386.941743972684
-103.04032445313607
112.20064698061287
92.06562033135424
-67.21329219617292
122.64496832300301
-47.239145672218086
13.523085819302569
168.14168072999564
36.01826958502829
173.9297311223163
-202.35055586402268
-32.45951700450303
-103.6324983618838
364.88309274472704
-233.30916486218666
-282.4672687354614
264.30600414521905
-62.4969344842375
-233.13398534581756
-76.92757626776748
-0.78914403002324
7.469102515325176
-90.40259608012144
-79.41167917549149
567.2166747871916
-65.21814833116696
-158.7486395165215
-125.80448248266566
-70.19214868744172
-185.40747595454377
176.48966526707636
67.24242108739963
-78.34779619410214
149.95108482256364
-24.510182768870436
-60.89966309342525
-80.6790666220113
354.03846095673725
110.04046541633033
159.32024017344702
-60.00936356769813
96.0804270519493
48.25260577929839
138.35537413481325
364.90199574826147
107.7734394438512
-49.622860490362655
-136.87096587264205
173.98423019722668
252.57910398394597
-107.46780562364802
-18.98102975829579
-334.69221044246297
123.87534801574202
75.94581646103234
-125.33072749283019
73.72591061146159
-37.31446645764845
-36.7569711427648
-71.04383155154744
-185.43125905686247
-48.711524741955145
-230.24191791134672
-272.3167382418951
-168.32008554874847
-78.50671486012826
-105.19460578755765
19.600805718681386
-36.68199459398795
-20.52344681832983
81.73952221358923
22.86967909823761
-93.70137158767258
48.874993933930455
-85.80719297303449
-114.01294518534594
-120.64802975862767
58.407989959219776
-233.830919669168
-66.59905035479105
-82.55772078491509
446.71700753230107
17.46155767147433
183.9453202292716
-77.06636004775169
19.90294550690851
-56.125719167787985
-52.77190007636805
-61.240094463689275
-97.03536200651162
-301.70159712537315
-75.51691163871412
46.90607710439781
-72.74879283847662
-171.94665007860021
-77.60548530897904
-15.563379851272202
-165.33324863097914
-95.57446008219631
3.4343574843281885
244.14876964832547
373.18091631985226
15.162606256044455
192.2939924981838
-26.504332464665296
-11.853580171090197
-88.88261110523418
258.79580345639897
14.649055521884748
-31.054753612048614
333.1907267814295
-16.26281933024302
153.894776155219
-132.21290931228214
-28.779887235367823
-54.57648003575498
23.35927358427216
-71.22784940834617
-152.83873279028194
43.72052765430635
-322.28628523110183
-21.191768250033135
-66.38303284166443
68.46360155219554
209.4621660270568
-258.68490150347316
20.61508968145108
-30.588165186226206
-240.25924924231913
283.21129138981087
10.708691196247713
-121.49969354512905
-1.0983267034262099
-115.96950590253333
-95.3912783739858
4.832756596000763
-9.570287958236694
-325.6385963350913
454.43624063354036
21.002584948586446
-284.409398530408
-73.47096876264186
324.57696814590963
98.44110720753088
-97.19488849090908
-95.8790086209192
-39.24068479300871
-102.8489248960238
93.31876376276523
-51.72029140402641
-30.142055260121197
-73.9344725014583
-60.3948942020761
-33.70420683208665
-10.85719954228497
54.510790853674735
-40.90179845675459
-137.71223405954242
-20.50491402140422
-274.82490615298957
137.00473114208944
-3.1552574815789
-96.95941675203278
-90.13155893430076
-83.35322294960883
15.377661478167283
-72.15207129106984
-316.57692791318186
-41.99330004539016
-50.73797982953849
54.92708406776546
34.71763029441672
-49.74286199670052
-47.46447094336527
-53.91165156602801
-95.47749247312343
-117.80572307232796
-289.89432815438704
93.53812849437736
-80.69900840154384
-273.5490732436019
-20.406999842300138
3.953298937248519
-401.4615646802513
-232.31466111579357
-114.61494645843968
-8.74194785830332
-69.41544646551301
-46.34117768894612
-3.583279167328328
-83.66015025526212
-24.41387106390357
-88.21248945779809
-73.8509208492217
-165.25902746704196
-65.24524097541179
-17.279356202397565
-37.36683480027786
-53.820022833875555
-84.00979236848966
389.87332011651415
13.813813272579864
-83.44138285318259
69.53049976636794
-99.63957749038855
615.1537243673356
-74.56133150879546
-372.3323073141619
412.86278483450224
-63.357788790786856
-21.218042147072993
49.9805725167073
84.72583484289407
-54.73274767603539
-57.689699186570564
-44.512161507400634
-22.18720235813953
-33.1566036673574
-320.4943796837215
40.35622243375292
-33.535981061983875
-39.86262885110392
-104.8672253716518
-8.584723740726531
-119.91232880658572
276.6442884062071
468.97258127035457
-32.90828168319467
-183.25926653498755
16.136857134465572
-25.235034539794015
-46.976610487985454
-9.338715668071018
-72.33264402324858
-32.19220312983094
68.17721819319922
-72.22575704462501
-226.5037147474177
-133.52335241823963
-51.509446259315695
-1.2583499066628774
-13.927890230674166
6.6692171574522945
41.14972687656996
445.0144282091096
34.29050460259714
-205.06859648159661
-262.2549246037597
-75.48738981782623
-430.95656844962105
46.58866624633083
72.33896258924233
-130.42732533885373
-52.52596759626799
-100.32870600134267
-58.21836597248421
-2.854430674772428
-27.801505511186534
-19.56511868475718
-228.63746477151744
-145.44437865596046
-80.32802789263127
110.82947136827897
205.55021553006372
-107.5159343186755
-64.1521173520502
-38.38073578957026
-226.42388631194262
-93.7356880828788
-100.09079381140093
-9.218194947217782
140.0538871375138
-8.183241868934656
-112.69022377449494
-104.30223872071292
-72.94684044443197
-64.24617485663534
-49.10758214539783
-54.491773592478076
59.85349494849288
-48.85985466439706
-170.78540963215528
-160.15007119798338
-6.616423839139511
-118.73286282474874
-33.34485615049085
49.13105281281423
17.257147098278438
413.5690346008796
107.1635418863898
-476.7667092278971
-0.5025080692134789
39.452083870769684
-252.45968446218103
-457.9404580160135
-437.43914643663084
-56.553618628078446
-41.6952011836338
5.360856143097408
53.51142730446918
-39.14070956268034
-34.320523361756955
-64.13973597346194
155.2620869731445
-43.468316570087154
40.12603519727327
-128.74568573019678
-54.80905481723494
53.211067876540255
-91.47007023259175
-82.95529841022835
18.928763751658153
33.27301808320408
-18.09771023841688
-21.690679968370468
12.980143204020862
-60.156588183272426
93.05759700937733
87.91854875084073
-29.469061082828887
-74.55521402535351
-103.18399252007944
623.7977380732882
-123.73682033638943
-85.0195910779239
86.00810744946102
-346.35240897358744
-58.81507982618041
14.66234022383287
-56.35098829566677
199.9037398148521
-138.15048297072462
-83.94941585384913
-86.3889534689436
-115.51823611273903
7.719682558448767
3.5130584217660066
-55.397678213143045
-49.71898530961752
-57.16904965232955
-422.33028129769264
-96.9009346030416
-81.8036164055159
-9.514098185129114
31.025630710981204
89.2554900592022
-86.64601434406723
-24.305279337249768
-22.137080217764467
39.80032564825342
-261.66781788373737
-74.22213241290099
-18.46396594421094
-232.88634763637674
-29.806195039071923
-80.25274279267681
-45.06813686872791
118.27667669061884
-89.02037689433746
-42.26775656780009
284.54105261374207
94.56600886590087
-47.88201072654829
-54.14455865057198
-79.20721572331408
71.33273733763099
5.627850085338196
49.46314025862557
-334.1694059056863
-60.5724676540176
15.260951800270787
-86.77332196531337
-77.02296218748779
-157.37672486081829
-24.676285803010614
-71.7088096868541
10.571872104695899
-76.00633407743173
-141.2332617338525
-101.03106788240802
385.90264789919365
-28.825775342863892
-395.68399886645966
-174.33707098583727
303.58436352269837
-48.49428409513078
34.073728819107146
192.78058976757256
-7.147209289928014
-72.6448926794219
-29.216040821025672
-477.61549467223995
-33.00630653096505
-289.5046704447486
76.72722180835626
-46.63616418197407
-31.2014967943324
584.8084083012491
-75.15991535668059
-200.45062185068127
-69.0853996861133
-288.06100764157054
-58.611596578010676
-210.4094231216386
-375.8623426663253
-12.286518024937322
-135.24069042154224
-44.460147756956786
48.96196683818016
66.09396544184347
43.778033488551955
174.3945555987102
-107.85943637047058
-99.92083270692638
375.85313039116954
-402.620776405558
146.85872397485764
-68.10461920501699
-114.74694133693265
-42.40170970964237
-101.44315902254675
-96.78326899249441
-87.82091248736319
-67.33199923186474
-76.86722628127433
-79.03192967683117
44.4947890235926
-116.80546343139758
131.66253004151486
-14.217292476333354
-508.4465060632119
-96.12166463194251
-2.72754683803214
-32.906896414427365
-66.77512368767202
-64.20683617366004
466.69681091376697
-9.355670280603192
-126.99405920477147
-102.26604433929606
251.24166541786872
-32.975219054044295
30.89167335711045
92.83442315888715
-6.349601945296627
-159.69465745193202
282.1170093463643
-78.70670546846023
48.56661140549801
-52.29289994378743
-400.3199324795587
-61.49493796055151
-101.21335843272489
251.1780927135569
-72.25168700852339
-80.41213283201596
13.756434735582843
-41.810749427152466
-250.72079171963196
-77.37867788216491
-175.8932372284471
115.73993724177944
56.47691064184619
85.48836918727466
-282.7854565809139
35.672190011562634
81.73944597148147
-60.4464584549537
-26.499986941788872
211.20033694207814
-49.916505354945684
26.857582934509992
213.7526492887091
-100.0524353968894
-28.41947065952263
-67.15776964014972
67.60308432437523
-67.26108011780364
-81.37806549079548
-98.4228082607815
85.43349508033316
-613.1835904848504
-65.64309493390367
-104.95529622945787
70.28218671896684
-50.76324889060015
39.82575728831921
122.8855950924135
-5.043729009564437
-508.0635042352769
-99.85028859280733
396.67098961565534
50.24532228255521
-156.76439089951236
-95.8875595562656
-23.344291164306924
183.44423131683834
-50.294573863642654
96.08771770944986
-95.2295941299403
-304.8410362167979
141.80674954640926
-2.8445955224815407
-247.82856098065713
-30.4830663388353
100.10819627535056
-76.37345208835019
-68.94538069504692
39.90754826478951
169.21316356266652
10.544002042852298
-44.42115419892798
305.566181522423
-76.10894410672154
-212.6405943543341
-109.89878463013702
-35.8602946564406
164.02786624408327
-88.3345205805017
100.03114078058525
2.802211376589355
-202.52175065775555
-56.26815340113043
-23.76822328231316
94.3497621835354
426.7814116586178
-47.36700583745824
-131.31292570526784
-65.68190641341891
-62.60581709069186
-76.44813611852715
-31.68159512152679
434.0600236273949
-324.5704964385495
-195.25410632694548
-70.76389953691256
103.16018654481559
-9.83675338577094
-58.403070150476196
-133.73372892903535
-47.871309756011215
226.368676275717
-56.85244275906825
477.0253523134452
-0.5332995931871665
-329.34681068351347
-19.46096209718735
-107.84720056511173
-16.634937380478732
-2.872684221409145
-41.312007391804144
88.67908958374574
67.8577035863218
110.66168177171494
-2.7234346295208525
23.172267828666463
-38.54086851469342
277.8853015681998
-68.48081027124036
-108.60740810436627
457.381498669989
-95.56449727427815
-41.22574749232963
-115.0538132728774
-204.12093980656573
-472.6567824520225
-121.04520418392894
168.70092596419545
220.75401049945322
428.77492183128925
228.43339092858514
-74.34266769135691
-115.25064332936927
13.539418598076848
-9.683724782010984
-6.880242460549653
-6.783603990515758
132.10347259827722
147.15642834342907
-35.36117400825424
-5.133707059766493
-18.814561575670723
154.00263074827853
-188.92644438064963
18.259693407339
-18.58362864236915
45.84699737248866
399.4945974683051
-77.98949530841877
137.20960571463274
-58.7924961686668
-83.05610203576647
71.36390903035499
-94.94413983529597
-34.21664440125812
27.16548045707441
-53.27081567302139
8.727290719649318
-169.67226481725265
-121.84621141375173
-40.45987225142926
-82.62001893249544
-29.81857604699386
-72.99560239179846
-91.47305828823082
-341.6210844577872
-46.77734471363783
-65.94680484491978
27.87769511581024
-32.611475527242874
64.43719743646625
106.48453476197028
-163.93598527279119
-5.751248114165719
-91.09214310834086
-171.11823839973658
-90.39262408806451
-36.37393471102041
-193.30771058607752
248.39930278573138
-66.95782630397918
-91.31743945104205
-177.31172357158903
46.249410250113215
-33.7798178667731
-15.95194058480117
152.42975417773596
-81.43313047896022
-127.68084477374941
367.21576403559266
-1.682694246970641
161.98318204264615
-262.19353670818964
29.20153886434673
-34.74901391951971
-46.591967543777
-118.99914605237336
-97.91752689107489
-149.18947912412614
-132.51533020682018
-73.43462085250326
-22.034632256162563
49.67553128569216
-29.800860454635668
-327.69769553065817
138.00165152710542
-25.85387380924802
-205.83211945824678
111.1247519944045
-127.47691408098535
290.58778092808643
79.66727361083758
139.59338553902307
-285.09951331980665
42.50169927573006
-23.665642522898906
-16.93955510922594
-62.53520870457942
-191.7038788573991
-64.9188851821018
38.397824189130915
-340.8836095660117
-21.748284342794786
-22.162441568684667
-17.816066146761898
-50.64516726887268
68.83771781484165
-60.34934603607323
-84.25095232964122
486.2825784882407
-264.7762847227823
-53.47035281561378
493.34546755980773
-29.496022382030787
45.633257377419795
48.21110197594953
13.737021147771884
-38.706761506681744
-103.12070658855589
5.498230677465472
-171.71656746449662
-482.54844032023357
-54.68180199723794
-65.70919415097228
322.84069521319907
268.9208145066823
-54.589832134782526
-104.3612926924118
-105.88073678684668
-33.523624308134316
-68.51473923129304
314.04178630523893
32.568025142001716
-44.45991003675634
-149.7021836585618
-544.0233757719216
-86.31840410397854
-96.49125900061307
-218.9771856470079
-35.30717368649015
46.71442319026983
-6.274735214173802
-338.25040096801786
-61.08212260023436
-25.495012990733812
-1.8954476927028736
-278.49092894688783
-32.249770142157736
139.83818002349653
-32.00010495982497
-14.60221505080628
-25.69612089274233
-198.8365215970698
-67.94489256805309
-3.5032372540345023
-57.01332505783341
8.961656386115184
-5.45727454314374
-50.17519864826056
111.33957038133849
-61.45364707268891
-22.040635916047904
-126.909458756616
26.207129122542028
-258.3126984205501
367.461129062749
-53.95073153292276
-168.50250800893627
-9.413842366661584
-6.267878634923477
309.5849780629851
109.23126863455036
54.97303256194755
-247.23424761420574
92.90169225133832
375.5046414587923
-25.13601599164382
285.59628045609315
-51.50976922514883
-77.52324641743138
-473.5024425834399
-474.5166068835142
-21.159899476383046
212.77325184699657
-51.032096940021916
448.06337817094936
-7.549622701797659
-11.99878814037038
40.15680610115669
-41.26423311420331
243.92308246001812
-109.03863238325903
151.73345299070206
-15.004478736313843
71.84308967724883
-66.25143463192572
104.05584497992277
-364.16058083119424
48.07048154648692
-72.17390126302719
82.13706574163189
-68.43647484209396
-47.95162624123237
-112.88427243147675
22.18143631927606
-65.28861476557356
12.191913517170981
-8.268395977837741
-107.42646384228196
37.52791603071
18.142822199393777
9.343718684907799
-436.19232619029935
-102.63861052189895
-58.654729090711044
-109.86483409807744
-13.29977944152597
-43.48934909168565
-62.60409794834349
-293.52277479878103
-8.360154583175245
-9.10908349019246
304.60364665062116
154.13921094677244
-153.2344754541964
-301.2495745682427
73.74514787526596
-92.5925595928511
269.82774357404924
-57.25505006210152
-95.91597700694953
89.30238329850727
74.27334495923924
268.005770317699
-26.544635877537075
-136.480548989608
4.658449085419534
55.515910409550656
-0.45772506345429065
-73.70978294020706
64.46457732660383
539.5985984186354
10.313668007708088
-35.92060299712466
139.72219509777096
-89.91352687377685
-90.3021050894409
-32.26778579335405
10.20441926248617
-199.0348433763229
-106.1009680498945
-121.99532065674975
-118.46493959435702
-93.31879439384275
-66.45649874791116
-22.25349439586546
-79.88500314185414
-18.483795624283175
-21.809578548637994
-350.7260606086202
2.0295556547116576
-41.989884622687896
-88.10285617524278
204.742725419821
244.08892060299422
74.86542993414696
-63.640688707791924
94.0236601033057
-201.87916547932036
-125.08462532991234
-108.99389858311679
-87.38263922764054
-83.78413089778223
-76.69853276032481
-79.88202223181663
-90.33849436394085
-58.50068340054935
71.0058698252551
-19.234938185325518
-179.74367139060087
-302.16322417214997
-78.06351832765336
25.343425278126617
-28.75965130141776
364.64548925295094
75.00974712750485
46.63148668698523
-363.2103722523916
-422.2108323818993
-45.970893834513845
3.492814074675252
-60.29805900295048
273.02678415986156
-96.15629644571436
-59.623392720889115
-30.08738195049318
-98.43637833227513
-44.3158224334373
-63.020259772080585
-105.60381922880697
-3.061393114961902
62.39977291768082
57.52626131784746
-76.49458429980768
-172.61886645933373
53.53051151406362
-51.10145662303913
-99.76725682192395
52.56254550230375
108.4449320955373
10.964564016032455
-188.67304475474702
0.33181678182705504
348.67306778864076
80.90442142593815
-341.4420268545591
94.70320218955749
399.82704160693265
64.89807292152
-24.52558868044798
-56.491683836511584
-314.8827750678811
67.89224993365497
-31.23642507760428
-127.40253494269655
16.92251688768556
48.483118142603416
365.8460651802252
-91.69506009498036
-86.52464312272605
-60.7939799135877
112.20257647944027
-19.821232089227124
21.414110578160034
59.956179090215755
26.4255868717637
58.07788438819625
73.70077655963541
-78.276187872415
-93.52933237284014
-438.1169812152257
-58.660926538501414
-491.18260391937656
-23.913773308985043
193.43248076860982
-52.966237264259235
-69.00944974098275
110.076264223615
85.67817493809343
7.226996465880003
-30.07666265493208
51.38612695405391
-30.739509659868475
-15.707815298419519
-395.74129882202215
-93.18687691116587
348.0726244014313
-75.47488217735783
-52.83548314007914
-48.24654739106775
-1.6368243775432347
67.91281391825032
-67.01728994193502
-73.97657108207753
-47.34021038929373
-100.30176958244374
-86.89319437417315
-25.49431878246469
-28.919518047454403
-32.66437959650284
-43.48231844684936
5.454493756814372
-553.6075191080436
-80.38856340863951
-8.577130563997343
-123.08221280138423
48.698320390052686
-59.029120477386805
35.27166969759264
-133.70937144754782
-22.551887214872977
88.38737974084142
-36.22473509040674
128.15844196463513
-75.30064815815436
-21.442560838042596
-90.57723469951708
-3.8346876130417513
-8.226428023683184
-29.862666892073868
-62.06553181190935
-36.79436522277865
-83.11190093389087
40.38295724265299
-7.245296894515377
36.76199357130827
23.15586005206751
-93.80074130361754
-63.35431407420139
131.40051694572503
-445.4793757301377
-27.288993521617115
-44.35851181040016
-85.33643224032302
-173.800117745659
-358.3602413294502
2.0350725424846132
445.75997737499165
77.64111603050969
-206.61429639166818
73.71289378568781
74.40827656682814
-167.8728923344661
-284.0536043296652
-142.19078379436905
1.4232126872364574
-36.33174535056845
501.216425427936
-140.4410937444918
-88.47487021828515
-78.85221165321309
-20.22524187575425
-99.06783364662006
-200.20311993032556
-142.5746984849975
-89.25275478486525
158.74962163471355
-51.5026766799474
283.96187846725843
18.473522839669386
-107.44579236135723
49.737099945394675
-36.220963859217576
-57.52121188266291
130.2666265782409
134.63865629838256
-111.7848776074461
-36.92863733860454
-4.180665359415798
-92.39358410114257
-13.391234933840082
-56.04524488996554
17.747420960403815
-60.94132884355976
41.12725442366536
319.8659325420049
-95.66962299692646
59.36011836608486
-104.12230449654288
-140.64755368095393
-67.28368399422686
9.475934919821555
25.691568802983966
41.359578525002235
-136.66107469643703
37.18004814177948
-90.40406586928043
-144.94782961310466
57.77790591153598
63.11289006802144
3.682881878774424
-66.51525046217472
-106.58950587474737
94.18759615692397
-104.006410646618
295.6569902444171
-91.6396364385527
-519.8124200495422
18.380711811470064
37.43404917128646
-71.6592170050435
-289.17930135178904
-75.43788241785735
31.673469692199433
-17.682702416548977
-72.23411238978973
-88.3885769725462
-292.18730701208915
-391.9924557664399
-3.216406413711411
-57.092167413233966
-93.73947540150513
-56.061857024139975
-482.580174749206
346.08696641593633
-105.92479234117113
60.025832047660515
352.05259093990935
355.53405332876355
111.27234998783933
-56.29803622286525
193.82760435905948
-44.959465254535644
-89.92519115083502
-100.22431980203
-18.799155579749936
-52.49817801997153
-196.35539293193324
-67.96266430436054
-111.62592293867499
-393.83052843176847
-195.34050178894176
-50.96582461888723
-57.331747854294115
46.46995339189198
-40.93227033443223
-59.04630439892753
-59.74649912053663
-95.26297100667968
-467.21685473435537
26.31358144182559
-6.519666226064146
-29.835615953695196
18.570728588382735
-65.24177434076458
-125.79549757067795
141.83832337434842
-71.15655056544466
61.180488156842785
-75.37261203409003
30.312536120001823
50.97592739514221
-54.74243600845071
-259.7193633911538
-64.41988686336995
159.29554942773666
-81.71410169389607
82.06046074008191
-56.644906396162675
58.75856039594328
-86.22441275259189
7.09610691474154
76.4376491404546
-9.39832157683486
414.84673062707043
55.90964187528016
-99.21418644620462
-80.91604725828235
-413.5945486447581
-93.16031701203428
4.211512625050091
-311.6944251833993
-51.150372289939696
-44.58480977190307
-166.07420516042293
74.5639999645191
16.852152270836086
-27.29048971981797
-80.68556184528059
-25.76281875615308
-61.326225976432944
-54.26594921897049
-314.228240096485
-239.79394453436726
-59.044831981503314
412.5150164491715
-29.064299581657906
-23.408963881549425
422.8843440660494
-109.15478949766295
-57.76177661653287
-58.03134773236654
-168.79309527470468
-39.96096655297151
-13.897213287857085
-43.56602553455356
1.2270389052648925
-77.13965512871862
-190.57079379215338
41.599192604320706
78.11145930342536
-65.82738460513185
-83.37428952022361
-16.616988790810865
95.05549941366507
-60.18571331144874
-14.95406757360485
-93.81493932321396
-53.65758189149335
180.37425839239768
-339.4392034331122
39.5488541693212
-339.5258479455897
-241.72117629533022
-13.526704813607546
-71.24880432400282
14.5443653071038
-40.33068646871993
-21.489636775805593
-41.239892928259906
72.8554141154163
-66.54717014393191
-12.73125539741607
-29.929091238697993
-78.20802170892443
-89.20002145994647
-118.78968050997173
-191.7135329003013
-63.07119973238785
140.90423962147725
-51.097834014604814
-71.04298907767021
-21.042179539941458
-150.5678841191384
-1.7907879246798757
-6.666544233768946
-47.939997707670045
-87.85421828223807
118.52317623454474
-14.764762509450975
422.33701042072244
-228.86649831911382
-62.96788203529576
380.2793680050818
1.5649245822922757
145.38245907060173
-44.179765381903735
112.55883592048667
-43.46929300989993
-21.187438115491886
257.3116037802465
-38.20823136286491
244.08279527375726
-5.769426748529895
-100.74923865075107
-83.40503955427039
-15.615039248943049
-38.96320863697713
-57.54209786912383
-58.86456093601919
-62.86131087901231
-388.41639951714023
23.71193571749518
-63.06276666217258
125.47406718766433
-78.42187567960717
30.613009139722863
50.53646909336021
-64.52829591980897
-30.766549867519643
-9.269843259934987
423.133855028811
-77.79353927192486
-38.74802508510942
-58.356203479154715
15.3035597254202
-330.4126462698223
-32.233594341330786
-71.27451205941694
-299.22019307011215
48.02569712323543
-45.74837588862062
148.45225816513994
-31.24859755351937
-116.49195799494919
57.017168227648654
17.11273746621373
119.9894054715387
-75.67463295799418
129.46062176005034
115.56212263442103
-101.53336936107058
131.36223527012407
-38.23639277330321
3.30174464884567
-300.4293874279647
9.83932018552241
178.31946508285728
-208.43915738567375
-172.5508810105148
61.085797369925785
186.06029608674544
-124.35828239674265
-129.77302904121825
384.83143910549916
-87.77495085659761
-248.9865335555296
-150.59442083265822
-97.45234679444471
-72.86476446504906
331.27270089826743
74.88613153448341
-92.62598245503341
-24.95578828272977
-476.49097260872986
-53.059628775551246
-33.87671379670209
-3.3595288778690247
-68.53659310867442
2.1205903579661936
-74.79002584697412
-75.82207721414089
135.5828519154402
-41.1201730965646
20.80591862064057
-44.818453985108135
-89.20430026547004
-267.7837755914834
-29.944464556097955
-60.120237003266084
-182.7933751028304
-23.871293648080155
37.35271301645298
152.5232886247959
-91.41033898645823
-59.38075064970704
-12.092010771550832
-16.891248345820713
171.86231274279453
-53.744199092726895
-69.56074859614338
-57.28494158989405
-317.0910339972006
-85.24754862279576
-90.52688100592358
1.3838361347698083
-22.212780431193096
-82.61124300713783
-183.14920841132243
-36.248953488058305
-85.99595042491273
-84.85129601172957
-87.96423566014346
-4.842362370366345
-32.66001022399405
-113.68957995119854
86.01251346869549
-20.02924431262545
-16.136830454794055
491.9979928056173
-27.422783494395105
-85.98861532719344
73.69625914673634
-22.211862906472614
-28.979708529591193
29.43808032569632
-42.54584827739018
-36.980215877641854
-95.03508069148847
-99.57777918430656
30.340686581614136
-13.72805545452905
-74.2062153005545
-363.9411098877754
-131.40379653057562
-222.78088499773003
-463.3263287853497
-22.88632167153304
134.88437580081154
201.79705151507915
-61.363052614928165
-40.93248319577983
103.85820402314312
-10.07468309228274
-49.6337364187788
-12.483168160744299
31.033735801385774
-32.32236784824411
17.832081378466
9.263748248150911
-21.74398265649171
264.15904015040724
70.69890976352417
104.18884351459019
87.47696642195842
-153.06016878691844
211.6576560362464
-9.401583658454456
-3.3961210231173595
-97.25874528810255
-79.51399053777364
-74.5276908125212
100.62530055518255
-325.8898742527963
-32.08453630797386
-49.131441842618784
-98.51086423781685
-153.7824860494884
46.716705243724846
-56.18562773850573
95.79972813076711
-53.152069309831276
-125.32286185741592
-51.8236330437403
-45.11706981574543
-15.306034484699921
-77.30458510796234
-74.4392678657232
-74.83425154129691
-211.40471049633015
201.00939816744085
332.3110316384482
-141.0543652817032
102.38439874188407
-55.393461520318766
-468.21752345404275
-43.70082357098964
-283.30662262714577
-78.91942716143615
-83.6435085772003
-67.88642710121712
-89.54719154395862
295.1407319580085
337.80147679556194
7.674720860110938
-230.2814756196185
72.52338081623111
-93.89759726848388
29.81514174138738
-46.07138255701511
-82.0701821052139
32.53141445822985
-14.988774668730343
-31.89148382061927
-182.11875520177273
-142.9027489916225
-71.42600308963237
6.0373263290202885
188.85545166809425
-114.70472574863459
84.76960827685389
-31.716440678600136
233.605602523352
-92.1503774052826
-110.2763870096521
-80.48974315281653
-97.5697349318835
-134.6745483544728
115.41168867833267
14.341987136816897
-76.62796323930706
-244.59292058122446
-305.7923222650479
-8.139599161986553
-78.93357622834745
26.035023176476898
98.27007087042148
48.61890787158109
378.67262267868136
-48.52897132073126
200.57911317873004
-97.8552902031814
-0.6820303580290386
-84.13124277713472
-48.988422378795846
73.10496336685901
-140.09995095326485
-27.512353674483904
73.50191080997138
-216.645723021913
-354.88937509525385
84.73559545714079
-46.171622267013504
-60.853404894441745
-52.695342577054085
-273.9239615892893
-218.29020946430865
-12.500956841104369
-51.8108869938034
-56.91955721234444
19.97240713121755
109.42776226397564
124.74769027933735
-247.00590269255736
-100.92044473427919
-50.848266611545995
-65.61035274515507
-18.554556928398313
134.830031571174
-351.2055433066125
-115.76038094740919
-146.74956655829737
-227.8864704551188
-325.2250741805783
-14.7282502776543
-52.58167767231388
192.1808263424955
63.7535242709323
-141.59658307086465
-93.84067021922814
-168.91037395180047
-66.73786867148887
-35.837731671084924
199.11149720311005
9.75408724160593
-17.343767171888203
-22.910528090385924
261.6394229029902
0.36170505941112374
398.1798936078035
-516.5226418548355
-193.35579617075837
312.09380869081906
-58.09236918537162
18.205941576637088
-104.13379094893993
-115.1598878186287
341.166942026588
-70.93337386285219
-6.757550687673204
117.95444709163576
-131.95546269488295
-82.46643544726122
349.32288778145994
-261.91533971853187
-44.58639655197294
